396.071
812.681
977.441
584.406
448.368
477.837
388.938
718.359
306.223
711.779
941.918
720.344
416.835
427.871
291.429
622.657
354.512
636.259
939.933
684.385
503.404
335.394
330.639
571.781
217.774
510.413
869.387
869.25
427.07
301.012
204.539
443.606
307.157
508.284
990.808
1067.29
590.917
300.916
298.397
444.274
158.85
391.017
960.634
1147.52
517.548
270.193
161.312
313.774
166.318
442.111
823.77
843.838
420.819
237.967
158.679
374.53
205.968
287.318
674.947
811.827
390.282
197.8
210.255
242.84
128.842
206.097
672.508
1443.42
723.037
181.067
130.794
179.486
133.947
180.352
588.823
1414.22
726.781
250.74
142.002
158.984
139.606
182.934
419.815
918.168
754.68
338.092
151.555
166.893
158.02
210.966
459.767
1161.32
868.869
372.973
169.381
189.999
223.884
232.895
445.687
975.115
890.584
515.335
250.194
209.18
356.503
321.986
351.086
769.339
685.344
417.852
342.38
338.165
259.104
181.112
334.002
685.994
787.18
502.656
285.852
185.163
308.734
390.191
430.884
584.412
778.559
725.889
346.886
332.98
298.773
305.773
565.162
653.33
893.31
675.663
340.924
269.664
396.37
274.182
349.538
438.647
715.396
701.506
441.579
277.608
467.773
338.836
426.295
411.55
720.965
803.498
516.445
326.577
406.796
404.316
510.15
473.394
825.567
891.331
467.366
350.523
476.107
733.978
819.411
497.899
419.54
413.079
471.7
697.604
363.579
594.348
924.464
721.323
468.261
322.486
358.559
539.32
271.578
617.693
960.05
863.068
432.462
401.9
261.296
531.887
317.948
587.05
936.378
847.063
431.16
316.422
304.479
528.908
272.863
514.741
894.71
801.816
530.063
325.771
262.253
456.632
252.26
362.555
818.929
808.417
454.205
324.462
250.009
310.73
126.174
272.904
627.875
584.457
491.06
283.679
128.956
221.385
215.632
256.217
572.12
794.767
423.669
206.908
212.386
240.796
120.396
185.178
623.939
1226.48
676.514
185.002
123.241
158.43
120.684
165.727
601.878
1286.09
775.264
181.716
121.906
142.653
235.569
205.642
480.672
1076.65
856.752
366.207
237.232
195.549
253.251
195.224
468.61
863.284
730.408
391.859
270.709
193.993
188.682
244.666
394.558
854.458
888.208
427.094
195.447
232.625
255.053
370.945
372.33
713.478
880.083
617.866
264.925
336.144
217.608
262.63
457.371
653.099
772.245
477.822
236.993
244.487
418.866
342.993
281.673
415.773
668.864
729.69
451.32
346.489
619.695
389.907
332.81
362.134
539.316
725.703
666.604
413.534
452.481
351.229
407.089
442.627
722.753
822.836
511.081
347.84
317.19
309.52
350.069
480.486
806.679
789.138
366.929
294.949
514.878
481.466
376.313
319.554
653.252
901.991
574.842
492.873
376.332
733.745
879.866
579.073
374.076
377.229
337.137
655.297
312.309
686.027
926.829
690.277
430.503
430.966
309.227
595.032
206.718
335.567
703.952
824.012
445.277
351.115
208.195
288.395
318.123
482.481
745.917
577.644
462.241
381.963
331.42
431.125
258.602
464.81
589.618
619.22
328.316
221.253
231.922
431.965
325.984
510.083
734.125
498.909
311.673
259.837
308.242
453.851
280.666
318.842
569.942
734.599
437.865
244.886
255.333
315.805
150.937
276.462
511.068
502.729
308.509
151.981
142.942
241.191
186.3
203.244
643.719
1025.24
564.096
149.567
177.549
183.663
195.758
211.791
558.163
1253.19
694.585
263.85
187.064
198.489
255.268
304.493
293.256
703.894
765.34
467.434
262.692
308.014
221.021
265.717
530.43
688.954
783.259
414.497
235.145
232.748
245.89
395.497
394.758
399.233
722.831
640.14
267.692
347.167
476.641
432.168
475.111
584.293
838.813
825.091
530.55
446.989
313.762
263.219
464.012
680.566
905.111
639.873
353.301
259.273
217.576
261.389
379.242
700.108
815.637
612.586
256.871
224.369
370.674
362.146
468.956
740.187
894.452
739.526
416.162
337.808
599.153
315.815
278.984
528.902
731.554
750.013
649.087
358.907
781.717
428.621
283.258
337.54
580.064
902.564
845.672
475.377
699.259
474.567
274.775
211.481
415.129
811.238
758.801
487.579
509.211
917.521
985.52
629.283
442.111
366.854
448.212
864.382
459.513
791.54
846.561
492.074
334.874
370.3
425.227
742.655
450.556
526.392
507.612
375.391
292.67
190.077
411.383
527.537
358.599
410.751
349.015
268.257
212.726
228.622
343.637
406.951
316.547
514.437
674.187
487.368
321.71
207.572
281.732
483.111
268.733
379.814
625.877
619.595
351.919
258.384
267.875
350.65
156.746
405.496
812.593
753.169
427.181
208.918
140.239
338.618
278.266
291.375
494.841
492.826
399.629
276.552
275.136
281.259
159.615
251.158
518.318
745.458
412.675
165.754
158.283
223.743
154.649
235.846
413.818
877.86
689.625
291.723
153.3
217.956
214.528
245.418
374.832
537.415
494.21
351.847
226.855
220.571
243.082
303.367
500.435
706.139
877.406
494.696
239.608
278.907
347.202
351.798
372.031
468.618
748.364
700.57
389.116
335.034
400.606
344.198
423.075
446.025
658.506
663.729
413.129
356.298
457.39
327.574
491.502
597.467
873.246
781.461
510.063
302.944
443.106
384.591
339.342
424.79
713.31
750.334
487.296
382.376
562.235
448.296
260.846
264.455
584.993
792.376
617.16
470.537
591.133
354.573
385.268
333.084
657.324
831.238
643.866
355.016
664.204
366.117
286.048
245.867
565.829
796.76
714.373
400.846
630.441
353.812
389.683
292.084
563.247
820.77
688.669
357.069
542.206
823.109
732.039
487.229
425.312
334.079
473.836
801.873
541.7
594.795
533.662
308.861
248.944
257.415
506.557
596.639
502.009
681.197
610.668
405.149
284.332
221.023
444.39
675.641
403.732
494.813
364.269
295.046
201.967
220.107
365.63
497.69
327.856
314.642
309.489
392.019
240.175
193.825
304.19
322.585
322.825
445.467
460.915
340.631
254.051
213.747
292.864
423.524
208.706
380.49
732.213
791.812
362.196
194.958
193.648
332.165
162.309
233.906
526.305
674.635
315.555
182.986
159.739
200.203
177.399
218.097
607.231
1051.18
633.252
229.493
171.328
194.507
189.514
175.825
293.378
676.87
599.232
285.191
195.357
169.339
336.04
308.188
259.904
685.81
681.661
521.825
355.511
315.479
347.415
393.767
411.06
310.409
606.183
686.973
387.144
361.355
434.929
429.705
441.582
518.105
833.197
728.874
461.72
449.677
530.438
444.841
260.092
257.757
533.788
739.269
583.099
457.859
462.754
378.657
474.116
550.861
838.604
803.927
521.654
372.876
522.588
418.374
270.655
290.36
568.866
777.839
572.04
439.329
496.687
344.288
341.67
328.779
653.861
796.833
554.365
337.215
687.721
482.165
347.409
307.382
618.197
878.826
749.573
492.792
632.319
537.083
385.813
405.49
661.524
894.234
689.299
559.86
612.36
428.781
313.467
366.555
512.986
901.688
687.735
438.115
528.643
598.935
438.255
329.903
298.185
241.815
478.949
611.423
499.808
735.595
671.24
406.4
269.41
305.26
450.177
718.983
425.332
476.685
403.181
309.285
170.048
300.131
417.092
464.635
308.005
407.427
413.18
414.928
288.812
240.47
282.075
400.664
410.127
508.406
517.764
424.232
400.008
248.233
372.961
506.601
212.26
279.986
345.321
250.538
260.511
234.533
209.687
261.409
210.571
263.734
431.315
360.9
223.9
256.339
212.07
252.741
231.231
198.938
390.235
579.515
334.479
236.454
243.044
192.028
184.811
218.681
445.719
716.822
474.624
183.407
175.871
210.402
160.504
150.072
367.416
639.698
691.772
383.756
179.652
134.154
474.319
321.967
302.195
434.35
612.796
685.374
526.872
337.022
427.824
258.065
335.674
555.781
733.367
691.386
475.248
257.477
524.156
264.011
214.938
272.353
445.125
599.084
564.807
297.701
509.786
386.74
299.233
388.83
589.087
742.777
563.019
399.771
486.033
380.897
441.187
440.117
527.464
692.385
537.681
379.996
616.099
505.076
508.238
495.306
725.895
837.837
669.523
519.349
731.116
657.678
501.479
596.48
657.741
944.734
792.946
671.922
643.969
607.731
302.727
306.03
534.489
852.019
702.184
621.3
640.084
486.785
272.608
293.457
499.394
851.784
701.686
522.388
875.534
429.778
321.624
353.933
552.616
869.042
947.91
493.781
453.811
541.189
481.641
296.289
252.761
279.197
414.323
528.046
358.413
436.977
338.494
247.229
228.844
296.972
339.608
440.175
530.307
585.352
369.306
211.052
179.176
239.741
488.135
599.204
327.985
498.656
545.022
394.117
177.817
237.02
294.109
475.324
210.87
342.622
334.206
413.181
337.703
260.177
197.626
316.958
317.822
429.559
489.048
389.205
264.54
197.951
298.907
397.962
277.197
363.068
542.774
534.845
427.213
239.488
264
340.543
174.925
234.378
622.471
666.75
380.048
189.07
172.772
203.529
104.275
144.419
388.577
814.74
407.365
194.845
108.174
127.256
371.452
256.878
374.894
601.083
442.59
326.649
369.918
281.896
415.526
325.126
298.556
366.246
604.352
677.605
453.309
316.263
502.063
336.03
355.632
488.918
716.422
784.023
555.33
341.756
504.977
371.199
350.328
457.335
647.405
744.266
560.909
389.306
359.043
256.584
270.183
460.649
614.633
638.564
396.092
264.257
757.22
459.626
193.075
288.344
282.098
651.115
809.074
511.928
691.153
514.966
394.458
447.869
611.709
882.3
757.091
531.816
787.525
483.545
366.261
354.762
517.269
909.985
859.335
504.164
719.625
423.378
292.412
287.637
463.445
740.706
761.52
474.348
697.9
476.131
333.561
252.281
347.159
691.317
734.09
493.217
759.129
345.795
306.611
308.15
475.043
693.089
801.374
408.032
500.904
383.499
219.453
215.084
211.536
268.459
481.52
418.339
466.755
503.551
404.266
220.108
139.397
200.375
431.002
511.612
497.156
661.274
551.978
364.35
217.354
350.92
491.401
644.947
457.95
406.235
411.85
364.396
269.075
300.406
448.222
418.574
296.715
505.407
554.625
389.201
232.99
216.511
271.223
468.538
367.465
457.148
391.053
272.544
221.311
228.524
336.005
459.844
337.675
405.085
500.654
421.294
287.425
227.728
327.707
384.481
402.615
336.127
544.632
599.93
365.065
286.563
410.114
325.424
154.128
196.789
569.897
867.441
407.22
158.287
151.878
183.366
232.82
187.678
363.761
512.481
784.437
504.5
258.278
179.886
355.916
254.93
408.126
349.387
434.137
398.753
373.458
251.699
609.523
493.912
338.063
336.095
545.1
766.777
660.359
504.504
522.357
365.096
228.883
250.792
426.462
640.443
566.25
376.758
622.945
314.068
216.613
252.163
344.75
547.22
654.409
365.669
593.611
340.426
376.888
308.282
450.807
659.735
634.805
348.29
844.903
389.468
218.225
322.384
433.916
800.766
890.94
461.369
740.637
358.001
358.198
427.352
514.094
735.264
787.694
402.503
810.612
435.935
443.463
253.071
581.96
840.714
861.365
473.173
786.685
455.956
248.23
208.251
372.29
750.776
831.823
493.725
658.351
358.063
288.28
303.67
456.076
758.217
716.724
384.054
460.806
446.968
287.949
240.47
163.34
222.148
432.738
464.659
558.572
580.928
431.082
241.342
296.306
279.236
508.722
602.199
419.83
405.592
280.747
234.426
252.216
241.592
390.754
425.722
285.407
555.199
706.143
546.713
326.458
211.262
252.733
510.475
332.051
357.967
422.435
355.964
242.512
168.174
317.931
354.433
505.135
598.395
413.401
319.034
188.808
301.82
459.164
610.349
199.856
453.086
552.127
504.488
260.239
292.373
192.876
403.642
329.777
277.226
537.816
723.666
308.135
172.66
317.245
279.984
120.596
158.079
488.169
835.934
495.131
169.379
123.057
140.033
318.994
232.997
249.781
485.118
465.488
340.813
325.418
254.347
399.374
263.708
360.897
312.376
373.417
471.791
423.73
269.019
543.645
309.368
284.077
382.935
513.27
647.015
587.291
343.725
723.172
323.127
240.46
417.975
459.186
660.07
760.295
383.288
532.556
308.094
292.496
373.902
535.651
607.743
563.562
324.79
556.439
457.739
237.76
287.639
312.227
572.712
594.219
468.123
680.832
414.393
188.815
251.646
316.315
614.191
725.58
461.555
957.437
482.527
390.925
328.95
362.861
588.745
966.023
576.513
804.374
416.64
261.001
216.249
293.58
685.501
849.429
484.028
632.367
395.924
261.031
164.283
295.904
582.984
660.794
409.061
574.359
473.84
363.026
263.823
588.927
815.801
615.045
485.364
495.959
528.003
394.079
264.163
271.624
248.132
451.375
542.928
365.639
533.165
607.988
613.747
390.362
254.977
327.554
517.358
445.742
636.514
622.288
344.498
326.632
232.365
394.17
606.551
299.674
305.482
214.661
176.493
232.124
276.617
293.755
307.696
371.196
369.88
419.69
398.797
263.285
255.278
366.176
367.046
279.843
608.993
584.61
416.53
233.262
328.557
254.182
558.298
362.466
462.78
574.983
599.872
368.142
203.822
330.146
450.343
229.444
190.533
376.769
476.14
350.905
227.734
234.781
181.01
302.029
252.777
293.13
515.677
537.239
531.483
323.236
241.149
456.673
390.586
297.396
298.698
418.536
649.905
504.466
394.118
649.114
425.957
319.526
276.937
311.655
391.831
633.989
469.06
633.243
328.858
208.589
228.542
297.247
554.841
659.308
375.231
789.681
386.591
311.912
329.073
342.69
588.074
810.017
457.748
751.583
375.716
278.613
330.441
301.252
512.828
768.641
448.196
741.582
372.7
271.94
318.651
343.107
444.616
745.536
454.265
699.412
335.243
306.318
367.814
403.632
595.488
735.491
388.528
705.554
333.688
138.802
173.298
228.653
526.204
731.049
398.894
594.133
378.575
275.93
348.959
357.243
523.519
614.593
404.436
689.738
382.02
275.008
290.278
293.799
569.046
720.714
419.654
825.481
332.085
219.702
133.394
159.101
451.763
839.981
409.974
348.612
310.124
284.625
327.073
236.379
194.925
325.355
328.426
403.386
481.701
492.553
393.31
462.31
407.55
392.494
449.401
478.615
402.023
420.916
420.156
267.999
295.797
477.624
420.084
474.457
494.426
425.727
340.677
259.91
234.84
445.44
502.378
573.241
778.883
518.626
290.959
353.878
421.551
520.198
770.95
465.024
583.758
531.24
381.479
219.762
341.247
467.647
566.726
323.753
454.987
410.335
293.09
324.083
339.338
309.7
424.443
331.43
564.227
603.989
577.694
378.2
390.691
326.735
517.138
419.073
269.106
568.398
565.387
668.553
533.575
449.672
244.239
644.67
483.898
244.473
207.617
322.76
685.715
690.201
493.662
435.874
319.91
268.815
242.423
335.121
459.587
460.719
329.747
628.894
312.854
339.461
400.044
437.025
552.365
660.728
352.613
561.296
431.452
283.12
287.966
318.82
525.335
587.646
436.19
490.522
368.36
281.344
389.118
296.706
444.415
512.529
382.511
837.581
465.524
273.558
399.884
333.628
564.151
843.622
541.223
1023.49
491.953
307.652
348.459
282.886
581.281
1048.02
581.329
520.5
277.67
227.417
352.439
236.735
339.964
537.648
314.897
849.788
468.873
253.437
432.267
373.596
576.457
875.029
528.814
809.452
448.324
314.632
346.981
281.738
464.816
807.675
529.232
620.777
410.192
205.33
356.585
384.163
537.415
639.246
440.277
329.38
318.303
405.509
512.644
357.803
252.369
316.665
327.082
336.886
297.044
454.105
616.81
374.465
270.893
338.027
292.638
355.5
364.634
432.843
587.071
467.125
299.136
356.94
381.06
379.526
501.654
437.213
403.863
262.849
296.359
349.883
497.871
398.596
527.474
473.132
335.578
335.222
302.362
393.778
508.891
344.945
361.227
300.588
344.713
243.347
209.121
319.545
374.752
468.839
641.896
519.415
437.784
273.669
347.203
424.816
641.406
605.891
440.489
402.86
490.83
360.158
391.464
618.52
467.159
518.386
364.776
245.079
282.645
213.811
221.348
493.603
406.506
451.871
286.263
321.383
405.08
455.63
367.048
460.339
319.989
474.811
348.546
304.194
463.947
317.599
352.248
475.172
373.048
361.793
270.156
342.213
407.54
319.398
317.695
375.194
265.888
614.825
335.606
291.718
273.927
295.434
431.939
646.525
348.734
714.023
376.661
223.065
267.196
196.385
450.421
727.222
442.902
718.623
356.333
251.046
341.033
242.565
437.769
729.277
429.825
748.176
351.518
199.087
294.778
286.982
498.568
766.383
424.777
801.761
422.009
193.107
254.973
335.086
468.488
801.424
507.234
766.023
342.249
265.666
277.29
249.11
544.538
801.744
405.04
620.967
331.149
285.049
259.268
330.509
503.524
654.785
369.662
882.971
380.171
202.904
242.855
274.203
496.512
893.115
473.526
399.078
575.351
384.51
299.206
193.579
269.995
362.506
568.529
373.365
273.221
382.633
503.446
324.206
248.806
371.995
276.447
321.83
411.515
313.549
252.932
220.922
244.667
289.309
410.434
543.64
448.867
404.82
445.551
315.775
309.452
521.676
468.397
422.072
356.92
346.364
333.457
234.728
273.845
409.044
369.53
487.783
525.597
499.537
450.788
247.663
323.516
464.876
524.778
378.548
463.057
343.688
264.563
354.723
332.673
358.906
465.775
491.619
579.254
349.043
322.983
277.852
486.414
469.244
592.881
378.098
323.009
258.398
221.94
160.214
169.21
357.981
337.475
566.604
374.515
308.003
305.857
255.921
436.346
586.211
393.098
329.08
225.993
302.253
483.062
309.041
271.472
327.13
242.939
503.566
275.95
252.193
340.051
259.808
314.56
502.29
314.321
698.771
445.168
168.01
306.028
267.362
327.787
669.894
522.021
798.53
395.568
241.513
239.924
273.435
432.776
799.283
468.344
638.302
399.692
266.828
237.897
202.596
276.052
616.077
460.757
495.02
284.022
279.433
326.776
376.372
300.035
496.248
307.829
463.709
289.386
331.244
381.071
507.875
446.288
468.41
322.147
589.714
376.488
281.793
387.817
332.581
461.655
612.673
411.929
774.492
448.97
444.073
486.526
371.679
410.518
757.103
519.012
512.072
271.825
250.744
422.927
287.369
470.774
537.263
307.165
272.618
415.851
333.459
391.491
334.282
290.315
257.135
397.654
505.199
406.105
472.028
472.865
394.801
283.059
485.181
429.091
371.334
314.489
263.214
321.184
175.553
233.809
363.442
327.711
524.772
560.308
377.15
326.863
262.809
306.244
478.802
588.964
438.998
642.869
575.449
433.049
415.344
439.266
419.983
621.806
618.583
471.375
285.834
287.475
244.091
391.508
600.857
513.325
494.913
684.214
389.181
304.656
294.235
378.043
447.98
688.481
433.698
512.009
408.853
317.423
315.606
276.109
391.651
521.539
538.038
436.583
332.782
569.052
407.552
375.914
511.306
468.083
873.689
473.627
233.721
245.012
168.547
359.134
848.245
573.746
479.398
361.569
213.947
346.528
256.383
250.033
465.665
387.753
410.845
416.538
353.515
379.846
315.964
286.695
387.91
424.001
673.132
402.882
234.288
234.918
177.812
342.65
661.344
466.115
718.782
468.823
323.419
279.535
264.261
309.045
693.656
529.237
517.835
470.229
446.641
273.034
264.761
354.204
496.303
460.539
567.45
270.105
184.456
302.373
245.731
371.692
588.211
301.384
541.57
306.124
240.354
309.346
220.211
206.912
516.768
365.05
578.479
337.638
355.364
322.371
320.291
436.62
589.126
348.581
999.588
540.22
249.461
299.57
274.063
516.955
997.336
645.12
406.873
349.504
389.695
425.506
278.332
424.155
431.567
348.079
503.187
498.333
450.384
429.908
337.74
194.504
464.226
517.614
364.324
255.454
292.968
505.159
392.176
379.993
368.75
264.199
434.436
529.961
488.948
315.89
199.093
240.812
396.103
527.479
383.579
540.096
451.812
421.393
280.793
277.657
350.006
526.538
461.776
628.378
552.894
542.277
369.964
321.475
424.795
626.724
408.576
343.365
383.763
546.623
368.425
263.043
394.391
357.385
708.584
548.218
320.372
261.316
297.023
319.536
676.536
605.768
541.173
395.737
306.431
240.197
348.465
339.986
531.287
425.817
606.489
489.944
353.645
300.364
330.604
396.921
600.438
533.694
972.09
784.877
362.474
331.091
283.327
434.671
908.439
876.06
535.112
381.28
224.257
405.417
309.838
258.947
509.995
429.018
409.163
338.877
463.29
379.11
325.031
342.889
411.99
337.201
836.548
451.192
248.507
235.396
321.114
436.851
820.821
532.315
836.01
540.07
244.78
281.944
252.474
367.664
809.223
625.041
756.596
484.467
235.114
262.614
252.001
337.792
720.128
564.902
804.045
450.469
254.899
230.721
160.61
361.414
791.252
533.333
802.767
306.907
165.5
257.739
222.981
400.947
820.711
393.558
637.672
379.702
293.541
452.597
276.297
470.127
680.121
410.676
711.319
380.699
400.27
443.636
366.2
422.539
720.631
414.301
681.478
254.469
128.55
199.107
228.524
407.781
692.81
330.528
453.451
470.866
344.685
285.746
281.061
356.736
453.335
481.834
530.651
496.997
396.868
361.756
309.574
340.512
503.269
515.752
360.062
473.715
480.719
410.428
340.159
310.909
336.111
468.379
414.668
394.173
258.659
208.735
224.765
250.73
403.199
416.426
524.218
496.671
424.545
467.455
428.39
284.727
486.519
519.862
330.428
375.27
384.417
511.252
420.569
390.178
316.794
368.117
485.631
630.305
487.228
352.7
264.148
272.621
439.545
630.157
512.003
612.376
367.194
258.069
228.169
349.593
470.551
625.316
413.487
436.884
366.679
378.01
404.007
267.189
370.777
464.065
913.856
804.198
465.017
499.613
416.252
450.379
841.819
876.949
487.275
458.073
391.657
340.138
204.88
222.749
452.933
480.077
532.515
427.465
420.056
478.353
342.168
293.934
506.451
460.014
518.237
405.396
345.471
252.291
211.896
244.021
484.381
447.693
643.36
429.136
367.105
265.756
224.888
294.37
627.456
474.981
697.462
596.237
227.458
199.912
245.187
416.065
650.931
654.885
883.224
579.086
221.349
251.485
167.389
317.171
835.387
674.737
775.401
562.067
303.392
392.38
272.336
330.694
731.362
644.389
777.166
442.201
362.632
483.658
398.884
433.393
772.55
516.657
966.13
518.731
403.109
662.575
404.246
487.179
961.094
614.812
486.159
353.514
188.057
319.314
235.973
318.884
472.021
398.748
411.539
508.102
496.288
523.507
373.585
284.269
390.161
498.634
449.369
505.863
424.073
468.785
325.647
319.217
424.021
512.258
548.405
512.902
442.304
290.514
377.561
362.514
520.94
512.597
472.852
404.921
407.932
498.827
346.142
323.398
471.032
421.836
390.094
301.634
269.031
593.332
491.945
311.549
396.62
310.036
451.734
495.547
425.039
436.967
522.536
407.56
462.293
487.766
437.343
359.816
229.2
305.025
231.463
406.226
436.375
377.875
520.009
565.504
377.123
318.941
193.048
317.995
482.219
588.138
469.791
385.093
323.994
373.044
340.849
283.492
450.915
408.603
476.05
479.215
363.25
564.764
342.31
322.051
455.172
517.1
584.745
469.17
300.357
297.381
279.405
261.58
555.215
512.172
670.893
686.092
373.225
361.224
335.672
459.526
618.87
718.353
784.149
589.223
288.845
369.992
324.12
324.508
747.904
653.796
501.985
479.732
349.459
359.741
325.169
378.749
484.095
519.736
488.306
349.863
380.466
406.629
311.624
324.795
481.598
382.875
805.334
515.729
240.556
272.121
242.383
357.077
784.141
592.993
740.295
529.175
334.792
445.777
280.765
280.79
695.669
600.913
884.668
478.702
214.823
402.997
319.178
479.656
880.656
560.083
649.213
325.692
147.956
136.632
194.603
368.946
659.116
378.882
535.155
266.4
315.285
410.42
360.06
301.864
530.253
311.454
378.769
513.148
406.825
412.38
284.565
253.809
348.659
505.982
624.012
648.836
437.227
363.19
260.869
268.948
570.665
673.869
351.149
328.17
232.622
296.046
250.653
210.214
333.922
350.297
282.515
263.546
323.606
462.289
298.996
196.957
273.62
263.675
399.057
441.84
325.004
251.742
279.605
279.735
376.099
445.234
392.081
520.774
459.479
434.437
381.442
305.032
363.479
505.557
379.072
338.653
314.763
447.195
423.953
374.469
375.113
363.078
439.462
439.745
286.485
291.304
244.344
239.462
405.081
466.409
513.474
624.028
385.724
226.103
188.726
219.714
461.117
635.483
638.42
668.942
446.34
409.93
351.318
386.598
592.371
692.106
372.846
357.452
377.04
330.54
279.423
274.868
363.634
344.846
600.894
496.048
289.462
375.928
306.985
335.337
585.332
531.221
571.829
435.761
429.192
725.007
557.867
333.669
543.16
484.08
875.65
678.605
299.394
381.926
232.437
378.862
822.57
760.61
474.966
481.327
371.234
288.133
295.531
380.031
449.189
502.327
444.457
394.634
286.831
486.003
276.719
276.355
431.626
413.721
820.503
520.123
263.732
264.221
239.706
395.609
798.52
601.874
652.325
454.817
333.622
387.34
323.093
394.878
642.326
504.364
479.798
269.108
149.369
242.574
239.051
320.761
491.815
308.316
633.246
348.956
349.044
449.938
391.044
451.756
659.859
386.295
424.942
403.462
491.895
571.672
340.478
329.549
429.29
402.772
619.51
724.016
519.967
443.654
326.302
382.851
577.233
735.484
277.781
488.74
664.045
545.512
328.371
225.313
250.363
449.792
388.656
461.65
332.569
254.595
176.781
246.842
377.985
455.395
394.969
312.829
212.212
224.73
177.947
222.172
385.812
332.602
302.474
429.726
483.576
454.128
251.832
262.797
285.28
409.764
308.025
321.546
373.832
367.14
303.929
288.219
293.778
322.179
455.556
431.792
305.386
245.172
190.904
224.355
435.745
447.658
558.58
581.051
242.652
202.611
219.826
335.339
511.79
625.143
522.894
483.521
338.67
344.195
276.08
274.848
491.602
517.794
491.509
520.622
378.651
361.094
357.861
458.247
479.935
532.799
506.549
639.948
478.431
311.569
295.001
308.842
463.561
643.288
534.109
640.417
369.093
268.267
352.252
418.322
509.605
657.229
717.916
922.679
603.558
260.907
309.346
428.114
644.912
930.31
764.51
1016.68
685.366
472.459
389.096
516.414
687.734
1019.32
664.329
672.132
562.123
516.132
392.983
300.702
622.876
692.954
616.94
558.822
514.883
425.506
407.569
416.595
571.826
589.055
521.52
358.192
194.995
286.439
322.017
314.246
485.944
405.155
588.212
340.296
302.733
402.129
285.268
407.374
608.655
368.301
884.847
452.853
358.349
360.259
332.659
564.613
888.402
502.753
263.429
387.591
446.626
405.116
270.459
250.892
262.503
365.49
328.878
430.799
316.52
461.581
275.417
230.19
297.259
431.671
291.095
297.506
245.984
236.155
321.728
356.358
287.628
300.282
348.234
442.969
486.188
424.154
283.914
227.062
318.878
432.576
417.185
464.081
442.795
398.149
234.778
215.656
387.912
461.495
367.385
619.915
616.957
333.893
290.013
366.095
345.744
583.117
409.225
448.431
559.241
462.201
400.893
315.991
395.639
435.79
533.505
700.521
495.111
324.696
269.801
366.649
481.506
701.889
504.228
622.485
560.6
626.519
345.067
338.768
469.468
613.911
583.329
496.264
292.712
392.665
336.356
490.477
584.878
529.117
718.089
851.844
499.429
250.313
233.964
352.609
641.622
867.023
515.642
435.361
405.137
537.236
579.059
419.068
500.186
458.767
519.857
366.585
340
413.246
325.836
349.05
514.12
384.042
376.229
371.041
388.264
401.121
335.596
250.768
359.581
373.434
514.129
349.653
261.999
375.234
282.425
294.867
491.811
397.637
473.349
355.815
485.083
895.185
608.335
319.747
453.892
396.198
354.087
288.259
403.315
656.274
387.805
199.948
338.768
310.919
376.785
297.389
302.269
565.201
379.861
213.487
359.02
324.819
409.883
309.473
380.851
487.703
286.497
264.258
407.758
317.713
483.85
284.295
298.965
478.644
309.549
324.088
493.275
311.925
