739.452
921.566
628.146
271.806
231.536
335.051
658.614
927.604
591.329
902.327
742.226
346.81
361.187
400.51
522.109
873.438
587.339
976.618
922.116
501.861
431.018
428.618
521.526
932.103
436.907
793.304
770.542
426.628
389.109
367.506
409.004
744.154
439.774
780.599
847.495
505.748
350.949
369.542
388.738
736.066
296.484
302.37
483.575
598.88
307.17
276.306
288.112
285.585
191.882
315.475
672.527
832.143
419.778
207.905
184.811
274.38
177.845
276.788
657.002
932.915
485.561
162.608
171.464
244.036
150.121
189.966
446.466
678.861
363.85
203.912
153.537
172.459
134.983
142.294
381.754
797.349
548.71
213.314
143.881
131.377
106.205
153.301
468.114
1051.45
616.225
202.661
107.314
138.152
173.825
130.832
369.455
917.526
834.423
382.851
188.819
127.809
209.522
224.377
409.41
748.507
846.961
487.945
231.251
207.685
244.766
250.727
437.799
747.561
895.316
589.354
271.945
243.113
366.01
252.537
247.617
397.911
594.023
611.906
402.029
241.86
367.959
356.387
335.051
452.339
701.139
632.246
396.815
363.788
413.645
304.61
253.587
285.814
487.047
577.553
445.969
335.964
324.523
301.576
272.514
204.244
421.431
528.296
325.321
294.468
400.258
304.276
272.652
279.194
484.128
563.96
434.181
313.466
429.318
294.112
242.172
250.039
324.11
505.816
461.959
299.97
763.063
974.472
588.549
224.375
266.781
454.051
681.783
983.001
772.927
985.956
630.638
253.572
240.732
406.097
690.2
995.829
677.38
960.764
731.841
270.855
329.893
435.781
613.168
944.747
493.828
870.465
884.114
482.91
356.093
392.907
450.346
817.89
292.395
588.257
741.824
556.929
409.472
344.558
278.593
528.884
320.055
574.917
729.693
648.643
355.112
350.908
291.03
523.609
168.972
318.352
537.553
480.744
309.183
190.588
158.831
283.044
107.18
190.915
521.301
817.737
468.315
142.238
100.679
167.006
234.726
239.635
479.451
790.826
384.524
182.443
220.054
241.066
178.202
197.429
527.308
893.503
541.076
196.092
182.31
182.986
119.182
139.763
439.857
935.372
681.876
244.756
124.974
130.953
167.518
157.92
360.7
969.919
777.582
348.381
168.205
158.561
214.921
161.19
341.455
635.643
749.352
444.633
235.137
155.41
320.319
331.393
507.857
522.451
753.64
549.861
328.118
339.598
300.542
205.033
238.535
419.904
636.54
617.446
342.682
201.938
462.579
317.16
273.135
288.384
571.356
712.83
510.663
326.27
398.002
335.925
338.465
326.465
587.843
660.508
448.716
326.154
344.01
245.265
274.148
229.057
428.739
564.189
384.451
236.154
482.077
324.805
227.666
223.774
381.121
643.41
533.574
332.749
695.844
296.916
236.386
150.851
345.437
642.043
745.393
348.999
910.701
1009.02
509.597
189.698
221.24
478.656
823.46
1044.6
832.447
895.839
579.198
216.812
236.809
329.659
748.329
935.768
503.723
884.084
730.564
303.869
360.436
459.208
462.913
839.429
420.134
764.642
758.223
404.213
307.503
409.189
375.737
707.471
459.899
695.885
761.22
512.317
355.197
403.122
433.131
668.739
413.234
651.862
688.835
504.179
313.69
275.697
363.528
619.843
187.966
269.505
556.399
454.193
264.017
162.259
184.722
234.221
234.121
411.484
667.282
562.98
418.67
227.609
211.136
365.492
188.533
206.209
560.146
929.11
546.243
187.066
182.229
187.501
144.055
145.426
446.811
747.062
452.863
170.673
140.035
129.78
167.66
150.996
487.591
1026.65
768.046
263.844
177.329
141.69
160.714
115.13
372.708
1033.46
795.823
338.838
171.224
114.876
191.198
236.908
459.617
893.619
969.439
541.269
211.409
206.235
278.771
301.324
416.485
498.14
804.043
623.08
298.622
298.937
429.963
367.322
376.828
386.181
627.942
688.536
469.244
381.673
530.417
369.202
313.23
345.747
604.785
763.426
583.907
376.897
561.609
278.184
264.74
308.725
541.595
668.165
597.641
302.734
383.275
285.442
332.051
211.831
471.525
595.083
421.167
262.146
355.798
317.865
220.655
353.703
382.853
388.58
369.182
322.217
643.886
349.426
250.113
200.512
326.305
663.355
687.757
373.622
1064.6
1037.9
521.769
210.66
293.557
508.137
972.51
1102.28
548.642
629.888
392.523
238.517
224.527
320.837
509.305
638.284
625.692
866.046
602.232
272.542
256.334
377.943
557.642
860.793
745.376
791.995
478.529
264.833
229.86
368.419
686.256
820.433
350.574
499.83
363.779
251.26
215.877
308.741
346.015
486.441
301.031
577.28
650.317
460.148
258.835
277.585
264.564
527.55
302.496
489.71
802.898
619.308
350.526
243.981
279.982
443.715
246.534
288.597
439.495
703.027
403.601
274.507
238.86
283.093
121.073
218.102
491.81
729.717
374.976
117.16
110.535
195.897
122.525
221.579
513.073
760.13
431.242
235.879
123.735
187.98
101.023
130.839
346.58
902.342
668.653
282.764
110.796
119.059
155.184
156.474
410.279
954.512
872.142
404.807
173.77
148.75
261.963
250.219
348.048
783.319
937.804
642.997
301.849
220.393
384.115
325.18
432.84
582.667
897.715
722.477
428.704
333.797
539.291
452.769
292.212
310.165
605.98
799.881
590.365
467.88
571.754
414.359
275.691
334.949
584.207
821.302
636.551
426.445
635.669
389.925
308.23
313.493
545.575
864.499
705.027
405.925
582.29
408.246
225.256
285.825
448.726
733.529
641.12
419.912
787.168
429.853
207.882
233.869
391.551
703.788
820.73
473.339
667.457
482.827
237.809
213.418
359.381
724.407
715.18
498.929
866.511
948.438
546.428
194.41
253.865
392.36
775.9
999.155
763.144
869.631
539.371
268.158
276.598
432.131
691.988
894.011
815.229
861.336
454.768
206.863
185.377
375.835
744.066
898.795
744.489
907.797
546.376
282.538
246.936
362.803
670.626
924.102
507.712
710.509
575.326
350.325
232.755
315.907
462.292
700.689
513.325
841.277
729.582
403.345
296.934
364.797
454.482
810.525
417.722
796.262
855.87
516.461
345.148
398.992
380.434
726.014
345.696
581.059
596.329
361.399
270.89
337.365
307.875
542.353
268.998
329.406
565.623
720.719
340.875
219.118
264.349
314.803
210.183
233.118
483.48
717.822
377.138
156.48
203.942
214.031
173.75
195.494
309.443
591.886
593.203
320.691
176.478
188.992
217.117
198.403
336.502
844.956
863.72
467.828
242.779
195.063
323.937
231.694
356.29
674.174
819.142
590.21
353.845
211.924
378.527
337.301
469.896
576.938
916.618
725.955
422.815
335.106
441.992
318.361
239.067
480.359
543.846
464.397
456.165
339.589
716.575
403.133
279.854
301.856
522.518
798.296
769.117
431.765
659.372
448.01
339.281
347.773
532.245
845.117
724.237
466.707
477.557
379.552
267.744
273.502
435.995
671.94
524.885
395.068
488.485
319.609
187.037
222.223
424.907
552.827
509.137
348.492
434.056
298.033
205.83
192.675
331.803
566.026
477.473
303.385
880.254
927.3
482.457
194.649
220.498
391.308
794.716
982.527
646.742
706.206
339.849
198.374
142.892
432.356
626.927
741.602
962.562
861.351
418.855
223.078
274.029
407.409
894.228
917.9
936.979
834.581
413.213
193.57
180.055
359.759
862.441
906.534
705.18
814.417
566.991
263.631
199.859
312.383
640.429
827.144
617.723
955.813
693.603
368.96
332.986
438.53
547.82
936.237
428.342
641.688
569.027
257.177
252.945
338.183
383.396
615.6
335.494
459.203
419.769
287.346
307.064
253.909
310.125
450.395
172.883
288.751
447.965
490.39
235.552
160.066
168.454
259.377
251.123
261.809
403.636
463.662
274.306
195.347
249.147
247.356
252.513
265.062
393.28
540.561
582.089
327.72
246.426
247.005
319.789
230.661
325.87
576.042
473.714
318.31
330.462
237.442
488.442
388.551
228.011
374.492
465.517
493.607
505.979
401.048
400.643
290.93
318.332
384.272
667.671
700.047
446.203
298.856
589.815
345.524
280.926
393.489
599.577
747.823
640.108
378.179
640.193
307.938
288.178
320.493
556.321
704.674
679.039
340.867
553.909
354.047
360.473
326.884
583.469
772.887
598.701
371.336
703.752
349.225
220.17
211.238
441.735
739.796
766.432
396.433
783.243
366.538
197.855
279.246
283.612
428.439
788.221
437.357
522.698
251.849
164.135
127.94
329.938
641.603
575.746
271.585
1010.04
1025.8
524.068
242.703
200.747
408.521
914.4
1077.71
746.443
788.023
366.49
223.418
208.873
288.206
657.403
834.219
786.899
966.345
529.077
241.231
248.611
483.278
707.5
986.185
983.79
888.673
416.329
186.64
199.491
348.457
904.39
953.67
973.402
897.828
430.511
194.459
219.797
388.555
885.167
957.262
684.102
810.511
549.031
258.143
237.766
316.592
609.044
832.136
583.74
797.005
540.241
286.171
225.226
329.326
523.565
793.631
466.35
640.305
492.884
335.048
198.483
255.08
417.594
633.887
204.907
403.915
731.064
619.143
383.118
188.573
182.966
352.154
199.249
207.042
325.883
440.94
228.77
162.491
196.557
200.101
240.877
247.931
314.185
465.239
388.979
312.524
259.507
247.613
270.511
230.937
349.767
468.885
688.64
507.648
297.161
224.617
338.985
237.116
225.209
443.384
424.96
349.485
352.023
251.122
553.224
287.958
241.156
285.007
541.13
724.337
605.962
319.819
652.713
317.424
198.361
302.564
500.029
666.376
683.105
374.347
850.5
354.401
235.313
215.799
503.962
831.691
914.369
424.681
748.63
310.131
243.707
293.061
440.925
590.914
773.742
376.703
907.544
387.646
303.019
243.651
457.856
852.618
977.088
465.211
936.456
513.769
298.946
163.957
429.225
876.926
990.858
544.83
701.956
354.374
275.239
293.648
459.854
721.872
747.151
399.082
1129.62
927.446
363.023
130.985
211.225
374.239
1029.78
1024.34
1034.96
977.077
360.721
133.923
181.302
398.273
932.612
1071.27
926.29
959.486
413.773
192.154
270.563
463.362
834.609
1029.88
1284.13
850.068
294.157
109.207
155.494
396.713
1204.05
980.565
948.107
945.015
432.293
193.506
257.922
404.073
849.217
1003.77
709.858
880.036
508.221
310.4
249.049
378.142
634.73
896.575
620.791
766.449
461.876
258.934
258.856
336.087
556.781
777.25
503.453
640.261
443.013
256.329
229.68
349.002
461.551
640.163
337.524
356.838
441.597
368.917
418.186
306.859
334.471
334.088
259.493
219.469
458.788
798.89
511.012
236.882
262.75
212.464
171.737
155.544
294.558
670.34
596.021
334.037
187.583
147.75
299.44
203.467
275.651
469.781
632.996
527.326
324.186
213.107
606.258
397.591
236.395
382.672
646.788
784.184
664.571
416.213
526.435
274.332
235.863
221.171
527.704
705.629
571.811
287.402
571.351
277.893
225.078
244.132
515.488
715.732
620.702
310.106
702.406
374.674
248.961
234.966
468.767
745.573
745.381
416.305
622.275
439.993
297.48
322.614
511.617
754.903
673.188
457.463
792.759
447.34
228.307
209.078
449.284
845.924
853.643
482.719
811.903
373.901
180.097
254.93
369.237
756
875.524
441.111
946.798
405.844
255.558
265.836
414.302
701.968
976.707
489.091
1078.06
982.853
419.822
159.689
205.036
376.324
981.137
1068.99
1149.91
991.439
324.726
113.655
149.438
411.485
1049.72
1104.28
1100.57
1040.98
355.006
134.664
222.016
437.517
989.14
1145.97
995.084
778.399
221.133
132.041
133.695
392.685
913.581
888.882
723.281
754.447
501.18
423.976
366.002
440.824
693.049
779.065
820.759
796.866
386.539
161.224
213.821
304.586
752.01
842.889
837.427
769.199
349.611
213.127
186.56
363.413
767.944
839.455
597.447
557.545
419.1
274.753
200.692
278.585
564.193
581.701
325.33
464.442
515.299
442.296
302.858
387.109
320.117
440.443
487.133
557.629
434.888
315.951
253.378
242.065
445.054
564.008
177.18
157.74
349.121
749.512
622.227
296.011
181.241
155.769
517.162
324.417
249.581
374.44
483.191
514.545
542.127
364.299
546.418
316.316
297.739
359.677
484.517
518.642
560.863
362.744
752.563
312.63
253.276
309.408
385.03
581.038
783.851
379.538
799.322
473.111
235.566
238.53
504.85
867.596
862.509
503.255
659.317
420.117
209.484
330.622
543.531
778.293
720.841
445.654
630.083
362.977
205.12
239.124
412.68
739.746
689.204
385.675
749.982
347.062
289.632
262.662
396.514
728.515
801.368
394.729
813.692
345.206
166.546
158.014
385.978
717.543
869.291
418.512
551.229
384.414
210.623
213.45
367.973
694.846
607.259
394.498
1397.39
959.745
319.176
107.583
167.536
432.485
1304.06
1102.99
1225.09
929.826
351.261
167.548
209.829
408.315
1134.96
1045.84
1015.74
822.989
305.149
231.1
244.74
366.868
932.058
918.323
1155.47
811.334
292.692
138.36
129.318
389.66
1091.27
926.654
1000.03
710.428
321.428
198.879
166.586
375.48
951.476
805.062
586.05
444.747
448.286
350.047
284.593
269.359
566.372
477.793
853.461
688.223
327.549
148.152
141.718
274.58
791.263
757.993
804.875
673.625
302.217
194.389
141.74
284.213
744.683
747.407
542.309
620.997
406.572
208.241
207.769
293.951
501.995
624.749
469.995
764.308
567.821
286.923
198.547
304.081
408.633
744.483
246.247
243.488
330.096
397.457
367.725
194.835
235.912
248.49
363.977
317.658
312.257
326.404
632.354
638.899
403.798
297.98
493.362
368.67
318.697
373.016
589.825
738.008
537.586
381.737
616.636
439.093
267.096
294.452
427.046
748.662
674.046
454.166
710.377
398.246
316.635
281.803
463.055
790.806
764.05
434.644
700.956
382.965
269.723
362.307
577.612
793.252
754.89
420.641
662.997
372.652
206.698
290.185
305.845
599.403
693.585
405.252
681.199
356.32
200.285
262.014
360.289
618.607
709.456
407.363
820.301
351.391
227.613
216.62
412.196
726.559
869.446
428.773
1015.02
439.264
202.481
183.985
286.167
724.515
1050.01
521.158
1231.33
859.004
333.336
249.819
208.044
366.816
1145.42
975.74
1264.61
955.853
364.399
109.309
233.919
479.422
1175.46
1056.2
1346.59
852.793
307.811
147.023
171.483
402.746
1268.85
991.834
1097.78
732.762
223.295
90.4392
99.0899
403.734
1046.96
848.775
1124.38
859.819
281.769
137.249
176.745
419.339
1045.3
975.688
928.741
519.021
124.229
86.5419
115.824
328.845
879.009
638.639
997.918
663.209
234.271
204.797
161.864
364.109
950.096
767.292
834.704
506.455
201.824
175.582
135.435
255.8
790.672
590.6
799.948
672.879
298.119
188.537
157.345
346.155
743.111
741.451
800.751
669.635
326.699
274.275
261.112
319.714
744.276
736.691
228.967
340.924
373.538
436.924
432.139
479.824
245.822
300.254
436.802
354.014
276.393
368.938
483.261
464.427
448.899
360.029
634.386
417.599
260.512
291.862
425.816
764.831
692.49
434.528
716.652
449.604
255.809
272.499
461.789
793.368
772.57
483.075
738.892
350.411
209.994
242.976
428.622
815.396
803.627
392.204
808.063
370.498
249.173
246.717
399.44
792.913
864.56
427.502
830.133
408.974
179.819
164.783
322.637
714.149
877.529
466.299
841.104
380.066
220.888
219.835
358.469
630.785
873.741
463.711
944.016
414.251
194.48
209.807
373.787
695.711
976.952
513.32
785.871
376.912
174.956
162.493
302.811
706.851
827.346
431.876
1429.97
901.255
247.856
119.171
179.68
407.647
1335.12
1068.67
1310.41
939.924
358.698
153.737
141.908
397.373
1223.22
1069.15
1054.38
858.201
297.062
152.763
141.442
362.292
971.756
964.039
920.746
702.858
340.267
183.935
174.766
354.324
872.364
781.278
1201.47
782.554
197.413
125.521
126.355
423.022
1136.29
916.825
1487.94
657.693
150.09
163.628
176.119
525.274
1457.38
845.104
1288.84
587.614
140.992
176.053
145.381
428.813
1255.59
750.071
1003
663.578
238.989
189.498
178.198
424.305
968.245
766.277
699.283
542.347
302.185
253.501
209.075
317.051
669.333
592.677
954.435
629.863
222.832
164.737
167.465
418.217
911.723
728.414
660.489
466.713
336.938
420.946
328.009
372.356
646.164
524.028
522.372
305.328
334.022
318.298
532.187
676.935
567.431
319.869
440.985
311.513
305.555
301.368
528.621
649.76
482.952
315.954
780.939
396.773
266.555
274.811
454.939
872.232
846.467
434.866
819.008
356.236
201.082
153.269
318.381
676.668
851.206
429.935
807.008
403.749
208.569
197.28
349.4
671.742
848.012
457.368
938.876
420.117
177.936
178.917
273.078
599.468
958.793
518.562
967.454
441.192
269.931
258.95
373.811
761.031
1017.34
529.101
733.828
322.441
198.194
226.743
302.664
582.492
774.442
381.043
994.409
463.97
225.771
190.966
287.038
710.11
1028.48
551.891
1102.69
834.317
279.879
172.34
164.007
370.92
1022.7
949.432
1131.14
847.707
229.7
189.125
128.24
392.36
1048.81
971.318
1131.25
865.482
324.464
116.113
205.7
467.186
1055.75
978.937
1238.85
693.458
293.821
161.201
245.484
617.214
1199.08
820.359
1541.47
759.279
153.497
120.464
87.9316
497.42
1493
949.81
1526.71
716.238
151.78
186.412
143.96
488.588
1480.25
908.397
1209.5
515.512
127.134
107.485
128.565
458.369
1193.4
666.092
1052.37
579.073
198.26
116.666
155.217
545.279
1048.61
685.927
626.321
355.447
162.546
203.246
189.214
336.54
613.644
416.526
928.115
471.408
138.951
94.9632
175.733
526.801
934.689
569.195
922.529
516.992
287.937
302.063
305.296
526.461
920.92
607.316
767.715
444.766
248.529
202.92
335.348
613.392
785.251
499.887
765.342
363.801
283.106
286.336
405.722
723.246
815.733
418.463
822.466
442.194
248.702
249.433
445.154
839.794
898.694
498.341
1030.68
518.337
231.576
214.083
337.642
733.877
1066.29
608.495
788.977
398.383
220.515
219.517
281.984
454.501
784.899
488.329
875.454
391.455
246.357
218.462
327.974
643.644
903.993
479.902
1015.55
455.31
195.13
178.698
413.064
766.569
1048.19
559.912
866.007
494.119
243.722
166.002
351.641
808.867
915.371
528.275
755.422
379.667
226.07
255.905
393.869
729.946
799.735
431.622
1296.02
763.248
275.972
134.408
151.34
365.48
1227.55
910.692
1492.05
856.438
264.717
143.945
179.621
445.354
1421.17
1021.93
1267.71
736.006
201.362
179.902
177.522
391.091
1195.87
883.96
1483.95
747.688
177.041
117.302
145.899
445.879
1425.65
930.131
1462.76
763.897
183.492
146.68
152.73
454.78
1405.3
942.288
1307.75
579.08
123.346
197.028
192.917
469.823
1273.76
749.473
1099.48
482.311
157.583
171.302
176.546
481.52
1087.4
616.297
970.622
511.398
157.913
144.833
161.056
543.232
975.706
612.277
859.42
460.736
169.218
201.238
170.916
452.715
856.43
552.759
528.091
298.337
159.477
138.846
242.348
520.736
562.936
325.249
481.424
269.307
204.554
211.498
224.006
346.789
491.195
308.139
514.222
325.416
140.5
176.305
267.81
442.261
528.424
366.993
808.931
370.865
210.574
291.528
361.033
623.441
836.418
448.834
488.984
350.48
333.604
288.214
420.087
542.715
524.177
373.481
1189.75
554.562
203.012
221.052
216.054
624.867
1197.26
671.671
693.001
338.822
247.172
207.376
388.761
651.464
726.63
392.137
815.56
383.832
253.164
234.126
438.928
766.274
869.422
445.253
830.968
350.739
252.647
209.685
433.686
762.291
891.465
424.832
901.087
482.888
266.799
207.787
362.506
847.286
960.119
505.342
885.609
408.181
191.975
202.841
325.694
685.57
927.779
495.193
1166.99
791.736
201.042
97.9368
146.546
462.096
1103.1
920.574
1133.46
728.335
177.442
83.0133
105.581
423.553
1080.12
853.975
1507.7
775.027
156.007
141.394
122.799
459.135
1447.95
963.16
1089.73
618.431
183.911
228.036
172.76
396.64
1044.74
740.556
989.768
533.594
157.613
240.695
221.926
388.57
956.262
641.36
1047.07
448.247
127.742
101.24
161.919
439.177
1033.43
578.358
925.87
513.95
212.737
187.833
206.432
491.029
925.868
606.957
827.175
377.56
169.853
151.453
256.122
583.688
855.311
451.032
865.284
383.441
156.359
192.695
235.557
601.882
899.269
467.672
888.657
451.672
160.518
198.584
208.261
522.132
897.433
546.09
819.934
390.861
142.432
182.606
277.871
535.036
840.26
474.47
605.359
405.485
170.782
253.125
352.675
518.333
599.63
463.905
780.348
350.897
253.367
254.68
344.579
609.16
808.196
422.126
678.711
398.202
223.649
342.2
374.032
556.944
690.925
444.526
671.672
307.441
276.408
308.628
372.474
449.699
678.62
366.284
647.86
317.957
195.718
409.981
341.703
453.955
671.359
373.395
491.758
313.894
208.479
238.714
266.155
408.897
507.276
347.124
1020.28
470.598
229.475
260.863
279.009
580.551
1022.33
584.716
840.058
440.685
216.983
262.237
380.551
716.986
868.239
500.922
776.933
451.419
393.345
230.553
486.5
766.67
814.244
481.797
1039.72
602.193
145.073
134.336
148.952
445.714
1012.15
713.782
1059.93
658.924
174.784
135.743
120.921
420.703
1016.03
775.858
1069.37
737.468
210.708
75.6582
135.01
383.962
1008.29
851.886
996.002
643.112
206.505
236.769
183.959
404.291
951.28
747.598
1026.01
620.04
155.632
52.2682
107.64
444.856
996.898
730.431
909.917
407.735
170.418
121.044
143.339
405.166
900.684
506.825
1020.17
555.784
136.347
107.946
161.64
515.022
1013.43
664.983
876.287
441.673
136.711
203.179
228.784
515.264
884.376
536.205
722.402
328.645
106.816
174.107
203.834
425.97
731.212
407.754
731.964
310.984
180.115
232.477
336.326
617.576
765.268
373.821
521.924
361.954
219.939
143.047
254.234
495.666
548.731
373.839
518.79
253.056
127.023
169.527
169.899
419.053
554.066
290.95
704.122
418.918
246.755
277.396
300.431
666.694
755.529
454.307
698.478
447.262
261.376
311.962
379.628
511.355
695.945
505.193
618.958
346.667
335.386
313.94
344.165
499.085
643.28
390.312
612.529
345.374
157.14
146.101
222.955
461.046
630.552
385.251
749.789
473.883
267.854
205.604
356.687
752.934
801.032
487.69
648.066
502.967
290.362
340.314
365.576
740.137
704.464
510.751
838.438
412.808
215.591
241.066
422.061
776.653
888.823
490.16
703.967
324.535
271.728
407.253
400.869
561.358
730.244
386.82
1361.1
734.785
195.203
164.847
120.381
423.159
1303.59
899.628
1366.25
703.09
192.868
102.914
91.364
430.592
1318.83
865.703
1132.01
574.059
128.664
109.853
116.371
369.146
1089.16
714.506
1034.18
587.001
182.595
144.288
154.361
468.404
1015.96
695.298
947.595
530.82
145.962
100.415
137.033
488.762
941.507
628.533
671.205
449.331
202.423
182.906
156.272
324.236
648.25
512.123
872.855
402.168
213.477
253.967
263.245
497.418
868.855
493.296
735.184
398.239
223.456
202.75
284.819
599.436
765.203
453.986
757.961
377.239
169.614
190.062
229.335
506.547
771.219
452.548
912.291
465.332
213.698
219.578
263.155
534.037
918.965
562.45
573.901
330.673
294.21
294.27
270.204
358.601
574.49
379.625
814.303
394.042
198.071
351.945
371.589
580.297
844.072
467.86
516.263
464.002
247.826
258.259
323.72
594.884
553.533
469.551
772.648
469.26
224.985
196.068
329.283
570.25
775.356
542.877
757.722
342.587
192.164
218.817
224.648
512.466
781.15
417.041
877.538
391.916
180.362
257.646
347.06
655.387
912.556
481.824
771.104
412.285
237.183
250.338
347.499
663.894
802.863
461.136
834.683
376.435
185.004
212.811
392.747
757.388
879.667
443.726
796.458
385.402
198.135
206.976
353.751
683.726
833.328
449.513
735.763
317.876
164.188
172.078
372.633
681.935
786.027
381.669
1516.75
695.906
115.802
143.945
117.746
499.956
1476.68
888.298
1524.65
711.246
136.802
124.297
93.1459
483.224
1477.73
907.213
1302
599.349
111.46
164.697
137.757
440.942
1267.15
764.158
1147.01
672.919
191.947
117.882
110.673
401.082
1099.5
799.22
989.658
565.425
148.254
92.7341
122.042
494.122
979.694
669.478
943.871
545.312
168.549
186.098
163.618
346.678
912.586
650.605
622.712
352.865
183.011
248.054
262.229
543.636
647.07
397.52
659.761
399.81
220.527
190.413
224.591
402.412
658.52
455.422
429.643
270.468
146.924
151.791
207.152
309.78
430.347
306.401
487.299
254.749
139.33
186.799
243.66
452.25
513.092
287.554
670.812
408.61
212.267
130.035
259.438
521.134
682.362
453.942
676.22
285.59
119.219
143.44
204.778
400.778
676.98
359.043
783.392
368.607
248.528
227.571
306.44
598.946
815.855
430.355
635.018
376.757
205.246
191.133
243.102
463.468
643.331
420.76
429.035
257.397
183.089
335.654
292.725
348.75
430.325
300.52
796.948
378.456
187.443
257.752
376.902
569.511
817.4
461.204
856.353
409.106
212.959
206.785
389.59
651.376
878.838
494.037
699.614
382.716
232.347
266.327
309.187
517.788
709.228
441.358
861.301
450.058
233.487
343.98
437.81
609.295
872.129
535.708
948.945
454.561
203.521
151.923
405.32
812.845
1004.78
542.856
1597.62
732.994
103.331
57.8141
65.2304
520.804
1554.11
935.411
1433.33
659.412
101.939
76.0727
72.6476
471.443
1394.02
841.673
1149.46
545.109
143.109
148.17
149.144
390.728
1118.48
685.61
1187.38
545.666
125.54
161.992
146.686
473.653
1167
688.81
1040.57
631.348
173.614
158.172
162.157
477.431
1015.44
741.58
1090.17
549.501
155.601
178.466
192.541
335.465
1049.34
682.092
796.841
316.711
124.957
169.941
289.063
518.79
816.485
407.388
890.13
485.085
195.745
164.595
237.196
471.15
881.491
582.156
820.886
392.876
151.481
130.701
190.608
512.535
836.587
478.202
856.626
458.152
187.679
181.959
224.157
460.73
852.602
546.907
831.29
347.862
130.988
160.257
256.49
602.566
864.919
430.568
464.435
195.28
123.13
195.605
292.637
428.879
489.302
230.634
717.515
290.353
172.227
265.6
400.513
661.75
761.949
351.291
638.277
304.331
183.909
166.062
301.514
479.284
655.266
363.077
376.226
219.411
258.075
331.477
302.846
366.453
402.669
241.133
687.288
384.639
189.446
213.09
390.715
758.479
744.524
413.35
842.174
384.909
213.779
196.464
375.825
721.744
886.883
453.83
708.687
301.825
210.354
238.253
471.359
726.882
756.682
363.886
708.864
279.369
350.089
353.155
515.827
782.394
775.824
324.277
654.527
328.859
275.666
436.294
371.933
491.787
688.76
367.566
1263.04
659.084
145.706
79.5917
92.0681
410.893
1215.14
813.967
1287.32
600.832
126.293
137.145
103.378
434.83
1252.14
762.77
1276.42
582.473
138.804
109.73
94.7097
407.753
1241.71
743.171
1288.17
586.295
124.233
165.722
153.713
467.677
1260.52
748.463
1095.07
619.803
150.865
126.262
145.469
547.944
1083.45
736.644
1268.48
544.575
143.461
157.599
175.387
453.025
1243.81
706.196
877.773
386.28
109.055
143.138
167.802
490.144
890.262
484.087
911.326
367.563
149.01
195.633
262.231
542.813
921.908
470.822
782.182
340.962
192.529
207.252
255.604
599.415
819.287
407.412
582.392
338.613
245.475
293.642
274.003
430.841
591.668
388.633
497.795
279.066
188.351
250.455
272.198
394
515.487
313.206
598.671
362.707
162.329
206.482
290.996
389.859
592.248
424.294
548.401
292.255
211.715
178.978
333.122
457.5
554.022
330.958
788.421
367.36
161.672
153.382
311.816
539.884
803.529
453.077
548.014
295.922
219.039
247.847
430.497
592.651
581.52
335.012
523.108
307.82
224.666
245.741
254.733
516.213
558.654
330.468
651.337
485.627
293.489
291.551
337.349
595.446
684.593
489.527
659.718
331.576
202.681
242.993
463.25
649.634
686.319
387.827
867.062
416.784
212.9
220.551
355.811
704.063
911.464
491.106
853.686
461.515
235.642
168.405
386.655
723.372
895.982
507.466
