629.22
845.747
629.816
387.744
330.888
359.044
562.3
843.766
747.945
980.723
698.363
326.193
333.73
431.557
671.732
976.922
661.806
1019.39
865.365
340.783
465.988
509.326
583.933
976.712
516.788
798.468
786.37
500.919
364.877
390.666
463.274
769.018
308.206
580.8
652.542
475.761
317.957
285.37
269.256
541.571
372.609
472.14
715.761
530.204
301.392
256.594
371.401
432.532
202.21
245.966
560.132
795.861
513.251
263.089
204.427
223.769
152.067
241.302
596.924
866.147
446.722
172.84
151.142
209.057
182.548
255.481
415.879
631.588
335.315
209.023
185.268
243.108
200.816
200.026
530.645
955.597
619.402
208.28
200.495
185.926
75.6407
175.643
597.105
1123.45
753.545
209.397
75.948
143.535
185.629
206.765
365.162
753.676
692.132
348.839
183.385
200.946
228.545
146.148
375.505
885.247
755.999
336.618
235.541
150.003
223.67
227.728
240.136
455.028
607.72
537.856
250.917
214.671
411.434
434.267
484.675
615.181
866.709
679.273
409.107
441.085
451.699
367.465
386.758
462.284
698.418
682.937
487.955
369.198
489.061
446.745
410.844
479.344
735.601
749.613
535.526
460.661
432.066
329.981
198.491
239.286
490.553
663.91
485.095
343.653
448.169
419
284.657
191.041
501.995
766.893
500.414
431.365
537.211
288.846
197.407
235.898
472.119
672.729
588.397
317.35
990.682
924.494
484.9
220.051
215.718
353.867
907.935
988.557
846.651
887.422
569.124
223.83
247.165
334.317
765.139
931.667
589.704
960.132
768.56
298.211
372.311
434.25
516.849
926.506
508.587
866.41
894.793
575.442
402.444
407.537
451.413
823.218
394.74
604.176
679.107
549.58
290.836
208.551
355.595
565.89
358.357
633.896
823.563
575.706
414.789
316.995
331.968
578.375
179.439
313.066
528.9
590.119
340.661
175.465
166.008
285.185
164.24
262.627
654.833
790.618
432.944
212.385
155.585
226.655
190.892
163.22
496.339
895.065
550.35
172.983
189.395
154.57
173.108
164.198
420.482
699.946
446.104
174.097
181.423
144.637
163.648
156.761
550.871
1081.09
739.221
219.729
159.399
150.687
156.468
160.408
350.657
792.135
640.185
311.211
162.86
149.571
259.434
323.43
375.607
795.502
860.089
590.841
285.767
293.768
346.467
261.594
395.989
743.99
830.116
525.988
351.451
268.898
441.557
401.402
341.912
481.61
752.862
665.263
473.762
424.31
551.309
286.663
324.121
328.417
623.777
761.406
606.468
302.757
504.786
316.222
289.013
450.753
656.232
730.859
554.273
327.651
529.497
396.904
233.08
305.692
477.306
661.351
571.28
415.625
475.423
398.534
244.681
297.374
488.91
640.554
508.013
431.823
811.168
345.942
211.488
295.395
450.3
755.925
862.177
416.561
967.243
958.15
570.941
232.285
300.094
367.074
876.281
1016.72
699.866
764.678
446.852
261.208
197.594
385.295
662.466
774.398
653.659
912.017
800.127
389.599
393.598
379.068
578.055
890.26
428.339
658.707
623.653
302.308
201.161
242.149
385.01
617.543
322.906
504.926
629.965
441.764
316.434
253.934
301.611
464.91
372.018
603.316
666.869
600.251
300.528
256.152
329.036
573.458
253.854
331.645
519.506
510.999
465.541
276.92
238.761
313.905
273.638
448.262
515.328
487.911
364.107
234.918
251.675
427.142
128.911
180.897
525.164
849.295
476.906
138.755
122.32
159.627
87.7228
171.753
503.96
896.321
461.912
101.311
85.362
146.089
235.669
152.59
402.085
947.017
775.343
286.007
241.004
159.768
156.708
149.865
417.26
937.027
745.498
350
167.437
140.368
338.496
316.491
362.472
881.376
865.072
577.621
345.997
311.058
411.327
306.5
355.674
605.794
822.763
723.583
451.67
285.461
375.975
391.659
415.37
385.492
696.787
756.95
418.771
357.548
585.145
464.507
265.395
368.663
640.392
901.663
656.636
483.002
637.576
483.056
290.969
467.678
755.095
949.959
708.153
509.147
623.969
498.555
349.609
308.849
578.366
774.938
673.31
512.663
502.958
297.692
264.003
294.76
492.011
572.905
521.092
322.409
708.353
356.662
266.072
263.137
415.946
603.212
735.668
423.595
1042.62
1107.16
583.479
214.822
326.356
439.085
934.436
1177.79
681.848
726.759
530.091
263.821
290.676
417.339
646.07
746.554
740.817
806.675
490.429
252.15
251.814
316.464
672.374
836.497
832.558
896.379
532.75
234.027
194.647
403.529
759.817
929.626
409.431
680.88
615.824
285.972
233.171
261.754
364.002
639.391
403.701
698.417
709.911
466.331
298.892
376.374
374.636
655.055
387.506
719.247
940.153
648.959
450.438
289.995
348.328
667.934
331.611
331.236
406.709
541.378
394.742
229.218
321.484
325.711
218.671
249.078
506.967
744.39
432.773
231.231
218.952
226.629
226.9
213.741
436.059
557.047
335.888
257.508
232.702
198.103
156.089
142.929
349.709
897.608
637.383
261.86
154.066
142.093
168.027
205.192
412.171
905.961
747.969
361.896
173.672
194.48
284.178
251.613
301.418
776.966
805.557
573.614
306.923
250.165
311.304
284.898
435.726
644.311
867.468
680.232
355.01
268.2
394.298
360.182
317.511
555.24
918.978
821.906
442.412
368.303
675.613
432.877
344.769
248.079
595.397
927.793
750.846
435.473
689.293
300.766
244.073
275.297
564.371
763.248
738.435
344.87
696.908
351.119
319.145
335.639
592.333
791.948
743.056
389.6
647.101
363.247
213.436
316.296
529.734
671.793
680.67
414.09
702.816
374.782
256.397
284.09
452.8
641.388
734.431
424.742
1033.63
982.219
538.481
204.18
244.822
356.406
937.914
1052.39
634.234
778.69
511.491
331.365
191.544
317.483
588.112
782.778
962.184
933.424
550.941
235.917
231.157
505.682
892.282
978.233
760.757
903.336
563.147
316.073
323.819
438.936
691.295
922.169
519.106
759.137
717.486
474.652
411.85
359.589
469.823
739.898
634.011
940.026
640.716
332.33
270.243
470.701
571.008
925.99
361.287
685.662
815.12
577.575
407.893
344.269
333.1
633.868
389.575
560.583
630.646
471.152
367.243
329.188
361.26
544.751
271.564
327.09
505.708
488.952
303.933
321.081
278.71
302.51
299.699
282.185
514.472
809.083
465.317
206.627
290.653
274.792
151.303
150.918
297.732
614.729
510.285
270.323
160.029
142.367
396.383
248.342
316.36
658.497
605.774
333.759
393.54
275.459
324.178
207.333
309.356
726.914
841.037
614.654
363.592
210.131
609.217
448.604
408.022
557.601
772.025
789.362
654.352
469.957
474.994
349.408
303.795
509.119
786.238
609.855
468.841
379.093
723.171
314.563
265.647
315.767
564.932
728.759
762.349
368.433
910.882
480.272
243.294
271.214
483.111
832.311
948.425
551.725
636.369
356.132
369.396
370.087
573.511
734.19
682.668
379.925
617.112
464.235
288.876
273.549
446.218
730.068
667.906
475.624
356.122
257.553
212.765
197.763
426.043
534.69
383.232
262.786
834.45
984.519
581.528
234.224
258.791
393.743
747.301
1010.12
814.188
705.084
379.035
249.267
282.207
372.369
743.74
756.225
907.098
862.897
443.853
229.249
201.076
307.772
825.743
926.212
1011.69
911.912
404.79
131.748
182.402
386.606
930.173
977.495
746.641
779.266
509.757
247.115
219.475
318.008
678.078
816.011
533.516
826.665
675.006
358.615
344.234
345.21
474.313
804.267
553.789
676.564
526.29
345.277
360.599
386.11
507.51
681.226
368.132
493.512
466.517
345.935
320.019
282.955
342.628
487.198
256.548
322.986
442.856
362.396
233.003
171.379
240.023
310.706
291.606
255.048
414.358
678.085
418.997
226.762
297.712
251.397
266.288
240.839
314.11
624.511
510.083
254.115
246.119
257.945
277.328
226.266
222.235
396.214
427.115
315.225
282.954
229.66
555.286
316.681
256.99
333.25
407.155
566.121
581.502
361.885
631.927
525.506
363.176
324.385
678.567
928.715
699.001
540.262
640.428
382.823
234.892
397.871
501.541
625.814
668.485
421.672
737.601
377.401
291.279
291.271
578.49
807.042
789.967
417.842
616.742
403.82
371.463
479.713
396.151
415.831
615.371
447.342
814.019
383.21
293.673
278.843
467.832
881.251
882.026
423.048
975.688
465.609
252.952
218.319
462.22
952.262
1040.8
517.626
945.42
459.962
279.29
215.389
449.193
958.098
1021.78
499.499
948.365
955.223
464.91
192.337
206.051
388.964
851.255
999.649
935.395
828.79
354.995
229.949
264.838
348.782
851.337
906.397
625.812
827.431
599.399
309.201
292.886
290.59
556.485
822.294
1141.84
843.744
328.183
164.944
210.817
473.708
1071.38
954.198
1052.09
872.926
388.702
220.87
188.948
307.777
962.765
970.199
694.301
770.083
526.468
334.559
292.211
413.16
634.675
792.178
523.048
665.216
533.946
240.863
269.34
339.734
476.553
659.861
488.322
602.78
632.56
503.297
385.64
318.986
446.11
599.865
243.347
464.153
613.854
565.281
240.926
192.581
221.987
420.847
304.212
210.108
347.725
386.411
316.254
248.319
294.18
228.977
222.865
167.192
370.962
577.381
333.705
170.728
220.718
161.761
256.017
243.936
258.091
410.52
417.934
351.97
265.64
238.728
421.891
222.158
315.518
523.455
662.37
542.492
442.637
249.597
655.603
535.396
255.014
250.891
460.491
803.988
709.96
554.03
659.627
316.716
258.498
312.069
576.904
772.432
712.434
354.025
727.823
403.459
224.152
236.575
435.474
736.653
764.349
456.796
578.772
348.512
255.558
313.86
483.599
612.425
612.109
384.972
869.266
479.618
352.437
324.944
498.427
840.885
918.034
528.701
997.894
603.47
320.77
266.532
478.787
977.237
1056.85
643.02
629.669
320.891
290.986
383.609
378.162
624.172
680.331
366.269
993.631
930.906
376.193
246.874
208.52
427.046
905.249
1014.44
1100.29
964.658
399.658
127.925
216.685
398.318
1000.84
1061.25
986.402
856.471
282.504
258.479
226.602
415.028
894.948
955.566
1069.4
920.038
319.197
134.594
163.355
418.453
978.161
1023.01
918.197
837.099
392.64
180.34
247.702
370.55
833.27
904.601
762.599
729.253
487.317
379.999
259.74
271.784
701.565
774.894
794.33
812.479
489.212
265.618
217.76
331.069
722.031
860.975
537.448
558.947
427.971
311.854
260.484
278.001
493.654
576.166
528.788
444.471
432.636
376.646
313.6
332.412
526.349
462.33
258.036
226.932
367.22
689.667
378.77
255.914
264.118
221.075
249.092
221.687
269.903
664.238
439.707
297.413
258.217
232.686
325.133
273.445
514.924
572.092
769.614
572.683
357.925
259.656
436.17
286.75
304.018
316.31
472.819
629.246
477.012
292.852
312.574
236.279
232.608
375.662
454.265
392.425
314.463
252.934
698.779
374.827
283.339
353.789
607.55
799.272
753.039
407.749
875.579
500.063
272.251
205.152
468.667
874.43
936.508
534.554
643.3
521.971
349.28
361.315
614.563
954.718
718.433
534.656
768.29
422.47
257.265
234.37
489.717
886.249
833.983
452.765
798.998
385.072
272.039
275.459
513.047
947.634
875.803
424.414
986.282
481.584
262.847
230.36
428.431
861.293
1052.37
563.175
1141.31
923.688
314.13
116.751
149.607
420.958
1052.6
1035.12
1189.82
949.634
372.772
168.072
195.201
442.348
1104.42
1052.69
1026.52
842.009
340.782
299.981
257.08
322.538
932.021
939.183
1195.55
778.768
222.576
187.632
179.99
407.722
1126.03
907.949
579.083
674.843
364.852
318.62
247.431
479.384
552.636
689.142
877.734
720.797
266.043
166.055
172.236
336.696
817.994
803.19
765.276
684.123
368.644
258.858
204.737
281.879
704.894
741.571
532.654
497.119
368.647
282.184
286.835
325.354
506.653
520.227
347.73
378.301
436.028
436.811
331.894
257.457
336.061
374.588
439.048
529.95
429.75
382.998
311.871
229.96
399.431
528.764
130.819
138.026
262.069
525.957
428.508
239.374
137.385
129.99
405.328
311.843
301.851
395.246
480.186
496.375
421.377
324.952
519.119
515.748
320.734
398.115
634.781
729.711
564.047
525.396
762.76
325.785
238.586
268.773
488.422
643.578
794.052
396.516
672.923
361.372
277.298
338.145
433.176
780.108
730.137
395.348
747.635
413.421
318.898
324.57
527.8
818.792
794.863
463.684
544.658
445.215
210.391
244.269
349.131
633.259
588.09
466.147
704.528
431.075
275.54
257.386
383.484
688.724
742.968
460.263
913.362
535.143
250.909
207.335
411.695
851.581
960.678
579.501
813.976
351.125
191.971
191.24
349.428
683.455
851.3
423.381
1311.65
890.056
355.64
170.883
170.975
382.215
1233.17
1010.5
1429.99
855.651
275.19
90.4874
154.907
417.65
1356.38
1009.97
1330.95
765.016
243.985
200.592
162.78
360.141
1260.3
921.613
1020.92
686.952
295.505
141.521
196.986
408.508
979.822
783.103
730.346
604.766
373.409
281.007
312.571
324.214
693.661
648.854
623.665
434.573
342.79
308.974
269.877
261.865
604.918
482.578
932.073
727.14
287.124
180.695
172.158
357.679
872.421
814.911
779.781
623.99
264.317
234.766
179.163
278.653
728.821
694.482
671.633
517.636
318.912
203.728
165.9
294.477
639.494
567.655
424.6
603.537
547.763
366.9
257.574
225.891
376.45
592.323
389.417
450.519
284.958
257.657
247.518
212.031
349.004
469.046
558.217
411.278
432.882
459.004
658.531
528.689
542.63
454.295
402.221
381.258
264.979
400.006
500.749
548.801
432.767
388.135
671.183
341.489
289.055
346.92
443.91
564.305
695.591
387.467
704.704
367.599
283.079
322.374
518.346
695.887
741.92
413.489
929.588
443.032
326.422
339.987
560.476
889.173
984.162
509.827
770.487
384.798
298.424
314.629
399.797
844.013
833.642
421.141
1015.07
400.109
156.078
160.05
345.6
786.561
1060.87
497.117
1070.3
486.295
217.099
249.56
399.576
897.965
1127.26
555.167
1133.12
582.01
252.113
200.496
303.797
855.988
1190.16
670.083
1207.76
988.854
390.899
249.56
240.001
516.988
1120.82
1093.97
1035.95
879.971
314.688
116.372
122.119
334.372
944.044
981.57
974.416
758.102
287.094
121.147
165.088
371.641
910.679
850.603
1008.15
597.703
207.62
105.218
139.996
346.997
969.384
702.957
1030.44
745.189
216.916
123.134
125.711
391.215
967.505
856.674
1360.4
659.269
157.729
257.611
148.92
450.71
1309.13
835.109
950.38
631.801
233.695
237.174
182.837
319.316
900.277
730.539
949.147
618.748
239.914
173.108
179.318
300.362
892.524
717.544
954.425
785.545
316.91
200.679
204.906
467.893
897.65
863.266
890.321
780.908
409.304
326.997
223.039
291.684
817.173
852.27
230.679
237.404
446.612
468.75
446.303
326.714
246.134
212.266
390.053
237.393
283.509
402.119
473.535
429.41
406.88
260.5
524.982
325.615
343.78
248.444
538.599
773.551
585.103
319.468
816.678
341.185
215.394
196.685
444.969
804.032
873.044
405.504
718.642
351.387
218.911
213.058
355.459
717.953
766.943
401.143
677.784
440.177
311.235
335.171
471.162
778.522
732.864
460.796
749.956
458.263
229.368
216.026
384.98
716.023
780.693
497.405
793.911
424.283
235.378
173.631
392.422
785.324
841.52
469.758
992.07
471.628
180.862
171.354
293.032
650.425
1005.93
575.062
950.989
404.029
220.209
322.911
311.838
685.105
997.066
501.637
1103.3
847.981
229.679
134.272
115.668
393.311
1017.8
967.071
1090.71
869.441
310.953
134.11
114.276
376.444
1012.18
976.84
1186.33
776.551
314.414
167.826
157.876
343.295
1116.74
894.417
965.841
628.856
257.729
186.935
184.694
405.944
932.953
724.346
1345.89
707.551
179.005
137.258
105.391
391.09
1286.52
874.616
1402.63
601.065
134.345
188.719
167.052
521.935
1380.61
778.468
1200.66
476.188
127.268
184.547
176.264
502.343
1195.5
624.456
1021.71
714.038
259.076
232.065
255.871
437.392
978.196
816.651
833.195
595.827
292.252
243.356
224.853
404.432
800.397
668.684
1091.07
595.714
198.962
116.194
112.647
332.283
1048.54
716.964
632.85
489.867
272.717
281.321
224.492
349.666
618.388
533.792
566.488
394.341
315.304
444.121
557.334
654.19
604.927
413.819
481.459
353.419
330.198
413.059
558.962
603.452
519.279
369.76
822.813
626.253
329.825
287.814
556.814
994.843
889.982
645.568
941.776
435.545
237.609
205.557
391.15
700.338
971.839
527.234
986.917
455.626
202.561
245.619
363.942
674.051
1011.26
554.562
769.577
363.188
288.232
299.212
364.114
561.158
785.539
438.371
1197.65
572.729
227.058
208.914
349.708
825.614
1234.97
683.188
836.731
452.741
207.613
187.13
385.74
753.581
889.854
518.469
1001.86
469.308
250.926
276.595
417.559
782.32
1031.11
566.17
1365.75
787.867
273.964
147.594
160.126
379.748
1296.08
941.82
1314.79
728.812
230.906
154.518
175.576
389.014
1254.12
881.272
1163.06
803.122
245.698
120.332
147.098
374.04
1091.01
926.432
1264.3
579.946
189.084
149.122
182.169
464.892
1233.4
737.936
1467.48
699.797
135.219
84.9707
90.2388
473.528
1423.95
882.367
1414.46
657.347
122.048
164.292
134.92
471.589
1377.37
833.831
1155.8
493.901
118.877
75.4236
115.763
438.8
1140.05
637.595
1045.62
591.752
181.078
189.664
214.479
560.454
1044.05
698.254
898.202
504.916
199.013
227.442
165.314
401.222
878.125
603.34
823.634
365.901
132.302
143.783
193.894
412.908
812.181
464.533
585.301
383.411
177.834
164.687
212.505
477.56
601.005
421.389
709.607
380.187
250.752
284.567
291.954
568.214
736.969
433.802
613.825
355.649
263.228
280.918
452.451
700.849
666.496
382.542
786.478
499.398
278.274
228.672
417.986
808.671
840.803
527.617
1025.9
467.053
241.964
205.429
383.85
858.242
1094.5
552.951
693.418
344.028
219.662
212.97
263.353
399.099
693.554
419.859
925.722
415.307
187.097
199.364
316.317
707.516
972.352
500.601
1025.59
455.506
210.007
238.763
445.954
796.233
1066.55
556.738
1110.06
537.353
199.651
203.566
342.664
848.507
1166.29
635.162
989.253
443.538
228.026
296.217
538.331
898.448
1041.69
514.591
1084.81
805.733
215.771
99.1632
154.898
458.086
1019.95
921.26
963.407
709.859
222.901
152.383
176.599
365.503
902.602
810.189
1360.52
734.117
152.228
210.549
167.745
409.821
1297.35
903.304
1064.22
647.314
198.923
204.768
153.734
387.167
1018.24
764.584
1115.52
671.374
179.228
161.511
185.411
398.669
1067.15
794.843
1163.86
519.996
221.402
326.568
264.024
479.553
1143.58
664.583
1070.36
454.283
129.512
107.577
189.127
509.423
1067.09
579.735
918.684
471.337
166.291
210.451
174.374
537.508
930.027
565.671
919.265
466.627
159.179
195.498
168.52
530.819
932.321
556.997
806.151
359.89
129.901
122.921
220.162
565.468
834.383
442.236
690.843
349.717
144.224
173.072
210.046
439.724
697.73
417.32
693.576
365.763
200.55
181.233
326.956
507.296
709.119
426.462
484.036
238.458
270.892
322.539
375.849
514.193
518.561
264.824
623.134
315.003
210.049
213.027
354.063
590.505
659.984
359.244
858.724
451.719
235.497
152.689
292.535
566.015
867.869
511.736
523.048
342.394
263.167
316.246
371.414
540.41
543.952
376.588
785.4
393.176
330.935
325.772
465.258
620.481
803.432
458.953
858.42
450.79
274.843
274.668
341.518
521.766
858.099
538.785
658.853
558.158
368.455
249.111
427.49
740.301
702.209
567.718
865.207
517.021
264.972
304.956
483.078
854.117
913.826
558.989
1437.16
714.045
156.934
126.108
132.806
454.301
1386.87
892.691
1103.33
619.231
175.7
90.526
102.189
387.005
1062.66
740.406
911.8
557.801
139.907
138.945
125.485
352.604
875.131
659.685
998.317
583.86
157.765
111.622
136.564
417.365
966.449
691.537
855.008
532.225
172.113
154.712
195.442
398.114
829.789
618.427
1062.96
456.53
115.878
122.016
142.467
414.723
1047.52
590.194
959.275
540.888
169.269
170.604
198.262
488.848
953.104
639.564
712.552
305.973
185.574
186.199
285.176
525.062
732.845
369.115
823.671
328.079
130.328
183.617
287.866
584.964
847.235
411.421
753.362
346.977
151.377
169.274
182.278
485.933
772.201
423.449
740.988
391.119
162.216
192.638
262.919
529.982
764.218
450.879
446.427
325.037
208.821
185.311
265.088
369.729
429.741
361.395
710.984
310.397
215.204
206.435
359.002
676.768
755.247
365.798
530.349
388.453
214.466
210.655
273.183
431.467
532.568
419.05
884.889
490.871
251.466
429.279
338.25
482.174
874.443
588.929
431.04
297.931
231.665
384.706
278.855
319.697
427.649
329.5
602.115
303.371
264.081
249.475
308.239
582.138
638.4
339.315
712.778
311.279
191.876
272.732
355.358
656.915
756.922
367.114
887.539
390.6
152.032
114.254
255.467
613.219
911.864
477.75
935.764
583.567
255.836
202.21
456.217
972.805
999.963
613.823
1481.65
676.313
158.428
190.43
161.859
487.389
1442.93
864.783
1234.45
616.874
158.608
121.863
122.714
385.442
1189.4
767.598
1283.27
670.114
195.676
149.681
179.431
420.49
1238.76
821.998
1173.14
638.349
209.526
284.992
190.415
422.622
1131.86
771.808
985.323
561.09
146.819
90.0949
116.964
437.862
963.214
666.114
809.158
366.679
121.254
108.5
152.364
413.711
810.68
453.532
980.409
519.281
164.91
154.188
166.385
483.458
971.995
627.191
906.404
472.328
181.286
202.171
284.484
548.193
909.315
570.309
888.335
462.585
136.693
192.573
204.756
489.74
891.196
556.645
825.271
382.586
166.888
175.427
320.425
627.476
857.815
457.728
663.464
368.864
187.043
138.879
210.788
461.166
679.473
426.758
600.066
358.984
262.221
309.126
289.428
487.046
621.239
387.31
577.414
350.562
221.22
226.397
297.322
574.302
605.734
385.584
425.784
358.064
336.417
343.274
419.159
395.819
421.519
373.863
776.76
427.032
228.178
226.503
327.537
655.466
809.937
484.939
806.225
359.045
219.891
246.089
326.502
611.925
839.915
437.799
722.067
368.796
207.837
220.655
354.364
671.167
763.656
402.653
579.994
383.235
175.4
229.472
352.206
636.712
626.924
403.036
617.833
565.324
287.902
223.458
348.692
697.711
658.15
579.751
908.806
449.287
233.277
205.408
348.146
708.691
935.086
526.261
1220.49
731.339
246.466
290.698
219.602
442.721
1166.55
864.327
1156.53
610.039
184.813
97.1326
99.2598
408.236
1118.32
735.522
1402.97
652.259
101.306
133.518
118.148
452.832
1361.63
830.129
1149.98
577.168
135.838
64.2231
111.099
513.491
1135.11
705.258
956.474
620.664
274.306
363.642
308.954
475.428
930.003
712.897
615.377
390.838
171.441
229.002
234.422
319.449
600.645
449.968
626.087
342.92
308.124
401.367
363.945
422.067
629.488
393.255
587.942
388.198
331.074
348.952
406.788
566.634
621.561
419.059
635.854
340.363
180.454
148.685
259.739
529.771
659.127
391.073
714.143
369.004
156.428
152.322
241.15
560.413
739.758
431.357
440.394
291.789
192.614
219.283
215.424
379.016
459.427
306.827
696.586
433.036
250.768
292.506
313.139
487.102
706.104
481.161
574.77
344.603
221.575
174.612
317.092
501.856
598.247
379.83
666.919
377.393
185.995
182.875
327.721
615.109
702.895
422.415
805.317
523.086
278.882
155.417
234.163
591.026
814.088
557.836
849.117
375.642
177.658
228.616
291.213
614.864
881.834
458.822
655.114
460.34
357
295.405
379.849
450.875
637.89
508.893
839.404
457.819
260.491
298.272
390.282
611.984
860.863
523.875
784
406.943
345.848
272.185
424.101
736.033
827.405
469.87
800.15
412.932
243.74
217.809
373.176
793.471
859.997
461.13
1175.06
597.825
135.212
110.766
96.4577
406.307
1136.61
740.865
1066.82
573.504
149.568
161.233
136.508
356.781
1021.85
697.111
1093.29
496.804
100.852
141.951
124.269
384.351
1069.45
634.171
1176.59
577.521
132.687
80.1034
121.969
432.742
1143.21
716.668
956.983
531.113
189.907
196.466
210.948
529.794
958.687
628.298
896.375
511.418
165.931
218.705
224.493
373.526
872.207
610.299
709.907
377.506
255.994
240.412
268.185
557.179
729.44
432.716
729.658
476.773
274.557
292.43
310.632
412.781
707.844
548.469
490.616
331.754
161.959
209.764
240.109
283.766
481.151
370.123
838.167
393.274
165.298
161.342
222.977
550.786
861.351
478.282
881.342
415.742
204.507
165.782
312.683
673.816
922.104
494.605
683.141
372.992
168.654
216.225
175.435
488.436
718.161
419.966
1053.2
466.931
210.807
184.599
318.589
731.829
1091.25
575.473
984.783
501.968
190.444
246.395
225.16
561.076
995.877
605.998
517.946
333.933
182.14
222.472
252.786
366.72
514.674
378.006
623.577
296.479
184.276
298.477
258.369
439.872
634.688
359.227
711.015
324.691
252.859
237.442
446.259
708.203
751.557
381.836
842.86
404.963
217.257
225.012
410.007
723.146
894.233
474.941
861.488
457.101
221.545
320.953
349.554
516.719
864.249
548.477
630.48
410.352
294.17
295.788
415.177
742.085
676.807
445.77
1031.52
596.519
172.919
71.1114
104.171
468.654
1008.9
706.767
1027.11
521.668
119.166
80.4035
111.576
419.027
1000.26
636.282
1081.52
545.483
137.439
107.327
142.13
415.121
1054.51
667.972
1065.26
466.741
119.953
119.65
141.348
429.352
1050.91
595.097
1108.56
645.16
176.548
115.163
159.052
522.867
1089.24
763.299
1236.14
611.776
194.603
179.448
193.875
388.004
1194.77
759.205
859.976
320.373
145.793
160.139
259.901
546.517
881.584
410.206
912.19
469.423
168.032
162.558
232.308
522.704
916.963
566.799
901.548
423.607
111.34
103.83
222.671
607.788
930.854
514.875
623.66
339.873
194.777
137.072
242.771
444.39
635.269
391.769
586.322
358.021
133.107
183.56
242.132
535.519
627.03
398.965
603.974
350.841
182.896
183.351
150.7
346.136
602.716
404.421
569.736
297.727
238.568
237.329
377.133
553.636
603.872
334.935
671.349
434.386
257.614
171.398
342.159
499.729
671.508
480.127
684.88
326.945
164.954
189.761
277.256
543.97
705.375
391.925
694.296
424.031
209.863
190.872
402.087
756.072
742.134
449.266
596.088
456.597
250.298
254.412
392.257
633.387
641.568
464.292
784.121
385.283
273.95
298.436
404.699
569.815
799.745
460.837
640.774
400.92
239.429
263.503
456.848
666.391
679.348
456.219
611.944
335.088
273.768
286.738
494.637
640.066
635.544
363.389
1021.65
627.43
160.941
80.5084
120.513
439.517
989.287
738.39
852.105
479.21
141.409
115.41
105.072
386.602
834.3
569.807
1142.43
544.538
156.283
116.331
102.266
429.209
1117.34
678.323
1228.5
549.549
126.229
199.775
170.297
450.031
1202.69
704.32
1072.27
585.138
150.624
125.86
155.973
562.345
1068.56
699.275
1194.25
499.172
115.724
156.419
174.002
448.98
1176.46
650.951
866.036
398.957
146.378
112.286
223.742
583.641
895.106
481.145
906.584
375.839
147.685
228.284
258.457
564.788
917.167
477.904
752.675
300.964
172.377
152.992
284.309
578.275
784.673
374.273
600.529
253.527
107.859
130.928
163.749
389.61
619.251
314.349
775.865
486.083
194.888
248.091
259.363
395.075
756.906
558.514
501.728
250.27
148.137
185.196
263.299
408.724
523.446
291.235
485.014
362.882
207.252
179.049
276.184
535.644
520.673
376.097
668.847
299.643
125.429
197.895
323.85
590.507
699.963
356.282
744.454
338.665
222.286
255.044
404.177
601.197
770.964
407.735
474.675
331.879
193.076
245.153
262.027
475.043
500.665
347.858
648.206
386.858
245.131
267.134
338.232
595.489
677.671
423.922
641.527
392.666
296.2
218.847
490.235
761.012
686.95
409.161
838.082
381.83
219.194
234.435
456.003
735.062
880.69
455.935
910.847
376.37
259.357
240.087
448.682
773.806
962.482
464.177
