655.323
622.569
299.714
192.787
228.434
333.731
596.039
650.653
390.945
467.086
455.842
333.187
293.889
279.589
396.796
435.432
605.677
925.153
610.297
190.945
372.524
464.4
540.591
903.838
481.739
815.575
612.391
260.697
374.847
417.109
437.269
779.17
439.889
805.895
743.315
430.07
404.81
386.828
398.044
763.625
313.846
432.119
717.351
720.181
372.925
275.62
309.603
389.483
299.697
585.379
969.472
937.191
457.642
280.928
285.497
525.186
178.172
369.148
838.051
1003.23
457.481
237.124
175.704
313.325
182.253
412.352
779.163
987.662
473.052
207.398
163.447
361.856
233.02
401.211
808.932
1001.96
480.332
224.676
221.14
353.533
90.4713
158.548
559.099
988.242
557.591
142.053
92.6264
130.464
236.14
181.216
452.546
935.317
604.842
261.351
242.557
181.473
178.606
191.362
350.508
795.07
766.371
374.522
185.82
177.528
255.421
363.929
419.565
853.55
750.754
446.764
258.974
349.331
286.069
202.075
317.443
626.067
569.312
457.001
318.754
206.937
210.185
274.794
388.614
437.478
743.765
636.18
245.681
246.14
391.273
409.982
462.292
343.159
771.656
926.942
454.8
355.808
407.122
408.965
394.918
454.621
771.919
799.02
454.218
407.01
597.882
505.592
422.664
531.953
925.336
1041.97
670.36
519.095
744.654
375.085
278.279
283.694
496.345
681.271
782.667
433.669
440.636
483.109
292.882
192.394
196.037
337.551
409.347
504.4
772.014
877.009
557.425
175.109
293.044
369.415
690.797
909.525
539.08
870.96
591.718
168.107
387.461
505.913
474.187
843.953
634.213
934.029
625.353
340.834
290.856
463.089
597.396
920
752.781
929.455
730.028
401.686
285
619.7
763.359
918.288
551.269
816.509
902.5
670.905
425.691
403.178
503.365
784.15
367.423
699.743
949.53
817.322
418.576
459.49
364.269
618.105
289.755
494.349
834.311
789.578
458.063
294.915
269.312
440.687
174.574
444.068
972.892
1062.44
540.972
253.424
163.264
369.505
212.298
275.074
665.487
1008.97
452.887
191.953
203.978
249.222
115.583
216.211
639.249
1109.1
556.316
162.658
106.369
184.733
82.3203
116.169
469.665
1173.91
732.105
182.474
80.8855
105.768
192.49
199.408
263.618
408.565
427.682
302.414
192.343
195.964
477.765
453.898
437.044
483.595
530.359
511.089
482.485
428.177
459.168
309.037
370.159
526.454
772.507
695.736
507.057
332.731
394.013
337.096
248.042
419.017
667.101
636.297
406.603
340.808
570.933
496.472
340.138
348.988
658.414
987.964
651.762
496.342
482.16
407.473
403.873
286.505
707.885
921.105
553.684
398.82
728.144
585.218
436.697
455.222
765.036
1046.38
806.213
600.056
885.642
429.018
378.671
363.925
651.382
994.269
953.876
482.227
493.745
515.728
330.067
219.664
235.513
282.245
457.353
544.679
544.696
816.516
502.702
193.326
240.639
409.072
483.782
798.688
752.259
929.536
469.182
129.276
200.006
424.816
673.459
939.096
558.096
1009.42
698.267
333.175
291.07
469.488
491.657
969.862
418.843
809.08
799.363
457.974
437.605
399.797
369.348
751.316
376.947
691.458
954.266
733.664
517.459
333.319
352.444
640.547
474.073
679.045
886.227
681.644
417.951
422.015
478.329
614.738
281.505
540.883
974.983
858.59
546.834
320.584
269.106
474.228
273.906
471.667
888.077
872.503
517.316
334.894
272.876
403.112
134.748
292.262
697.452
1033.21
488.503
194.675
133.049
244.536
151.785
182.094
584.474
1002.27
539.543
196.896
159.149
150.381
132.719
176.43
510.699
881.635
445.292
165.081
132.015
152.817
163.046
258.181
318.887
578.574
466.484
373.11
171.375
234.311
310.605
325.981
384.333
587.401
691.138
453.332
325.73
332.795
258.341
253.236
419.295
352.409
455.661
406.835
274.453
240.888
520.491
363.334
252.588
360.021
545.734
617.607
552.894
374
457.995
317.407
316.408
385.358
644.402
712.537
483.553
340.432
698.598
483.415
362.461
287.351
530.381
951.438
776.03
514.089
747.866
447.963
393.866
275.572
683.511
1034.8
832.189
476.559
712.238
328.903
274.819
242.666
490.909
888.917
787.654
353.798
739.531
693.992
308.46
121.938
167.704
326.726
675.451
730.604
787.213
890.216
454.632
188.976
213.029
355.144
705.206
924.114
914.916
890.855
393.566
127.924
214.179
326.995
819.031
962.15
549.958
987.668
624.239
215.831
233.683
437.35
479.529
954.738
589.317
983.278
870.016
391.176
466.526
563.471
560.429
924.142
621.849
847.625
876.115
568.776
406.757
518.523
620.3
813.525
376.61
484.956
696.802
535.124
539.527
289.322
349.796
447.802
307.26
643.604
922.951
738.342
427.571
320.448
297.405
569.113
316.672
465.155
670.112
710.283
331.207
227.952
300.401
430.253
235.59
274.215
424.123
604.321
332.582
194.467
223.97
266.751
216.728
219.109
394.451
652.732
359.233
177.697
219.769
213.76
252.87
301.03
312.939
512.255
458.646
298.596
244.227
296.7
284.089
195.149
223.038
444.643
699.551
633.039
329.229
190.303
244.26
197.762
408.318
586.242
786.587
504.112
274.136
187.687
454.43
264.788
212.944
343.834
540.758
636.708
501.217
285.282
261.523
236.339
316.822
272.977
384.056
441.981
288.398
229.841
692.918
376.829
264.183
259.231
469.472
696.703
729.922
415.1
816.256
527.814
276.944
172.862
435.229
969.872
896.016
536.753
806.735
525.05
333.307
214.29
561.388
999.705
886.001
540.682
1061.65
510.103
314.44
287.292
440.274
982.029
1151.25
587.926
724.845
698.343
325.811
256.762
235.652
323.87
655.368
758.244
711.267
827.777
421.75
199.204
219.611
443.528
643.753
854.981
581.771
743.794
339.629
92.6645
152.41
340.611
536.255
765.388
620.735
911.905
570.013
281.253
260.428
473.6
594.749
891.781
344.092
809.649
896.169
410.693
425.476
483.262
295.252
719.374
515.411
839.773
790.856
519.104
475.781
413.201
466.651
808.265
492.252
575.024
511.477
397.993
262.334
271.207
443.589
580.983
403.95
575.681
537.596
326.879
316.849
240.722
368.712
546.012
467.881
486.095
526.282
599.193
294.578
177.451
426.94
496.16
199.325
229.254
545.896
851.119
476.089
197.193
205.97
205.221
188.591
225.981
483.983
751.275
398.039
157.85
178.015
212.21
235.302
173.35
341.082
715.222
536.082
301.22
236.792
181.212
325.402
241.827
261.383
276.282
591.479
699.174
374.547
224.937
383.278
335.33
361.871
460.095
755.064
672.559
424.716
348.649
490.863
404.342
324.996
357.539
546.033
608.422
531.38
414.032
677.821
342.366
200.536
233.346
435.422
643.122
711.316
390.742
626.17
295.863
325.839
265.332
487.222
679.608
670.413
328.161
1029.28
468.733
252.494
207.532
410.888
922.862
1094.85
536.495
1069.9
437.087
334.206
357.585
515.763
985.696
1154.97
515.002
1158.73
508.774
245.066
216.714
402.962
1018.01
1237.25
598.032
821.11
773.078
288.247
195.315
181.193
336.95
745.672
848.026
437.509
663.003
359.68
162.449
279.603
403.215
408.286
648.119
550.541
833.868
461.389
194.859
339.575
475.555
493.434
823.831
589.331
965.418
614.225
251.892
196.172
377.278
500.725
941.701
604.458
931.514
809.816
371.032
360.429
460.199
546.437
896.564
533.991
752.152
637.493
293.995
251.362
415.306
520.357
725.15
600.227
607.771
523.809
395.698
229.452
272.265
562.867
621.742
448.881
566.033
688.193
576.414
344.184
260.5
415.962
546.818
375.069
551.187
695.39
602.055
367.503
335.725
360.011
502.163
355.602
401.58
535.211
536.839
266.377
182.369
340.567
377.023
281.383
286.94
348.463
553.683
378.026
273.937
274.072
280.662
219.443
264.261
294.328
560.094
716.291
526.574
236.358
246.011
355.939
285.028
270.373
400.226
570.842
537.417
389.694
303.374
501.176
302.986
249.874
187.865
521.394
764.933
562.779
302.862
571.066
342.521
250.49
252.761
450.187
677.767
624.627
367.298
839.032
340.852
122.327
192.539
347.199
727.403
895.125
420.868
664.257
410.84
225.533
265.99
559.052
806.987
699.631
449.884
986
461.731
231.286
198.613
452.568
944.851
1066.82
541.082
1170.26
528.217
254.305
224.796
422.032
966.763
1237.58
633.234
1252.76
515.478
234.757
156.162
360.605
949.76
1305.49
609.078
686.714
593.257
255.083
135.212
180.471
381.483
640.134
644.806
771.905
689.244
304.565
186.134
124.124
242.221
696.758
754.845
555.953
775.241
612.803
308.015
370.229
396.891
501.609
766.583
640.011
874.306
442.145
213.075
254.326
443.321
600.001
876.974
745.46
669.887
346.329
274.353
224.87
406.378
701.019
719.138
754.261
966.761
626.067
339.861
387.199
433.139
675.976
972.681
643.028
866.878
689.137
333.558
325.28
447.398
581.745
856.868
350.382
710.81
818.84
518.363
308.965
297.866
302.289
642.076
348.395
495.222
649.493
582.288
309.15
258.881
325.297
478.729
158.857
326.057
654.047
870.014
408.838
181.581
145.625
283.639
273.876
252.124
392.524
722.889
531.971
351.199
293.052
243.494
224.612
187.224
215.446
385.19
405.973
322.744
239.591
181.61
447.884
295.067
273.05
412.824
600.45
666.204
487.814
299.885
557.299
337.747
312.32
271.351
515.045
761.813
614.515
337.635
641.491
318.535
186.777
184.866
281.028
483.206
661.311
375.368
882.977
383.343
165.602
206.184
358.24
692.529
928.195
467.951
885.412
510.55
318.246
227.239
302.543
781.514
954.124
566.891
1065.27
525.875
239.514
179.179
401.28
949.166
1150.18
605.677
1141.62
482.696
223.676
263.659
395.718
934.808
1215.16
586.364
1395.04
603.141
297.551
161.018
345.387
987.226
1446.41
702.481
573.677
717.522
331.688
185.412
266.853
390.808
514.337
733.964
380.19
357.296
322.016
288.601
293.903
203.542
377.527
356.765
775.321
806.619
367.261
189.758
257.103
308.543
681.088
846.397
847.406
1010.24
508.503
210.488
340.92
515.765
785.879
1051.8
926.095
1073.17
628.492
293.48
330.112
496.067
838.747
1121.79
751.779
993.944
707.798
377.81
253.769
413.041
677.861
993.587
669.866
804.54
590.421
282.221
234.078
331.538
604.578
815.501
531.5
724.438
623.653
411.049
309.126
370.932
484.306
717.295
477.414
746.031
770.013
526.483
338.693
407.808
447.029
696.389
226.952
475.462
844.564
803.598
452.697
323.701
225.522
412.775
404.068
457.37
377.858
513.78
421.746
366.631
382.23
466.849
236.989
206.358
390.378
518.22
473.798
381.752
263.122
181.855
549.476
327.845
314.529
287.49
369.014
541.921
573.26
364.164
623.44
437.892
283.411
282.093
497.772
816.998
686.567
449.652
833.923
386.948
275.499
164.264
408.989
786.224
891.567
447.045
1019.07
447.489
193.525
308.676
310.065
778.909
1077.25
539.315
1167.6
514.677
211.663
256.408
282.238
788.038
1220.02
627.329
1049.42
515.923
198.02
116.576
244.359
856.608
1127.44
590.723
1268.89
548.924
208.147
158.901
362.015
969.466
1340.24
659.137
1312.78
540.556
199.049
164.096
342.727
875.064
1359.92
665.279
430.684
583.976
319.112
135.143
253.382
331.692
386.35
588.364
657.275
796.381
349.616
117.568
163.329
371.596
596.13
834.423
930.865
1017.64
360.321
158.419
185.117
575.783
863.011
1091.46
871.523
992.381
479.208
182.358
226.962
463.803
780.652
1019.37
847.364
1052.27
618.058
258.99
250.785
455.751
756.61
1064.91
898.385
974.954
628.172
304.187
287.154
393.959
809.589
1013.38
542.165
736.489
609.366
304.483
333.837
394.834
493.454
719.245
531.78
625.284
565.135
355.518
242.375
273.436
485.865
611.874
375.228
466.369
505.971
374.782
240.19
232.9
344.392
465.496
687.396
435.968
663.999
640.379
468.088
385.995
669.532
463.791
578.807
562.878
399.512
676.873
563.109
545.542
562.16
590.055
428.444
295.685
255.399
325.865
415.573
494.682
449.195
305.518
713.714
349.473
178.423
247.588
299.172
524.56
732.125
408.243
849.02
410.459
194.242
168.252
256.28
542.89
864.276
493.042
1029.12
515.537
139.223
152.088
185.427
607.63
1043.68
621.657
1188.56
513.41
220.284
215.459
245.055
628.071
1190.29
635.431
1202.65
506.783
190.061
130.754
214.208
707.59
1233.62
632.173
1105.75
509.644
172.08
210.389
218.087
797.803
1171.37
596.691
1283.15
564.837
183.035
197.211
243.028
843.945
1335.73
681.977
1142
516.035
174.858
108.283
188.685
763.89
1190.94
616.535
679.65
697.625
203.208
174.379
189.513
453.456
640.198
757.529
840.298
922.745
393.148
196.396
267.773
547.457
808.818
977.999
750.33
851.337
376.364
201.388
187.816
357.727
666.252
900.034
911.726
1072.66
627.282
248.442
429.009
477.039
811.803
1110.79
774.18
927.063
461.938
317.742
327.315
541.543
704.789
948.533
616.984
844.531
605.036
332.243
369.643
389.408
564.677
841.662
786.294
792.812
511.54
294.66
252.803
323.784
718.323
823.607
524.884
666.029
512.502
417.69
350.367
412.524
494.299
669.23
427.054
540.627
505.659
410.485
273.051
271.994
396.289
537.042
489.582
433.244
502.129
625.26
310.184
263.745
460.139
461.404
373.416
329.692
451.929
486.256
339.284
282.354
378.228
322.482
539.886
431.249
488.179
547.131
757.16
802.134
577.721
450.039
662.608
358.319
386.903
616.074
495.189
445.114
667.077
409.056
910.339
475.25
244.583
265.449
289.062
515.526
910.161
560.146
1007.41
446.369
238.826
187.201
253.261
560.707
1005.17
557.587
1037.14
494.451
213.7
170.852
236.861
648.145
1060.57
600.554
1215.28
482.078
165.235
198.392
249.154
669.66
1229.06
622.92
1444.37
573.325
203.924
99.2319
195.561
694.269
1447.92
742.734
1500.32
590.855
234.411
163.331
359.211
1006.04
1547.25
742.625
1353.13
529.484
263.697
167.323
252.645
777.392
1389.35
657.256
694.265
625.326
258.394
205.451
202.729
375.346
627.6
683.341
917.957
806.544
329.825
100.001
198.106
313.318
825.535
876.947
804.091
885.336
344.23
234.108
193.938
486.448
743.7
945.032
843.8
918.354
465.11
174.514
225.258
385.867
756.185
963.546
987.506
923.779
391.059
188.794
160.233
390.812
903.766
1006.65
882.655
783.795
413.323
237.974
259.499
365.507
821.095
840.318
784.883
779.114
525.264
413.664
385.664
381.038
731.222
814.799
564.433
594.913
483.278
441.221
332.372
347.432
543.912
607.776
436.702
369.518
350.151
412.03
238.198
167.59
398.354
401.242
383.757
503.087
641.595
517.99
313.77
283.866
358.429
476.847
701.496
328.184
333.972
374.101
405.814
538.243
727.094
394.405
989.564
451.013
157.714
189.748
301.014
658.894
1016.11
556.656
856.15
412.07
184.017
177.834
228.572
577.105
880.606
496.134
1083.11
569.274
189.928
128.2
196.213
646.33
1097.72
673.38
1232.8
662.276
298.011
276.038
272.352
645.742
1233.54
789.988
1275.65
479.688
131.659
134.553
248.998
628.253
1286.15
637.106
1110.82
491.01
156.172
174.819
214.129
671.872
1138.93
607.32
1114.66
532.165
167.827
156.072
282.159
866.441
1183.86
627.192
1455.17
643.45
181.343
233.346
214.716
842.408
1489.39
792.699
1409.66
537.397
157.607
138.033
210.061
743.744
1434.61
694.045
570.476
512.092
201.245
159.671
152.991
270.701
507.918
575.158
979.035
988.05
370.774
200.201
244.881
434.954
877.76
1073.13
1008.05
970.814
438.011
148.04
140.932
326.939
905.905
1031.59
1088.97
984.011
483.735
185.126
194.379
444.667
1003.02
1059.79
833.95
784.134
423.997
258.933
244.485
303.261
756.752
847.152
879.289
888.435
475.315
237.07
237.116
385.332
796.305
934.045
877.052
969.878
539.5
283.733
204.463
478.792
793.745
1009.3
863.214
952.016
598.001
361.777
302.137
379.241
777.703
987.038
1032.41
987.665
502.543
215.942
188.142
433.286
946.966
1043.49
564.713
742.221
598.5
376.71
239.599
317.543
526.978
727.358
629.155
317.737
172.747
215.621
334.82
686.771
684.375
347.436
749.778
447.279
253.837
308.997
271.673
526.162
754.974
505.417
650.509
351.477
246.289
201.101
206.172
421.888
657.238
402.153
1013.15
458.222
172.551
206.225
235.158
524.672
1009.3
578.419
1142.4
578.414
248.647
273.139
254.394
649.341
1151.28
685.703
1123.08
591.287
330.521
432.305
345.163
616.278
1129.86
705.403
1112.3
495.664
150.458
220.235
209.717
587.814
1113.37
619.471
1458.78
597.615
209.16
161.983
210.197
623.02
1449.3
777.977
1381.12
626.863
214.09
132.665
251.595
852.841
1423.07
750.606
1310.16
548.169
158.558
137.395
240.301
883.949
1368.21
672.252
604.206
676.626
263.035
234.608
267.781
344.358
538.484
725.151
858.771
956.343
443.444
237.961
225.273
371.405
757.679
993.894
1165.67
905.475
388.347
224.832
197.997
409.427
1089.61
1003.32
1239.52
983.953
378.38
320.913
211.718
424.879
1140.66
1105.88
1038.01
893.032
458.442
217.905
199.773
333.923
957.647
974.825
664.152
632.098
505.008
369.726
410.483
370.188
614.671
662.223
757.031
717.568
380.32
249.452
167.911
387.742
714.691
762.682
763.091
723.429
426.514
493.68
375.91
484.347
724.715
762.738
838.985
752.336
438.867
344.501
276.33
470.342
793.243
796.412
772.87
786.26
354.6
244.354
184.001
359.566
700.312
847.098
768.478
466.363
208.681
254.964
226.843
356.185
740.688
550.961
671.402
388.059
420.467
481.385
420.248
390.928
661.889
440.323
583.94
283.925
252.147
282.958
294.933
442.218
605.027
319.306
1125.59
548.037
198.47
130
157.878
383.623
1090.6
685.843
1101.01
536.36
167.717
181.488
164.733
444.983
1077.88
659.42
1062.18
564.76
166.002
162.204
221.855
579.305
1059.82
679.576
1099.43
497.608
160.725
194.675
213.148
405.007
1068.43
639.244
1131.8
582.111
220.523
169.065
214.543
718.382
1157.79
680.4
1361.54
601.092
186.689
149.505
215.976
671.694
1363.03
753.057
1637.25
646.032
196.397
91.0017
227.893
761.063
1639.63
842.457
665.131
713.943
410.046
261.177
285.736
522.983
667.127
714.177
988.134
976.016
415.249
206.715
173.69
488.555
900.003
1059.8
794.376
861.512
427.906
187.89
192.137
512.643
732.024
900.968
902.094
861.499
570.033
270.576
359.754
400.359
828.125
900.737
996.499
752.086
326.418
172.387
189.938
431.644
946.137
830.089
826.756
755.526
377.529
225.281
236.327
328.082
762.279
819.275
873.527
715.086
304.739
150.221
138.03
358.47
812.804
794.915
756.579
688.157
341.351
166.288
203.463
292.075
695.981
738.383
717.068
851.336
435.362
171.879
163.356
393.915
645.329
875.62
1001.33
806.313
303.555
321.595
204.69
384.234
931.193
904.443
1095.27
697.071
192.876
201.814
197.861
429.963
1037.34
821.307
946.193
493.029
154.778
180.671
175.371
371.235
923.412
595.045
852.989
491.568
168.412
206.378
194.772
390.111
832.3
583.297
1106.6
550.267
181.423
169.831
164.413
370.952
1074.69
681.227
1093.47
521.686
163.059
213.061
178.331
437.603
1074.11
644.373
1082.9
698.588
244.405
265.484
269.506
502.469
1045.83
811.755
1139.16
628.953
404.654
335.801
347.524
566.16
1120.11
746.43
1069.31
500.532
238.236
295.57
239.516
568.685
1068.42
616.278
1184.68
534.983
177.999
143.025
226.351
654.163
1196.82
660.685
1159.84
553.036
166.621
177.121
211.293
703.015
1188.48
669.719
638.597
765.916
583.607
304.232
298.432
441.591
621.891
769.831
1015.29
905.225
305.625
158.418
170.865
436.012
929.851
1001.5
623.18
693.544
388.27
309.034
255.293
382.405
590.91
714.021
952.15
805.015
329.549
259.854
195.127
348.914
873.134
898.135
859.011
616.922
299.024
304.508
312.309
351.98
807.021
695.202
916.336
734.845
246.57
225.465
217.916
379.31
847.771
828.431
591.035
617.305
352.057
267.366
316.13
451.37
576.432
631.311
770.115
659.164
413.887
250.049
230.123
314.945
725.385
691.474
981.68
642.322
265.856
317.416
301.561
494.874
948.553
734.923
525.435
427.475
264.736
241.827
345.663
308.399
504.667
452.268
773.267
489.605
282.549
336.382
221.154
249.123
734.693
564.273
571.979
454.547
246.983
312.861
244.026
287.41
545.653
490.024
625.371
384.144
191.807
150.369
174.953
305.398
609.113
436.786
998.894
489.819
187.043
145.272
136.708
378.908
974.272
604.8
1087.32
574.697
206.53
269.64
188.147
386.356
1051.26
697.689
1006.85
604.217
165.893
123.918
153.998
485.79
983.655
713.012
985.306
600.684
213.011
224.908
190.224
429.696
956.623
705.011
1097.37
456.249
204.598
182.099
256.483
712.69
1134.32
565.878
1272.8
608.588
176.839
119.504
197.271
619.088
1265.99
750.325
1528.4
610.312
176.091
170.527
222.702
659.59
1518.25
801.723
950.072
956.156
498.557
211.963
211.172
347.684
859.218
1004.05
1013.22
807.812
293.886
145.071
181.007
340.771
924.965
901.987
1001.75
963.968
347.891
463.998
356.354
604.208
918.493
1052.47
1093.51
884.011
323.046
291.95
286.193
416.263
1009.23
990.177
1048.63
893.835
416.51
194.835
180.189
353.19
966.336
980.074
732.813
702.497
364.196
196.966
200.761
415.261
682.655
742.851
893.931
560.136
296.887
184.01
211.623
398.643
870.404
641.475
902.697
612.995
272.545
201.32
208.708
433.15
873.011
689.073
834.926
600.726
383.695
234.728
189.819
365.047
800.367
666.477
883.381
634.915
354.963
272.581
251.157
386.878
849.81
710.277
775.505
505.131
324.403
260.196
182.379
377.395
757.472
571.91
753.736
566.857
268.235
248.665
171.51
312.028
717.984
630.104
677.697
502.781
281.663
337.003
234.718
276.986
644.335
563.363
969.198
696.488
286.01
263.264
220.101
369.184
920.793
790.651
717.851
362.8
227.723
125.173
222.459
481.38
738.655
409.337
937.102
500.059
161.765
169.177
148.713
484.764
934.155
598.536
1140.41
607.357
215.887
164.038
148.62
331.298
1091.1
743.149
1423.45
548.383
100.392
151.875
170.755
639.617
1428.44
723.576
1322.16
561.96
250.357
233.89
274.004
700.915
1326.75
708.139
1085.53
507.857
244.942
225.593
216.942
643.531
1113.21
609.701
1074.51
933.539
483.01
247.263
254.073
353.16
988.169
1007.26
1084.44
795.143
298.606
169.698
220
344.335
995.99
907.846
940.378
867.152
394.245
254.717
219.4
356.748
858.185
940.601
1003.92
806.622
342.475
126.291
181.354
447.002
946.632
877.176
893.635
722.056
365.221
203.559
206.139
365.517
838.185
797.922
963.947
628.128
259.206
297.951
225.173
273.335
897.821
736.011
927.513
920.881
428.613
189.18
190.293
333.96
840.222
985.198
822.705
697.163
342.535
237.195
167
291.985
764.708
750.813
563.898
604.47
413.537
284.146
295.894
232.078
511.414
618.984
581.765
482.372
273.2
361.626
255.934
300.227
541.615
522.15
540.437
459.297
259.313
321.304
246.431
296.74
509.117
492.662
521.954
402.958
221.603
192.485
256.422
361.202
503.204
445.074
676.343
593.069
291.984
130.765
209.314
392.086
631.433
646.632
755.966
615.975
286.329
171.048
192.15
322.529
710.289
678.336
1035.94
541.911
222.168
242.579
204.902
329.993
988.555
669.992
1027.12
600.887
190.313
138.565
167.1
462.482
1005.94
709.54
1401.44
631.939
111.549
181.826
109.534
468.924
1364.89
812.433
1452.04
618.162
102.698
143.928
134.83
513.32
1428.28
802.44
1135.78
569.982
205.292
231.41
204.522
615.936
1150.33
685.046
1302.64
597.534
175.101
191.9
231.405
684.535
1307.67
742.419
1153.62
799.932
312.809
143.751
171.974
407.782
1083.97
910.204
945.222
844.344
314.478
217.349
188.29
382.712
852.768
931.128
1091.79
917.807
375.876
209.296
242.567
469.319
1013.33
1013.92
980.837
791.545
303.396
182.025
169.999
310.954
904.833
884.479
985.476
748.644
237.644
210.443
199.349
368.161
913.121
853.392
656.273
512.839
224.705
266.51
188.023
327.259
619.644
567.883
384.18
459.785
391.953
272.592
370.977
347.264
366.428
457.886
580.425
586.335
324.243
265.574
249.968
291.896
537.303
619.955
509.918
533.878
375.599
231.845
245.611
334.408
474.603
551.54
675.352
638.192
399.252
343.631
259.99
357.579
627.39
674.256
729.701
588.106
327.98
222.065
202.089
291.788
684.8
640.372
781.835
643.15
366.65
207.203
202.97
296.005
733.07
701.985
747.249
493.815
236.812
345.752
290.538
358.265
723.455
564.973
930.798
523.263
171.095
246.118
183.788
425.975
911.662
625.712
690.756
459.068
170.832
119.438
118.963
237.134
648.759
531.452
683.818
471.827
252.729
273.239
205.318
320.589
657.116
539.6
1056.11
508.421
248.866
291.893
296.194
392.659
1034.62
629.584
1464.11
625.434
160.264
199.773
166.871
570.513
1444.23
808.886
1180.53
656.337
257.463
214.581
197.519
606.595
1172.49
777.662
1508.91
608.857
178.797
190.965
229.465
608.352
1495.67
802.01
1083.76
748.36
280.808
116.465
114.887
329.186
1007.5
857.838
1057.81
933.588
472.56
218.411
246.668
375.506
964.846
1019.08
837.686
819.861
382.928
137.514
155.129
376.47
761.528
874.924
769.89
688.61
424.088
209.381
164.246
271.676
708.981
742.039
612.548
553.119
276.727
192.531
189.286
432.609
587.855
589.67
320.072
441.2
509.143
531.747
305.241
231.101
304.513
421.869
768.724
740.869
374.381
196.795
200.695
297.116
701.723
782.932
655.254
627.906
354.237
311.609
257.964
280.246
595.57
664.413
769.821
600.118
285.371
188.113
196.385
348.537
725.799
663.253
501.936
561.063
309.417
255.366
165.132
296.809
458.557
583.872
452.681
399.568
294.891
256.579
234.49
264.18
426.409
427.255
567.216
602.982
355.012
358.519
265.275
402.238
526.01
631.473
680.516
705.023
375.016
287.532
274.565
344.032
625.213
740.778
980.171
821.632
332.139
184.803
201.283
394.046
904.897
908.701
833.702
485.622
146.35
95.3201
123.933
394.054
818.304
574.066
866.218
529.736
219.341
285.818
201.852
374.242
842.667
617.974
959.867
517.155
157.267
151.622
134.431
325.657
925.806
626.239
1153.76
575.871
165.267
153.976
175.261
394.488
1116.64
717.065
870.085
681.908
267.294
248.711
273.541
576.065
855.265
760.249
1214.55
584.007
208.921
288.169
260.023
734.432
1242.61
703.956
758.783
605.483
272.245
239.591
246.344
364.246
713.191
676.764
784.046
639.469
353.974
300.234
278.334
402.191
749.822
687.46
718.316
478.552
232.044
204.654
177.251
315.946
693.125
542.966
755.123
571.597
310.811
295.06
202.429
297.97
711.984
630.017
715.713
457.292
307.673
260.994
231.116
327.067
697.3
525.179
440.063
500.761
405.702
282.207
261.476
295.113
427.412
503.912
450.297
545.632
576.476
492.038
382.219
392.167
430.408
542.881
465.166
622.61
419.709
269.992
257.023
406.753
434.088
621.865
559.012
679.789
440.424
357.629
279.647
318.989
508.758
689.061
553.776
508.739
346.517
322.998
199.069
251.31
521.243
536.484
644.312
625.948
482.7
458.928
401.935
366.378
605.08
648.328
654.481
653.007
322.229
187.463
172.588
376.773
603.74
694.396
707.066
493.271
273.721
221.053
185.344
349.354
687.969
546.874
557.779
587.89
357.981
181.48
144.784
240.66
507.432
612.767
596.271
458.893
232.082
280.986
210.294
247.701
567.887
506.106
570.509
459.567
226.488
139.796
131.327
249.852
539.389
503.073
870.914
430.986
152.116
139.102
150.226
413.474
864.242
527.781
1294.46
634.713
141.389
87.4868
99.5087
421.888
1253.89
794.948
1514.45
699.243
134.705
109.142
108.49
513.232
1475.21
889.007
1407.27
577.508
177.352
130.743
223.483
679.744
1411.98
740.254
