440.425
623.928
504.766
261.957
224.142
279.319
390.073
613.991
323.728
529.699
520.293
308.884
240.535
278.852
298.492
486.294
364.135
596.58
670.18
427.708
345.288
386.501
369.894
538.627
344.707
580.225
558.764
313.904
311.972
309.858
316.147
537.746
466.294
467.948
390.084
347.686
214.148
294.645
463.106
467.836
237.752
283.82
487.746
445.852
399.483
231.483
238.872
257.409
245.053
360.442
654.331
794.501
372.157
185.151
236.435
321.439
217.778
305.256
564.439
685.053
331.865
298.087
219.732
271.824
160.476
151.524
340.344
610.216
365.92
163.65
156.457
153.366
160.31
186.362
349.312
705.917
433.794
184.302
158.555
183.241
160.508
145.391
255.872
457.112
417.921
203.273
159.484
142.186
148.271
117.152
330.978
699.326
437.21
170.61
153.361
114.351
166.944
146.63
321.732
740.266
673.283
294.903
170.45
148.144
238.412
223.477
218.055
414.974
486.459
393.345
260.047
220.761
220.704
211.359
275.729
426.596
518.313
347.392
234.031
203.387
313.422
310.841
266.975
373.913
614.929
544.588
336.738
314.15
289.058
219.727
272.856
444.37
611.847
560.55
315.443
212.41
302.223
338.191
330.275
265.554
481.645
549.826
332.733
318.424
402.448
360.596
274.686
397.979
538.444
594.174
440.495
367.22
323.792
211.24
279.449
389.269
487.914
411.576
345.06
218.148
537.586
751.806
706.538
511.666
357.134
284.994
484.469
737.03
608.4
912.775
747.339
351.805
273.79
372.472
545.213
888.066
411.701
512.693
469.467
396.76
347.509
380.904
410.016
485.943
327.685
471.34
474.127
357.535
219.027
224.946
298.272
448.979
369.078
390.663
338.072
180.449
200.612
276.595
349.83
401.486
505.435
646.51
551.437
473.424
281.219
351.152
465.894
645.584
286.86
285.986
423.084
454.55
406.859
226.582
275.556
280.204
355.909
443.602
481.479
555.497
293.353
298.637
344.956
436.92
194.591
220.747
624.526
972.872
553.255
270.239
201.198
192.635
219.978
197.713
434.455
773.31
411.284
154.697
216.776
195.424
156.19
132.168
261.545
514.597
415.258
218.283
164.149
123.678
138.022
158.34
405.76
813.644
583.177
183.664
132.518
151.509
197.778
178.587
364.696
497.021
689.541
427.253
211.23
167.202
246.703
227.664
356.443
561.472
433.348
288.696
253.238
225.487
375.283
232.499
237.92
496.736
592.93
452.059
394.299
251.057
245.897
185.454
256.518
496.472
437.889
324.966
253.479
194.91
274.78
247.356
315.596
415.338
744.023
650.193
316.66
226.425
457.677
402.88
372.289
456.962
510.583
345.525
445.241
429.545
322.503
296.561
307.86
520.931
753.4
702.728
364.345
278.648
416.07
442.438
360.651
337.563
443.121
536.549
442.247
446.592
485.785
792.794
595.398
291.899
350.146
450.493
438.178
762.502
548.996
650.718
455.851
362.686
334.082
472.629
555.131
640.078
613.405
871.435
601.497
338.193
366.322
542.814
591.004
854.943
414.279
710.153
548.172
226.808
278.573
382.277
388.177
677.172
424.741
647.147
857.772
652.994
569.428
359.64
406.647
587.742
479.579
571.754
401.071
380.797
308.221
410.634
484.032
557.453
420.904
575.769
705.74
564.583
317.807
256.376
383.459
547.762
223.386
238.894
505.862
569.043
272.619
191.403
225.272
217.514
200.506
215.044
425.714
541.232
371.689
203.183
194.984
208.234
270.54
366.718
598.052
617.326
309.25
165.348
252.665
344.083
213.456
205.766
386.772
661.334
454.596
233.031
214.599
204.577
267.292
240.933
379.034
673.069
468.469
252.613
262.476
243.625
109.708
138.159
387.465
595.262
383.202
175.21
114.04
123.429
215.109
195.77
360.65
560.672
682.001
348.557
214.877
187.899
298.161
333.164
425.818
454.776
781.027
704.92
338.353
299.531
456.03
337.145
249.662
389.872
449.262
532.277
477.814
369.384
413.636
317.048
321.14
372.568
349.649
387.578
417.765
332.469
462.782
347.44
270.1
278.151
543.288
701.914
513.471
365.152
381.238
351.243
272.891
316.806
563.236
617.792
402.382
344.737
603.144
334.648
299.054
324.978
699.99
867.194
668.351
348.303
495.187
644.701
506.632
541.763
420.193
409.179
448.268
644.638
697.548
877.897
665.542
398.516
230.618
345.891
627.009
877.499
293.885
409.918
430.057
356.215
318.282
290.528
288.18
374.057
551.26
732.259
590.104
466.644
263.313
294.531
506.062
723.188
468.085
720.223
662.61
392.437
380.339
429.979
466.68
677.825
719.151
789.164
606.594
395.551
228.37
281.474
650.234
807.478
337.922
438.365
435.058
330.163
289.616
270.486
330.26
416.826
283.716
386.299
648.03
692.468
498.434
298.91
277.662
369.709
274.676
272.493
460.903
647.171
336.726
196.476
274.509
271.818
190.494
188.757
385.207
460.456
374.53
220.215
188.622
181.697
161.435
172.925
346.107
711.617
457.925
169.741
160.072
162.377
210.25
211.92
272.888
448.441
313.169
176.225
202.881
214.569
230.537
218.847
305.965
468.375
588.225
377.894
241.988
213.567
279.18
257.891
360.151
681.836
766.606
500.723
284.004
259.13
522.595
400.551
269.253
280.942
334.41
443.443
522.705
421.012
413.339
317.968
320.748
435.25
747.219
750.455
457.316
326.467
540.329
364.189
351.112
335.983
636.133
798.412
593.079
374.372
513.948
379.585
368.752
416.585
522.859
571.435
542.063
392.629
477.91
348.735
321.452
314.616
518.13
581.23
505.153
351.333
615.184
463.522
336.199
315.315
453.773
622.131
640.533
481.793
535.723
516.623
251.388
340.567
296.031
329.396
488.741
540.754
458.533
450.441
319.407
373.165
346.384
232.444
425.375
470.285
462.594
575.532
639.475
446.926
383.174
289.653
424.519
557.546
544.626
741.701
501.723
366.798
281.537
351.575
491.892
739.415
632.217
573.415
467.66
456.833
383.969
397.934
602.875
596.403
374.374
495.347
460.275
392.161
387.873
363.966
366.03
474.187
371.16
423.093
537.999
676.645
483.879
233.482
343.955
416.414
321.973
278.142
331.144
297.644
266.773
269.74
325.669
276.733
272.107
360.441
612.491
510.022
456.15
312.294
279.052
315.988
211.318
398.472
712.191
623.555
428.937
222.576
194.575
342.428
169.098
159.643
362.782
663.211
468.798
241.298
174.709
149.522
230.97
157.329
300.303
742.256
596.477
315.237
237.715
166.394
379.032
245.345
353.547
681.236
618.546
448.029
402.596
249.624
333.011
239.346
320.485
394.213
474.825
423.135
351.344
245.567
499.121
334.04
307.42
372.215
651.286
754.245
543.957
333.747
398.713
277.238
238.986
319.922
400.165
411.846
406.651
299.144
433.643
339.616
357.297
277.104
507.194
589.322
463.032
335.387
507.291
319.827
220.859
232.748
429.502
732.968
570.815
332.146
486.456
276.536
434.821
381.365
468.753
638.976
536.01
252.204
516.227
431.679
305.495
282.841
460.994
694.615
548.712
447.292
878.642
780.472
444.268
203.915
227.108
286.206
805.002
846.997
371.641
192.55
303.477
489.423
301.597
308.769
383.893
204.774
781.767
737.832
494.554
382.916
273.394
436.642
733.863
767.708
525.689
529.223
377.359
390.721
298.249
346.843
494.073
553.056
443.893
488.06
373.83
329.531
274.945
269.95
416.357
488.149
587.246
724.735
628.102
427.038
275.41
310.196
536.521
725.656
307.387
430.385
450.328
296.508
260.986
286.57
296.14
393.82
324.052
438.804
554.641
451.467
280.243
274.387
309.301
413.355
175.16
330.79
425.238
411.476
228.092
224.817
169.34
289.145
249.036
500.154
783.206
688.195
387.289
249.202
217.547
437.737
211.565
146.573
418.13
1026.25
838.932
387.161
232.877
148.195
228.119
277.763
405.481
785.877
719.676
371.329
240.245
265.128
428.397
322.613
327.585
391.176
399.604
461.882
432.016
334.347
458.962
304.369
292.05
447.301
590.109
575.739
486.078
319.05
376.246
271.593
288.553
363.231
482.308
539.743
411.657
278.885
666.796
264.528
220.739
261.484
532.995
748.666
728.849
316.102
561.549
465.211
291.796
301.75
455.525
633.156
584.152
495.984
572.982
323.733
306.919
346.131
323.319
433.602
589.498
367.88
782.606
490.881
224.581
236.856
346.375
497.375
771.253
562.752
677.016
361.154
245.916
206.911
383.194
590.267
706.968
409.112
510.955
507.267
397.646
324.354
191.447
235.947
470.24
534.44
587.808
653.898
376.743
296.932
219.809
395.393
551.246
673.575
529.078
589.725
401.689
508.371
373.318
427.864
510.278
604.222
452.546
642.684
598.298
456.925
290.126
291.102
405.372
630.207
437.408
599.401
584.922
299.824
245.989
232.853
401.224
568.908
413.738
394.043
366.877
330.5
255.39
274.954
402.114
397.02
297.749
336.254
423.276
364.829
318.416
325.502
294.26
318.378
311.759
331.449
302.239
228.777
202.138
268.765
318.202
318.434
454.608
320.09
446.578
455.991
344.423
315.298
437.685
350.982
194.31
264.092
428.936
667.995
481.662
275.579
198.473
248.154
306.795
280.116
382.081
973.062
558.924
254.885
292.874
290.853
468.883
273.988
276.782
428.446
588.594
669.928
520.141
296.543
325.193
285.786
258.117
368.85
379.425
341.407
326.939
288.9
626.015
347.195
229.896
322.127
466.19
660.854
659.105
384.196
445.382
240.144
315.266
375.928
396.703
516.766
483.254
258.009
591.153
342.751
212.418
194.57
308.371
433.73
590.876
396.264
593.639
331.152
258.06
245.499
358.548
550.136
624.422
363.565
677.649
285.233
240.725
299.108
344.542
638.664
717.529
327.729
769.024
337.668
325.866
456.621
327.909
600.349
800.095
394.051
824.532
390.656
285.813
377.293
419.845
783.143
891.677
447.021
522.543
403.941
270.048
228.397
210.456
364.054
532.145
441.235
533.42
477.022
313.341
375.221
324.089
443.903
516.938
503.129
482.4
546.256
511.407
511.024
570.957
316.48
441.618
555.928
192.006
401.154
679.043
729.357
379.019
235.232
172.57
352.669
476.509
419.504
311.257
304.839
212.608
264.219
455.995
444.223
325.952
411.242
628.429
677.245
638.952
316.489
321.399
388.862
268.709
287.043
336.688
298.657
260.689
192.452
261.808
278.3
326.244
460.082
552.844
468.521
354.792
237.635
304.464
444.887
235.98
246.25
263.585
298.681
207.408
182.22
226.61
250.755
260.464
182.351
319.127
533.197
390.548
233.256
263.062
193.923
235.501
231.323
358.772
754.354
763.006
438.525
247.063
229.011
395.453
277.107
379.359
440.062
592.415
558.836
423.116
279.569
560.506
334.402
290.194
372.29
572.051
751.622
617.906
355.977
527.193
280.962
198.434
220.99
285.064
398.935
538.414
324.211
570.303
338.506
254.037
290.781
277.312
509.76
606.028
361.406
840.69
346.481
167.47
172.678
242.364
549.802
862.145
429.717
1001.38
504.854
281.657
202.722
305.838
714.541
1034.16
586.48
638.115
349.636
194.337
203.977
303.491
608.293
675.736
391.902
651.214
361.404
241.319
369.134
347.69
595.847
690.642
399.727
525.521
302.14
251.653
324.59
339.076
480.924
554.561
336.805
476.856
633.742
414.153
245.91
200.31
248.209
425.585
634.9
430.251
518.965
309.308
222.833
305.396
324.412
393.404
532.854
331.754
325.157
359.538
425.938
257.059
240.338
311.783
335.508
306.464
323.772
286.093
295.957
256.483
286.202
303.854
327.36
358.008
551.485
670.47
535.672
465.01
306.172
329.214
524.44
213.123
465.436
526.063
253.629
243.259
313.97
206.895
410.31
581.033
535.482
448.472
423.588
362.476
260.198
542.735
563.674
260.787
324.83
348.414
265.194
221.497
231.199
258.596
308.135
319.329
451.508
532.705
558.114
345.904
244.458
292.319
441.979
145.114
135.826
240.255
463.868
369.541
208.361
151.966
134.494
371.334
314.908
497.153
578.295
707.173
638.239
410.074
302.335
552.477
284.611
273.787
336.155
314.143
481.709
571.711
319.503
624.396
381.581
294.204
253.97
295.95
390.129
618.507
427.257
566.189
314.307
220.672
260.305
317.185
424.91
579.06
350.194
830.818
453.593
355.322
361
334.246
558.009
847.309
512.44
819.185
445.19
232.485
211.92
256.021
545.102
824.712
526.819
649.076
346.596
265.118
325.06
316.118
457.763
663.888
394.715
725.897
467.173
215.972
209.838
339.153
528.721
721.358
530.371
947.059
512.327
237.149
211.244
249.613
509.754
940.151
609.427
870.77
478.673
351.597
353.744
319.701
470.233
873.733
554.996
674.532
726.518
421.138
230.841
247.466
366.671
618.584
754.828
498.814
531.91
439.296
489.15
367.127
264.376
456.351
550.693
465.507
561.739
484.402
412.938
310.471
306.199
439.773
558.109
494.805
502.163
412.988
352.004
310.231
255.892
453.798
521.077
323.475
473.395
412.981
314.344
278.136
258.06
290.591
459.151
398.846
425.733
373.895
435.662
364.251
278.44
376.915
431.413
280.008
415.764
335.663
207.071
242.214
290.868
271.1
389.435
483.458
651.346
490.199
384.582
236.631
445.783
462.981
647.478
360.209
501.961
482.134
368.297
250.478
234.807
329.579
490.14
301.257
329.295
421.434
589.609
351.624
266.479
302.869
324.788
316.124
279.591
389.144
522.062
752.386
562.485
343.765
287.578
447.948
376.841
208.885
209.625
248.816
360.087
441.75
400.069
741.321
339.429
230.591
244.334
227.814
473.33
766.603
401.926
573.657
393.691
286.89
333.804
212.166
352.909
569.72
421.472
751.118
384.579
264.987
509.299
420.652
503.519
766.761
453.279
696.388
415.515
241.051
339.894
293.026
483.326
718.79
463.799
627.057
316.198
204.565
251.063
318.329
626.039
671.703
352.402
634.256
358.869
203.099
143.02
216.674
498.233
671.007
392.083
771.514
324.784
311.482
311.668
378.873
471.754
781.185
397.137
666.679
411.376
347.386
469.776
296.434
374.169
664.923
454.187
498.897
506.453
302.678
386.363
309.951
381.576
499.51
530.842
574.975
670.737
556.173
361.352
262.468
309.789
534.27
669.108
577.14
443.285
255.156
226.19
195.647
301.868
579.034
470.972
657.151
693.874
392.217
328.754
335.425
343.171
597.948
737.836
590.725
744.556
477.457
327.476
283.2
307.015
527.9
757.269
321.228
397.772
362.318
362.044
259.196
244.597
293.854
402.499
443.379
508.699
487.836
597.819
357.801
272.757
410.351
506.278
322.949
429.093
309.574
331.551
289.585
332.836
330.818
411.825
502.904
580.206
311.699
262.97
258.439
291.218
449.826
606.51
455.405
332.188
195.243
345.366
358.4
430.384
476.514
359.261
483.307
257.247
254.748
376.175
415.186
390.129
493.121
291.951
499.18
320.387
205.317
476.567
423.369
438.11
517.916
341.51
717.322
417.678
228.554
340.429
217.867
363.082
708.641
489.49
602.185
291.027
244.549
426.619
308.467
431.347
619.815
343.445
745.098
402.128
210.406
312.04
268.206
393.048
739.275
481.039
816.796
414.16
133.987
162.723
156.968
398.687
807.732
505.555
722.107
424.14
242.641
308.366
215.442
377.711
715.21
492.611
926.458
425.054
196.493
284.898
233.796
399.976
914.414
531.098
1101.2
574.484
175.808
228.429
223.082
485.922
1084.47
696.784
971.116
441.458
265.263
328.315
216.115
353.059
952.592
555.254
420.573
611.381
602.989
323.091
264.597
259.199
388.27
572.299
298.306
427.764
516.388
496.969
491.513
311.145
288.17
402.69
287.528
427.33
602.933
538.631
326.613
216.008
271.511
398.213
304.649
310.157
393.199
360.904
397.887
308.249
297.487
312.789
223.498
359.581
532.695
655.397
366.534
223.256
204.094
322.839
458.793
695.263
524.909
349.206
278.301
333.033
411.662
681.151
437.142
584.58
451.412
440.332
293.587
345.044
427.04
570.176
389.373
499.608
398.486
378.398
371.398
277.366
364.742
496
845.385
444.719
212.324
290.345
234.073
320.391
816.575
543.271
461.567
626.223
445.826
261.011
166.579
308.201
422.394
621.481
569.066
550.308
334.823
401.962
263.658
278.811
522.013
581.804
492.581
400.616
211.51
305.815
282.762
312.396
460.316
448.726
600.258
440.308
202.902
161.937
133.906
248.888
568.344
499.524
454.721
425.217
318.97
399.676
329.225
259.418
415.433
448.966
627.288
512.163
255.168
377.023
222.518
301.051
586.706
566.931
566.615
398.893
249.467
458.909
347.634
277.894
544.777
444.173
747.83
465.193
353.057
400.548
274.593
409.641
738.8
522.745
905.219
476.599
234.217
501.955
366.189
388.006
878.904
572.212
947.203
606.781
270.049
301.992
184.683
345.332
901.497
703.174
753.136
446.186
367.915
513.804
403.074
360.337
725.18
524.438
238.374
317.71
521.936
436.976
319.975
257.834
226.535
295.762
214.836
234.06
349.64
524.769
391.357
284.706
222.193
222.582
262.663
356.939
238.603
248.395
227.091
272.979
263.004
344.253
316.771
398.235
541.914
465.899
437.133
326.26
315.782
378.989
528.437
630.175
395.899
252.226
283.414
337.431
481.183
634.501
612.403
830.541
547.113
300.518
235.703
395.8
550.282
828.171
656.975
659.637
488.408
420.861
386.628
307.013
597.754
687.742
497.255
577.848
493.612
320.164
450.315
389.101
460.587
561.19
240.295
329.127
443.376
567.668
410.39
342.196
246.784
300.583
560.188
574.699
343.042
465.178
308.618
397.525
576.087
600.934
476.243
566.007
357.613
230.519
226.288
193.959
421.963
580.919
739.995
441.152
278.132
370.197
258.853
249.641
702.356
516.769
634.07
569.652
338.498
440.053
356.301
404.89
594.198
606.414
622.973
584.628
254.564
236.253
253.692
321.073
568.305
638.476
528.273
518.008
348.361
327.64
319.586
229.549
476.578
545.609
658.769
526.389
263.999
376.72
278.66
311.393
604.651
594.491
755.094
492.967
249.141
228.43
159.296
314.045
722.237
568.44
711.614
715.014
347.879
381.955
329.382
514.248
659.528
763.281
701.345
426.702
314.476
314.33
379.833
295.116
673.229
486.685
673.056
465.602
298.231
399.123
311.452
336.23
651.123
520.162
384.035
511.932
746.435
562.037
469.661
284.785
369.154
476.719
636.529
932.406
655.64
357.085
308.72
340.67
558.638
915.892
524.198
838.132
632.422
368.389
339.81
457.815
481.422
813.067
499.711
721.618
518.556
291.038
217.692
366.971
462.625
698.752
346.772
473
434.742
450.437
335.231
271.427
320.441
458.765
467.025
605.821
349.935
212.358
227.163
346.41
423.381
608.267
654.301
749.428
433.68
287.588
141.528
309.747
588.106
777.996
747.882
878.095
648.909
322.716
272.571
324.157
669.435
894.2
870.126
738.57
325.317
224.809
175.052
329.109
805.441
812.628
597.22
753.653
443.02
325.055
314.232
366.647
534.63
765.144
532.495
580.697
384.082
365.32
306.636
411.367
500.663
600.663
589.766
459.971
326.759
240.129
240.44
358.713
580.027
492.271
583.266
636.265
536.729
355.272
311.893
330.808
539.245
647.942
413.181
394.281
296.261
300.572
266.897
299.776
389.401
419.109
625.242
340.563
193.231
165.133
169.155
322.921
619.002
404.182
665.47
519.139
354.186
375.094
397.124
334.006
631.313
568.932
658.252
494.067
408.148
422.474
315.496
301.996
633.035
534.589
462.266
472.545
231.222
308.761
255.883
301.959
438.819
508.1
714.605
441.353
258.203
371.983
343.394
332.084
686.769
511.162
711.468
596.158
446.621
352.439
336.828
382.029
671.71
647.477
426.667
681.706
740.95
480.48
432.377
411.904
385.778
626.807
466.798
543.021
472.999
556.307
373.017
408.696
464.222
522.759
530.8
666.783
518.59
425.413
272.237
304.647
483.065
672.158
537.494
654.397
367.061
302.901
322.305
399.761
495.528
670.617
557.697
748.13
491.103
356.714
331.397
395.982
514.719
742.76
499.009
625.888
612.365
547.969
285.622
267.734
457.358
616.219
377.149
684.134
402.731
341.677
259.43
386.224
331.105
661.618
482.773
524.684
551.721
505.19
307.72
276.459
449.944
525.119
536.989
513.564
415.468
247.527
236.776
302.292
513.333
523.737
477.097
605.261
591.069
506.485
289.081
233.329
440.682
589.201
591.612
747.625
460.786
258.426
277.415
294.877
527.078
752.804
738.073
650.464
266.763
348.128
264.678
297.382
675.981
717.728
743.164
787.442
390.922
194.339
198.155
314.805
673.648
822.405
834.234
711.933
350.902
223.567
196.172
281.333
770.242
786.474
581.137
507.422
266.356
257.964
315.108
284.226
537.639
547.809
689.603
664.703
404.048
240.942
269.464
447.801
668.185
689.847
565.329
430.557
254.96
341.501
259.745
254.385
528.334
490.244
838.531
555.656
398.542
354.253
422.666
297.274
789.682
631.841
618.248
476.573
375.462
408.536
388.442
293.523
582.694
527.088
657.231
511.723
290.937
408.003
268.035
260.585
613.582
575.734
593.986
540.6
397.812
360.351
310.637
401.943
604.807
542.873
507.572
552.567
514.277
523.502
457.058
327.814
472.367
558.188
322.539
479.935
376.69
333.158
215.343
301.007
321.293
453.525
572.728
843.147
737.952
301.91
426.443
515.547
552.53
801
555.999
765.483
512.78
417.497
343.718
392.352
497.511
763.98
411.873
690.641
654.496
321.358
383.107
449.503
400.468
637.326
552.17
873.47
641.136
359.484
174.122
370.727
493.629
848.367
857.475
897.879
426.879
226.425
208.852
400.414
776.467
937.254
510.316
769.167
673.692
458.011
316.179
283.295
451.084
739.059
507.549
608.158
422.902
287.531
322.577
428.01
490.118
610.622
390.759
471.823
337.854
279.274
283.586
320.654
379.755
472.224
451.054
589.371
512.277
364.635
229.861
386.113
425.688
582.597
259.524
320.56
443.836
397.137
370.35
214.266
244.179
312.573
389.199
582.411
468.483
280.008
202.995
285.632
348.557
568.84
488.345
738.914
585.624
324.38
334.042
355.091
427.988
715.838
416.633
456.734
408.957
524.373
472.601
240.945
380.338
465.614
423.482
643.999
575.592
443.162
387.496
304.087
376.257
621.732
431.624
467.792
374.187
408.064
386.813
425.775
410.079
464.642
228.198
272.413
160.965
266.453
211.587
222.698
217.742
280.904
431.199
401.224
313.432
328.965
190.935
199.594
401.474
423.967
464.666
757.323
715.354
433.254
538.122
557.13
430.578
704.154
424.817
523.908
562.52
460.442
418.505
435.162
422.059
490.55
501.182
826.585
753.665
470.026
303.571
367.404
454.862
791.873
350.334
627.729
637.034
376.25
348.1
351.105
334.204
573.678
532.924
679.919
440.791
308.245
247.698
385.689
487.645
678.356
575.869
753.904
701.91
330.725
299.881
411.945
539.974
724.396
422.839
625.976
576.498
383.224
373.233
403.627
387.628
590.71
678.687
663.009
412.353
280.979
234.992
350.143
637.854
694.594
482.798
486.841
427.265
497.573
396.506
372.035
463.727
505.588
488.813
639.393
453.832
254.095
184.325
281.715
436.931
638.756
358.411
545.234
502.691
433.947
258.851
232.639
319.523
533.336
346.94
435.869
458.609
337.271
357.531
359.964
333.99
415.752
161.047
227.588
342.276
486.913
320.739
178.837
153.413
208.675
390.152
306.343
334.072
619.151
329.674
273.318
384.124
325.152
469.104
252.443
265.765
530.409
391.712
392.396
485.142
275.538
121.946
117.442
213.093
428.687
218.519
161.067
128.39
116.728
318.691
239.78
282.624
351.962
297.999
266.008
314.992
253.171
316.632
325.501
231.049
356.894
293.362
276.48
296.757
338.115
246.248
311.499
328.441
339.907
252.651
177.954
230.671
306.362
277.543
281.038
369.777
417.113
405.793
234.134
270.431
284.479
291.81
482.745
737.886
414.155
451.747
317.617
287.012
424.33
431.355
612.69
822.205
599.177
463.813
248.101
385.147
588.377
334.528
487.33
583.571
454.329
238.209
226.937
315.144
455.13
424.198
833.968
768.438
401.372
370.577
330.668
362.571
785.568
318.296
711.61
867.62
647.292
365.96
366.166
270.338
634.483
409.301
591.029
626.57
474.896
412.634
389.464
381.058
557.285
493.58
663.763
741.638
525.679
437.263
312.684
447.569
630.955
599.776
836.175
574.042
309.215
240.694
490.655
560.224
828.027
638.457
898.395
709.236
459.6
330.34
419.735
576.059
884.411
192.165
332.836
447.29
410.553
406.272
288.635
189.913
295.513
326.623
270.954
149.862
142.134
130.861
190.189
312.954
292.804
325.548
388.991
413.448
393.022
279.059
289.478
311.383
384.427
329.824
320.609
228.87
279.602
290.822
275.763
320.5
337.324
275.622
343.804
603.475
683.476
355.809
220.223
258.446
316.947
292.48
478.608
535.386
406.887
314.368
286.959
260.056
441.674
470.126
536.625
509.504
325.18
302.012
323.479
442.184
527.043
697.56
746.79
496.86
258.613
274.601
354.898
634.916
773.257
512.022
538.218
386.377
291.243
205.166
282.395
471.478
559.247
544.306
657.385
413.417
343.674
247.711
285.05
490.411
670.125
553.6
577.898
335.737
310.076
311.339
362.905
509.916
604.561
405.05
600.886
670.166
526.58
370.553
254.714
363.452
568.874
207.956
617.995
984.674
927.824
405.798
331.027
180.067
528.212
328.455
421.846
663.228
626.875
555.779
355.933
319.857
387.245
243.929
618.168
772.62
547.075
332.667
305.06
206.418
542.187
447.09
642.717
675.635
449.791
253.132
359.953
421.317
605.471
342.178
539.31
683.631
564.762
467.737
375.291
326.532
488.935
466.041
624.871
485.484
490.971
200.327
348.608
423.044
625.167
351.624
501.45
603.16
554.85
446.309
297.438
330.626
478.975
496.088
430.577
451.097
473.863
370.128
345.422
492
442.439
559.644
796.835
665.479
459.35
334.313
354.854
500.16
779.36
531.198
645.539
599.771
470.111
243.94
281.127
495.689
642.937
467.931
559.494
489.056
357.839
241.627
279.283
434.076
546.621
533.501
561.892
530.28
479.682
274.34
300.539
499.036
561.44
367.396
433.424
432.94
333.615
354.531
341.607
373.039
408.362
452.527
654.172
610.619
399.033
325.527
251.964
405.009
641.092
529.024
694.512
499.323
246.503
270.593
254.356
467.344
693.431
710.872
761.641
408.477
244.283
220.801
304.491
644.359
796.688
456.408
528.982
325.987
220.706
209.265
368.238
429.213
542.972
547.945
470.817
330.151
426.986
328.16
358.748
527.982
498.47
488.861
497.095
331.891
348.82
229.405
257.842
448.595
518.976
232.791
192.921
513.865
771.156
463.566
213.323
227.193
197.713
123.292
308.611
772.692
973.57
445.825
197.932
113.54
249.851
252.783
495.033
848.411
649.523
392.181
390.658
260.546
427.616
376.304
271.386
472.366
604.06
538.776
321.077
376.139
278.484
426.812
460.836
400.752
508.623
331.372
334.024
408.478
459.585
469.094
593.683
824.368
617.615
334.333
321.844
456.977
548.674
452.34
625.856
643.121
445.215
327.871
390.214
444.529
607.332
469.359
446.69
448.598
395.658
364.647
303.468
450.297
451.28
440.649
600.979
637.791
712.743
347.577
414.909
421.485
586.777
441.113
425.888
311.115
233.968
312.098
295.997
423.499
428.4
463.821
625.44
531.219
381.542
398.694
357.09
418.294
615.529
351.458
496.993
344.279
276.552
258.263
308.338
321.837
492.774
614.436
544.124
325.105
216.473
230.555
373.968
598.024
563.58
632.15
699.323
549.492
345.057
225.732
320.282
575.565
714.918
513.901
642.367
399.899
277.31
233.245
393.25
488.418
648.132
518.119
427.487
335.082
331.547
231.496
335.127
515.72
448.562
569.934
554.292
372.755
264.539
270.532
229.681
523.745
585.78
673.626
814.405
488.573
291.953
179.999
419.492
615.043
828.992
513.964
590.189
404.776
281.897
301.429
290.973
470.594
605.214
513.219
419.158
319.907
298.847
230.689
319.388
507.966
441.849
