403.754
651.473
686.668
443.236
346.244
235.089
361.296
619.562
292.584
430.786
422.586
295.976
246.886
248.838
285.255
401.377
378.371
601.86
555.175
424.127
322.868
259.162
362.283
564.445
428.288
616.577
663.323
429.489
494.96
487.558
430.698
554.65
271.412
371.216
717.894
626.739
493.908
272.722
266.712
322.513
167.525
222.046
391.926
424.675
356.568
195.257
168.98
200.309
200.469
295.926
538.606
562.365
289.716
170.113
191.066
267.901
194.246
200.381
557.503
831.768
450.637
240.633
201.908
181.612
309.853
163.396
231.627
475.209
311.098
205.162
315.7
187.743
81.0765
120.288
298.891
777.067
606.228
228.877
87.6948
107.553
132.88
127.475
327.026
727.149
604.679
212.628
136.946
122.365
216.183
165.915
298.542
754.741
564.223
275.118
212.929
179.823
144.109
124.958
338.188
692.875
494.098
214.783
147.616
123.251
276.044
254.166
262.444
505.689
579.618
418.553
297.565
262.172
267.311
221.66
297.637
554.221
753.135
494.944
292.728
227.699
358.202
274.295
307.642
355.573
417.496
465.669
385.976
280.048
352.175
318.524
306.678
493.321
682.143
591.802
387.511
323.094
250.96
221.133
358.26
436.568
548.384
471.111
283.305
195.677
257.848
289.45
275.464
354.298
607.951
588.411
293.503
268.34
401.334
290.665
198.66
253.864
508.256
634.247
433.406
314.04
437.643
666.549
574.305
274.273
250.774
297.702
383.798
642.86
442.361
825.51
827.496
387.307
305.331
353.258
384.999
757.439
287.239
443.695
479.34
419.773
379.243
291.208
281.851
408.406
441.73
570.088
517.168
336.439
260.232
400.966
415.947
553.527
267.176
295.784
393.45
360.75
363.024
218.095
251.062
285.976
324.056
469.716
642.399
475.412
385.988
315.671
321.547
430.448
237.895
264.676
509.308
574.968
501.214
249.129
231.186
246.129
211.271
321.892
652.322
658.244
337.153
164.253
201.889
280.538
232.113
210.038
414.753
648.159
414.649
218.935
236.459
195.251
185.38
180.362
463.425
824.273
492.903
163.303
177.97
176.096
123.203
130.288
282.206
590.582
502.786
246.431
130.275
119.357
122.725
158.853
249.073
502.453
433.074
229.055
124.005
146.54
218.382
177.812
301.169
503.585
436.278
265.053
223.605
174.56
268.891
276.167
284.264
643.357
660.502
516.418
281.962
264.569
279.215
172.837
169.178
333.799
350.944
341.399
293.281
184.626
213.4
221.831
248.296
420.857
676.878
600.853
250.697
198.821
286.336
304.132
420.534
522.354
595.298
450.146
302.818
296.137
408.23
276.032
332.481
515.002
480.984
416.158
422.841
292.741
399.951
248.998
320.282
479.675
595.1
476.325
420.578
263.759
354.208
391.316
481.295
468.472
572.722
606.125
390.213
378.344
590.901
764.473
516.011
392.9
258.282
356.003
539.086
765.298
465.48
529.375
412.914
364.117
329.501
361.077
456.993
527.443
543.407
772.813
693.653
452.704
328.267
372.914
492.234
756.956
350.263
487.488
363.341
356.199
241.531
270.906
316.396
480.739
608.125
750.094
759.34
515.958
372.886
341.762
561.89
743.031
285.72
417.779
367.438
304.96
261.38
257.831
271.514
396.8
432.26
387.831
563.257
824.275
462.004
427.297
455.965
379.71
250.886
262.796
586.912
702.567
391.156
221.803
244.462
252.65
147.503
162.238
300.071
444.772
323.447
181.389
143.405
158.888
85.4136
133.937
402.855
692.826
438.019
168.161
88.4883
113.62
135.575
143.562
318.324
546.392
395.865
173.015
137.008
134.383
192.898
198.787
396.229
594.357
429.001
263.332
197.76
189.586
235.406
174.952
318.646
829.018
764.099
410.698
245.329
172.211
307.851
251.907
297.646
538.895
767.701
548.621
327.17
262.802
287.485
270.648
236.452
307.765
398.45
379.521
297.901
271.843
384.789
228.954
180.901
300.265
329.243
381.653
401.87
254.164
520.034
227.362
233.462
250.889
305.366
466.79
549.497
271.004
266.19
175.737
242.494
435.875
662.888
513.6
299.084
175.603
446.472
316.262
357.002
414.749
594.915
641.514
493.563
317.802
585.126
356.235
289.864
380.065
529.793
544.832
602.048
394.283
519.244
662.792
546.447
352.053
283.396
280.637
480.224
650.874
671.301
829.016
569.228
388.644
296.26
373.464
605.096
845.726
658.317
673.71
393.515
308.619
178.583
216.006
595.096
717.907
472.953
609.118
701.689
533.021
341.769
231.744
427.398
590.519
449.242
636.861
519.259
282.506
314.986
347.584
435.788
612.046
514.392
724.678
627.255
442.744
387.316
362.422
467.898
713.69
157.826
206.622
348.181
390.076
346.973
286.668
168.701
178.983
272.073
407.709
673.494
867.3
425.272
240.906
254.969
375.31
288.679
369.276
617.936
581.209
368.81
213.72
271.389
345.253
334.996
311.787
398.923
554.35
419.743
283.603
320.653
320.48
145.356
177.105
402.333
614.476
386.077
166.108
142.331
158.957
185.739
174.75
348.341
640.001
761.439
443.511
206.08
154.391
244.599
193.863
336.617
705.27
664.746
364.473
255.134
184.101
347.312
243.461
296.425
426.164
363.108
268.309
345.249
258.446
496.817
328.571
367.555
352.733
742.4
895.292
562.008
316.822
319.164
262.285
300.377
327.197
498.379
522.078
345.555
249.738
514.167
303.519
284.321
259.771
399.66
487.721
524.89
339.406
551.572
380.799
238.144
292.41
543.126
796.478
615.191
399.344
588.512
465.176
238.436
248.439
565.865
885.181
658.488
486.813
469.548
225.651
300.677
462.819
712.76
711.312
518.865
252.193
580.655
677.981
342.746
239.631
239.872
369.674
542.469
698.797
401.501
475.943
461.973
322.607
383.63
348.413
391.158
471.009
620.913
835.414
639.493
406.271
278.583
429.162
577.04
826.075
464.164
702.982
561.887
369.175
402.11
486.508
436.243
671.914
309.237
500.257
651.608
683.193
313.966
229.693
285.592
466.368
334.305
457.354
461.783
417.67
335.052
263.517
326.798
430.033
320.14
462.352
526.596
485.698
479.494
259.998
292.616
440.881
421.986
372.573
331.329
400.442
375.381
292.081
427.345
379.966
165.536
260.912
418.897
442.492
281.373
190.695
160.537
230.691
244.61
346.265
651.014
904.025
522.853
290.75
241.237
324.161
272.239
186.76
502.186
1029.29
727.928
354.44
289.9
180.195
178.538
182.423
347.619
614.577
692.537
367.211
187.013
165.992
180.345
164.937
425.007
757.263
482.085
179.54
172.679
163.123
448.428
291.812
293.148
414.931
592.633
559.781
480.577
315.425
402.382
305.284
301.67
399.968
418.196
416.164
408.19
319.976
544.538
374.889
278.477
250.424
545.788
766.566
595.917
387.911
454.01
332.271
214.98
317.694
440.645
606.364
498.938
353.772
425.604
264.29
305.892
304.916
411.182
449.592
446.162
277.641
697.812
456.408
267.798
320.84
301.42
448.465
684.099
521.382
524.255
394.643
360.093
308.177
517.779
624.461
546.699
411.667
603.427
642.974
494.08
543.073
271.971
203.721
543.802
662.571
704.833
380.766
226.583
237.281
216.982
333.867
695.022
447.077
640.345
674.762
389.914
406.925
300.686
330.226
585.301
706.728
620.242
758.602
649.186
482.394
447.249
348.059
563.481
762.885
477.409
464.706
394.305
464.483
385.907
316.497
460.953
468.99
407.517
566.82
646.692
476.106
318.842
265.094
370.988
552.805
348.653
444.999
490.491
444.756
372.48
329.375
351.568
412.541
317.405
429.095
661.758
651.992
360.417
251.259
304.32
387.805
245.289
274.803
469.718
490.506
353.56
270.846
254.594
253.149
153.68
224.18
529.335
549.856
331.039
189.271
151.795
199.927
192.774
184.726
306.635
563.871
477.723
285.626
200.474
183.408
215.754
241.75
286.315
466.067
445.877
324.258
225.704
235.37
359.293
262.957
403.647
475.665
407.331
510.229
391.358
270.225
623.701
345.828
301.32
475.398
671.744
776.648
679.384
370.362
410.64
368.896
311.266
370.35
519.766
512.322
426.145
383.927
496.351
320.23
229.688
297.672
354.213
427.226
501.245
353.39
518.332
357.219
305.52
285.8
431.231
626.674
560.275
365.879
845.822
354.188
319.62
377.523
384.605
750.386
896.217
425.093
926.518
385.286
264.39
259.765
535.107
880.339
993.385
462.535
948.201
456.204
267.288
249.295
291.298
559.68
961.581
553.111
538.655
336.486
277.078
460.344
274.629
302.148
535.4
379.78
572.191
679.429
604.88
443.981
360.425
320.248
528.874
665.636
401.124
419.81
240.058
128.877
197.225
297.791
384.14
428.011
484.068
628.583
467.486
460.961
446.469
402.705
444.12
629.549
466.088
603.463
524.369
414.591
269.245
256.324
419.31
593.975
339.898
422.062
331.234
237.747
199.76
311.858
318.346
417.826
402.916
410.083
528.045
473.248
345.845
262.221
381.614
403.78
236.037
252.488
354.472
330.825
323.397
232.987
228.805
243.553
454.862
397.925
331.869
422.388
321.712
346.882
441.286
407.216
243.702
271.305
469.305
785.712
438.86
228.383
235.042
262.565
338.043
253.375
298.484
579.685
583.328
535.022
372.02
265.863
310.716
264.345
306.884
604.822
741.606
562.648
336.571
272.413
450.916
297.328
337.836
526.943
414.642
482.773
482.825
302.505
403.34
331.401
324.211
393.739
400.763
407.474
412.132
335.477
570.952
396.288
184.175
217.238
351.942
720.873
628.485
419.712
811.955
426.219
238.269
229.298
407.802
745.423
866.713
482.377
534.406
273.803
254.7
255.336
337.629
564.355
576.658
306.092
602.955
379.656
318.178
369.25
299.051
519.4
629.64
413.856
731.7
431.795
218.843
251.558
299.334
467.482
729.537
503.416
722.548
391.355
165.604
222.961
275.54
468.122
723.001
461.672
581.032
448.667
357.874
243.44
247.507
269.22
556.517
481.742
550.117
574.372
565.089
572.85
436.136
307.848
497.013
602.934
564.843
594.337
386.596
364.441
339.374
351.638
520.418
629.723
356.86
532.516
552.169
300.421
206.085
257.453
340.389
487.885
387.914
385.435
367.604
504.179
384.653
313.091
365.249
400.356
351.895
460.233
468.587
491.146
290.09
248.438
319.92
458.84
273.091
319.133
417.856
333.789
293.874
214.019
267.96
299.971
259.396
427.818
640.657
493.946
384.968
247.246
240.517
392.394
313.343
249.081
275.213
327.877
254.944
240.364
308.363
263.546
263.54
246.374
427.805
558.378
418.782
321.694
279.444
224.04
193.569
225.364
320.051
659.627
647.74
373.757
192.27
224.079
368.568
336.183
228.515
295.001
428.025
503.934
395.781
332.277
386.927
250.067
226.699
271.96
412.947
499.397
417.576
266.888
507.732
308.822
345.317
395.292
546.998
653.161
547.731
327.209
422.375
249.645
325.34
242.917
330.757
502.817
459.959
256.366
658.978
382.314
205.153
211.424
274.821
445.789
659.988
441.337
622.765
333.338
223.908
231.913
298.36
517.95
645.575
377.931
619.978
272.581
221.73
346.796
433.847
579.899
654.697
320.099
746.607
386.965
220.958
430.102
431.482
568.02
772.48
446.486
941.12
386.68
162.555
221.142
223.177
520.671
952.002
485.44
720.982
596.152
497.592
352.804
231.224
285.542
678.088
644.65
322.249
410.478
370.425
294.907
272.582
251.728
317.016
398.239
384.931
315.785
349.974
583.902
347.154
193.254
370.274
336.576
238.189
326.092
484.423
357.077
344.441
241.389
225.292
300.632
386.036
601.565
759.727
619.856
564.455
299.277
346.45
572.955
326.598
480.261
360.246
247.588
253.588
318.106
316.283
455.918
364.33
457.241
490.685
573.399
277.884
374.765
357.364
455.761
264.251
266.121
294.151
348.554
310.311
231.148
255.486
269.442
306.556
277.775
366.085
598.644
452.395
255.829
294.892
282.897
122.348
217.471
389.875
670.336
545.49
285.645
130.266
186.201
445.872
421.397
372.084
310.366
453.201
590.03
478.674
422.413
664.289
321.301
301.548
513.501
450.663
704.939
721.803
355.522
589.881
325.052
164.086
255.311
379.872
664.341
636.451
359.314
659.237
384.983
221.51
176.006
195.487
425.008
665.067
437.505
845.32
444.664
239.699
222.828
200.866
441.744
845.192
529.073
497.859
291.542
191.416
215.331
268.721
506.582
541.211
310.951
812.51
375.368
208.109
205.064
308.739
638.965
843.943
449.418
1053.37
485.396
186.041
243.712
323.867
709.501
1089.84
586.421
947.294
425.296
312.807
564.586
461.747
629.19
966.461
521.325
1106.12
525.113
185.322
287.012
203.968
510.202
1099.4
649.867
640.824
672.901
395.849
291.077
339.399
333.842
583.067
704.272
707.149
572.271
506.349
559.197
359.188
336.178
674.334
608.209
399.796
478.11
401.06
443.335
277.931
308.188
403.893
471.977
583.68
540.369
332.116
451.635
318.395
265.975
549.877
570.969
184.852
245.503
339.488
349.567
340.67
184.777
181.704
225.993
313.838
433.707
494.327
563.107
504.713
277.804
287.591
416.215
311.309
453.659
351.445
271.873
249.591
271.402
299.098
435.511
372.351
608.931
689.469
457.948
365.902
295.93
332.795
578.425
408.509
492.339
511.542
393.485
264.833
246.053
391.168
483.049
225.849
249.266
421.728
1083.59
648.452
286.44
225.357
233.7
242.18
309.235
401.08
472.072
666.388
557.7
279.251
267.261
627.854
319.772
256.759
279.494
304.496
499.722
648.345
364.495
453.44
288.044
239.972
286.703
259.431
285.605
453.888
321.103
683.474
355.056
217.036
261.404
244.406
357.669
682.969
421.381
541.201
331.584
376.279
441.556
413.092
387.28
551.3
358.6
654.202
393.794
295.004
393.869
558.277
600.383
679.882
426.612
668.279
306.283
278.665
240.481
297.879
484.172
679.89
361.928
529.449
339.056
248.423
353.664
314.464
450.817
557.07
355.624
523.215
293.4
247.244
336.496
318.259
403.598
536.196
332.59
696.369
407.236
324.521
387.909
341.657
314.231
678.781
470.339
472.89
392.486
258.497
231.287
193.921
298.594
460.97
423.248
466.966
517.53
379.943
455.583
293.257
263.245
428.051
528.389
464.227
487.902
392.723
435.163
347.388
271.08
432.012
508.662
571.071
689.868
468.587
293.539
207.239
261.21
516.234
690.804
477.162
615.969
512.527
310.489
264.1
358.821
447.539
599.64
551.843
540.536
379.379
285.993
234.095
393.971
559.075
555.313
408.477
508.271
453.771
461.796
308.768
297.09
387.573
501.735
411.791
416.081
319.459
271.543
242.23
262.185
391.518
429.631
386.085
437.048
379.336
446.984
338.504
218.918
354.956
439.425
669.374
466.65
407.261
590.345
440.118
383.079
641.868
530.609
543.499
350.401
269.727
343.2
499.709
473.51
549.583
393
619.43
348.134
298.199
263.999
315.18
339.462
615.435
398.429
596.55
321.89
238.477
347.964
238.763
328.802
597.282
381.829
511.51
311.541
194.585
248.651
236.199
288.846
509.315
356.908
468.657
249.854
190.227
241.882
235.647
272.604
468.862
290.273
793.16
369.818
153.025
252.684
219.086
371.106
782.812
459.473
923.076
517.661
201.977
220.818
281.935
452.893
911.164
615.591
830.846
442.982
159.344
199.527
205.257
393.308
812.646
534.646
949.933
512.638
228.675
281.278
308.273
451.583
936.129
615.711
853.765
469.074
241.693
291.614
272.346
405.289
833.666
561.192
641.231
788.017
652.265
422.6
295.046
303.489
577.983
783.466
464.156
521.22
417.273
263.638
266.044
259.248
429.565
516.531
409.137
556.494
624.723
518.492
252.001
272.802
371.186
542.079
594.153
724.086
527.655
292.236
310.06
422.482
585.799
714.388
327.265
356.557
401.017
321.294
315.587
289.849
324.744
339.804
577.625
643.493
582.626
358.744
253.419
286.538
526.226
655.839
282.071
389.054
335.716
463.383
296.997
248.839
280.958
376.096
517.029
702.753
576.326
465.215
238.713
342.458
471.747
698.686
450.292
474.27
244.949
245.571
268.579
365.835
460.349
484.949
425.793
441.703
425.704
343.608
259.908
217.728
408.869
446.97
637.821
468.137
346.833
313.636
259.913
316.529
608.794
507.776
446.414
263.021
155.515
207.461
177.559
280.647
450.011
294.37
500.355
321.061
222.812
270.836
324.548
307.355
497.21
361.484
495.138
402.241
269.864
469.485
326.855
256.974
460.389
452.757
535.062
360.181
245.255
398.011
266.875
188.221
501.879
415.368
641.334
451.01
281.299
278.709
401.528
421.867
612.672
504.086
751.14
483.658
329.12
370.422
305.103
364.717
729.118
554.659
845.285
441.911
218.943
312.039
241.805
362.187
829.294
532.04
807.103
452.904
307.122
459.581
332.016
412.214
793.365
531.321
788.697
490.408
364.579
520.187
402.45
346.596
751.802
575.387
320.317
538.576
624.018
520.457
288.825
310.587
297.519
495.191
175.037
259.114
342.376
327.94
252.62
173.889
160.717
244.428
195.2
254.043
281.613
329.928
214.285
198.78
198.812
235.489
402.802
386.534
263.954
328.051
270.764
264.388
401.197
388.979
445.467
583.562
518.213
403.247
264.024
263.086
405.697
571.82
589.979
527.687
353.571
318.261
230.059
303.683
561.863
562.641
557.291
627.822
418.631
436.272
367.549
400.254
518.68
645.772
288.887
302.172
352.475
511.285
507.438
427.647
302.141
286.138
522.106
458.659
435.135
369.598
353.714
362.806
498.858
485.077
480.624
514.494
410.193
357.707
311.905
228.103
436.961
525.166
632.128
444.246
267.927
291.117
274.467
306.457
611.479
493.619
595.764
413.907
263.302
318.606
271.699
304.494
573.12
466.902
624.226
503.904
355.808
466.502
333.301
343.512
594.903
542.853
520.988
334.065
178.544
213.029
229.588
298.668
512.709
379.419
602.108
358.021
156.496
183.467
165.029
260.189
586.017
421.445
530.4
334.734
250.524
418.749
325.241
253.12
516.962
385.187
590.237
556.701
413.636
396.255
374.115
467.417
558.333
577.887
475.951
440.316
321.741
335.349
327.395
341.644
458.736
459.919
776.947
434.08
231.448
365.963
339.133
339.545
758.385
520.515
726.709
513.161
247.198
269.212
360.97
458.747
700.384
584.304
417.773
469.079
453.373
456.339
449.82
409.969
404.027
471.164
574.199
665.114
417.949
503.486
321.84
303.842
511.33
692.073
590.917
743.173
542.183
421.937
290.002
474.68
557.645
749.14
447.834
542.185
393.299
358.696
300.702
361.918
443.455
531.691
815.502
711.183
576.63
485.923
260.37
313.53
759.422
761.846
446.607
475.534
403.567
281.265
251.921
248.305
423.372
478.522
458.02
521.127
425.72
491.886
286.491
263.616
416.522
539.064
425.146
695.523
632.741
288.051
253.652
240.805
371.452
660.373
572.775
473.904
355.161
382.714
358.736
260.474
521.531
531.618
958.506
741.112
398.971
378.773
215.569
362.506
903.533
825.667
623.924
625.555
335.167
337.639
344.466
486.254
604.028
652.508
592.149
593.033
319.927
290.331
278.465
341.34
546.316
623.142
743.065
683.876
340.098
336.556
270.359
321.614
684.623
742.817
610.013
410.756
272.096
217.803
261.85
356.683
603.13
445.023
518.081
509.189
243.748
256.469
254.106
376.445
496.869
541.614
517.548
552.024
348.72
438.922
406.501
399.311
494.138
571.955
597.662
582.16
308.925
312.411
184.098
315.452
546.899
631.352
456.358
495.618
375.094
348.777
275.524
366.616
427.557
505.387
727.832
393.621
291.46
320.93
354.809
262.203
700.015
468.274
915.649
634.266
246.678
274.025
221.655
406.38
874.969
727.748
534.198
639.334
519.848
368.899
400.485
427.77
514.463
634.92
526.323
560.867
361.606
239.757
202.604
293.026
485.751
577.682
639.716
626.078
388.418
236.868
228.801
363.399
608.382
638.959
666.436
678.271
594.18
419.901
346.012
282.874
619.284
690.782
517.733
714.961
518.415
329.055
360.39
416.479
483.536
705.234
722.043
700.34
521.129
286.477
279.977
355.875
665.423
737.301
569.239
730.364
416.834
238.232
269.891
339.316
499.367
740.869
600.709
656.454
480.281
286.42
255.118
344.127
557.962
674.277
401.299
476.6
449.166
444.832
350.495
342.351
382.614
464.368
676.519
518.38
287.904
229.028
282.977
336.31
653.922
557.43
651.183
704.219
348.434
275.825
236.407
318.988
582.283
744.508
769.877
768.223
387.104
295.999
275.627
409.662
699.823
810.077
655.711
727.275
492.522
295.031
305.436
313
600.052
755.958
525.355
729.737
457.895
286.016
301.705
330.309
464.826
729.854
603.062
650.205
308.801
309.83
273.105
289.384
540.463
678.782
652.57
679.079
434.863
277.117
305.784
466.812
603.199
707.942
640.956
541.609
307.249
408.279
333.679
323.762
598.387
594.295
779.142
400.118
266.125
391.752
342.675
294.496
760.562
479.417
688.076
608.184
218.523
263.765
262.98
436.494
632.209
680.8
629.897
448.56
325.104
334.168
286.018
276.686
591.679
508.819
304.578
444.556
562.865
517.513
448.7
338.934
304.176
394.734
723.125
805.739
514.676
348.384
256.713
427.246
675.427
822.657
339.744
612.177
607.883
312.161
243.649
336.98
333.932
556.461
387.224
668.711
668.532
352.655
343.337
362.457
349.747
612.047
592.288
762.835
600.595
456.351
294.922
441.927
544.839
763.396
464.857
769.124
709.796
341.835
429.529
477.302
425.877
720.647
704.581
646.511
312.79
202.76
213.485
398.341
659.492
687.908
588.466
779.469
562.543
307.528
377.714
519.98
552.996
779.275
647.144
777.054
496.826
491.203
334.456
307.64
578.212
788.722
599.903
681.764
482.975
282.097
269.275
290.569
545.906
693.722
385.487
473.078
393.079
328.759
314.326
286.874
357.104
469.851
622.721
628.912
645.83
492.125
379.883
439.253
615.588
610.092
438.836
592.112
389.675
276.918
302.154
389.846
415.859
589.863
497.985
544.605
424.886
286.263
301.928
404.948
474.438
553.549
433.134
562.058
552.059
425.733
270.839
264.597
397.652
555.908
485.604
590.898
533.323
376.787
393.226
346.939
449.579
590.128
725.923
716.922
386.401
258.869
268.048
373.476
675.254
744.358
504.201
544.196
336.387
433.364
303.012
390.985
483.238
558.079
389.799
403.026
316.924
382.071
322.907
198.306
361.429
421.493
558.269
335.91
262.353
442.841
316.333
308.473
547.332
376.647
577.744
718.697
738.996
652.054
460.985
497.9
550.501
693.915
432.437
455.997
476.436
457.888
360.643
353.519
428.4
432.522
541.521
901.357
708.437
413.567
275.576
392.737
479.946
873.956
472.129
678.95
672.289
493.842
313.599
288.667
427.791
661.689
510.772
658.603
446.043
285.033
271.119
403.878
488.935
638.758
639.529
760.268
694.182
348.081
271.679
346.312
588.268
742.81
591.837
754.211
441.913
253.101
299.284
363.375
532.61
763.446
467.964
610.934
482.84
368.036
294.104
255.148
433.135
600.355
425.519
458.19
300.427
210.47
181.672
328.401
409.032
470.27
545.215
646.962
454.294
286.634
185.044
268.814
496.322
648.778
402.351
439.772
529.914
533.656
368.484
281.472
386.727
441.133
337.966
457.165
442.401
402.843
350.503
304.348
314.433
452.107
391.549
432.637
479.993
374.989
369.062
281.126
369.975
422.644
509.432
498.579
418.701
362.889
255.06
194.163
466.876
514.034
309.868
359.6
406.568
396.262
368.06
323.87
289.359
371.492
280.23
298.363
316.644
469.086
309.458
234.59
260.275
308.32
182.441
210.806
203.221
290.702
240.8
192.099
177.297
211.014
165.667
178.47
242.165
386.158
275.291
175.556
160.82
163.395
304.054
220.11
286.59
634.595
372.78
227.95
291.361
249.503
200.75
177.34
256.018
444.288
263.329
192.763
194.017
177.196
486.745
515.903
584.356
564.856
454.634
360.646
470.965
495.056
498.671
629.082
705.038
517.376
333.244
328.23
471.546
619.674
318.356
690.568
805.746
476.074
386.525
480.13
295.869
607.282
390.353
525.16
812.851
652.366
365.014
382.529
379.059
468.938
500.598
840.684
688.968
697.198
467.44
317.851
444.201
808.366
420.207
518.093
535.324
462.887
346.793
353.608
403.345
501.955
578.43
719.461
601.562
340.603
247.236
329.602
531.522
712.425
721.281
686.967
556.733
419.809
408.31
333.618
669.854
722.431
583.094
768.184
637.77
428.994
321.161
314.935
517.572
768.716
371.092
336.946
444.057
320.864
278.96
279.237
377.258
328.436
362.451
250.956
257.468
254.224
212.897
241.383
364.741
266.845
514.08
271.285
214.243
278.647
200.602
326.014
523.712
319.606
249.449
229.936
201.623
359.475
265.872
160.713
237.847
242.369
152.425
180.895
344.251
573
299.841
152.159
153.753
165.944
351.469
582.302
565.713
415.94
360.467
310.495
315.899
552.136
456.982
605.726
504.957
260.788
273.584
309.051
412.967
595.834
451.19
636.895
552.547
320.952
274.101
317.597
406.887
622.287
437.67
435.699
346.009
212.082
245.946
269.927
417.967
441.02
436.915
453.083
321.649
276.503
168.067
190.229
402.705
472.028
574.067
618.636
453.742
467.947
333.212
315.579
533.105
629.774
422.279
647.127
715.472
542.249
403.059
435.099
411.866
605.188
360.422
525.494
943.709
689.052
575.49
322.586
336.015
464.196
291.622
395.039
595.643
433.58
376.517
267.227
289.097
350.814
377.815
749.04
802.011
582.966
364.539
360.376
350.713
682.815
349.882
548.359
655.5
494.876
488.599
403.7
330.053
505.503
289.412
686.831
862.572
598.779
390.756
338.215
251.062
606.644
417.181
653.274
710.889
530.045
416.332
415.292
398.901
619.064
692.511
501.066
491.597
593.391
385.507
313.076
658.599
557.018
291.167
354.455
328.052
303.815
293.85
290.927
290.506
338.833
340.234
489.707
553.605
493.894
361.511
257.749
322.291
459.454
504.167
544.041
599.236
459.77
317.871
313.508
479.864
539.408
352.84
407.941
404.054
514.905
353.37
319.753
339.318
399.04
355.867
510.014
477.613
315.657
297.042
276.577
331.079
486.934
300.271
441.81
440.323
361.623
292.581
328.951
284.712
413.274
454.667
558.939
537.539
434.919
277.948
233.408
412.392
557.755
499.047
703.507
423.75
203.66
218.621
458.047
464.926
700.123
798.972
721.408
371.64
229.908
171.136
289.006
735.409
769.077
674.617
553.259
423.627
287.11
289.45
346.07
652.512
582.679
415.195
462.17
321.449
278.897
198.461
245.012
386.501
476.947
419.065
446.32
318.035
355.524
209.288
226.336
389.669
461.915
278.576
355.455
506.162
468.11
303.246
265.157
276.132
324.548
223.738
306.198
553.613
565.245
337.555
243.547
214.878
281.691
329.461
633.01
1067.03
808.051
492.317
338.654
318.376
556.901
218.392
324.28
475.735
524.59
335.763
292.576
210.928
290.542
358.214
440.379
507.466
640.826
409.086
287.453
348.228
431.464
350.452
534.234
759.059
610.678
386.988
264.443
333.76
489.784
371.897
578.522
733.005
519.849
394.755
276.16
341.275
543.515
313.891
447.911
535.205
524.852
284.583
265.707
287.969
429.564
431.764
577.521
678.74
579.663
342.12
348.811
412.889
559.021
435.477
499.082
358.656
380.773
354.783
276.092
406.271
514.932
512.206
533.804
407.843
283.756
241.97
257.931
481.869
545.643
641.702
633.386
423.983
251.75
234.829
305.074
597.869
655.693
503.292
449.862
400.478
424.45
340.371
364.086
505.618
456.713
513.688
698.594
526.593
358.655
328.805
401.316
489.856
686.478
591.621
596.08
495.062
376.739
313.489
250.327
543.18
615.869
574.862
522.175
255.307
137.429
140.2
248.303
536.166
563.491
741.61
511.144
258.292
191.336
196.45
378.864
721.984
571.908
632.939
573.44
375.951
282.916
275.278
274.954
588.896
612.816
545.705
478.745
521.546
512.599
383.791
392.631
537.55
474.167
470.296
484.832
306.315
261.57
206.888
238.525
434.362
510.737
