615.219
772.284
508.507
198.735
249.698
346.231
546.263
783.504
653.194
710.109
409.987
244.466
174.835
285.34
590.186
735.888
536.832
710.216
507.273
225.705
252.76
278.843
473.924
718.716
674.811
900.805
532.446
231.645
208.036
403.456
599.181
906.921
603.619
814.08
569.649
225.829
318.039
459.184
553.307
808.451
600.109
835.204
539.333
289.261
255.72
385.237
535.898
832.421
353.072
600.831
613.403
336.579
276.166
284.925
321.778
560.841
335.332
636.592
600.201
271.137
299.96
353.53
306.763
585.738
383.232
654.086
698.624
412.574
331.479
473.433
358.123
601.348
280.276
429.634
592.813
507.093
308.478
327.92
286.883
393.693
269.361
301.698
593.068
595.765
366.984
247.093
272.038
263.896
158.332
190.963
534.077
816.17
433.939
187.173
166.706
166.153
174.464
174.03
405.043
1003.92
586.695
179.158
166.8
179.968
168.48
166.588
463.478
940.911
678.178
256.668
169.198
152.264
228.093
164.418
330.118
702.53
771.705
437.405
241.784
156.055
331.739
243.725
369.774
524.651
745.593
572.89
359.768
241.369
327.018
259.82
333.351
471.224
706.887
661.252
374.564
255.403
499.929
308.29
258.419
338.802
630.455
806.474
563.823
322.858
640.101
424.788
364.187
301.48
673.307
967.178
714.292
434.216
618.136
361.984
307.064
267.488
627.653
806.439
668.96
373.036
649.131
852.607
534.343
199.029
208.919
326.687
574.928
856.242
692.409
781.375
446.985
200.948
191.961
312.421
624.868
802.805
743.263
814.657
424.687
226.552
230.487
392.05
676.327
843.102
613.261
767.084
538.575
257.266
284.981
320.601
548.023
781.564
628.732
784.467
447.291
235.631
231.596
323.05
550.552
791.338
557.787
772.698
499.784
269.641
230.423
366.738
497.777
768.376
471.804
687.504
576.173
359.417
285.596
376.728
435.267
672.371
546.487
827.147
607.207
267.194
296.227
421.081
496.953
808.949
412.972
627.865
602.749
394.01
279.502
259.399
368.418
609.6
358.999
451.25
609.057
602.925
362.815
236.696
333.737
419.187
235.734
395.408
659.84
496.59
448.849
237.388
220.365
360.892
288.858
215.693
486.432
955.826
440.86
178.994
279.663
222.007
287.829
272.154
428.942
902.216
664.192
306.308
284.524
276.564
278.361
234.622
333.008
783.906
763.542
383.263
285.139
236.775
217.383
233.062
354.954
474.166
636.762
418.374
230.434
220.459
357.414
350.325
306.502
493.85
637.925
545.813
375.601
355.416
574.189
372.985
380.826
253.526
525.102
707.397
615.457
372.681
565.564
309.536
277.618
381.285
563.359
686.789
605.197
336.926
651.827
393.7
357.254
393.326
638.687
806.829
704.716
414.431
727.713
450.971
268.126
324.373
595.35
844.804
784.372
482.875
715.879
840.696
470.498
221.344
260.646
365.682
645.513
858.495
727.11
770.957
435.354
160
219.182
269.423
650.05
814.857
555.975
705.056
411.702
189.158
176.179
344.362
506.829
714.304
659.146
716.084
521.072
251.227
220.541
278.012
597.896
732.439
510.193
480.597
382.419
299.818
229.006
361.677
516.092
477.085
568.396
739.874
590.844
248.302
286.199
341.691
502.911
733.012
500.008
689.76
570.662
334.537
201.386
319.593
447.923
680.687
419.331
716.265
612.258
351.701
277.423
293.927
364.232
687.954
304.983
457.355
626.435
569.961
352.623
222.041
281.767
437.082
264.325
420.271
581.862
566.706
257.566
208.858
260.786
380.459
154.169
226.488
421.998
669.691
432.683
291.946
165.208
201.735
206.016
250.348
418.592
675.642
390.218
248.988
206.95
231.572
244.171
220.393
420.198
863.231
731.436
412.13
269.499
219.586
330.81
249.078
301.367
559.055
716.546
491.41
342.642
260.893
266.547
284.275
283.903
463.78
702.233
651.522
305.834
266.511
522.752
346.844
298.979
460.23
667.279
677.7
567.256
360.214
657.492
451.194
262.519
254.687
485.884
823.754
718.44
473.036
641.7
491.872
258.453
282.934
453.923
753.409
694.653
504.095
537.534
374.938
299.234
330.254
521.312
656.896
582.966
392.923
857.298
431.622
352.284
312.929
529.951
825.432
907.122
491.922
792.065
796.723
456.647
201.75
266.689
346.264
717.452
850.303
713.291
759.512
397.255
193.555
210.315
411.195
656.383
787.875
626.345
690.401
437.663
230.641
232.212
245.464
559.563
722.799
658.636
738.085
444.448
195.514
198.706
351.568
606.143
757.973
569.701
645.986
431.598
332.056
246.559
288.219
520.263
661.418
641.788
756.27
420.142
243.908
266.737
396.871
581.954
774.601
609.866
781.414
580.013
283.805
301.635
341.538
547.06
788.493
535.766
824.786
666.75
436.889
268.301
373.342
478.284
803.788
439.398
600.987
576.742
407.717
365.95
395.031
423.741
588.554
222.179
487.104
612.5
436.868
354.324
273.548
198.649
434.008
282.006
395.815
442.038
408.846
246.588
212.539
253.42
382.065
190.305
197.9
348.112
362.915
232.44
183.984
186.646
183.14
318.692
212.174
423.515
597.477
527.366
203.583
314.518
221.72
220.227
235.825
205.917
460.451
540.623
388.095
239.364
238.331
309.121
230.95
235.126
457.212
607.523
563.461
337.82
226.462
616.292
358.31
283.687
237.149
602.857
850.518
679.661
398.217
843.743
379.787
176.86
191.787
310.337
722.213
897.421
451.888
700.023
387.109
196.423
195.416
348.656
719.368
750.774
417.326
736.608
414.019
300.117
215.36
319.195
702.497
794.872
429.353
819.586
379.443
189.29
208.047
349.914
774.484
893.534
442.418
858.778
825.084
353.766
228.04
170.938
331.05
781.05
897.253
687.069
836.492
484.655
182.871
252.074
399.059
616.301
850.236
753.393
788.388
509.762
270.856
216.571
317.31
689.224
817.103
648.766
719.832
431.485
279.631
259.889
473.968
604.372
740.74
508.947
674.599
371.789
242.109
261.013
383.955
455.335
682.631
455.793
544.371
368.598
156.839
202.462
298.016
415.768
558.272
467.333
706.117
561.018
209.046
317.851
316.002
414.098
687.695
492.504
551.019
429.697
274.475
232.929
329.328
455.564
564.179
538.084
542.23
482.427
373.284
206.055
226.352
494.612
559.179
536.663
586.087
434.306
329.015
387.261
495.044
525.418
587.489
492.355
419.499
531.735
464.778
269.436
331.568
482.429
424.832
133.829
110.954
229.925
500.031
420.153
217.75
139.71
110.261
211.238
242.061
357.481
585.124
417.533
375.69
225.877
220.8
251.516
245.393
353.987
522.77
498.704
352.145
258.456
231.44
335.604
386.753
247.999
398.444
434.145
537.612
356.374
376.188
499.812
354.133
393.181
310.264
663.967
832.904
561.048
335.21
860.952
396.574
243.834
124.734
293.02
689.804
905.667
457.46
979.36
449.94
309.605
424.188
437.496
647.889
999.999
524.449
969.572
377.347
297.253
207.587
297.248
682.863
1006.07
469.488
864.13
392.881
290.34
238.622
325.907
694.415
903.631
460.53
717.029
876.494
461.031
158.654
261.927
506.25
648.01
892.751
745.971
843.151
393.908
190.478
211.822
352.884
666.489
891.856
621.737
794.363
451.567
192.917
234.222
461.061
564.725
803.584
501.766
639.577
697.633
547.134
478.068
254.943
451.073
632.258
721.318
780.659
513.121
279.863
261.123
310.792
650.36
819.775
609.643
727.573
418.37
289.767
256.37
303.447
541.796
750.935
518.685
728.961
477.425
260.728
269.083
345.333
460.787
724.743
393.128
547.854
497.118
279.633
294.82
260.763
354.556
528.061
377.212
616.299
539.336
444.698
402.683
361.67
341.693
590.444
463.546
406.288
493.839
364.411
209.354
364.957
482.047
391.759
287.434
283.803
493.21
681.714
394.367
279.077
296.536
268.883
156.357
147.928
377.994
722.127
453.419
186.616
155.001
144.5
256.002
256.193
253.121
374.86
613.067
649.412
294.255
238.674
496.799
349.534
277.562
344.602
543.13
678.127
547.105
368.838
769.013
393.806
216.124
168.896
396.941
784.858
844.238
448.834
681.762
395.77
230.66
171.832
339.47
748.432
737.233
418.81
770.834
367.522
212.749
166.984
268.101
614.01
797.262
427.952
780.978
350.763
214.1
161.062
368.724
686.8
829.073
418.321
1000.5
417.275
208.44
225.012
213.085
590.814
1022.76
503.357
842.955
342.162
211.187
245.827
282.12
648.114
881.332
412.047
822.055
884.35
388.537
188.704
219.909
387.703
734.265
923.924
702.182
904.594
520.438
229.628
240.855
500.768
633.642
915.169
637.719
739.247
494.582
292.064
337.203
304.922
576.707
749.124
715.73
701.692
445.682
240.884
234.617
275.617
651.825
741.262
919.966
833.518
368.154
163.398
185.731
413.311
847.32
906.225
570.579
738.25
438.303
168.21
217.2
315.647
505.083
742.766
479.417
536.813
333.196
218.434
157.94
237.622
434.716
559.677
474.669
537.919
435.931
301.223
246.967
190.68
425.801
551.475
428.775
591.448
500.396
296.562
220.514
187.293
377.578
581.777
371.865
370.326
351.272
350.652
247.605
236.352
360.71
374.557
150.468
215.967
401.866
405.096
264.574
164.163
153.061
191.914
275.151
211.139
251.553
560.013
438.068
229.13
268.515
230.747
356.569
280.216
255.854
452.865
558.684
512.618
392.352
287.535
443.639
222.443
274.161
289.159
481.591
575.904
469.451
242.174
491.125
322.664
229.758
313.35
330.777
442.362
516.583
339.924
756.908
356.785
154.217
165.205
235.19
577.126
777.443
423.489
792.058
320.805
171.927
152.993
292.421
645.727
833.795
394.572
1011.24
445.088
189.269
185.816
288.691
711.902
1049.31
549.782
631.95
453.38
232.638
202.258
305.835
532.043
670.065
478.199
726.103
411.023
220.609
199.607
319.976
673.827
767.706
437.864
810.815
647.145
289.346
245.233
291.726
316.984
735.654
731.825
869.516
849.921
493.603
248.443
234.493
374.133
803.171
894.512
723.837
684.54
478.37
243.477
265.656
289.459
667.263
723.146
622.974
629.943
441.663
315.062
331.126
286.423
575.589
652.508
762.875
732.148
338.481
201.404
176.255
353.631
688.964
775.326
481.517
647.475
392.247
258.454
209.31
283.584
429.875
650.229
769.122
782.063
506.407
210.91
265.255
342.94
709.686
805.327
589.674
566.506
375.693
272.906
252.118
362.441
564.232
590.254
508.725
547.275
367.565
321.208
158.131
290.888
483.354
556.655
412.438
506.624
541.585
428.694
419.651
322.033
420.662
485.692
197.761
209.275
445.51
597.892
339.947
154.451
195.68
194.164
177.289
209.038
462.613
867.192
593.338
297.858
190.125
188.701
535.914
288.291
216.367
222.262
292.234
450.555
557.674
323.538
667.352
353.911
227.067
285.694
345.661
553.437
699.226
401.217
673.297
350.225
167.765
240.666
290.158
518.523
701.751
409.619
858.158
467.961
161.927
160.076
202.117
469.975
853.877
560.934
1033.9
584.944
247.971
241.286
234.752
581.779
1034.64
685.409
842.352
375.339
159.572
173.801
248.643
541.024
855.688
459.174
811.459
533.291
454.815
546.477
356.701
511.643
828.435
561.565
1008.24
465.315
220.011
303.738
336.371
638.323
1017.22
559.529
799.366
620.751
382.843
267.232
246.286
324.987
761.29
680.042
744.277
706.9
363.6
252.8
182.506
283.171
681.155
758.04
825.162
707.938
378.856
236.079
161.74
283.162
767.957
768.853
835.886
693.356
356.396
186.527
149.948
303.387
781.556
759.887
542.658
642.992
346.212
245.813
289.957
368.391
507.089
664.79
769.232
682.672
289.994
149.678
199.282
306.451
703.889
751.301
544.498
720.618
426.782
270.497
205.274
414.009
500.352
723.084
525.739
690.92
398.314
443.127
317.626
451.853
502.509
693.112
394.479
527.788
373.822
359.193
235.587
412.872
405.643
520.335
329.406
413.824
457.476
410.889
301.842
200.107
304.836
398.045
218.962
276.145
396.895
497.152
383.172
344.645
232.338
262.773
221.799
414.612
440.938
333.091
260.77
210.436
202.821
375.975
546.456
255.035
201.352
270.135
416.3
592.967
590.253
289.745
766.27
387.533
241.647
322.656
300.632
675.599
823.201
447.257
915.493
448.137
340.119
304.204
342.871
642.635
939.718
527.74
842.89
338.488
199.31
220.455
237.222
490.671
854.103
435.802
762.113
379.673
181.481
164.514
257.46
582.099
794.349
431.074
905.068
486.377
150.082
155.029
189.383
506.835
906.333
582.451
1087.09
466.615
180.64
197.124
213.876
532.138
1078.22
590.74
936.923
461.216
210.409
212.251
249.778
615.511
974.9
542.268
730.621
650.97
403.285
335.181
213.238
365.959
698.309
687.057
525.759
549.938
455.916
371.472
339.252
255.81
483.701
564.588
713.063
690.932
375.193
251.717
247.13
310.538
660.033
730.263
779.441
764.007
449.003
217.073
199.944
340.724
713.217
816.112
688.316
604.208
309.376
252.7
185.929
216.23
623.409
646.691
691.665
681.28
286.607
240.353
210.699
344.127
636.636
741.106
571.696
740.229
448.28
252.976
205.778
363.337
514.049
745.524
551.669
609.881
410.643
228.61
204.86
315.512
508.643
623.699
570.632
508.64
335.45
296.229
186.426
299.189
537.976
539.542
505.237
551.201
505.41
333.529
220.847
345.698
477.215
550.022
367.916
333.759
396.007
430.099
458.282
392.47
376.94
330.438
487.489
288.976
197.922
399.518
445.253
429.95
500.097
322.307
630.263
345.082
186.068
245.293
371.394
534.147
660.585
400.353
873.845
354.386
128.232
165.276
213.219
506.062
884.279
454.394
756.799
338.379
121.396
98.9586
158.416
441.193
766.386
415.212
923.148
448.676
155.057
156.136
190.505
515.421
935.821
546.767
888.444
406.562
106.672
123.48
151.368
476.636
895.34
501.458
766.341
363.031
127.194
153.131
128.944
321.913
755.803
445.592
814.626
454.357
143.975
137.531
209.184
492.999
812.655
534.904
1200.67
472.036
176.766
124.532
204.006
626.772
1210.87
603.641
726.992
800.371
410.852
275.784
193.683
390.861
657.279
833.247
736.33
730.814
500.375
342.482
306.118
286.793
675.934
762.723
604.441
651.692
405.075
245.536
170.02
243.964
551.763
675.775
450.087
461.503
298.505
212.28
193.071
273.17
417.8
480.505
521.541
564.526
327.339
181.5
146.989
283.599
482.578
582.07
564.427
432.497
238.765
268.014
273.098
339.998
544.499
473.139
595.902
470.234
288.149
319.512
191.935
296.39
567.086
514.298
578.911
635.974
516.273
299.163
314.618
278.987
533.496
641.22
634.716
709.143
460.932
347.144
315.848
431.374
634.987
717.748
410.023
550.339
420.384
273.877
200.303
326.943
380.118
547.928
301.31
243.843
299.417
530.482
382.707
290.014
296.594
260.045
465.904
363.111
284.267
476.7
645.025
558.42
447.772
397.042
664.003
322.896
188.415
181.867
233.876
368.917
666.113
393.313
893.157
440.451
178.433
95.8558
164.455
468.597
893.95
537.778
826.665
370.999
158.17
221.131
170.215
460.443
837.925
454.901
1103.78
441.172
182.061
102.336
162.689
475.365
1096.49
577.478
863.16
407.965
188.49
177.29
196.277
505.606
877.846
500.246
933.798
421.823
184.407
187.553
210.101
523.767
942.709
519.407
704.676
412.146
257.92
187.66
210.531
394.724
704.863
465.498
913.968
363.426
124.951
145.29
125.873
480.477
933.56
456.54
689.34
763.805
489.322
285.688
284.047
362.715
633.597
784.858
764.737
828.607
444.874
195.872
176.805
330.378
692.03
863.781
672.461
721.76
368.52
153.011
135.495
321.779
613.526
753.765
763.402
792.077
437.641
193.296
183.054
366.848
700.577
825.731
760.387
716.442
393.838
285.805
200.823
288.282
693.415
772.87
683.654
645.096
358.32
224.033
257.602
268.865
625.861
685.87
531.063
448.462
282.828
299.661
292.987
285.253
502.61
476.774
435.227
486.241
268.793
195.823
171.007
231.578
401.291
500.412
319.258
376.707
298.922
267.185
261.086
269.083
299.62
378.929
422.96
481.158
482.797
361.228
347.487
320.867
403.61
468.281
513.39
495.081
375.822
570.919
386.752
413.28
488.179
517.565
410.608
318.004
262.644
369.422
299.753
436.165
438.014
320.898
717.486
410.287
161.142
155.632
178.821
379.845
709.282
483.952
1172.34
520.25
278.725
263.561
219.431
479.837
1154.3
664.328
885.586
509.754
160.424
114.069
136.885
450.617
876.621
600.848
838.012
370.054
132.124
186.138
183.405
346.098
825.693
466.238
828.632
402.458
170.919
198.046
174.272
415.828
825.38
492.911
926.881
441.792
200.399
212.036
170.536
440.825
923.191
542.239
962.516
501.821
172.178
120.629
130.864
528.605
968.477
601.501
914.429
406.598
226.919
254.61
286.382
504.141
912.597
505.918
765.358
868.127
458.013
211.182
184.961
317.36
686.443
897.266
696.084
606.473
315.156
237.724
235.66
307.449
645.763
664.015
782.989
613.321
383.644
196.666
182.751
372.004
751.553
662.757
651.615
464.69
301.833
221.224
190.282
339.95
635.295
509.04
699.527
567.228
251.428
162.847
157.073
299.007
655.36
628.91
538.236
524.555
259.105
119.728
160.068
222.777
495.59
555.975
744.277
702.438
343.64
236.67
205.897
247.966
676.486
755.796
513.721
540.11
285.086
218.906
163.407
278.238
467.586
566.797
394.665
379.29
234.816
250.763
203.326
167.868
361.021
407.935
562.079
647.444
452.871
307.173
268.786
312.884
514.628
666.227
435.845
397.874
352.249
396.612
271.522
231.348
408.369
417.229
646.328
314.346
201.083
184.238
183.751
407.902
658.028
378.087
924.047
459.34
229.458
362.535
425.289
557.263
930.918
554.434
961.874
559.44
176.498
207.853
149.189
306.529
914.991
668.05
813.646
465.154
142.857
144.609
122.542
400.434
800.813
553.182
777.948
383.319
155.836
182.067
163.421
369.451
776.822
464.261
854.176
452.433
180.385
237.49
152.484
384.188
840.024
546.754
906.041
555.518
306.699
341.499
326.976
467.526
892.669
637.458
963.026
578.875
228.745
226.08
166.663
452.304
945.309
677.019
820.645
350.12
119.838
115.139
189.955
541.431
856.114
426.959
725.085
777.859
453.229
230.271
208.731
385.328
666.295
806.993
824.823
808.273
451.893
178.645
200.895
324.551
759.488
845.26
785.72
717.596
450.558
209.818
212.515
302.4
730.52
765.223
662.73
597.936
329.736
202.454
178.514
238.763
614.76
634.474
623.742
524.399
299.117
209.634
172.376
286.925
590.82
567.758
673.145
699.147
372.628
197.608
290.271
455.44
635.289
723.873
528.775
559.375
297.211
260.479
197.31
364.764
497.497
580.681
462.029
474.772
281.921
168.804
191.924
205.642
424.327
494.784
492.45
404.128
233.15
133.024
148.673
226.367
469.887
431.338
476.574
407.955
273.756
399.399
316.591
290.102
449.675
441.089
419.005
266.137
199.634
349.788
208.56
218.364
409.544
305.632
499.609
297.391
184.881
270.674
183.851
239.899
491.17
342.786
646.709
397.714
185.663
225.258
150.51
301.887
630.987
464.307
792.763
466.885
224.972
272.531
154.768
360.875
773.482
550.944
765.653
473.57
161.952
188.999
176.131
376.671
749.084
550.944
862.626
439.676
205.032
251.875
248.004
334.123
835.798
535.019
839.515
466.847
206.311
243.98
185.004
360.686
818.815
557.4
905.54
590.15
216.99
242.182
221.042
375.086
867.96
685.622
941.467
531.905
243.751
278.286
263.517
490.013
934.011
626.951
982.636
379.299
153.498
146.388
216.302
546.984
996.967
488.139
924
796.24
441.933
215.241
243.454
353.462
857.887
866.17
671.142
531.687
417.13
290.494
201.415
331.98
648.38
560.565
541.683
501.687
315.462
174.237
186.369
231.27
504.454
532.564
554.007
592.474
340.303
187.715
149.423
269.76
509.922
616.296
665.122
633.214
435.327
317.168
348.922
323.278
619.269
661.132
743.235
742.056
311.978
111.504
147.935
300.411
671.156
786.343
682.327
642.628
292.04
128.318
141.475
247.041
620.658
683.639
457.117
532.455
285.354
189.218
167.478
399.157
427.292
546.899
912.824
530.183
181.36
234.582
209.874
259.398
862.484
638.799
448.431
330.592
180.005
197.116
124.151
139.494
416.687
371.54
696.384
478.952
196.132
263.976
244.943
375.296
655.66
550.788
554.837
425.859
248.111
243.968
196.266
301.472
528.088
470.679
712.475
455.942
273.211
264.8
253.74
347.747
690.859
529.62
568.087
507.558
213.022
96.1887
111.494
243.34
519.459
555.003
674.245
412.937
184.103
135.809
122.384
302.75
657.508
482.771
689.317
309.793
182.843
158.934
200.48
275.969
671.607
394.536
674.272
352.341
190.608
285.093
169.247
299.086
656.522
426.066
755.596
413.462
290.866
240.823
327.384
579.455
770.452
472.81
899.221
442.218
165.877
177.253
151.227
367.816
878.014
543.182
653.711
340.341
213.046
192.333
185.132
347.228
653.771
400.806
641.857
767.213
537.606
275.756
235.34
248.22
579.808
776.265
664.094
604.478
449.974
263.866
211.21
259.586
618.773
638.019
600.063
663.08
393.207
229.915
162.378
253.228
544.669
685.391
609.673
562.939
345.939
272.083
254.288
256.455
565.534
599.384
514.15
476.843
403.697
231.178
182.456
311.293
491.284
485.965
548.933
411.446
245.922
147.388
154.419
258.415
529.179
450.202
724.781
505.45
370.185
419.599
361.519
394.628
709.221
543.081
419.236
329.498
197.315
221.886
200.414
227.524
399.57
359.854
768.089
573.169
362.093
226.032
158.028
269.357
721.681
633.193
826.95
551.215
367.106
320.034
337.185
465.14
806.033
601.838
561.702
435.583
184.641
135.118
158.48
249.747
530.212
489.447
419.229
357.109
191.124
199.556
189.176
204.152
395.588
390.582
451.507
268.21
189.577
269.879
180.389
210.152
434.059
312.437
404.277
391.581
265.068
194.955
172.252
181.235
376.526
412.871
848.167
408.594
221.245
258.936
277.452
350.633
833.956
501.304
783.771
403.509
161.078
155.726
145.083
281.319
761.474
491.576
814.002
516.604
228.455
279.012
203.871
309.692
782.362
601.766
841.821
306.803
223.332
284.29
256.849
310.94
831.719
395.132
1192.18
467.267
91.33
119.789
148.27
504.115
1187.93
617.206
714.639
318.931
219.092
241.097
163.901
357.271
720.59
383.241
679.239
679.427
521.105
302.353
334.003
284.827
629.692
701.387
649.564
601.66
425.577
338.218
234.007
364.366
627.061
622.578
604.373
707.179
516.476
334.522
253.954
261.152
548.793
719.107
625.112
742.927
424.224
192.838
196.247
419.919
569.085
759.523
610.797
496.61
317.444
254.361
215.962
302.221
584.033
544.757
660.331
590.323
295.264
175.554
109.89
223.776
610.099
640.325
721.727
641.639
370.253
220.752
216.208
318.401
672.657
686.932
521.275
491.639
276.705
262.799
228.863
216.902
478.076
528.361
512.959
396.763
227.004
193.92
157.199
277.139
494.042
438.531
605.743
418.793
171.579
109.528
126.114
255.814
577.812
476.452
653.092
661.558
395.991
199.72
181.588
285.054
594.866
691.801
452.138
480.761
323.354
316.227
332.763
345.358
421.292
497.972
477.138
429.81
253.103
222.129
146.556
233.401
450.873
459.82
325.447
368.88
283.457
311.451
277.028
223.157
300.434
373.732
575.833
321.008
223.064
318.841
236.492
255.619
557.582
379.21
552.966
380.482
174.514
183.744
165.53
246.382
527.091
431.474
679.862
448.811
190.952
236.884
179.481
322.823
655.505
518.16
1018.7
399.396
130.501
110.555
142.2
425.712
1017.59
521.221
980.37
444.134
128.157
99.1351
126.322
524.701
994.047
546.015
893.691
425.497
113.138
185.077
221.915
412.965
889.703
526.469
408.954
466.753
378.526
309.451
251.657
285.892
376.154
470.756
636.684
679.728
479.892
239.219
184.227
311.475
586.484
698.69
672.759
696.409
443.515
280.04
240.956
281.068
612.669
733.783
762.624
669.54
315.927
119.689
207.103
360.209
703.325
716.306
465.583
660.788
385.089
286.234
203.374
400.149
424.602
660.898
684.354
572.699
324.445
194.978
169.711
288.836
645.722
618.636
453.265
395.204
224.008
147.997
203.657
217.496
426.758
430.581
477.055
338.095
209.57
254.061
168.054
213.108
454.918
381.463
540.876
609.555
351.425
175.648
177.234
288.868
492.638
625.445
486.984
454.32
292.789
267.486
246.89
212.088
448.379
479.185
380.749
363.96
228.939
247.524
241.005
225.338
359.749
375.762
400.317
432.672
302.304
324.694
280.408
284.966
372.822
453.435
668.72
461.369
230.696
168.484
109.838
239.698
627.709
523.706
705.358
677.564
347.913
211.491
190.029
312.912
649.243
711.305
751.461
574.527
256.986
307.713
248.61
361.034
701.335
650.301
578.319
477.922
194.186
159.34
168.628
299.248
544.195
530.47
657.144
449.517
212.381
242.679
190.827
304.594
626.984
510.138
774.484
474.332
135.503
105.199
124.899
328.418
748.405
557.065
769.789
392.426
150.846
138.588
132.429
354.93
763.347
474.21
876.34
440.685
268.167
243.564
203.687
474.441
876.481
518.332
500.668
663.257
536.742
377.034
290.676
262.458
453.094
661.748
409.32
440.433
393.396
372.791
265.772
293.038
403.971
439.245
526.617
619.379
413.06
235.225
212.801
461.834
508.135
623.46
647.495
560.184
336.541
275.47
269.883
373.829
625.656
591.577
400.036
508.344
329.624
188.932
163.571
195.922
357.083
510.455
325.461
347.343
338.506
338.564
323.82
260.765
318.265
346.466
409.848
455.066
256.613
175.24
140.495
270.791
391.87
466.178
473.23
491.488
267.193
165.392
147.959
226.55
436.427
511.924
531.21
471.221
281.352
179.479
191.945
296.331
507.187
504.961
414.931
393.34
257.116
166.662
171.699
189.991
390.007
410.335
478.311
585.977
382.164
258.293
204.862
247.171
428.46
596.412
460.953
579.496
339.781
181.308
171.655
281.627
416.059
588.282
495.987
410.94
266.993
181.849
185.38
240.477
474.192
438.983
506.533
495.748
268.394
214.184
206.062
248.886
468.694
523.524
693.244
447.14
196.582
279.544
169.789
290.583
665.953
515.721
591.921
478.616
271.837
196.221
268.026
411.055
565.68
516.059
583.949
384.39
157.627
149.511
134.888
229.036
560.9
444.084
809.737
404.03
195.686
290.25
227.287
328.293
795.072
483.346
830.077
387.167
133.395
126.232
163.302
434.594
838.73
471.823
1136.74
446.978
136.985
141.862
146.612
479.482
1136.18
585.76
382.18
394.181
329.927
308.006
232.897
205.031
360.591
406.127
363.693
403.146
405.946
303.92
215.984
213.171
348.502
392.978
525.114
755.15
580.568
354.662
306.486
401.799
478.46
745.966
328.947
557.858
551.212
266.01
231.989
261.34
293.902
514.913
560.457
607.283
443.873
218.6
225.31
263.213
509.524
620.435
446.063
497.077
414.764
260.074
248.988
217.522
409.248
504.706
462.115
476.481
445.313
325.563
218.27
205.323
437.632
485.585
552.035
509.75
300.115
185.95
147.874
210.625
511.355
539.644
509.238
584.48
396.835
255.293
219.56
350.927
481.763
593.576
497.735
508.387
359.385
255.525
212.27
224.675
462.056
530.319
438.196
393.335
256.511
186.781
249.448
274.651
416.532
416.627
358.515
449.286
365.094
277.757
322.02
244.96
328.518
446.953
440.294
392.674
213.326
230.655
220.214
281.526
409.092
425.225
556.463
522.953
308.7
233.853
242.184
277.753
509.143
559.493
734.082
607.208
292.36
195.843
206.079
381.39
689.016
667.808
688.326
542.46
197.531
184.115
166.889
269.284
642.527
610.695
495.513
492.548
264.43
274.217
183.176
200.736
450.347
521.642
519.698
336.923
225.973
413.47
304.809
262.662
483.92
393.71
1078
510.653
106.862
119.061
95.4821
361.724
1047.65
645.149
1036.87
469.21
143.342
93.9177
138.314
464.986
1028.32
586.057
