641.712
720.205
439.902
235.619
191.586
296.767
577.271
743.853
538.74
710.914
474.98
223.155
261.838
293.183
473.751
714.382
690.738
902.182
544.937
218.219
224.39
392.157
613.824
907.48
599.103
781.41
539.553
204.244
236.286
412.603
555.616
779.711
534.145
817.857
552.336
304.115
273.737
335.092
468.645
805.409
530.569
624.21
532.836
405.752
331.59
339.289
491.34
613.593
389.618
642.33
573.941
242.354
299.025
346.842
352.522
604.603
332.723
671.466
761.854
455.01
377.465
506.11
313.471
601.106
288.883
441.181
610.134
510.88
309.67
307.49
289.637
404.73
236.469
310.966
565.476
567.254
360.776
237.02
235.655
275.278
226.799
224.172
502.374
742.127
386.168
238.955
239.489
206.591
238.63
176.788
384.609
1021.38
597.772
236.698
234.269
180.555
142.928
131.937
422.68
939.004
690.916
211.158
137.223
130.293
231.945
205.027
383.931
649.477
781.302
485.262
252.85
200.639
328.342
252.946
305.004
515.541
676.069
581.921
355.437
252.258
432.842
289.534
273.09
449.169
692.358
720.51
490.354
302.575
473.461
249.905
227.891
351.372
638.963
763.122
531.637
260.348
566.806
312.14
307.722
241.301
647.418
881.683
638.425
326.145
571.219
337.062
321.584
334.957
594.9
745.005
621.759
358.469
662.954
406.329
296.414
243.89
628.14
923.577
737.607
427.767
647.375
780.779
431.966
204.33
190.831
335.687
582.304
795.683
756.82
793.036
409.686
219.38
221.362
356.234
688.343
831.415
592.839
760.126
553.994
261.823
291.085
340.235
532.95
761.223
598.077
759.054
436.432
230.483
218.813
332.795
523.373
763.231
560.783
830.144
535.619
227.537
208.858
418.68
505.762
816.629
477.432
676.323
591.253
359.649
289.853
360.575
439.851
663.167
494.316
766.581
568.271
306.042
278.67
393.391
448.058
745.695
417.735
647.573
600.71
363.892
285.327
309.562
377.84
626.455
299.432
434.785
593.468
617.535
356.961
200.946
271.364
403.293
271.287
391.672
611.1
474.5
447.176
217.06
256.121
365.802
247.818
223.222
497.073
895.778
452.431
205.672
241.751
225.724
195.18
190.668
431.549
897.886
609.702
205.427
187.295
191.65
173.071
153.513
287.627
748.217
722.326
356.586
180.225
149.692
236.675
273.182
495.766
509.46
643.978
388.201
241.041
247.687
296.095
251.4
270.618
442.102
542.869
527.582
317.297
248.889
637.701
383.086
383.463
307.004
566.03
755.66
679.977
390.87
529.159
326.588
242.461
341.059
527.966
675.604
577.183
348.441
596.284
417.41
238.179
355.716
594.353
837.814
662.208
439.961
643.52
412.254
268.75
330.298
619.335
951.078
723.092
427.752
803.207
578.659
352.029
266.206
505.725
1018.34
882.242
591.986
756.784
781.444
429.506
140.955
226.42
315.375
682.512
831.891
524.126
713.175
405.703
172.001
176.495
331.273
468.218
718.147
640.145
686.121
525.498
270.08
241.419
262.317
579.645
703.419
507.489
489.497
404.342
317.872
248.939
373.849
514.138
481.68
573.938
737.761
606.274
266.486
254.998
310.609
509.234
731.418
482.661
674.448
556.383
330.593
203.133
323.747
433.382
666.38
442.396
697.839
569.643
338.584
258.237
274.584
387.483
678.423
357.632
522.208
630.847
465.416
352.034
325.76
350.642
498.444
270.27
467.758
602.612
528.876
251.993
271.032
259.808
418.457
218.421
218.382
405.97
664.202
406.216
278.813
225.546
204.922
225.742
289.943
426.495
716.165
420.213
257.947
220.738
276.519
234.292
219.437
449.379
865.032
720.975
417.97
260.431
207.146
212.466
208.602
273.327
590.473
717.561
426.015
218.905
204.244
300.519
316.532
388.512
486.074
784.141
667.008
339.938
292.587
467.175
323.808
342.782
447.314
660.715
638.975
509.589
332.997
603.194
397.96
309.546
255.437
511.455
751.804
655.954
410.389
654.293
473.889
330.637
309.796
495.589
708.016
696.722
491.861
456.835
297.146
266.371
323.962
512.533
580.568
479.645
310.314
730.759
356.531
287.772
252.14
509.459
757.466
787.33
403.267
832.347
457.697
297.132
245.673
571.564
935.548
898.067
491.301
772.316
756.221
409.418
211.469
215.605
388.586
714.689
795.916
640.53
638.077
381.539
192.246
182.86
213.471
582.248
678.941
685.597
714.637
417.209
207.166
207.027
344.554
635.342
751.34
569.002
639.195
435.035
307.472
287.454
282.171
518.62
653.308
606.541
743.998
429.725
233.707
268.131
387.108
548.016
754.61
607.2
775.323
580.858
264.803
285.715
335.682
544.709
783.684
507.424
797.954
617.269
363.12
263.36
394.789
456.758
776.798
400.431
578.788
589.675
398.496
380.215
377.688
393.921
560.029
237.849
499.451
664.566
509.404
419.1
281.564
218.209
443.597
267.722
423.004
476.096
432.861
279.112
240.432
238.854
391.259
214.782
230.681
411.29
476.467
317.646
197.209
205.699
220.616
311.459
209.328
314.086
573.822
475.719
216.411
303.297
221.426
214.356
187.547
231.94
446.064
540.011
364.412
231.081
189.894
334.737
200.715
322.557
495.178
650.516
528.263
365.81
195.8
614.613
438.939
269.828
273.911
579.923
866.515
679.801
458.786
795.872
320.221
179.609
238.974
315.155
646.202
846.627
397.954
815.919
346.812
166.595
156.876
321.6
731.566
874.123
402.082
822.862
468.139
341.411
191.773
342.818
711.729
875.812
515.195
832.069
441.607
233.941
187.601
354.767
807.384
891.891
498.339
847.004
427.579
296.949
276.399
409.76
791.342
913.443
475.63
700.942
852.929
450.013
160.015
172.556
413.706
629.768
871.167
738.829
778.856
552.056
250.142
210.346
293.262
669.224
803.498
631.078
708.235
438.932
282.31
239.533
487.433
589.759
726.656
515.779
697.693
399.924
273.041
246.42
384.193
462.88
703.728
459.246
513.943
289.403
163.935
141.276
284.343
424.451
539.243
481.978
736.396
528.097
196.034
282.401
334.153
418.533
721.91
427.864
523.375
405.333
249.654
221.347
299.302
391.889
527.78
488.984
524.867
479.905
372.877
214.397
227.301
446.412
534.049
498.279
586.766
479.235
323.48
392.614
491.285
482.634
581.694
432.421
430.872
532.692
463.598
231.598
316.301
421.645
407.732
156.199
132.329
255.549
506.265
459.143
219.572
153.417
134.781
203.503
241.636
435.436
681.372
444.61
329.483
210.854
222.757
291.146
273.914
316.614
571.728
493.58
376.024
305.285
273.341
367.196
356.191
305.59
475.255
487.26
446.485
370.418
362.018
429.955
372.297
424.735
361.8
696.865
837.316
497.816
335.535
969.04
435.879
206.492
202.652
272.712
648.295
1000.68
532.118
719.112
392.626
304.796
363.369
298.218
494.246
726.316
440.991
879.776
384.169
182.897
142.514
244.794
658.639
930.187
458.332
979.722
491.188
249.557
204.141
308.013
724.543
1021.29
567.336
1000.57
478.434
220.299
236.877
299.419
669.473
1024.95
571.313
780.244
863.366
415.819
160.444
235.964
378.41
702.423
918.256
630.478
761.716
428.333
193.083
238.732
441.739
573.259
778.102
472.053
651.636
676.368
525.94
458.634
301.051
423.26
639.127
711.334
765.966
489.424
229.332
224.221
297.718
638.448
803.833
595.671
738.792
409.332
331.707
238.491
309.766
526.648
753.448
507.005
747.855
468.092
252.503
248.691
326.759
445.754
740.734
382.353
537.109
472.409
255.356
176.233
256.981
346.588
522.154
381.35
616.716
538.67
333.297
278.666
332.674
340.171
594.383
377.773
386.141
490.501
387.969
198.345
350.56
400.946
364.424
329.521
285.449
496.824
676.297
381.585
282.601
329.018
280.897
160.834
140.239
327.969
649.205
446.535
176.055
162.245
138.112
348.385
323.939
283.161
408.095
651.814
662.739
371.806
326.123
449.442
325.952
318.13
324.666
496.568
618.063
493.367
331.73
746.934
375.68
167.736
141.117
330.986
776.31
818.056
421.589
766.474
379.785
247.941
220.698
375.879
782.925
822.649
416.081
700.945
338.433
203.685
139.255
270.552
636.971
740.609
385.362
823.041
443.47
203.995
179.48
337.888
724.385
863.852
492.652
911.394
450.025
268.95
240.5
244.903
646.586
944.985
527.114
804.843
334.696
281.095
282.509
348.82
620.484
846.92
404.51
1060.33
493.856
250.503
179.247
299.227
780.162
1092.47
566.229
728.68
904.421
559.088
243.695
275.939
469.364
653.805
919.99
679.231
748.083
501.446
324.403
391.699
347.245
621.933
767.128
691.828
683.95
419.205
200.163
250.763
301.461
636.059
708.296
926.622
811.898
391.697
222.104
215.1
357.661
857.625
885.32
642.029
754.298
440.129
150.717
237.957
330.034
572.724
774.92
505.203
549.779
336.786
209.235
174.578
242.015
461.57
577.731
484.66
521.907
505.199
338.087
355.124
267.406
445.774
528.327
427.478
585.231
465.195
288.839
185.801
204.641
383.402
577.571
345.137
412.746
409.282
354.637
284.299
284.334
334.253
407.772
163.766
207.826
397.394
411.837
264.208
172.372
164.561
187.248
249.719
181.106
233.584
467.804
389.09
221.242
246.87
195.03
293.453
218.15
226.086
466.824
574.198
451.442
323.65
235.049
441.226
247.631
221.715
390.134
503.049
535.982
472.999
272.214
578.386
328.958
222.404
315.236
328.809
370.397
581.799
384.306
697.124
349.258
173.392
234.774
252.598
528.71
723.71
412.905
628.446
324.638
214.262
212.928
309.571
631.033
671.395
361.047
937.41
435.091
192.612
203.327
293.023
698.484
981.175
513.272
702.521
434.003
309.813
254.402
367.32
570.422
747.293
459.987
676.902
383.5
277.579
285.333
381.681
581.035
716.414
416.263
975.078
455.923
198.518
166.832
370.594
831.512
1022.05
527.328
809.844
875.932
502.045
243.32
241.495
386.106
737.337
907.556
727.214
703.862
520.945
294.068
320.998
284.602
674.262
735.309
707.839
656.174
419.519
319.944
325.339
288.01
653.214
702.199
794.844
760.477
362.337
197.552
202.707
339.509
715.777
805.997
472.067
649.64
396.849
223.294
188.918
279.445
419.116
651.045
804.179
799.52
524.592
206.704
285.407
335.498
736.36
839.182
553.968
507.979
316.66
234.923
216.436
332.564
532.515
532.383
561.612
556.604
399.928
323.648
174.088
355.17
547.192
564.943
507.137
563.074
515.547
419.1
347.409
386.194
514.676
556.359
200.867
230.306
447.309
586.951
362.21
203.286
197.392
215.841
254.377
268.924
448.157
871.81
594.16
326.138
264.326
260.218
483.645
300.525
314.85
327.692
346.578
425.451
505.217
316.162
587.394
395.441
320.102
328.907
384.443
622.8
629.511
411.968
608.61
316.239
147.329
189.599
270.637
553.21
644.693
359.035
616.674
304.649
141.271
111.276
205.522
459.125
630.381
360.438
986.306
661.653
345.743
412.444
318.321
546.023
966.326
743.083
883.342
451.501
171.012
208.519
247.288
526.458
893.046
541.467
921.652
469.372
347.794
408.76
295.634
428.203
912.733
544.291
1035.22
509.821
263.801
336.796
356.354
614.668
1045.09
611.531
903.721
403.046
200.162
329.412
314.661
641.757
938.69
488.023
716.072
750.207
415.871
228.078
193.354
391.2
659.723
781.92
669.995
651.581
376.338
225.333
187.781
268.573
616.436
684.082
798.942
650.906
350.247
201.178
161.762
340.134
758.638
703.836
529.851
615.458
332.185
217.483
285.918
327.347
488.174
638.114
798.404
668.932
326.694
180.581
236.883
314.385
738.746
732.845
533.645
676.045
425.319
264.946
181.454
379.286
488.984
681.043
495.761
695.838
400.748
444.49
316.69
498.057
476.744
691.152
468.117
607.141
400.543
298.44
240.942
399.73
452.009
603.185
325.085
410.859
448.737
390.171
311.841
205.54
297.03
397.289
255.715
296.985
413.352
521.401
361.702
269.676
255.29
289.935
270.858
400.67
423.454
313.513
245.885
212.148
253.365
372.658
490.047
249.245
182.224
231.873
437.205
619.623
535.876
276.013
742.673
345.291
199.297
247.26
267.587
623.385
790.272
407.805
850.569
413.092
289.591
279.515
301.218
573.991
873.405
494.897
825.454
428.792
203.999
206.276
234.166
489.066
831.918
514.531
825.126
380.687
157.993
150.223
251.273
573.726
856.194
455.253
901.462
416.428
172.29
143.545
175.786
468.593
901.604
504.472
996.916
504.34
135.614
112.151
157.114
574.733
1009.38
607.574
999.497
448.513
205.566
203.595
234.91
631.677
1027.5
537.984
987.446
389.752
145.437
196.637
222.293
575.528
1009.6
498.207
506.788
599.242
408.549
328.779
322.892
248.863
455.544
616.573
720.826
758.603
387.85
267.496
216.557
341.159
664.494
791.322
792.631
785.148
424.959
197.77
205.813
412.928
729.209
831.119
580.12
585.951
317.707
263.919
198.87
195.376
518.071
622.128
694.62
651.145
281.577
234.576
196.511
336.592
645.832
711.468
610.59
739.456
443.281
263.84
223.538
357.974
553.855
751.79
568.522
590.336
371.345
212.853
180.027
308.142
526.382
611.923
582.349
497.526
310.079
269.207
174.789
338.599
565.589
529.633
489.078
528.933
514.643
437.788
258.373
297.772
454.76
534.866
418.08
464.084
326.748
399.694
349.932
402.794
410.86
475.579
526.139
329.645
221.517
362.861
431.106
514.818
550.689
355.859
549.629
334.523
205.098
255.693
400.889
559.434
584.133
365.639
846.369
379.431
107.988
154.313
200.221
562.482
875.626
466.071
536.272
271.564
150.681
122.173
186.371
413.156
558.167
303.968
1057.74
439.163
127.687
111.433
130.838
445.28
1052.49
569.985
854.218
404.099
126.099
155.386
189.578
517.553
870.277
493.175
924.814
414.677
126.059
207.356
141.987
366.194
914.808
524.739
642.476
315.17
130.259
159.633
159.809
350.933
635.592
381.863
896.98
400.014
185.876
162.521
220.534
642.395
942.157
477.75
1023.31
408.522
111.814
185.326
192.839
588.873
1048.36
521.578
810.173
750.515
489.443
345.607
342.828
353.013
754.607
791.761
674.798
674.982
422.323
210.155
194.588
361.731
626.622
704.273
633.686
446.627
201.908
179.278
125.551
278.798
604.903
504.785
564.454
587.056
384.603
205.65
195.988
299.224
526.276
602.524
547.534
397.543
217.67
254.576
244.945
337.729
532.964
434.696
610.88
557.957
342.146
270.485
200.141
298.734
569.82
597.686
658.476
675.462
416.912
266.016
241.944
240.673
596.936
704.932
496.494
624.081
358.124
273.383
215.837
371.976
471.259
632.692
410.601
538.327
452.768
297.313
232.593
257.91
376.189
534.803
206.706
164.258
263.199
416.66
321.697
214.701
207.595
167.192
384.126
326.291
321.214
435.18
683.303
615.5
382.08
352.29
768.78
431.168
208.804
194.05
264.235
423.528
767.704
508.487
1026.98
431.667
217.604
178.747
195.306
465.475
1014.89
552.787
874.239
460.033
145.409
181.677
216.766
499.092
879.667
549.381
812.698
368.35
174.162
103.819
155.666
462.317
822.944
453.685
669.927
337.263
179.547
149.493
186.592
347.862
666.639
409.083
915.094
474.76
149.145
190.493
161.376
487.653
918.51
567.549
1231.06
570.325
191.804
236.848
199.21
447.695
1192.08
727.672
1029.2
420.991
151.278
183.768
137.338
409.075
1026.18
542.4
975.301
454.536
148.512
150.168
302.967
664.679
1001.96
553.243
908.03
904.075
466.375
190.147
182.719
338.542
827.975
948.312
756.158
729.342
352.824
143.603
117.124
271.716
690.757
774.832
801.489
791.923
425.544
218.119
185.274
326.608
734.389
846.391
757.067
672.327
369.687
397.683
261.621
281.957
701.148
732.683
592.97
603.245
375.01
270.904
269.992
274.591
544.984
627.184
529.313
442.23
258.131
349.295
287.744
325.635
510.94
479.729
388.498
447.762
281.25
228.369
174.047
229.23
353.51
462.888
290.325
358.434
287.414
250.16
207.462
267.047
269.503
360.072
468.818
516.265
528.084
369.216
384.554
312.338
442.664
512.882
469.982
458.118
330.395
405.168
257.457
396.884
447.64
476.759
456.638
332.089
273.528
307.524
304.879
448.072
479.866
340.328
675.628
406.341
114.68
90.3436
120
349.351
663.515
477.393
1173.61
486.176
139.823
158.823
129.563
451.813
1158.85
634.65
981.693
568.06
146.002
108.546
124.008
474.859
966.073
673.85
785.569
454.924
135.841
192.72
165.799
386.606
775.147
536.235
649.453
315.988
187.474
167.568
162.523
344.827
645.968
377.559
899.462
447.878
200.723
237.093
148.899
418.089
890.896
546.374
947.087
406.098
156.98
147.12
159.754
436.653
937.438
516.063
486.76
275.722
204.033
273.101
302.91
383.73
504.895
303.676
905.809
405.209
192.57
183.852
266.872
613.889
925.349
499.09
753.822
555.572
278.216
202.835
255.814
323.557
719.996
622.427
903.478
607.641
323.639
176.341
195.337
369.672
870.582
687.499
627.906
507.875
315.248
208.36
186.355
268.493
591.652
556.551
672.682
598.654
288.808
162.211
139.754
275.871
621.767
648.876
576.201
524.713
260.068
160.048
168.565
233.254
533.87
558.739
783.941
756.804
342.568
250.538
177.38
310.333
715.711
796.81
531.723
565.714
270.398
171.493
179.942
291.907
483.599
592.433
401.293
413.644
244.934
289.216
234.961
200.861
364.852
435.986
486.388
599.194
416.078
267.264
215.043
259.926
432.761
611.807
443.144
409.149
329.204
352.188
231.646
227.582
414.283
433.428
623.135
276.479
200.54
168.115
211.977
412.984
634.752
338.223
769.055
444.342
345.749
395.034
403.447
442.802
761.222
504.939
981.424
561.626
197.75
214.159
159.786
295.462
934.932
671.947
894.32
493.433
174.488
146.186
151.398
457.297
887.977
588.615
870.431
524.506
149.587
204.556
154.574
401.905
851.344
616.205
809.001
380.663
171.279
195.156
164.204
362.201
796.205
466.884
891.27
407.283
171.265
195.631
226.932
546.792
910.238
495.992
934.439
424.143
287.646
306.897
263.67
355.059
914.31
533.311
1091.92
435.02
168.996
129.956
163.003
546.32
1103.32
551.547
951.112
485.933
386.299
568.894
441.305
670.151
979.163
563.066
903.933
842.101
480.647
199.033
209.576
294.523
827.428
908.819
643.415
695.988
395.746
196.776
189.703
304.436
587.793
716.337
515.452
555.414
347.251
220.8
210.312
198.754
469.039
575.458
595.052
452.64
282.061
223.355
173.571
260.232
567.814
500.942
518.277
513.573
288.407
265.822
247.54
425.793
491.643
535.767
464.139
498.408
320.497
240.126
226.016
388.316
450.063
513.578
390.738
447.252
334.866
241.452
237.949
285.039
361.23
461.541
436.166
380.622
199.763
124.327
108.846
207.527
414.836
408.419
575.738
455.535
228.419
235.007
179.638
294.399
545.451
505.925
436.266
268.809
173.004
230.148
173.354
208.21
426.396
308.664
823.122
383.276
167.93
149.958
108.195
316.138
808.686
476.258
470.479
304.499
141.753
227.599
184.426
205.122
452.318
351.43
1004.25
447.906
250.716
345.073
177.645
357.029
985.603
570.278
803.818
470.905
146.058
264.34
198.322
371.789
786.286
556.501
798.904
524.735
234.112
241.118
225.376
376.421
775.566
600.497
635.877
351.934
244.873
329.818
226.56
289.445
622.13
412.377
883.317
606.092
226.624
227.63
197.849
333.475
841.236
695.003
865.608
430.682
191.686
194.405
194.124
383.535
851.658
523.388
1013.28
523.295
122.968
117.419
166.239
562.626
1017.62
632.509
1014.9
432.716
200.334
197.266
232.297
565.227
1024.94
533.489
493.351
463.769
411.517
293.012
233.152
296.611
475.97
475.311
549.357
615.376
355.402
185.593
170.172
272.105
504.472
637.346
620.878
647.128
339.18
154.102
111.882
251.77
566.471
676.259
737.818
660.319
430.526
232.585
287.687
321.74
684.615
705.746
831.658
735.338
321.951
140.11
202.795
287.438
761.185
803.75
736.582
625.615
270.459
149.14
163.115
275.979
676.378
690.831
553.904
544.644
258.564
154.134
148.383
341.629
510.787
583.541
739.137
525.405
198.92
256.779
232.105
234.218
686.077
605.192
529.439
393.136
175.726
150.049
95.0931
148.858
490.941
439.65
489.489
430.173
170.371
200.349
176.288
229.657
445.235
480.3
438.738
313.436
257.138
286.93
206.271
162.923
416.603
340.339
633.567
402.416
160.893
222.202
195.162
286.586
603.632
470.951
594.662
447.969
255.702
186.781
179.181
281.729
559.906
491.675
710.155
432.332
185.049
257.709
161.07
353.226
700.447
503.286
731.779
417.246
132.358
122.582
158.669
370.483
722.831
495.014
529.755
324.534
252.749
257.889
179.175
295.416
522.332
369.499
614.571
449.52
239.539
267.237
253.577
532.567
612.862
496.255
1041.28
473.932
182.186
181.649
168.344
389.648
1023.62
597.129
671.508
449.404
212.981
196.896
175.121
344.571
657.513
512.45
1011.52
503.774
142.049
125.988
179.501
551.493
1015.77
613.352
559.135
651.778
424.278
259.736
154.051
231.055
505.801
666.675
655.394
642.913
409.359
166.184
199.224
313.895
607.571
670.695
642.978
541.413
333.126
211.708
184.7
305.587
607.144
582.513
470.822
394.713
343.733
273.606
191.588
225.139
448.986
412.827
598.702
453.138
236.596
174.811
146.724
259.928
568.418
504.596
626.417
499.507
390.703
243.803
279.426
412.038
604.57
524.821
526.569
401.635
182.421
229.158
231.496
266.786
499.705
448.97
838.421
711.439
386.986
249.426
243.631
318.617
775.323
777.509
737.362
502.434
305.932
289.273
305.14
389.448
712.776
563.062
733.126
483.378
149.681
152.356
150.6
302.74
694.167
560.622
572.745
380.445
244.773
228.897
162.907
262.07
553.842
426.945
432.307
322.663
184.347
200.046
176.152
209.852
411.07
364.821
380.12
406.839
228.365
210.492
151.126
169.169
343.213
428.835
743.146
456.69
203.151
207.874
212.233
420.961
740.303
520.189
605.264
398.983
156.058
161.81
138.678
294.904
591.03
456.82
783.236
423.673
188.248
266.721
242.12
285.724
753.223
506.613
1106.47
515.345
177.561
275.332
211.721
408.629
1084.6
650.049
834.685
364.7
94.1004
118.474
129.753
509.595
862.014
445.336
960.555
405.318
169.231
169.846
136.627
472.685
969.119
509.931
1018.9
500.8
149.88
122.999
169.038
589.073
1033
605.204
530.746
521.966
420.332
321.087
238.948
305.471
502.986
540.197
613.546
670.616
462.223
260.085
200.169
262.135
565.129
687.794
687.326
725.751
417.034
155.983
202.529
335.106
631.11
751.151
549.2
577.201
320.465
209.922
185.898
349.221
517.118
614.729
518.406
542.461
319.99
209.823
158.949
231.146
472.411
565.354
572.413
636.953
342.288
182.237
183.632
298.449
518.97
655.569
460.36
465.413
273.392
190.548
164.45
215.669
427.919
483.862
408.999
343.351
224.841
209.324
170.664
201.102
391.601
368.444
350.527
353.289
212.946
144.117
142.916
190.18
327.223
368.525
510.555
522.348
401.889
238.161
198.562
255.092
466.049
534.164
464.543
587.64
377.029
275.784
313.849
389.556
430.061
591.321
336.783
326.364
256.981
233.07
233.821
171.689
313.164
345.982
434.471
504.09
323.746
288.572
249.835
387.237
406.46
513.766
482.789
394.493
257.129
251.357
172.643
277.688
459.581
429.347
707
429.137
193.678
163.403
173.544
244.708
673.17
501.428
698.584
433.698
185.125
203.847
178.862
284.1
665.937
510.105
1144.99
517.131
171.756
158.238
171.908
430.298
1120.77
660.781
1261.22
513.282
133.973
172.764
131.909
506.552
1256.75
668.592
905.177
400.37
148.534
114.001
197.344
434.907
906.673
495.738
1154.53
456.375
179.753
162.835
269.544
636.598
1166.7
584.477
581.293
734.361
480.498
273.616
199.194
386.705
530.069
741.131
660.041
599.467
415.221
218.909
204.721
276.586
614.796
634.872
808.002
730.514
353.376
241.986
195.573
353.846
752.342
781.823
530.579
690.97
425.043
273.999
210.966
327.975
469.682
696.432
728.919
643.034
312.032
189.263
145.561
268.844
672.512
695.935
506.891
480.261
235.965
121.932
130.46
270.114
472.408
508.644
485.316
404.459
221.028
218.8
121.014
208.778
460.778
437.651
537.37
565.628
334.431
198.889
189.122
235.236
485.094
587.576
602.326
514.536
273.794
315.513
216.77
243.39
559.428
562.614
299.84
346.753
294.216
265.626
222.83
261.601
289.778
348.086
355.181
431.556
330.007
247.16
283.467
248.63
319.711
435.252
643.016
517.744
215.067
154.485
146.589
288.971
602.24
569.786
679.859
652.632
315.703
147.923
172.468
269.91
615.575
704.171
689.718
508.498
287.884
318.602
281.143
281.523
639.427
567.849
561.014
499.642
206.642
134.278
165.02
295.442
516.151
551.17
646.267
486.041
229.369
287.21
180.009
267.943
607.115
551.991
935.782
490.061
199.729
146.863
139.119
294.717
901.858
595.483
1143.65
491.499
125.62
170.873
129.998
405.965
1124.22
636.253
1161.74
477.141
250.423
245.251
261.314
474.548
1150.93
620.552
924.915
432.162
147.437
169.695
177.103
611.687
963.032
513.522
379.696
453.128
350.933
335.345
237.025
254.892
353.082
457.874
527.211
627.813
425.901
242.14
254.092
330.573
489.213
635.114
704.843
622.193
348.481
248.939
265.365
359.083
667.68
666.642
348.631
447.524
344.823
247.683
239.087
210.9
314.503
451.965
549.072
427.582
308.926
257.052
245.726
293.02
530.295
458.002
483.721
383.019
211.77
197.077
135.368
204.976
459.825
422.964
489.149
484.025
275.487
165.335
175.657
323.559
458.996
506.436
571.925
506.706
307.791
244.723
176.659
364.058
550.236
537.792
480.294
457.688
318.47
198.205
180.414
243.001
452.759
478.463
459.279
582.274
346.496
220.198
216.263
394.55
424.014
591.56
448.751
503.966
278.645
150.44
114.677
225.906
406.586
525.593
503.576
438.087
308.814
176.164
206.541
261.135
476.387
464.962
627.577
504.941
265.315
157.388
140.864
255.74
590.071
556.174
709.239
482.415
213.221
264.694
184.879
305.702
682.007
552.003
580.957
531.459
294.957
278.562
275.02
375.745
545.802
573.764
388.363
338.577
219.515
255.163
259.583
301.335
388.278
348.423
749.626
480.053
181.46
146.882
174.391
329.263
726.066
557.301
843.915
393.36
189.247
188.235
234.452
441.477
836.899
479.245
821.348
380.15
173.181
174.395
195.395
473.289
838.287
454.04
1005.73
459.769
244.714
168.263
227.588
614.145
1023.16
564.004
341.184
445.443
427.492
334.775
228.705
317.324
334.795
433.17
444.233
645.765
573.392
353.356
310.894
303.722
402.688
633.943
385.309
538.86
508.883
299.482
209.127
220.919
352.168
516.164
484.024
609.141
443.787
243.689
238.036
297.082
437.439
613.963
441.253
554.991
414.402
279.681
184.228
285.677
404.797
558.923
395.514
544.744
415.391
286.585
155.494
280.411
368.787
539.98
475.39
548.715
323.883
168.248
196.294
251.741
431.786
560.929
503.065
562.763
400.772
233.43
205.897
282.361
459.804
568.638
515.789
517.746
367.122
247.358
192.218
301.149
499.988
526.807
400.112
418.091
244.931
227.137
155.581
274.876
376.562
434.232
426.132
489.558
326.045
215.75
183.487
275.809
395.005
494.581
484.955
438.203
303.173
222.965
203.286
206.314
450.596
470.045
539.579
506.821
298.122
355.429
232.89
282.648
503.681
533.134
743.852
516.809
305.094
247.329
251.443
396.546
718.638
567.468
611.948
479.265
250.853
181.465
195.279
282.353
586.511
524.026
441.123
406.882
267.911
229.843
167.383
143.948
403.654
438.999
660.339
424.106
191.312
374.141
313.851
332.903
622.28
495.348
864.987
446.622
124.259
84.2522
94.7221
300.623
829.594
553.063
799.851
376.882
113.321
76.0066
127.786
420.174
806.806
457.494
968.649
398.585
136.804
124.562
176.44
531.108
976.224
505.973
