697.424
806.66
466.771
166.345
192.09
329.666
627.278
844.742
561.286
784.558
543.575
279.327
231.444
309.836
496.92
779.596
686.928
905.564
675.933
239.011
369.383
435.878
611.53
904.517
633.966
823.4
523.044
257.629
253.751
389.151
567.57
829.139
615.218
871.228
570.62
217.837
282.29
420.05
547.077
862.418
442.311
714.489
556.268
326.069
273.642
316.23
391.937
693.22
305.125
484.848
558.207
356.26
272.922
271.998
286.782
453.708
430.903
620.991
704.202
481
310.374
326.729
409.204
595.256
359.89
544.796
706.653
620.041
397.119
219.348
322.889
511.61
282.055
346.447
518.681
663.768
331.866
199.974
267.683
327.073
260.553
213.411
485.474
837.197
395.611
213.902
261.435
206.59
209.374
176.881
421.944
913.041
602.696
223.717
210.071
169.251
193.653
146.036
406.842
1074.87
646.14
205.882
202.246
149.84
233.829
220.361
368.433
815.656
808.81
398.513
247.404
213.38
196.151
199.609
365.026
748.927
818.853
469.609
221.765
185.976
322.037
264.204
420.239
499.005
655.903
536.54
355.893
249.28
530.869
353.229
242.713
357.139
577.04
710.882
577.999
370.415
591.835
385.233
337.401
419.349
715.33
843.794
654.343
400.195
636.427
377.757
341.646
439.741
735.907
929.749
711.471
406.948
792.102
502.951
252.134
289.819
549.176
994.198
870.322
533.88
644.237
792.283
537.932
292.981
211.024
390.472
585.408
800.279
653.074
747.695
431.031
198.209
234.107
273.608
580.492
784.604
690.918
897.969
599.935
288.649
271.055
355.292
613.286
900.881
622.253
732.864
545.091
230.252
274.797
344.644
561.732
740.325
593.977
790.151
580.298
232.955
216.814
343.978
546.101
790.758
416.267
688.573
660.485
400.623
332.242
272.391
366.001
658.322
472.986
688.45
589.01
413.232
384.551
318.979
428.072
673.573
352.575
535.318
688.575
560.879
340.456
335.315
348.618
506.828
243.398
436.633
519.434
499.228
277.342
209.442
214.617
403.853
204.456
370.536
624.691
698.289
425.134
237.871
187.137
331.608
234.417
271.051
678.702
858.853
431.755
216.05
237.894
240.901
126.429
120.945
316.067
792.385
518.536
203.973
134.093
114.829
142.496
155.649
471.558
973.3
692.256
232.155
149.437
147.956
219.126
199.135
367.084
705.439
794.238
441.674
236.125
199.011
317.919
230.168
306.836
484.073
684.68
601.674
352.317
231.595
357.674
303.497
397.686
453.555
646.982
587.479
396.02
309.206
469.582
328.309
335.863
388.119
585.053
624.685
507.341
334.738
668.295
340.771
330.287
299.505
604.661
791.897
722.477
369.891
468.404
262.37
264.579
286.942
603.589
732.484
518.898
267.76
804.908
412.705
346.281
279.527
660.671
945.432
874.285
447.257
653.319
795.938
519.22
194.451
250.982
335.267
582.169
812.778
818.731
837.2
387.308
124.547
197.859
449.003
750.75
876.139
716.301
735.035
435.444
182.997
194.827
266.65
645.761
781.133
743.083
721.823
335.957
330.845
208.647
323.623
671.684
781.404
697.639
852.807
565.374
216.386
287.876
408.461
641.1
861.268
471.452
708.252
624.863
271.094
231.106
267.487
412.43
678.531
556.046
758.831
548.322
355.079
358.561
360.98
491.804
752.522
433.171
658.818
634.494
387.82
226.289
325.56
395.813
634.364
333.469
477.186
574.712
457.898
242.681
290.588
321.602
453.931
266.422
328.049
455.396
426.073
361.318
290.036
273.425
302.38
178.947
184.809
494.734
932.658
479.835
184.957
174.351
175.175
219.698
177.125
548.264
955.414
570.104
195.98
221.748
170.44
225.156
234.737
357.658
658.722
669.842
392.11
230.636
232.213
242.929
239.389
327.909
402.259
499.617
423.514
251.122
234.189
343.238
268.494
305.221
431.86
596.278
620.491
380.921
263.658
501.778
305.121
328.041
211.969
561.701
804.217
567.693
296.253
518.105
268.191
219.127
227.407
506.969
726.835
569.206
294.109
518.515
333.336
211.654
329.7
546.916
733.198
573.808
355.665
729.901
554.01
288.477
287.058
543.426
908.604
798.176
565.262
775.747
436.856
312.812
270.451
539.063
979.931
853.916
459.618
620.532
810.917
490.147
187.137
203.598
357.233
551.986
818.72
565.551
678.078
415.585
200.821
237.145
298.196
507.431
694.797
658.598
724.787
496.188
282.439
208.202
295.022
600.527
745.695
461.08
605.258
510.602
366.864
380.764
283.238
415.449
600.422
660.778
762.794
509.812
329.939
330.042
405.187
609.671
780.548
480.46
773.015
645.679
423.489
276.317
347.287
433.413
748.404
466.536
688.43
556.065
414.696
259.893
297.363
436.127
671.338
270.093
518.483
604.532
412.866
229.468
231.014
240.993
467.489
251.928
427.099
704.196
529.506
349.467
224.559
246.365
376.841
353.173
293.549
380.333
645.427
477.032
227.809
353.983
303.824
131.29
191.849
431.857
568.163
299.386
176.965
131.849
169.875
310.598
231.627
455.844
476.49
602.369
422.647
325.872
225.879
173.683
215.082
437.996
701.13
729.293
394.812
184.19
189.487
277.51
244.162
312.572
539.037
727.363
578.78
312.392
239.187
511.363
405.085
301.803
402.421
627.825
774.474
569.159
421.627
595.431
475.525
330.257
332.511
506.058
809.693
658.289
484.534
721.09
406.495
200.126
211.064
416.955
768.734
777.169
447.511
493.286
376.834
226.235
443.433
565.399
568.232
522.626
380.208
709.093
454.044
279.327
266.844
540.162
945.814
783.846
470.251
898.335
478.555
237.739
163.016
360.072
848.76
952.717
523.493
775.222
747.169
405.604
218.095
213.385
358.019
711.861
786.584
741.39
812.342
463.039
160.297
207.952
325.681
668.279
848.837
806.005
816.54
488.935
220.24
206.946
329.178
735.392
848.685
601.01
653.665
381.655
199.605
185.882
325.204
554.641
675.049
398.096
601.176
573.813
317.021
300.264
321.704
377.237
575.136
535.875
705.145
495.708
225.612
248.913
349.476
480.201
703.554
486.531
774.416
694.63
332.672
357.774
356.537
435.53
735.444
325.099
560.03
548.11
248.276
222.087
285.312
292.859
514.673
379.976
528.094
516.506
351.875
253.653
295.118
345.994
514.778
332.286
393.079
532.006
405.355
325.279
320.488
335.025
373.294
127.295
209.408
451.393
705.038
402.337
182.37
121.792
185.83
216.334
233.421
295.566
646.402
464.571
227.359
214.634
231.368
270.692
215.001
305.857
633.307
530.217
328.948
280.106
222.794
283.778
213.777
255.86
369.313
540.122
475.138
306.058
213.768
602.097
414.359
316.445
214.33
562.504
853.446
667.148
425.112
723.471
421.476
232.26
279.832
344.332
722.491
779.334
465.772
668.022
427.289
335.032
383.644
417.17
731.92
717.481
435.3
1028.6
481.543
189.013
129.647
222.464
745.557
1082.86
566.354
792.178
413.705
284.749
238.174
337.065
673.716
834.435
460.273
888.733
426.932
251.108
342.128
392.342
742.445
929.002
484.441
772.093
844.808
450.45
167.69
201.687
304.332
690.363
880.855
748.497
805.074
449.132
280.455
268.657
454.093
687.65
836.822
485.539
676.429
514.478
416.382
381.513
385.428
444.461
671.565
477.391
761.09
553.359
355.966
321.578
326.295
416.628
742.843
497.872
682.862
422.038
275.535
259.881
310.959
442.071
676.477
520.979
725.33
484.89
317.004
258.352
321.417
460.969
724.933
443.386
556.713
456.862
294.917
224.925
293.24
406.551
557.634
450.131
546.846
350.493
254.567
238.069
434.313
441.373
550.38
558.825
424.7
335.287
294.798
232.645
339.516
546.487
453.334
391.217
485.52
553.442
495.465
284.366
313.99
400.186
468.161
154.951
137.861
298.403
589.818
439.932
198.099
165.037
131.415
285.32
270.299
421.256
495.851
545.028
531.712
319.742
242.592
272.297
285.859
342.478
483.285
656.937
541.714
297.192
282.635
693.247
342.301
313.751
399.997
435.888
615.677
732.176
391.052
551.19
390.52
296.536
280.756
604.673
788.461
608.653
428.176
773.538
428.667
215.857
205.652
270.794
487.931
773.152
492.104
875.828
461.57
275.892
261.362
313.096
592.237
897.821
536.481
901.941
399.265
221.822
168.273
294.294
664.203
928.834
464.97
775.894
319.528
261.214
213.74
287.332
637.24
824.665
376.023
912.658
425.674
202.656
261.219
281.938
624.129
939.531
508.635
886.004
889.308
417.33
170.67
225.935
348.912
798.372
959.29
773.148
769.198
377.646
164.072
152.638
315.34
704.305
812.198
570.869
764.214
511.93
223.665
242.513
424.368
517.801
763.408
562.613
703.353
474.892
282.672
336.118
360.38
502.471
712.343
778.393
866.618
425.427
189.573
255.455
394.161
700.047
919.438
627.878
710.34
371.691
117.397
199.184
310.907
561.213
743.082
413.586
480.212
445.956
281.935
261.034
222.49
376.854
478.865
399.419
592.736
555.567
280.972
341.097
344.186
360.126
563.024
323.952
390.669
472.281
439.516
265.725
190.746
299.855
383.976
431.042
301.822
399.34
412.961
280.143
283.833
416.222
328.983
172.342
160.56
252.657
447.435
425.451
217.707
169.816
158.901
404.855
220.884
274.026
394.221
505.461
568.183
440
223.95
385.085
291.825
366.98
383.283
555.296
602.239
430.346
292.006
644.699
348.406
199.437
213.495
277.053
584.695
690.328
383.768
773.453
351.361
188.755
282.58
332.346
681.465
817.613
400.703
774.914
307.862
155.587
134.573
324.89
638.677
814.957
385.174
935.266
397.158
132.955
124.329
287.542
751.622
995.645
485.609
989.311
415.114
308.49
360.074
348.004
608.339
1001.97
518.618
803.485
382.327
193.029
248.931
254.097
506.606
813.524
460.051
990.551
447.661
205.772
193.491
374.06
820.356
1053.13
527.123
816.763
949.312
502.784
209.638
237.257
427.931
738.319
972.53
680.093
833.223
476.903
242.643
278.922
469.287
623.254
845.694
664.983
723.178
410.728
191.854
173.597
281.391
595.419
762.521
915.199
908.922
435.249
176.906
275.057
362.302
824.874
971.442
613.346
653.165
303.259
158.441
136.909
277.368
550.232
686.587
527.353
562.61
363.556
215.34
163.413
204.667
474.5
590.919
523.428
689.387
421.718
245.758
203.314
398.515
494.961
687.061
411.693
590.514
516.059
295.213
209.218
294.175
374.752
571.559
465.414
500.512
473.84
413.619
370.974
323.949
429.434
506.878
324.831
270.226
448.909
524.067
327.711
246.625
322.507
269.283
283.939
173.722
381.175
711.076
462.909
248.663
296.03
176.957
295.992
258.669
315.499
525.967
656.264
468.221
310.091
266.706
612.436
309.985
216.261
262.25
354.313
483.921
631.913
358.731
601.162
312.983
243.767
292.189
238.336
441.968
617.573
365.002
616.638
379.391
265.72
252.045
217.631
475.07
642.958
404.494
927.458
492.829
305.324
359.241
340.408
582.337
943.801
565.204
915.829
457.74
204.406
195.167
343.532
759.913
957.665
524.625
824.017
346.09
231.08
240.83
196.159
364.681
827.094
439.726
719.268
465.229
285.978
323.103
447.002
747.653
764.377
487.712
941.019
431.209
167.697
230.061
327.557
670.236
979.466
521.383
739.695
839.997
524.214
250.699
271.641
393.096
673.949
864.151
680.064
653.569
435.476
237.164
226.269
343.066
633.766
685.826
703.881
625.577
463.256
258.944
187.879
328.434
659.635
660.678
725.743
691.753
310.227
184.412
247.459
346.464
654.971
735.781
564.668
637.003
326.129
188.476
145.157
313.171
507.754
660.701
847.289
797.71
377.162
159.393
175.309
397.155
777.707
849.866
528.322
590.852
376.421
221.708
202.662
423.688
495.328
607.681
364.644
433.12
318.18
247.595
228.128
292.129
337.075
440.172
619.592
517.46
564.423
455.056
349.482
402.45
603.023
517.517
205.299
289.483
414.025
483.181
323.13
269.469
197.662
275.546
198.021
245.468
338.229
422.122
302.957
221.365
197.273
226.7
494.262
258.265
308.598
378.37
452.323
535.262
527.641
291.456
716.39
367.761
289.818
340.901
356.286
605.386
750.256
413.708
729.326
315.966
158.619
182.805
227.014
507.595
757.385
389.637
662.864
317.29
164.852
146.791
246.84
528.954
699.708
372.909
1011.45
388.279
160.08
132.886
221.955
591.354
1028.12
495.989
853.794
429.889
196.607
200.122
238.145
571.173
877.319
502.4
998.288
562.134
214.598
236.525
193.063
537.693
995.126
661.356
1114.34
464.9
137.386
297.073
322.25
701.874
1143.99
582.768
1004.38
476.141
246.879
314.616
329.883
553.132
1011.14
581.983
710.021
737.825
415.821
232.419
190.078
263.634
644.358
764.331
804.059
782.547
423.377
255.657
229.605
417.211
744.688
821.949
810.994
744.196
379.295
178.214
163.448
295.243
745.68
802.371
715.131
594.877
189.492
226.664
202.317
441.186
665.428
669.484
671.915
697.846
474.889
265.899
245.86
266.689
607.025
733.735
470.737
615.563
419.67
285.507
293.608
292.5
422.807
620.022
511.968
735.168
575.655
380.417
350.411
415.416
474.443
723.165
834.416
868.579
501.484
296.569
171.092
339.033
754.71
919.687
387.412
482.512
325.714
221.875
149.879
232.523
352.598
491.88
267.047
366.477
487.413
404.434
230.666
177.368
250.82
351.559
251.82
389.926
494.43
481.426
485.14
285.583
230.954
360.615
555.127
270.141
253.382
301.559
382.704
484.297
580.764
310.684
742.065
419.992
201.837
188.529
227.436
573.7
769.38
466.873
657.827
340.977
160.759
131.388
226.203
574.328
690.763
379.103
932.228
474.147
220.334
131.782
209.569
584.891
957.294
551.507
874.483
400.839
167.745
182.173
240.061
564.672
896.136
492.69
1115.5
521.15
175.58
184.828
144.359
501.826
1111.62
644.919
994.897
441.081
239.644
183.7
247.865
615.434
1008.35
539.901
968.15
435.938
222.823
143.986
240.465
666.289
1001.9
525.364
947.148
376.901
129.649
172.086
204.475
574.852
976.208
477.381
670.288
664.688
348.791
289.176
265.626
400.263
624.342
701.887
648.738
727.5
352.208
161.449
210.635
443.957
593.623
754.851
678.21
562.187
239.797
164.508
140.341
332.687
635.95
625.277
479.596
592.855
283.752
188.857
176.875
250.267
429.472
609.932
452.934
400.185
215.211
149.731
185.028
244.399
429.993
432.386
615.299
787.758
497.961
288.563
261.055
328.357
548.855
789.115
573.618
688.207
482.236
269.112
231.681
308.572
519.07
693.295
452.92
472.302
277.073
196.024
198.822
302.301
434.985
485.232
388.624
499.458
360.6
342.653
187.442
223.44
349.333
504.461
243.013
276.824
284.323
342.575
266.875
263.23
236.872
271.255
608.116
304.51
304.217
314.779
486.526
628.116
645.125
330.694
551.916
347.893
199.971
157.262
268.735
435
565.632
373.05
840.83
363.14
164.625
124.793
213.589
565.29
861.3
438.136
755.24
418.897
142.339
201.637
205.948
409.521
751.27
498.938
760.809
361.112
140.611
121.745
175.795
500.463
781.815
435.594
895.925
361.861
125.019
143.529
194.008
490.871
899.226
463.985
899.073
451.817
136.887
131.066
149.058
529.625
913.667
542.316
790.286
409.997
165.507
205.938
196.362
368.284
779.249
496.828
1031.57
400.485
187.865
126.877
188.879
526.22
1051.95
506.938
1021.93
469.932
160.227
157.933
205.357
530.376
1024.55
580.079
711.181
872.796
468.631
353.658
301.439
546.075
657.666
891.499
725.758
753.571
410.736
221.528
184.437
466.601
673.591
788.368
679.474
636.97
398.424
177.84
186.715
334.135
633.538
668.588
607.978
561.746
342.012
231.52
240.522
271.48
570.815
598.894
613.765
409.257
274.025
329.912
295.06
358.713
605.419
454.733
732.806
591.932
350.13
325.528
196.9
381.428
691.653
650.239
620.08
580.097
318.118
283.514
233.642
298.867
573.648
622.978
674.45
696.518
549.238
298.576
402.741
459.574
633.241
694.074
427.812
513.504
398.191
213.82
184.393
224.83
390.519
520.146
376.898
344.421
497.952
718.224
412.677
247.748
358.451
349.34
360.635
199.849
274.477
440.156
618.509
552.219
400.547
200.81
736.195
429.573
189.332
164.012
193.472
384.879
722.405
511.35
774.973
446.965
202.842
216.178
224.716
318.351
748.56
527.411
851.624
475.488
148.871
142.902
192.696
399.672
837.649
567.336
846.895
464.219
170.449
169.643
211.545
437.68
835.826
555.268
589.671
358.277
166.391
218.828
239.764
342.593
583.275
412.97
1110.05
459.819
186.318
273.608
211.429
488.653
1104.69
595.228
1067.79
571.234
270.997
301.475
267.428
399.626
1030.26
693.687
642.734
290.923
193.197
222.323
195.555
310.372
636.657
354.648
828.173
394.174
151.654
171.706
261.112
561.87
852.351
472.131
787.905
837.93
439.698
177.709
196.1
364.699
722.897
871.993
640.861
723.129
392.549
180.234
144.553
301.006
580.424
747.193
810.354
707.544
437.113
239.317
197.996
239.225
740.225
768.007
895.031
722.778
346.167
306.399
225.058
333.262
838.893
802.874
588.364
541.724
332.179
237.405
204.456
251.456
549.785
569.804
528.237
541.659
307.186
163.455
176.658
279.098
498.688
558.377
410.079
482.881
283.756
151.663
152.572
214.438
382.169
489.875
364.508
305.08
278.783
248.019
212.982
167.686
347.285
320.963
617.067
557.817
362.184
257.332
327.324
303.138
573.11
593.26
395.463
455.188
445.435
380.599
366.842
378.69
395.671
446.781
494.171
298.711
319.455
220.033
279.091
384.205
506.366
326.913
511.997
344.014
215.95
191.152
163.975
315.354
512.35
375.675
709.974
325.337
129.275
186.628
163.459
393.878
718.899
395.834
738.292
423.591
123.228
119.017
124.552
373.515
729.392
500.858
842.494
449.724
125.22
121.004
150.037
448.976
841.224
539.495
845.951
504.364
199.859
130.117
145.938
431.082
833.943
589.968
1097.77
588.534
185.122
109.057
126.521
366.794
1057.76
711.732
967.222
595.214
338.771
357.177
320.474
428.539
932.763
693.568
656.252
414.445
193.59
268.009
255.795
457.707
657.557
462.943
984.567
411.176
174.778
183.737
224.504
593.832
1006.24
518.179
801.051
708.898
439.517
210.599
215.948
396.904
750.384
754.687
830.887
574.732
350.448
200.605
200.992
384.205
807.37
637.595
713.077
547.551
317.912
255.458
200.763
334.32
682.19
598.214
609.779
515.305
302.842
188.886
151.915
262.565
572.505
555.974
592.722
605.064
286.145
214.596
159.999
279.476
541.43
637.221
624.208
576.287
291.086
320.092
224.316
253.084
568.973
630.966
502.519
465.076
241.067
203.088
206.433
207.158
464.003
496.878
492.865
500.768
306.445
281.89
179.491
240.128
454.836
530.526
658.183
595.277
361.855
198.931
165.982
237.487
603.27
644.789
406.23
312.672
250.174
271.96
182.192
202.049
389.294
344.865
763.299
451.717
244.007
278.199
197.842
373.255
744.836
520.597
700.126
364.691
242.084
243.426
219.095
295.156
679.744
446.364
756.335
364.588
117.461
144.785
124.372
240.535
726.841
459.51
712.164
388.422
145.153
154.022
145.391
359.533
702.878
466.794
815.734
484.426
150.601
122.102
177.102
389.377
799.008
569.484
930.194
524.575
170.662
183.639
168.861
458.499
918.264
621.905
930.369
446.533
282.569
343.108
265.438
383.452
917.202
541.668
993.084
519.086
160.018
141.976
163.779
493.927
985.542
623.927
869.961
409.631
154.327
152.804
143.026
470.148
877.283
501.238
1164.46
534.074
280.005
295.59
235.895
558.388
1168.72
642.478
823.059
760.282
450.052
260.91
202.309
307.704
763.081
811.579
835.189
810.674
392.505
255.2
253.284
366.757
762.08
866.898
590.716
646.261
354.671
179.952
156.327
301.794
540.271
669.08
453.878
474.424
272.847
153.882
158.758
300.907
421.225
497.182
560.753
612.081
322.336
184.904
172.348
350.492
523.741
636.372
479.477
481.86
323.321
230.624
212.129
330.912
458.766
499.043
363.141
355.759
199.186
195.667
178.048
220.294
345.495
377.86
486.093
375.009
208.592
153.034
166.38
264.068
471.884
408.105
671.561
429.296
143.63
154.505
126.167
272.969
645.385
500.063
699.327
372.229
142.929
171.171
143.807
251.4
677.304
448.255
600.946
350.036
180.216
273.798
196.009
323.534
591.756
406.721
708.551
345.843
242.829
298.846
279.004
378.838
702.236
414.023
627.07
314.203
355.534
356.469
365.408
358.021
629.392
362.714
581.777
351.956
216.556
262.828
173.346
285.664
570.733
408.412
783.005
468.044
313.724
278.03
207.705
363.127
766.599
543.24
704.175
424.933
245.149
289.043
194.806
354.933
693.456
493.398
990.902
467.41
199.635
223.983
243.136
376.874
966.764
585.502
918.92
470.506
156.167
197.397
191.549
475.207
918.836
569.072
718.342
460.879
217.888
174.983
152.465
343.65
687.668
534.468
1030.32
487.936
179.575
142.599
244.465
674.62
1059.88
586.226
636.514
523.677
364.666
254.595
248.141
345.607
610.435
557.777
508.512
564.524
336.842
178.047
183.389
329.944
466.767
585.223
616.055
682.079
373.056
181.917
164.971
312.364
560.719
704.602
558.35
600.996
350.577
171.877
142.755
285.414
518.195
618.021
805.453
670.644
302.854
215.974
248.293
325.162
744.74
739.026
654.807
563.649
261.41
139.788
204.2
239.073
597.403
619.885
552.973
494.677
325.362
226.569
202.502
224.559
508.312
523.545
646.42
578.612
257.342
265.722
256.739
300.944
590.851
636.783
662.768
485.061
207.762
114.614
122.772
215.846
618.446
547.43
514.278
359.139
146.695
97.2556
69.814
144.331
475.348
409.555
597.332
485.756
210.874
279.403
243.849
292.306
558.246
536.577
566.971
278.74
165.291
166.768
163.534
278.429
554.705
343.634
582.591
423.179
170.264
156.053
163.552
279.169
563.48
476.951
738.987
504.75
238.884
365.677
301.54
351.47
711.61
575.13
800.088
445.046
223.859
232.393
165.03
389.786
790.573
529.001
805.622
520.112
149.935
164.154
131.771
360.477
780.577
603.49
627.617
362.56
218.735
239.55
165.147
346.092
624.908
420.391
749.283
330.883
118.985
188.447
145.447
412.517
760.42
407.832
718.757
361.895
159.318
155.505
152.886
430.13
732.466
418.685
1031.98
499.776
145.932
141.252
149.521
540.371
1033.73
614.134
546.005
618.723
499.452
330.561
267.7
241.253
496.418
629.267
601.11
737.955
442.832
216.053
195.287
381.257
542.005
753.838
619.718
692.875
403.723
214.445
210.689
411.221
570.397
715.58
364.193
495.543
466.126
327.939
181.196
254.886
334.915
479.745
684.382
452.925
196.066
135.922
147.532
294.779
662.266
519.244
744.003
505.699
222.461
184.568
224.623
359.942
723.473
571.919
542.421
400.153
258.714
258.278
217.188
240.934
523.472
433.028
750.123
722.101
316.371
231.852
204.575
325.674
688.865
779.345
607.277
494.642
168.381
138.963
131.861
253.587
562.971
554.218
605.17
396.552
162.854
209.56
215.444
283.785
569.107
462.548
532.57
356.262
168.954
153.013
135.532
270.669
517.531
404.705
592.185
396.031
210.415
233.09
176.608
268.899
574.157
453.751
567.809
458.317
187.597
182.44
153.045
253.889
533.492
507.702
548.705
464.406
228.684
112.62
148.739
304.232
533.219
490.447
714.815
441.067
125.249
104.044
99.8318
332.983
696.813
516.912
770.633
514.27
215.019
274.866
237.211
321.443
735.114
594.363
772.689
374.948
190
272.469
219.605
315.808
750.762
456.762
1321.87
515.819
107.421
121.78
149.961
571.672
1319.88
681.158
1088.42
409.803
145.802
141.538
243.465
593.228
1097.36
537.214
1163
463.69
156.082
83.254
177.128
594.541
1172.47
594.189
620.701
526.458
341.752
301.711
208.781
294.758
592.297
563.927
505.452
624.907
471.528
319.061
247.75
311.573
465.231
630.291
755.261
779.522
438.573
226.467
257.539
345.54
691.064
810.648
669.278
683.843
371.591
202.515
282.581
302.918
601.261
726.529
637.878
614.264
322.917
277.718
207.291
222.523
576.943
649.835
683.146
570.831
317.959
217.179
173.099
246.472
638.084
621.551
508.348
477.308
289.27
213.196
172.855
200.593
477.204
498.099
496.165
489.917
303.848
230.753
195.042
229.352
461.889
515.122
481.149
451.743
284.988
190.621
146.386
211.965
451.569
474.516
305.043
444.857
384.022
255.998
243.442
221.937
269.713
429.122
544.743
669.211
503.715
327.735
283.145
348.007
501.827
661.059
429.893
491.373
261.788
216.892
258.019
395.438
402.995
507.275
525.857
541.955
299.835
248.659
235.124
368.463
492.716
571.218
751.996
540.398
358.687
328.792
255.906
309.84
712.348
602.761
679.784
458.087
175.854
159.432
190.584
315.725
654.102
526.217
816.19
457.488
174.425
94.329
147.763
250.989
777.533
552.643
763.668
483.293
209.211
213.504
200.717
333.457
730.505
569.078
1095.85
478.206
173.781
209.714
150.209
427.251
1081.6
608.937
921.763
450.061
158.736
154.15
238.676
473.222
920.665
545.326
1002.24
436.887
128.385
114.754
172.666
607.313
1031.44
534.463
391.835
570.847
541.918
330.211
203.986
298.959
363.369
542.178
549.406
672.328
446.544
265.409
176.302
312.432
497.42
683.887
881.235
792.935
432.593
250.935
214.141
378.906
825.406
843.255
486.022
516.408
418.79
312.404
275.118
256.28
445.645
521.574
604.334
666.247
363.797
296.536
255.364
324.68
543.787
700.725
438.017
503.579
270.36
163.774
175.716
318.315
400.208
521.667
512.07
556.745
304.093
134.534
161.954
344.313
470.408
578.929
606.777
694.331
382.782
351.343
282.339
434.003
559.707
714.581
479.337
598.581
392.842
237.436
216.859
305.729
430.229
604.398
484.806
430.062
289.738
213.376
159.464
320.319
480.04
446.415
556.522
458.323
221.623
288.81
208.681
302.233
528.091
504.283
424.982
521.118
321.144
299.729
259.779
277.048
386.486
528.836
676.269
623.162
315.037
195.533
194.646
265.177
621.782
665.152
677.715
506.97
312.505
378.813
217.195
194.278
627.025
568.542
631.932
400.097
193.031
116.993
151.851
311.897
610.302
457.333
664.105
521.397
216.848
208.454
167.816
285.899
623.457
583.959
798.295
545.343
206.226
172.285
196.313
311.772
756.238
625.207
708.693
365.646
176.214
211.467
178.876
306.938
691.795
443.55
751.929
376.927
246.063
290.17
232.773
432.636
760.541
449.671
1009.92
472.778
159.379
154.443
165.153
591.726
1029.29
575.417
518.8
358.293
252.649
275.431
218.464
234.965
501.289
398.561
461.507
393.79
289.211
215.765
305.052
269.667
444.891
412.794
522.59
506.569
345.262
314.794
238.498
318.134
491.321
526.842
451.584
593.596
393.026
258.406
191.875
311.151
415.562
596.029
515.89
698.603
435.173
251.911
214.09
441.192
478.157
698.74
522.115
578.523
396.468
233.292
238.484
304.29
481.899
589.307
500.174
570.772
314.842
156.155
146.154
314.201
461.064
587.642
405.94
440.639
289.749
206.979
206.489
241.293
374.859
454.139
452.884
427.964
281.455
296.941
240.06
234.668
436.792
444.838
525.51
608.454
366.044
240.845
225.433
290.187
482.282
616.172
452.16
533.037
365.788
251.967
257.496
204.273
407.374
543.524
376.583
419.842
301.623
231.394
157.734
194.791
345.226
434.779
595.55
439.465
246.75
253.327
192.958
325.233
579.721
476.893
583.523
486.369
266.131
148.775
172.834
345.886
556.555
522.01
578.691
408.964
217.536
211.016
219.677
288.801
560.807
451.927
451.941
370.815
303.667
313.577
335.988
313.751
435.976
391.489
558.577
432.665
148.436
168.095
208.315
287.817
516.591
494.235
757.109
354.053
196.466
194.213
299.889
550.024
782.443
426.322
1019.05
478.342
135.551
140.869
145.117
379.422
1000.27
599.29
920.984
418.726
234.752
160.3
224.118
533.388
928.148
508.911
