311.902
477.098
371.133
235.007
239.589
206.483
275.201
464.029
247.892
419.622
457.6
289.93
262.851
163.74
217.344
396.673
322.415
530.162
555.965
342.852
211.773
214.876
283.509
503.71
297.445
439.784
543.487
370.136
244.582
183.156
272.695
411.102
303.069
380.783
456.258
430.363
242.158
245.371
296.079
371.898
197.691
272.517
438.075
360.078
202.805
109.731
179.545
259.914
192.664
310.72
544.035
571.543
343.567
204.807
200.275
274.677
221.242
199.468
425.037
631.879
344.407
130.605
212.609
194.176
178.345
159.513
352.514
774.218
369.847
120.166
169.992
164.332
120.534
116.665
285.334
696.089
581.327
232.778
125.707
111.843
193.828
237.897
422.992
624.284
592.891
283.403
199.221
206.831
215.484
208.527
238.499
532.609
630.07
367.039
211.449
212.521
261.803
239.404
376.676
456.002
571.032
397.817
266.677
247.462
261.878
265.143
236.147
507.329
500.166
317.633
254.339
274.65
243.685
181.806
293.949
451.025
702.698
542.814
274.209
177.97
338.019
210.958
225.579
348.192
501.325
465.126
364.419
214.262
355.742
331.421
228.451
391.822
605.902
553.901
388.111
345.45
289.57
190.561
193.076
430.39
481.723
402.981
307.987
199.198
452.626
202.284
202.815
312.148
515.507
510.897
480.175
241.205
507.076
322.339
233.465
292.045
495.716
661.361
549.877
348.149
340.77
506.657
338.106
166.991
147.372
286.602
328.343
493.86
364.674
508.37
382.091
238.105
159.335
266.215
341.389
502.403
274.35
446.572
429.586
254.857
172.558
233.237
245.477
422.482
281.036
438.838
529.49
388.187
242.18
247.404
279.739
401.716
295.053
298.858
301.868
432.047
282.467
241.048
282.71
305.914
238.915
397.504
606.39
592.312
309.716
203.002
222.508
360.462
154.534
272.462
533.058
534.538
402.241
242.463
158.042
234.195
170.175
279.129
515.28
631.039
350.567
164.633
155.319
256.276
141.599
163.942
443.722
748.225
411.645
172.846
141.536
151.284
178.046
173.804
321.009
814.085
622.201
229.849
174.537
168.658
144.533
145.954
262.288
586.267
539.638
309.359
156.102
141.675
276.753
279.784
306.887
609.985
577.019
430.142
281.443
266.697
287.326
263.239
297.047
665.19
797.687
511.343
285.183
266.216
233.304
227.576
426.157
655.549
731.246
388.823
235.583
202.427
233.789
305.789
314.774
390.841
609.286
516.003
246.722
272.455
373.091
331.952
350.877
428.103
574.106
526.893
404.566
331.736
614.378
361.859
329.198
441.9
337.021
433.491
631.698
404.803
308.23
252.169
320.068
369.899
544.189
564.291
347.144
257.204
434.825
243.197
216.229
271.221
392.578
511.793
463.31
271.927
390.108
262.907
199.384
331.413
498.848
574.388
434.381
272.594
319.552
461.504
394.574
201.887
211.306
218.432
291.49
447.489
344.16
495.778
476.158
252.743
218.717
232.333
307.421
468.539
268.221
597.145
642.563
327.814
284.514
313.829
234.927
535.46
351.153
700.409
745.693
389.66
306.593
387.829
330.144
630.193
345.018
631.25
604.635
316.858
274.229
261.679
310.05
592.478
335.975
380.761
414.145
360.666
231.636
188.054
315.209
372.891
196.538
275.26
527.375
494.643
403.477
244.696
204.351
236.543
164.773
269.391
549.115
745.836
334.007
176.351
157.415
240.84
127.547
181.604
586.948
893.687
462.599
114.03
120.51
155.409
154.466
120.106
378.237
826.349
625.748
221.562
157.375
115.918
232.08
262.593
406.206
656.785
558.795
294.965
235.368
263.137
324.42
237.88
204.774
324.49
473.829
415.565
321.064
255.848
211.443
213.33
221.841
458.49
511.488
432.657
231.111
206.561
271.21
215.553
241.08
323.809
542.097
593.604
312.88
202.356
190.275
149.844
359.333
434.481
618.544
428.742
220.408
130.174
331.7
312.314
310.701
363.88
529.916
484.227
355.391
320.319
423.409
244.02
337.48
382.237
561.653
536.323
452.323
253.796
463.695
326.135
349.066
320.798
540.67
647.339
505.467
324.961
496.819
346.191
273.25
309.496
428.564
671.679
550.295
356.585
499.705
280.869
264.546
413.564
470.442
524.963
511.653
314.652
364.471
363.428
184.887
147.223
148.461
175.617
336.32
386.568
398.328
526.811
475.24
305.784
300.545
264.521
367.515
513.928
438.168
687.252
589.194
198.348
291.88
376.693
427.111
648.017
289.263
547.261
552.527
326.208
300.743
211.951
248.898
511.431
336.05
369.749
466.84
306.484
315.714
197.553
327.21
359.39
289.888
399.7
440.97
361.799
194.816
160.451
262.267
380.833
281.42
461.786
680.356
558.725
350.796
204.338
262.296
426.357
228.019
365.352
716.36
749.623
382.527
236.961
234.229
316.087
215.2
170.632
452.176
839.3
443.972
225.399
230.132
166.947
145.93
134.008
332.833
882.896
592.709
250.604
149.572
138.415
194.94
170.287
320.704
771.315
571.26
222.153
190.39
175.4
250.171
217.066
399.652
529.112
661.541
428.93
272.966
207.716
332.111
231.052
279.609
252.06
340.09
361.582
346.198
240.471
409.9
340.696
251.962
264.964
445.972
562.199
443.111
342.17
411.313
229.936
201.908
293.15
464.461
547.664
450.575
251.415
341.512
297.195
284.446
302.005
493.449
616.175
387.186
303.073
489.798
406.45
277.096
290.391
502.353
662.286
537.057
418.52
487.46
355.702
245.681
355.393
508.67
580.695
518.029
371.579
493.341
251.987
189.59
315.602
452.044
559.401
526.52
279.129
635.803
326.686
265.069
252.964
421.752
606.035
662.357
374.006
264.948
320.405
235.197
198.818
199.223
163.259
238.759
329.009
501.984
550.998
412.896
208.263
241.832
259.895
457.994
560.07
554.488
729.592
503.33
310.17
282.872
357.346
498.439
721.716
394.567
562.143
415.937
176.77
190.515
192.633
345.025
553.561
352.88
522.541
446.228
308.55
309.536
227.207
310.634
513.07
351.964
374.267
431.847
612.047
393.993
279.862
336.554
385.722
209.038
447.663
634.285
500.857
319.852
255.545
201.104
394.933
316.693
360.973
489.957
447.16
286.448
310.214
309.6
340.596
196.572
210.589
542.168
851.928
481.683
195.195
186.44
207.337
175.648
196.733
434.582
787.906
538.786
218.249
182.758
190.28
199.191
212.979
423.384
614.289
445.173
281.559
205.244
204.181
211.811
236.527
324.336
499.747
404.294
277.339
211.204
235.734
239.889
237.631
257.502
404.639
568.735
526.374
271.006
209.882
246.286
270.039
307.795
403.385
484.733
440.219
266.977
257.226
472.035
320.929
249.504
200.636
311.326
453.065
484.444
340.612
486.903
342.955
212.118
295.896
441.045
620.841
528.82
359.686
553.973
263.099
200.034
213.524
477.251
701.941
609.186
293.44
527.807
289.942
223.789
305.095
536.079
706.048
576.411
318.004
433.732
361.726
286.361
291.226
454.581
707.805
490.108
366.373
586.07
365.495
231.43
202.96
352.798
607.302
622.3
389.595
477.536
326.343
209.236
198.47
257.607
184.117
439.692
381.418
432.215
498.075
326.869
173.726
225.221
273.65
388.352
504.985
505.576
622.391
408.195
268.379
284.052
383.803
461.178
625.588
367.708
491.617
371.245
167.274
217.489
276.466
340.853
484.263
365.426
523.83
385.263
215.784
201.553
170.213
319.214
516.594
363.071
595.023
512.522
324.522
216.872
236.221
318.403
571.682
253.6
377.76
495.431
494.982
258.905
236.938
246.903
343.349
267.716
407.185
656.586
531.468
281.138
261.177
274.924
361.974
194.252
296.414
478.08
823.106
544.248
252.983
184.625
273.161
177.689
161.031
332.232
535.662
327.36
133.302
170.215
163.501
217.849
207.952
270.683
456.252
377.112
233.485
224.212
208.398
264.116
174.749
255.28
414.087
597.758
435.814
289.975
178.091
375.854
296.534
276.423
282.312
297.66
330.418
370.646
313.861
335.505
176.943
186.678
286.663
504.398
564.608
374.099
185.318
509.022
351.171
205.298
281.86
482.326
782.743
576.96
365.952
579.852
324.639
314.06
250.111
429.434
639.397
626.197
358.797
487.363
279.724
181.09
268.18
352.356
434.174
500.257
319.089
461.584
307.616
338.52
373.906
529.633
596.977
500.225
330.398
395.916
353.448
305.425
247.468
557.284
731.171
443.417
350.955
669.534
333.741
158.274
167.417
198.67
420.499
680.576
405.563
435.266
410.948
203.254
179.723
132.092
202.563
394.401
444.473
575.967
528.035
300.52
249.109
226.051
232.054
526.931
570.958
394.91
469.946
299.474
196.75
150.931
200.204
356.103
479.711
463.458
542.921
405.258
300.158
312.335
313.158
427.939
549.686
556.202
558.371
396.753
301.399
313.249
347.674
521.389
572.446
381.503
379.595
269.838
209.206
202.759
214.715
364.32
387.214
456.736
538.9
399.397
241.087
200.621
382.504
430.814
542.621
290.722
512.452
624.324
606.904
314.604
312.32
271.706
469.784
167.637
177.261
469.788
808.005
548.223
199.14
160.639
170.415
162.017
182.78
465.156
790.561
495.443
137.999
151.195
171.372
202.861
235.691
410.265
727.993
531.561
265.921
201.328
225.83
436.938
288.221
322.599
441.914
754.472
772.353
492.634
283.205
384.783
331.586
299.931
327.561
414.833
474.68
403.406
337.32
400.997
347.181
335.816
205.529
277.441
447.558
399.874
356.129
395.125
266.395
214.534
224.821
284.083
434.277
425.184
282.313
585.026
299.268
260.63
376.69
464.726
653.079
622.12
339.656
513.054
289.533
306.481
495.953
674.466
672.459
552.625
307.148
446.561
266.323
245.657
269.953
598.431
714.585
495.763
280.651
400.789
298.624
244.151
274.458
329.112
371.788
400.387
320.822
527.086
283.554
291.893
383.233
432.898
614.005
570.863
302.893
463.585
353.094
129.464
153.592
184.096
204.911
431.319
400.585
599.45
526.552
193.976
265.799
154.392
308.217
547.703
589.181
466.287
483.512
244.19
173.129
145.747
173.168
422.029
510.185
609.02
406.474
191.337
199.144
155.566
241.921
572.558
467.373
576.62
663.376
564.026
468.145
344.201
336.8
535.417
657.153
724.818
657.328
341.243
226.681
241.841
275.131
659.872
710.589
463.567
519.187
324.512
227.903
212.52
267.643
425.021
535.006
465.754
570.128
480.548
381.882
242.243
241.98
423.804
573.834
162.762
269.159
487.636
512.285
300.296
167.602
156.172
236.775
247.173
244.933
503.76
882.055
557.785
286.226
247.616
245.538
186.474
219.329
488.823
608.24
599.341
294.956
194.604
183.16
308.455
286.76
331.966
387.514
440.924
352.594
314.748
286.713
447.896
457.388
252.425
369.126
534.266
654.377
481.855
474.54
387.278
244.348
228.766
264.082
479.628
579.904
419.143
266.24
490.88
367.843
195.39
254.442
488.191
695.334
539.772
385.669
508.311
282.252
197.877
313.897
369.535
480.149
526.185
319.114
485.716
333.562
232.73
222.027
339.535
470.545
498.627
355.42
543.742
377.696
216.089
195.859
323.818
593.861
576.584
404.977
599.938
333.909
235.99
284.802
376.644
504.738
613.474
385.23
605.336
287.72
166.915
173.547
268.273
474.579
625.546
343.717
362.02
342.489
219.241
290.545
205.938
201.211
332.756
370.787
545.754
505.623
233.434
185.176
153.129
227.878
496.179
551.674
474.201
353.286
180.662
171.65
219.155
312.061
447.573
397.043
529.071
416.663
164.168
216.3
179.049
241.663
497.856
464.654
542.098
375.09
160.634
107.78
144.421
278.258
529.176
418.236
481.051
491.782
315.063
234.799
213.513
385.39
459.002
510.456
509.413
487.305
349.43
270.599
209.325
321.767
483.267
509.814
609.722
665.725
544.32
341.113
272.184
304.424
557.399
678.005
457.233
412.474
477.939
519.205
274.325
280.258
448.53
412.822
212.047
183.19
411.718
671.763
443.678
220.091
214.394
178.204
256.514
208.725
356.852
623.137
758.409
407.958
252.277
220.479
316.121
194.969
365.579
463.403
670.104
499.737
343.25
199.54
352.428
269.213
257.951
189.73
321.797
402.541
364.029
261.906
301.067
288.612
352.217
459.01
339.736
454.465
328.557
280.68
453.417
278.599
296.509
423.88
386.873
506.464
488.136
310.984
501.931
297.394
189.8
156.057
278.314
538.002
536.345
323.983
670.243
425.1
254.119
230.933
546.369
852.625
736.382
444.778
581.487
316.929
212.893
256.784
368.814
655.081
631.653
339.61
444.113
215.132
276.938
376.77
294.945
411.659
464.444
245.198
443.582
318.883
148.643
203.393
228.881
396.715
452.86
352.201
479.362
365.273
156.009
282.129
197.16
243.574
443.022
413.553
573.455
421.304
113.381
150.87
106.244
184.787
525.357
485.751
570.3
505.919
221.154
126.494
97.6507
192.176
518.541
551.479
637.803
374.153
198.628
161.941
162.728
252.71
622.002
435.306
555.513
402.629
259.875
316.75
304.983
266.502
530.249
451.632
647.278
473.535
183.648
256.288
182.982
228.299
603.231
540.425
515.088
321.451
271.309
314.752
254.422
265.852
506.001
359.987
335.198
242.195
159.7
226.678
231.828
270.853
332.563
260.66
577.491
548.227
375.675
267.79
199.465
356.508
548.849
580.179
263.328
451.945
547.674
555.727
334.585
263.454
244.639
413.989
535.178
522.287
469.064
430.674
445.078
481.584
534.165
522.777
460.536
320.946
286.915
359.072
256.973
284.626
446.167
360.257
303.733
253.904
353.193
488.491
463.428
387.386
329.017
260.026
563.384
334.154
283.932
391.582
379.069
530.958
601.614
366.664
663.109
291.678
158.061
162.342
348.539
681.902
716.37
327.957
604.053
304.263
179.256
341.032
356.267
587.969
653.614
341.497
809.407
429.254
193.639
227.144
283.946
486.788
805.918
511.228
386.395
312.599
244.856
374.807
318.84
363.279
389.744
335.953
535.409
371.851
148.963
112.216
161.117
416.654
550.262
410.991
719.078
422.315
219.213
186.475
305.147
535.532
733.737
472.235
541.737
582.871
289.475
166.921
176.084
265.63
488.885
615.75
591.026
562.561
219.976
184.184
153.35
226.744
531.97
616.165
611.076
430.726
196.463
177.092
174.111
264.261
567.587
492.479
544.094
387.726
201.082
222.866
184.993
204.564
500.915
446.527
768.465
458.078
181.974
168.927
95.3443
231.853
728.972
539.933
632.583
511.087
257.697
382.329
206.377
243.999
585.956
570.976
484.381
283.022
203.612
205.149
213.058
352.966
490.012
320.43
408.031
249.515
209.785
263.728
207.845
315.819
428.9
264.844
623.333
412.92
189.471
198.048
192.51
350.357
612.68
474.943
307.188
428.166
589.874
509.817
439.534
255.302
300.035
385.345
398.749
442.689
385.702
292.865
408.382
488.868
412.107
443.087
485.881
376.728
347.555
332.533
515.967
653.727
530.646
382.17
372.656
245.424
270.568
288.873
303.579
462.297
403.871
258.409
459.638
338.375
181.766
264.724
290.687
355.986
457.569
372.551
478.307
292.212
154.873
181.759
261.344
392.002
489.196
332.075
378.292
263.198
237.969
241.967
331.026
427.41
409.17
268.606
596.389
319.482
249.41
298.468
380.838
575.093
629.011
356.079
539.921
250.115
263.865
418.381
480.839
634.184
588.89
292.466
560.976
267.7
238.487
318.681
399.042
634.112
607.328
294.103
496.25
241.398
211.116
287.023
364.506
544.217
538.545
269.442
477.977
514.511
322.274
170.116
190.929
251.767
434.278
533.649
757.43
507.155
210.201
93.8823
123.667
245.657
714.233
583.532
480.541
325.845
124.958
141.851
109.079
213.112
457.383
375.646
551.429
401.247
191.679
140.67
145.366
216.729
520.262
452.973
745.973
405.063
154.172
96.7245
121.493
329.174
730.243
480.285
608.652
329.86
100.762
119.005
95.7727
189.214
582.381
401.347
477.332
375.172
215.565
138.533
152.543
273.566
449.292
415.144
344.67
225.543
335.173
398.722
323.279
220.908
328.828
248.948
788.416
451.477
229.334
200.175
211.572
382.949
773.375
532.188
634.035
390.307
218.559
297.479
199.099
310.394
621.455
450.984
482.114
255.871
288.473
289.678
305.798
464.282
505.938
278.676
501.072
236.758
178.399
394.268
250.393
362.645
521.662
282.305
339.654
205.478
251.449
241.711
203.286
371.479
377.058
216.77
526.325
279.899
190.451
229.972
260.348
549.97
565.288
308.526
677.174
332.126
249.096
127.167
344.257
653.398
723.456
365.332
438.978
195.388
184.577
148.369
275.17
542.012
485.003
205.038
714.873
323.215
175.472
205.388
270.028
625.787
762.297
375.335
558.815
247.172
174.152
163.937
341.19
553.274
596.552
294.687
553.823
426.686
160.937
154.43
232.346
432.709
563.587
470.564
348.892
339.881
243.539
222.219
257.404
353.833
361.679
340.298
462.683
322.046
162.267
201.071
167.7
240.103
432.913
368.872
642.202
406.56
177.457
114.309
89.3488
228.845
611.946
470.462
394.06
271.576
148.056
232.466
204.904
192.634
377.925
301.474
449.083
258.062
110.314
149.018
166.995
314.222
457.319
304.277
761.391
467.625
124.239
134.752
119.909
329.732
735.907
550.451
784.795
358.711
108.795
204.319
183.695
293.529
764.941
454.794
644.395
341.594
145.484
265.196
215.418
380.108
643.864
409.76
501.099
227.689
301.147
286.44
410.967
413.426
516.272
268.84
413.783
320.502
242.835
213.853
180.262
319.482
408.596
334.345
468.932
281.786
149.634
138.422
231.588
365.822
478.952
315.635
525.504
308.974
202.982
214.703
261.344
417.871
541.822
342.955
328.53
196.823
144.368
221.231
233.937
350.885
352.647
215.943
388.082
312.96
184.308
169.67
184.101
400.583
400.671
330.048
430.182
317.728
196.82
255.698
274.879
482.669
470.872
332.307
428.396
320.404
254.403
199.139
255.021
405.232
430.528
350.985
458.612
294.154
167.985
208.063
239.954
431.323
485.913
327.886
335.123
318.037
344.573
392.829
394.725
295.792
334.787
330.476
392.476
229.196
322.496
475.785
447.847
431.335
415.628
244.422
556.494
245.521
218.351
210.626
450.612
673.654
612.487
286.543
507.941
451.318
226.137
201.133
333.873
671.67
559.473
458.641
683.832
505.957
175.257
91.4558
109.169
265.087
635.402
577.029
821.3
448.08
173.576
130.173
162.936
267.268
787.01
541.046
515.164
274.268
97.8743
160.668
112.544
196.687
503.111
332.402
531.584
300.941
170.678
126.608
127.873
209.771
509.853
354.756
594.117
292.179
123.764
108.997
156.895
300.151
591.694
350.474
647.084
364.923
144.722
224.567
182.734
342.798
638.676
433.795
659.217
404.483
197.949
214.492
201.38
338.776
641.648
469.074
483.207
280.99
196.787
271.611
230.323
327.636
487.505
319.64
616.021
268.876
133.155
133.61
187.771
371.694
635.577
327.754
618.995
282.475
161.556
286.093
298.042
429.901
634.948
334.056
646.444
293.157
155.171
277.201
232.489
435.596
666.912
352.567
615.433
284.592
237.43
338.506
304.323
433.173
637.909
322.609
273.226
284.232
256.913
299.937
291.548
304.367
275.86
278.942
474.62
304.421
240.647
229.753
199.906
418.119
504.232
334.389
595.473
295.336
243.529
242.397
302.575
523.952
624.889
335.242
708.485
282.009
145.149
132.786
230.006
594.048
745.816
335.117
508.848
289.782
230.966
304.844
271.785
296.962
511.064
323.946
541.889
228.734
195.384
353.953
359.54
461.868
567.934
275.622
652.386
334.563
215.395
199.552
283.536
450.375
663.91
397.526
486.92
311.293
219.009
250.663
278.142
367.5
492.639
348.416
901.495
428.435
109.807
145.679
110.058
311.698
877.639
539.941
996.819
467.269
156.5
220.61
173.696
374.696
974.485
586.465
555.475
267.484
148.085
134.425
173.928
369.415
566.502
324.777
521.18
222.813
142.326
181.963
200.961
429.277
550.274
269.963
483.432
319.983
222.816
145.227
306.587
633.13
536.738
332.064
445.326
240.795
164.629
153.245
231.542
489.693
480.118
254.084
391.278
222.719
146.62
245.795
235.84
295.107
417.973
249.245
464.085
221.48
141.315
230.56
184.847
232.984
458.199
269.237
462.734
291.151
280.702
216.317
284.741
435.419
486.404
294.836
439.581
257.956
150.563
190.55
199.619
402.476
472.636
283.086
447.082
288.462
221.063
315.144
250.812
423.289
473.299
314.679
468.595
219.748
181.525
171.202
243.093
478.381
505.218
238.05
511.649
374.257
167.409
248.297
241.941
504.866
555.401
412.535
660.011
324.615
230.986
331.138
411.635
721.734
714.288
350.881
374.979
294.452
174.928
240.288
274.136
344.005
386.568
327.232
360.87
316.1
282.453
250.014
296.128
421.913
382.378
327.524
397.03
370.179
185.711
167.09
264.791
545.837
437.43
377.98
376.475
267.306
270.627
231.852
278.276
378.209
401.736
284.887
580.892
394.437
204.396
246.175
278.594
522.776
598.026
433.769
615.145
271.649
269.014
350.897
382.829
626.552
667.478
309.891
881.182
393.115
199.164
204.463
178.982
375.155
868.281
495.98
526.401
237.826
251.501
257.061
246.723
391.994
544.352
283.035
296.906
215.804
195.296
250.626
200.348
240.95
300.232
218.036
272.014
235.253
193.327
246.471
183.653
192.996
261.512
242.15
422.913
224.409
237.261
395.02
245.345
201.644
411.079
266.826
298.262
197.513
186.42
281.279
212.356
213.89
301.844
215.04
688.726
277.404
186.69
256.239
216.614
293.46
689.345
359.776
477.734
205.947
143.44
168.965
310.265
467.081
516.102
244.269
517.214
287.625
281.241
262.639
327.112
489.593
545.857
307.397
369.879
294.885
189.927
275.203
354.234
475.267
401.353
306.893
236.556
179.621
227.503
362.829
447.236
319.196
245.266
180.136
529.125
422.142
243.376
274.556
434.624
666.109
568.132
444.277
302.287
283.219
224.474
255.195
297.389
413.426
318.09
278.989
386.185
276.918
191.518
177.506
224.089
347.596
389.528
300.605
290.634
193.959
287.117
391.557
296.184
332.957
310.149
200.724
452.133
233.364
186.074
341.999
370.177
411.442
467.492
265.11
425.201
368.881
179.93
146.712
287.895
516.652
441.249
389.673
402.417
266.553
140.577
147.13
284.118
630.945
461.27
268.519
484.014
308.219
198.104
188.973
374.549
602.281
534.021
333.814
519.948
309.717
167.34
243.122
315.872
486.288
533.177
344.754
379.694
293.741
187.161
239.526
230.382
226.012
355.151
329.631
409.724
307.999
188.263
210.198
173.844
193.441
392.219
342.499
538.318
328.22
186.031
175.935
176.155
190.475
518.202
374.303
740.663
448.429
218.264
303.236
223.118
368.493
725.59
520.918
641.251
388.236
245.064
313.835
238.517
327.821
623.938
443.913
442.162
224.14
178.849
306.282
366.449
435.706
472.89
255.2
438.336
233.451
191.02
327.646
338.881
342.005
455.789
264.196
219.381
182.821
199.424
307.095
190.248
163.591
218.912
192.243
360.991
248.611
164.849
193.431
131.955
241.041
362.08
275.007
319.32
171.418
116.116
155.402
108.26
181.79
317.609
201.371
255.744
240.289
184.036
215.129
187.897
178.234
245.781
252.162
261.205
215.485
197.802
362.254
252.378
183.136
255.283
226.619
185.131
263.501
296.608
381.084
329.146
264.127
184.634
252.282
193.273
209.68
264.807
383.438
486.449
321.725
201.699
198.376
413.202
276.739
240.343
373.887
528.972
525.386
428.027
295.445
252.696
174.045
203.756
226.664
305.84
358.866
274.055
175.613
286.623
231.726
236.048
224.066
339.318
426.018
307.269
229.618
332.941
239.333
209.35
169.684
219.978
343.381
360.891
246.98
390.89
281.072
238.534
224.107
355.807
565.309
430.925
287.852
498.906
226.83
164.138
268.701
348.149
549.002
546.811
257.611
641.575
297.737
168.975
183.66
191.157
384.58
647.765
359.812
511.914
307.535
192.748
236.563
170.527
262.773
503.308
355.752
433.563
224.135
209.561
223.021
237.261
233.487
426.605
259.672
468.267
270.582
218.447
213.355
235.151
315.448
471.999
312.079
339.862
219.191
222.679
208.996
211.584
215.888
333.22
246.604
328.649
181.272
271.841
384.21
206.633
192.441
333.013
208.393
330.648
249.867
166.537
175.614
149.961
178.281
317.316
278.831
256.109
303.534
327.155
338.73
263.633
281.955
259.507
293.458
419.176
274.973
277.567
291.294
199.876
225.478
407.284
314.053
459.62
253.923
244.46
229.072
282.576
370.617
475.94
281.197
477.633
220.766
145.886
151.524
178.929
316.747
486.66
268.319
396.976
186.677
218.303
266.152
292.201
372.708
416.544
211.088
317.226
229.711
345.19
445.997
356.066
370.726
331.775
210.33
285.568
189.635
215.24
256.197
238.945
274.372
288.79
205.56
302.031
311.549
249.338
383.003
303.114
357.21
322.106
307.82
193.573
166.222
228.6
332.192
293.136
180.946
184.335
174.576
341.141
285.894
233.171
283.012
484.974
587.112
382.247
287.733
281.077
147.54
239.994
366.838
403.872
398.321
306.131
149.447
249.621
267.648
243.674
230.254
327.135
451.879
279.46
250.261
290.702
267.984
298.075
363.965
428.313
336.903
293.635
270.635
595.269
288.015
147.012
236.556
177.477
365.586
605.611
349.162
456.411
278.978
170.839
166.618
170.405
302.581
467.372
312.827
502.911
234.378
145.467
184.975
161.025
335.68
522.912
278.026
431.581
212.682
251.76
285.805
236.489
411.405
461.305
231.689
534.606
304.937
238.993
293.322
208.326
313.215
535.764
354.162
608.465
267.652
189.416
238.545
327.259
487.705
633.634
322.106
583.642
296.214
186.64
194.242
221.7
551.349
622.884
316.634
520.153
293.665
136.322
156.752
274.295
522.031
549.871
321.067
605.602
289.513
182.837
236.174
248.183
462.857
638.138
343.762
438.628
182.558
131.359
223.465
252.88
369.813
465.221
218.651
468.679
320.582
188.5
198.246
250.11
442.427
491.679
331.14
423.7
210.75
211.627
314.975
265.571
420.698
456.37
237.36
361.461
278.986
289.175
138.614
258.697
409.194
392.857
261.535
544.208
354.462
279.29
215.44
326.974
503.433
570.578
380.575
453.776
297.028
206.98
251.611
275.19
460.322
495.289
316.64
354.592
276.484
310.741
265.994
417.297
514.752
384.919
250.73
291.309
218.787
211.359
270.138
352.784
381.159
308.121
217.927
267.76
238.203
223.797
449.812
408.059
344.815
275.622
243.876
342.317
226.967
228.823
518.155
421.287
328.036
355.3
248.089
235.364
171.2
218.19
256.799
330.062
241.305
238.624
180.86
542.072
294.184
173.891
269.745
231.996
266.734
533.432
347.636
349.526
176.333
167.485
227.893
176.166
257.116
357.97
206.655
704.154
295.994
171.943
180.679
249.41
444.115
717.239
361.817
465.121
335.163
177.26
258.137
213.331
409.178
485.249
362.475
573.616
332.916
233.174
190.865
276.698
491.735
597.694
361.428
630.041
328.509
169.243
162.521
244.789
537.119
668.052
369.864
559.114
238.523
203.532
184.833
269.36
461.451
588.217
286.712
446.44
254.026
177.072
170.926
245.184
393.68
466.79
285.571
395.542
225.644
178.239
204.961
263.042
380.69
414.478
250.685
387.006
193.585
146.308
209.055
189.345
306.601
399.855
226.256
336.147
229.036
204
262.36
345.561
369.427
358.568
236.525
244.311
267.267
191.898
212.616
246.953
290.157
249.078
273.966
419.592
328.123
195.959
206.798
426.514
616.372
461.476
350.581
499.427
333.506
205.874
203.544
311.352
658.968
555.451
339.493
313.544
220.009
140.475
134.362
155.98
326.792
335.764
243.524
380.676
204.932
233.786
228.87
356.48
552.079
426.578
206.949
425.161
293.027
263.289
224.328
362.671
544.968
460.708
314.336
323.51
337.942
276.197
349.795
387.432
403.979
331.543
330.321
393.004
220.556
178.28
252.189
377.532
463.688
417.436
244.245
306.315
229.956
196.944
287.375
409.536
485.191
344.037
238.086
