263.175
410.816
469.521
356.263
305.966
193.622
237.621
387.466
336.11
514.102
581.695
437.474
307.593
217.025
298.796
491.514
332.139
564.582
675.738
503.379
274.35
249.558
298.268
529.548
476.2
663.199
724.994
545.008
379.588
378.904
439.722
647.806
377.381
547.174
584.194
407.289
242.651
240.742
356.986
524.577
322.567
386.908
494.291
428.226
250.927
246.739
317.517
369.69
213.708
242.457
509.218
521.36
356.46
240.752
216.725
217.772
171.212
210.796
416.77
544.028
320.681
214.056
173.917
194.555
168.353
142.637
438.696
807.691
360.356
105.434
165.159
137.991
166.305
129.247
327.979
864.6
469.149
150.766
158.803
141.572
199.573
230.271
305.624
634.373
481.938
293.993
208.647
231.118
174.99
163.418
242.433
443.641
603.542
424.113
193.116
151.059
248.858
211.02
334.193
453.258
477.863
359.445
258.603
206.381
553.622
512.285
560.59
746.651
692.193
527.35
534.07
499.54
311.317
328.157
404.004
521.785
665
561.743
323.114
303.828
202.776
314.498
366.671
381.858
639.565
585.133
234.067
267.848
282.193
168.371
291.57
435.712
617.905
489.187
313.876
177.995
327.185
255.402
300.409
305.176
389.59
353.139
334.271
260.728
520.877
341.075
393.785
381.807
311.648
427.333
535.073
356.055
316.484
244.449
222.038
270.846
403.679
471.78
341.394
254.605
376.801
482.278
417.077
282.716
265.448
246.099
336.672
476.25
316.031
557.861
503.325
314.83
232.687
288.968
275.935
524.054
304.19
458.515
482.517
377.9
342.44
272.226
277.143
442.152
327.081
556.506
605.585
453.077
375.625
306.332
295.991
519.219
305.001
442.614
503.722
336.346
188.652
244.164
301.073
396.348
360.238
324.871
423.561
419.196
311.405
278.818
351.241
330.387
450.77
353.725
567.607
565.409
282.457
278.431
442.449
357.924
229.487
355.325
508.876
625.797
375.984
258.763
221.823
322.431
199.534
160.077
515.255
1158.27
558.066
156.719
203.682
153.803
143.133
117.068
352.777
901.679
526.794
148.021
140.61
116.279
183.84
189.562
353.866
800.435
675.331
310.332
184.404
191.324
190.431
171.681
377.725
610.196
544.122
407.27
215.452
150.593
217.049
207.662
220.952
305.264
353.968
334.283
220.059
207.164
219.266
236.856
272.994
547.107
747.043
568.54
253.417
213.48
279.905
318.261
316.205
260.424
433.918
471.554
290.507
299.427
267.836
225.522
313.751
345.726
449.167
461.057
300.358
215.855
256.555
176.701
208.827
207.31
485.041
560.57
293.13
157.939
266.668
257.581
241.753
332.351
502.245
461.491
293.314
258.558
413.326
269.475
219.634
315.043
365.39
404.18
425.252
287.52
407.209
274.517
280.218
248.665
480.133
627.295
456.771
273.723
315.899
295.767
278.98
357.77
335.536
249.634
300.172
310.209
352.055
400.359
319.803
254.158
222.572
317.432
340.769
407.345
329.955
410.862
344.089
225.425
203.984
332.451
342.766
399.602
266.51
418.21
453.344
281.644
263.811
250.246
265.535
381.264
390.061
529.449
655.059
509.307
391.851
281.217
363.063
499.682
390.536
328.854
298.846
413.478
307.922
234.925
367.107
357.015
276.765
448.815
593.326
497.262
278.071
296.637
255.721
408.495
264.554
410.791
513.162
569.28
337.39
184.7
238.891
388.839
233.847
254.016
519.658
813.96
374.467
157.486
221.986
249.111
163.568
129.491
436.591
1015.6
738.053
240.516
162.089
127.604
328.337
231.606
344.323
579.987
539.153
279.598
327.516
245.355
319.872
276.574
353.045
656.611
487.052
275.843
314.928
290.891
217.777
203.983
249.402
478.707
586.947
472.858
240.2
187.435
275.685
191.943
195.191
219.296
385.335
426.753
296.367
196.631
302.251
242.313
218.044
375.637
570.623
585.754
329.394
243.568
272.608
238.733
233.885
283.326
333.359
355.738
283.372
236.876
313.814
159.977
201.499
292.075
390.644
435.409
345.724
176.078
434.451
296.255
245.197
155.815
419.211
621.894
478.618
308.1
457.775
344.974
180.417
269.561
465.15
651.83
503.154
364.982
379.295
342.769
237.198
352.481
401.509
456.128
401.504
346.852
259.131
316.999
309.001
289.442
271.293
201.842
241.781
318.036
357.217
527.408
367.481
221.241
182.141
222.827
309.469
519.874
341.952
531.841
364.607
215.467
189.738
244.608
306.339
522.774
402.277
567.362
455.326
426.385
366.388
346.995
379.42
561.001
419.251
591.544
463.008
284.5
207.859
312.854
388.158
582.942
264.917
263.599
383.663
644.952
408.417
292.724
257.748
268.289
166.386
389.144
638.022
535.131
361.891
194.74
153.305
336.86
262.647
317.653
512.137
704.566
418.176
210.27
247.619
304.269
368.326
360.191
550.052
657.781
391.743
218.546
339.538
368.246
198.189
194.848
509.065
1060.1
701.807
182.992
186.83
194.169
246.134
146.006
295.848
768.706
590.762
272.885
263.101
159.581
398.516
194.54
286.629
423.277
367.09
402.482
424.452
207.227
185.171
183.422
283.272
350.537
356.673
264.81
187.948
178.319
361.178
306.904
371.39
449.958
575.787
509.57
383.897
314.842
265.844
209.178
173.866
285.604
283.364
320.242
273.235
212.51
451.698
393.612
289.413
178.366
464.129
642.173
493.292
401.113
391.092
276.47
215.233
226.12
321.845
546.714
436.004
277.901
481.67
293.615
216.78
235.859
246.362
363.418
484.238
330.215
450.575
391.373
222.8
278.955
418.89
591.469
492.057
403.279
547.71
256.805
295.55
348.849
508.166
620.854
586.863
284.468
294.29
335.311
258.521
340.882
362.641
213.117
268.089
347.042
310.31
355.218
233.513
160.123
179.231
143.338
276.322
362.681
264.579
319.123
281.65
232.884
228.212
232.756
252.01
316.174
293.18
327.764
324.838
406.947
413.962
233.342
275.876
327.303
313.403
337.342
270.131
271.758
199.652
243.62
300.308
337.659
309.698
476.91
558.388
409.534
354.206
277.512
299.415
453.818
296.978
426.949
550.126
413.332
338.547
287.108
283.82
406.96
256.515
334.19
630.804
566.398
388.411
315.822
275.68
302.099
154.28
163.41
379.5
502.076
283.926
196.281
152.026
158.708
132.781
139.376
311.734
616.319
322.291
141.693
132.457
133.949
138.43
144.206
269.091
597.894
435.978
212.094
139.712
142.006
269.264
253.664
232.78
329.098
354.193
268.844
259.589
264.969
214.56
164.055
293.972
408.134
580.329
395.866
234.425
160.759
362.423
264.612
251.255
162.333
316.354
502.593
397.365
246.575
391.12
298.162
203.101
264.531
366.385
528.359
432.325
307.335
285.128
215.11
198.772
281.666
279.682
342.986
298.126
222.153
331.781
244.946
276.697
303.64
359.857
423.255
361.503
243.554
434.666
225.398
210.835
238.109
433.943
556.572
474.067
243.877
464.551
338.405
340.142
290.861
372.959
536.925
501.68
346.415
382.755
256.315
207.766
336.097
341.172
359.536
385.568
280.59
416.915
411.521
228.747
246.431
203.905
310.101
392.71
437.575
357.829
350.784
220.493
191.019
178.682
211.389
335.823
372.758
272.605
333.201
280.397
293.485
278.977
263.609
260.191
328.905
373.024
434.67
327.423
312.823
274.885
189.373
340.913
439.776
329.44
403.231
310.588
264.837
308.195
383.414
330.67
397.936
292.745
421.485
301.881
226.671
242.823
249.064
264.176
416.323
416.72
299.71
325.207
382.607
352.186
223.346
402.206
330.972
261.028
323.23
422.763
483.025
304
241.373
252.537
315.505
143.006
231.98
400.576
492.475
282.924
184.882
141.993
210.034
177.412
183.853
327.29
636.236
389.842
166.93
172.579
179.632
146.788
184.293
337.902
563.89
360.904
181.548
142.842
176.679
158.182
175.689
261.947
535.229
560.006
272.648
160.658
166.733
340.14
288.714
224.692
209.965
335.086
423.947
351.963
299.244
362.529
309.706
205.815
240.322
283.1
347.269
351.162
326.392
192.451
206.479
228.311
234.826
217.204
235.951
195.984
197.786
373.501
202.741
152.988
310.357
378.211
470.199
405.712
220.132
396.719
215.427
211.16
316.531
288.245
495.068
437.505
228.71
642.449
331.434
214.829
202.088
268.372
437.086
654.423
388.211
351.356
256.176
197.762
310.221
316.981
341.605
364.362
273.727
534.813
329.703
283.84
222.455
390.255
553.368
554.982
357.373
278.97
277.628
191.944
249.71
213.604
129.728
255.99
293.373
344.538
346.564
163.611
176.793
137.638
165.578
307.814
377.628
285.371
287.921
281.841
339.205
185.757
151.906
257.125
309.173
368.866
399.992
243.317
334.105
228.831
228.906
337.424
416.373
236.746
251.352
334.863
355.917
262.072
173.378
229.268
240.659
678.107
547.974
322.151
325.071
206.859
280.073
632.145
602.791
754.18
658.268
324.382
183.431
136.782
313.134
703.311
712.829
370.471
357.709
301.04
261.265
218.274
237.409
356.67
366.267
253.336
333.68
390.024
420.198
254.569
207.916
235.757
323.658
143.403
165.348
349.044
563.911
348.121
169.803
146.826
156.245
169.691
248.262
297.337
503.917
431.859
221.883
163.014
235.161
266.307
194.013
227.275
531.728
622.052
379.418
278.727
201.489
255.778
190.906
228.115
250.383
266.586
362.522
272.434
190.062
303.741
314.178
242.727
199.613
339.227
472.371
336.701
309.539
424.316
189.765
162.569
280.273
339.585
413.764
448.042
218.925
425.203
225.567
180.076
261.088
277.648
430.628
457.992
247.405
234.341
249.25
221.583
260.514
228.701
319.983
249.758
236.781
422.55
307.277
268.45
242.206
351.245
484.337
444.96
315.896
337.624
206.625
237.257
347.067
355.205
449.106
369.628
217.563
344.673
286.173
232.051
258.527
324.951
391.291
359.274
292.706
481.144
395.771
233.401
268.815
242.857
202.138
443.059
437.607
429.671
400.045
225.361
256.009
190.385
224.298
397.078
425.972
518.12
316.582
215.209
345.533
254.8
257.387
491.375
375.589
429.304
452.596
278.45
264.394
205.409
302.467
399.85
477
441.16
304.985
151.277
146.264
151.059
243.178
432.307
341.665
466.086
317.654
215.38
389.666
305.756
235.416
450.056
361.537
283.004
272.147
271.625
254.355
165.819
144.555
267.976
279.261
422.666
576.434
476.463
347.159
262.855
338.483
388.147
572.262
297.999
398.221
658.248
580.178
342.362
205.494
293.736
362.194
213.676
268.504
364.871
621.209
415.526
254.745
220.712
256.91
278.227
238.312
396.133
465.039
286.945
217.76
272.403
237.375
233.456
239.165
256.86
571.171
475.931
346.183
241.963
236
227.938
191.729
194.635
274.478
274.552
269.515
228.1
194.022
328.864
325.405
277.173
382.703
274.179
379.448
352.251
325.35
299.737
258.768
179.736
232.47
187.707
297.953
305.835
281.633
374.072
269.66
232.92
219.374
247.434
450.001
407.746
263.878
360.759
185.497
141.123
182.301
283.313
453.117
396.709
201.065
479.663
237.281
195.589
244.453
249.66
396.221
505.662
277.232
498.904
254.837
145.327
222.646
218.027
353.089
510.051
301.15
572.691
313.759
269.142
276.787
301.526
439.644
592.875
348.933
605.844
572.318
295.046
208.813
187.292
282.452
560.096
612.907
552.412
413.894
206.816
244.199
216.471
225.796
517.862
458.457
436.96
313.16
341.182
366.68
332.936
238.115
418.236
345.934
491.942
284.464
200.684
400.772
305.493
232.1
463.176
341.915
706.447
389.805
161.364
208.646
137.37
225.598
676.045
469.989
509.237
486.734
326.092
380.525
326.502
235.568
463.69
507.464
652.86
373.956
207.848
222.162
198.948
261.225
622.231
446.805
405.72
313.708
300.755
251.753
194.215
218.426
392.591
334.587
420.453
566.354
609.559
475.61
415.975
226.671
376.023
556.228
406.364
347.597
341.676
389.15
230.035
200.758
387.461
369.122
189.634
171.586
422.937
762.713
481.157
142.959
179.413
174.138
185.012
186.992
196.252
248.907
259.732
229.825
195.539
180.821
347.165
321.435
206.485
367.623
415.119
453.291
373.371
330.221
220.063
154.847
262.463
268.918
272.771
222.883
224.592
155.458
352.495
140.213
135.698
255.21
354.772
430.298
383.335
165.952
371.64
230.046
202.326
144.533
212.299
446.126
410.223
232.987
309.372
223.86
182.032
149.191
141.598
216.55
309.447
239.701
264.342
201.182
154.178
232.122
200.948
262.955
275.567
213.03
598.57
311.505
265.294
273.051
287.441
498.583
625.925
358.213
545.995
287.422
251.812
374.09
313.639
460.828
565.222
325.489
497.763
413.697
317.693
280.975
277.661
254.51
461.341
459.049
427.073
391.351
263.697
231.933
191.636
260.973
395.396
421.215
540.333
403.473
321.074
260.836
183.036
198.74
503.548
453.43
541.969
482.786
295.232
323.072
202.289
179.034
493.474
529.591
701.037
403.248
194.093
213.257
170.623
329.487
689.737
474.959
555.229
437.29
237.735
305.037
213.696
263.596
524.062
484.979
555.972
368.531
211.793
218.61
202.586
287.126
538.6
422.035
508.363
359.253
228.814
255.123
228.476
285.202
496.029
390.153
283.213
381.976
445.332
482.81
327.95
256.001
275.16
367.03
609.733
526.906
457.314
354.351
381.566
275.551
570.615
566.327
330.346
538.899
559.014
324.898
343.761
335.115
299.535
495.488
293.009
238.147
326.658
356.827
425.171
248.69
294.431
238.849
267.215
247.34
221.248
222.826
174.405
239.849
279.946
245.365
280.098
164.687
180.621
331.644
284.42
306.827
291.494
181.329
457.384
218.325
114.052
137.252
147.459
304.958
469.844
264.218
237.427
183.27
206.968
258.932
202.723
222.221
242.527
196.307
438.678
382.398
204.023
192.43
171.269
257.137
419.2
416.222
362.028
358.506
244.764
173.066
278.012
436.072
383.719
360.048
483.879
241.281
113.643
173.747
230.066
421.02
505.373
283.856
371.664
265.73
216.679
222.878
165.237
268.824
377.764
288.841
589.463
372.389
147.76
120.201
127.067
289.963
563.678
431.12
505.706
367.64
167.784
177.975
109.693
179.312
472.588
414.635
623.264
330.264
189.502
286.454
215.673
227.867
614.288
390.092
459.267
342.113
220.391
284.602
249.825
214.354
435.108
377.239
386.174
216.743
233.858
269.142
262.024
288.78
391.652
242.948
284.44
244.917
184.629
254.664
216.342
156.834
268.738
255.348
471.114
344.724
176.13
253.982
233.019
233.284
448.514
387.931
286.895
255.796
292.323
301.063
280.707
256.266
294.71
255.792
415.904
262.836
198.309
178.129
167.162
262.284
415.636
287.498
354.908
311.844
256.909
325.588
298.06
226.05
339.364
329.314
482.696
432.759
316.627
479.443
343.422
498.833
508.507
436.683
377.794
248.202
258.823
469.811
317.642
289.346
373.465
285.255
339.369
182.198
273.49
403.843
310.425
213.731
343.922
211.871
281.206
199.938
192.844
281.253
236.389
251.144
284.947
217.856
269.222
207.667
148.105
134.245
130.519
271.135
289.123
218.879
410.995
235.88
208.344
281.134
296.798
396.277
431.798
249.495
311.757
195.605
126.746
240.104
242.518
361.523
339
203.339
524.845
281.828
185.555
161.438
207.736
413.145
543.565
323.605
335.053
241.749
272.952
268.241
246.671
243.841
334.522
260.08
420.81
235.814
204.941
268.716
287.518
345.012
442.047
261.875
699.493
434.069
240.921
310.777
191.397
260.135
660.015
509.182
615.056
373.676
145.207
208.25
156.09
279.595
597.374
441.404
464.104
327.472
181.609
208.672
194.539
241.294
439.201
376.91
422.119
198.789
199.278
304.127
268.025
304.414
430.472
233.305
388.863
295.568
273.55
204.6
206.058
246.738
381.942
318.541
649.272
350.58
397.132
441.439
435.296
345.754
630.081
418.394
598.76
325.758
154.265
226.634
212.994
347.395
599.428
387.973
446.758
384.688
237.205
283.13
304.29
394.488
443.666
409.62
393.329
399.355
262.811
316.221
327.888
339.794
385.934
410.572
400.444
294.608
254.96
259.455
184.881
261.837
400.759
310.596
448.849
292.364
239.606
225.94
139.642
342.181
474.434
311.688
462.808
233.457
163.859
223.11
194.513
378.866
485.469
262.946
347.652
197.484
276.471
205.263
282.951
391.319
373.684
204.221
294.149
245.258
207.96
367.843
239.301
232.419
310.131
250.67
433.294
220.538
199.121
215.778
193.784
397.169
463.31
239.236
400.608
219.307
172.699
147.048
199.062
344.612
410.133
245.96
218.057
196.028
172.009
238.251
267.36
287.614
223.559
197.753
297.787
216.199
217.813
275.677
303.467
363.737
309.094
214.36
589.853
270.027
170.801
205.213
285.4
493.241
615.141
321.395
432.44
236.773
221.06
212.11
314.485
475.389
462.149
254.376
655.055
493.853
194.912
99.6825
141.217
281.285
616.993
557.906
585.519
355.008
162.24
213.147
238.727
254.9
563.819
416.355
444.426
246.991
263
315.464
312.852
332.033
464.546
274.195
527.172
374.721
243.573
213.137
146.662
202.637
500.924
422.704
496.631
272.297
306.034
264.612
170.351
280.859
495.04
304.229
338.759
267.585
288.603
432.096
366.192
227.442
323.39
283.343
501.215
317.37
277.512
343.708
280.239
270.849
490.23
360.033
351.404
274.508
294.617
309.918
326.958
241.379
341.174
281.799
582.002
309.82
229.246
253.851
254.411
348.723
594.68
356.459
548.096
254.326
183.847
281.145
246.375
296.851
545.932
314.036
397.563
238.882
234.118
343.864
262.948
276.066
400.938
265.093
460.362
245.444
269.012
377.522
315.994
277.141
463.819
287.597
416.607
243.432
225.192
223.427
263.337
366.764
407.993
287.832
275.229
181.51
175.031
256.127
307.938
328.937
286.858
190.339
287.673
227.131
267.628
382.814
244.996
185.862
281.517
250.024
254.446
210.244
168.614
250.834
257.346
245.778
247.568
232.354
389.042
278.605
170.544
190.232
338.177
529.479
426.191
292.536
197.044
133.293
247.395
552.298
391.12
256.676
208.987
134.358
302.685
182.504
216.019
331.936
318.926
375.165
327.526
193.019
234.94
202.337
207.662
241.422
277.267
319.088
253.771
195.797
706.612
433.899
157.339
184.403
236.79
367.348
697.033
503.64
510.306
294.058
222.028
198.761
252.447
384.77
510.04
328.986
354.18
246.129
344.622
414.12
294.271
311.113
358.421
263.858
809.151
377.036
226.972
499.541
364.821
592.599
844.086
449.726
730.502
315.242
177.441
156.555
243.012
592.112
775.238
373.661
603.491
298.19
151.44
184.807
190.609
460.001
636.582
338.971
361.144
146.953
187.729
308.515
262.093
346.922
379.793
172.328
334.125
218.613
150.707
212.115
177.738
276.53
346.845
233.346
407.757
296.614
225.675
207.397
196.517
332.548
418.618
303.482
476.526
276.245
192.842
278.686
228.752
333.23
491.995
310.024
323.321
232.959
214.429
234.264
222.923
269.789
322.613
252.847
261.792
174.865
134.53
149.642
149.66
211.377
265.721
191.448
498.165
355.278
295.523
297.794
359.697
532.34
531.175
361.774
296.963
267.264
276.586
273.358
266.105
244.065
282.566
278.009
389.466
253.967
212.434
230.862
179.94
387.926
412.496
259.556
445.035
267.931
230.19
315.085
261.355
359.705
463.543
285.782
421.722
317.083
230.045
262.783
244.123
369.531
424.504
334.187
626.41
340.537
237.94
283.245
287.503
348.004
601.071
412.278
440.231
299.852
348.72
455.592
356.484
328.243
432.525
334.976
411.034
223.328
215.11
340.107
419.302
550.216
449.746
234.62
454.092
247.134
142.673
222.97
189.824
380.344
472.608
276.157
350.729
211.524
198.426
313.923
254.831
321.799
367.228
225.767
235.183
163.709
191.765
325.972
237.452
200.032
239.71
175.385
273.843
182.708
276.137
486.022
424.321
220.794
271.184
190.496
399.923
200.686
247.389
440.702
233.05
338.67
422.547
230.196
327.239
294.139
155.875
200.787
205.5
321.833
348.509
297.867
642.513
259.755
183.54
220.138
186.115
437.111
663.104
317.27
412.512
190.784
148.536
247.08
214.867
334.967
438.085
222.699
611.774
288.311
184.533
315.854
284.593
462.797
634.883
340.738
446.196
266.802
170.175
235.112
215.799
351.782
458.557
296.345
565.307
297.039
190.097
284.574
302.519
319.713
563.562
347.42
510.235
199.255
208.976
275.335
385.929
517.976
542.973
239.134
332.403
214.208
244.75
241.525
198.331
424.502
366.988
208.88
297.739
227.162
290.478
301.767
314.478
389.238
321.377
212.478
391.673
288.257
258.585
225.209
264.586
503.027
428.686
290.286
341.313
305.216
324.52
244.172
347.055
396.937
362.139
280.839
284.755
225.019
267.955
352.45
257.619
251.88
296.512
226.755
350.413
274.773
278.178
330.574
347.16
442.43
388.055
279.464
421.191
221.327
225.202
255.258
309.548
426.359
454.334
240.227
345.27
242.235
283.441
414.617
295.9
384.486
372.792
248.191
492
387.976
255.76
182.591
161.739
166.847
461.071
421.391
483.803
419.354
302.987
305.748
162.212
181.406
445.439
443.431
715.244
481.916
199.041
155.108
123.616
280.929
683.933
551.376
741.841
469.311
299.588
262.498
220.321
314.998
715.459
536.332
533.405
394.752
236.727
294.187
176.579
177.327
498.208
440.833
392.166
230.309
187.136
321.085
279.793
361.497
415.733
243.819
597.301
347.048
197.901
245.917
187.981
253.859
578.72
401.448
332.375
226.207
145.562
187.207
231.584
290.766
338.003
247.135
388.541
277.022
255.266
227.492
374.873
507.033
425.596
297.253
176.565
177.877
298.394
392.557
411.688
404.459
206.028
156.294
286.383
265.134
297.136
316.682
466.934
447.507
307.088
244.57
399.611
262.457
217.802
286.738
378.251
366.125
411.885
282.937
325.515
228.378
238.624
324.53
496.517
424.91
335.71
246.574
399.975
330.038
304.037
338.983
479.081
502.591
402.057
348.281
321.475
212.388
156.253
163.669
158.155
215.853
321.332
232.849
374.741
352.186
251.703
253.732
375.136
517.951
404.35
354.818
293.747
209.884
330.48
413.139
320.97
387.011
323.55
207.659
377.323
259.531
253.049
211.715
370.639
422.225
407.855
270.191
307.645
343.941
235.757
236.553
212.025
264.855
305.558
345.968
319.052
188.847
249.647
310.286
289.194
359.529
347.303
200.169
664.392
327.723
131.847
163.73
152.816
349.157
660.315
401.742
807.807
436.42
216.499
229.21
205.371
357.275
791.172
511.215
808.246
442.136
144.906
136.199
137.044
418.726
803.672
525.452
486.806
331.251
155.038
216.834
253.726
338.31
471.18
372.336
465.87
301.952
184.46
340.56
236.449
307.746
470.55
334.575
271.595
115.483
215.359
405.514
227.39
203.789
283.086
139.097
409.9
244.175
157.237
146.423
119.683
243.747
412.728
276.585
177.525
225.084
241.526
353.481
220.11
163.992
182.628
217.941
302.09
231.76
141.778
156.744
138.561
164.551
285.19
261.567
380.258
282.199
181.909
217.36
171.981
198.62
357.864
317.301
310.66
198.194
135.091
178.269
145.735
188.361
305.935
223.808
312.166
210.639
190.14
272.603
247.706
207.104
299.242
242.101
144.252
127.66
157.058
278.079
315.778
196.987
151.323
121.111
282.909
174.109
241.38
185.216
185.953
197.304
282.988
189.216
178.903
271.942
291.028
339.747
274.485
172.857
180.134
255.321
323.373
259.567
257.098
290.969
373.27
363.229
321.026
265.728
223.602
317.237
196.169
225.24
208.405
312.984
226.355
307.365
486
462.737
537.828
601.486
568.281
611.631
484.585
492.569
433.551
184.639
155.244
243.781
201.517
343.658
454.749
227.869
404.926
215.697
165.497
151.498
214.102
479.068
446.703
228.688
724.505
333.184
218.853
276.828
182.845
372.551
730.303
400.576
809.794
337.969
198.211
202.622
199.706
430.001
821.222
416.55
433.936
331.008
243.841
267.895
175.137
354.918
453.975
351.84
365.249
263.776
196.177
396.212
335.631
345.851
387.893
280.283
399.554
253.535
222.372
268.323
175.659
245.318
396.721
285.51
470.794
296.449
270.737
302.211
233.306
251.648
458.225
341.601
589.369
334.385
134.645
140.017
143.971
342.707
585.921
396.983
284.242
322.643
285.736
154.646
214.495
241.312
280.835
317.76
393.019
205.68
188.792
400.033
230.001
328.847
406.742
235.353
617.9
334.773
248.209
251.464
264.29
491.418
651.646
367.648
465.17
213.449
236.253
236.337
345.721
546.051
507.98
235.284
551.313
217.614
161.32
192.338
215.826
486.486
582.97
246.556
475.382
334.655
381.281
437.472
447.069
569.463
509.588
333.986
582.868
350.982
298.282
400.844
366.555
529.973
618.699
372.828
287.98
185.01
227.249
232.748
270.574
353.85
307.017
190.446
425.649
280.993
335.294
303.879
325.925
489.124
458.244
268.299
329.263
231.785
184.269
311.196
246.284
325.219
338.991
252.493
270.717
255.517
284.657
321.441
351.761
353.945
270.973
260.726
259.687
288.771
236.6
263.821
218.898
255.569
247.059
297.085
215.734
197.541
265.425
323.99
370.19
399.391
236.964
185.814
470.696
226.887
139.774
141.899
197.082
365.036
484.987
266.856
473.331
243.273
108.796
214.956
183.273
393.067
509.57
274.503
562.327
351.721
283.534
310.197
214.94
293.46
549.752
399.339
366.497
220.325
214.948
313.291
289.877
351.606
383.296
243.028
551.533
382.917
286.056
283.053
355.038
586.341
586.66
394.605
627.107
270.797
136.922
159.428
276.117
557.459
657.159
326.807
583.552
297.954
223.917
233.652
294.745
590.856
630.01
326.687
439.648
309.247
257.094
223.268
297.44
455.159
458.608
325.112
405.728
282.11
225.041
260.115
300.062
440.205
432.727
288.789
411.049
235.373
166.897
201.895
253.672
358.81
423.333
265.156
394.282
200.212
214.698
320.272
281.29
294.436
402.01
234.998
494.437
348.133
202.925
254.754
355.404
562.754
533.044
361.12
495.34
252.044
251.976
306.111
429.055
577.617
529.813
256.79
375.827
272.061
257.731
279.201
306.4
395.279
398.176
267.075
615.144
392.037
320.112
259.263
380.758
609.298
653.043
420.824
588.239
279.054
159.194
213.199
302.728
670.413
642.895
297.902
532.335
323.375
257.632
239.316
410.676
719.847
593.989
326.648
346.292
262.614
339.642
433.287
613.571
566.583
386.327
271.306
294.854
224.353
202.784
373.027
528.551
395.773
298.147
236.507
304.341
238.775
259.563
353.837
377.467
359.544
314.885
252.707
397.983
254.925
280.106
510.533
320.377
341.986
419.918
268.3
325.775
268.858
148.947
224.926
201.024
271.61
328.141
280.911
414.749
249.433
285.266
385.227
423.015
468.027
446.722
257.288
742.733
360.922
198.786
304.078
308.077
517.972
770.046
422.373
786.101
333.104
205.123
262.087
251.137
530.022
815.87
402.553
553.055
306.901
165.24
216.014
325.098
489.865
582.039
340.309
337.159
246.054
235.568
212.371
229.921
365.637
365.857
240.73
572.42
364.768
161.386
159.664
233.904
352.103
561.806
417.048
420.718
200.786
278.671
467.554
439.299
429.883
444.901
234.136
337.584
181.759
139.787
194.38
210.546
401.09
367.908
195.356
542.019
282.603
169.739
217.334
286.664
497.858
578.135
325.369
407.426
260.043
232.68
346.711
405.784
486.922
434.454
267.976
240.326
195.746
246.257
373.049
315.118
195.818
232.348
205.403
537.871
454.027
209.185
369.001
576.301
737.734
579.708
475.603
382.945
358.854
415.131
400.912
471.256
626.619
427.189
348.435
315.76
209.441
210.447
287.668
259.353
266.397
324.131
227.198
365.966
232.549
237.258
333.949
391.928
392.248
384.349
248.48
492.152
312.453
312.517
455.935
419.205
468.314
504.55
344.224
475.878
435.446
307.35
319.551
432.529
608.618
493.818
454.938
325.146
241.081
234.647
260.02
514.639
602.68
361.727
231.695
