702.726
958.511
669.948
239.275
337.141
422.467
623.043
953.449
698.35
845.607
486.486
190.86
209.612
382.404
630.353
859.363
541.973
790.072
651.579
263.675
278.027
306.87
474.048
771.706
540.14
861.717
614.843
233.033
287.001
434.151
484.751
839.627
510.308
881.461
648.701
310.132
255.269
403.453
446.023
849.638
379.322
707.318
765.609
366.812
349.451
433.726
378.687
633.456
221.162
601.157
815.818
669.2
371.742
342.569
192.848
523.072
114.698
233.207
594.279
876.439
453.537
142.809
107.75
197.701
128.234
191.695
316.749
522.426
347.264
187.011
129.141
170.709
140.756
179.522
335.402
775.261
579.393
258.42
148.453
172.219
296.235
215.415
287.704
681.198
481.185
410.257
320.641
219.135
421.798
324.352
327.783
311.125
564.818
666.202
470.907
318.182
565.191
390.475
359.356
322.933
573.585
822.357
626.851
418.589
618.809
379.091
219.411
171.665
366.111
771.321
681.748
395.881
567.58
434.285
273.192
231.985
454.711
789.336
632.795
441.431
475.25
312.127
180.824
164.396
246.081
426.677
484.359
350.645
791.261
440.699
194.757
204.641
265.556
710.482
855.736
493.459
780.152
359.112
272.697
134.454
295.407
725.621
844.606
400.641
852.838
418.196
223.46
138.805
313.14
783.584
913.458
468.638
970.032
451.405
184.579
136.513
292.291
822.606
1042.74
519.452
641.152
914.029
570.345
316.581
305.886
406.3
567.169
908.397
674.032
770.945
520.873
299.884
297.942
291.845
599.601
798.644
754.066
838.743
543.269
377.258
262.964
399.167
686.535
862.015
635.585
887.478
627.991
232.316
270.118
355.178
558.145
881.229
472.841
824.14
502.435
223.439
184.925
354.458
410.362
799.678
534.74
811.244
647.083
316.158
279.484
344.198
480.049
789.649
371.759
679.647
694.901
412.199
269.733
327.962
332.319
630.497
220.459
312.461
632.037
692.865
420.945
233.804
223.915
268.379
97.1454
114.91
439.198
886.2
605.457
188.202
102.225
103.897
116.175
140.481
290.581
668.381
547.447
260.993
120.202
133.621
343.306
208.56
296.699
438.619
707.205
516.451
363.639
226.023
335.459
273.818
298.578
268.152
609.205
693.071
381.47
246.588
474.944
372.945
322.466
307.934
522.088
707.672
517.574
398.332
694.812
417.682
276.045
150.572
407.827
788.374
764.367
468.53
755.373
394.573
194.336
146.194
328.374
737.826
818.504
447.077
501.589
338.239
197.42
179.105
291.845
668.386
563.229
344.721
863.763
303.222
183.488
172.254
205.891
587.464
903.947
380.847
828.895
363.123
211.865
163.428
310.811
751.43
900.957
422.109
977.116
471.063
235.811
229.507
358.633
870.566
1058.18
541.683
1031.4
416.488
176.783
221.961
296.501
791.805
1094.27
505.904
760.52
823.08
453.37
330.741
259.346
319.658
681.092
872.826
611.795
792.805
518.881
280.925
261.974
352.907
548.474
796.332
645.17
759.74
497.804
215.465
226.935
369.176
585.179
776.127
731.269
780.788
412.218
200.093
175.319
379.652
665.289
810.662
723.818
844.25
436.566
198.514
209.752
354.9
644.883
884.867
616.69
803.663
551.505
215.111
251.52
367.464
548.975
806.956
374.771
609.945
592.523
327.538
277.781
261.161
331.002
577.15
230.441
368.012
595.905
549.429
480.105
247.988
210.23
342.324
115.624
216.922
459.675
895.898
421.912
152.176
114.934
195.803
278.213
280.451
291.626
433.762
520.945
398.163
287.998
286.256
229.244
237.178
459.264
578.941
828.734
520.977
243.315
229.866
443.502
451.856
433.336
563.34
454.944
605.968
456.427
460.844
522.424
390.357
317.361
346.379
562.734
790.156
585.584
402.967
633.599
366.623
210.661
147.84
264.533
648.415
689.45
402.247
603.855
369.991
200.497
214.181
354.187
744.533
666.036
379.584
673.8
332.567
188.403
190.649
288.946
623.64
718.677
376.665
850.271
384.1
216.959
218.81
279.073
672.402
897.718
447.309
847.799
407.125
221.644
199.047
281.013
700.577
903.116
465.303
937.193
504.452
158.835
120.054
262.057
793.412
1005.64
566.228
1010.11
458.684
235.672
105.657
255.693
827.563
1082.82
527.825
784.813
738.4
422.097
178.896
241.291
336.84
723.596
790.68
750.531
744.999
401.295
184.508
167.835
315.311
685.197
779.863
732.107
741.924
378.59
151.247
144.709
239.293
658.324
791.526
714.829
802.075
433.003
159.74
180.023
392.623
649.311
828.04
842.999
819.28
381.464
178.673
178.051
365.678
771.632
865.989
717.021
742.738
414.26
310.89
247.949
301.819
645.872
790.597
439.506
621.389
570.33
366.991
264.956
319.702
404.49
605.532
374.694
570.725
637.561
503.297
409.187
294.827
346.35
548.723
171.664
258.394
626.385
794.148
366.792
193.197
177.212
220.63
99.7639
158.4
391.904
785.505
494.096
175.145
102.051
141.503
312.334
291.448
348.479
494.799
699.782
521.139
340.377
298.534
475.103
315.237
251.398
283.743
437.844
515.017
497.271
339.963
588.692
303.872
258.845
298.178
504.396
642.704
624.098
335.078
399.685
309.086
235.854
291.048
434.057
503.06
417.734
311.764
734.253
318.799
198.766
158.742
293.13
687.961
786.345
371.608
826.396
320.475
204.105
180.178
270.559
692.355
883.494
385.609
853.259
350.846
181.91
179.754
298.876
624.165
895.936
428.333
862.166
364.433
178.372
125.851
317.86
758.849
916.373
423.157
921.329
361.844
233.518
198.79
310.089
751.984
974.283
430.71
977.88
454.375
235.173
163.229
296.362
852.134
1059.96
521.57
794.06
709.911
366.336
262.355
213.068
275.335
724.754
772.787
710.396
770.256
380.644
179.213
164.064
351.301
641.893
810.43
607.915
575.752
452.264
364.166
234.946
355.881
590.047
592.867
753.732
652.29
323.865
369.241
239.661
273.255
693.619
706.988
749.444
720.412
342.1
144.805
149.433
306.894
680.495
762.197
822.553
696.252
304.825
144.983
195.199
343.871
762.044
762.968
459.504
542.291
448.463
313.955
266.35
340.949
432.314
538.436
411.231
587.516
552.542
392.853
362.988
246.061
365.759
575.77
194.036
396.155
699.766
592.193
327.332
235.49
183.28
342.549
189.919
156.463
336.346
774.618
659.974
277.595
190.337
164.91
273.694
326.067
229.302
459.849
552.89
451.188
294.68
322.123
288.533
272.362
256.509
517.856
599.705
520.123
306.597
260.023
536.83
444.696
253.472
304.946
491.513
759.147
596.198
457.282
631.622
300.306
219.812
201.181
273.709
540.257
658.865
347.739
803.796
335.541
194.143
227.905
289.687
599.581
846.191
408.915
770.257
426.669
185.727
217.717
293.553
711.49
832.577
478.337
835.959
395.198
128.942
183.06
261.115
679.521
893.383
467.52
931.866
475.705
229.022
152.346
289.059
710.067
965.088
535.826
999.768
381.892
167.473
88.1347
227.37
645.728
1035.74
475.806
782.079
384.404
308.522
250.887
368.105
829.864
854.232
414.806
901.705
833.314
373.365
130.186
172.458
385.95
825.84
898.021
704.836
787.67
362.009
118.828
175.416
310.767
624.339
835.194
848.223
705.603
273.657
165.706
140.016
278.915
774.141
780.29
800.723
683.275
328.592
172.415
162.078
321.198
742.017
738.92
845.108
690.065
308.469
203.728
215.206
329.637
786.38
753.185
650.991
641.276
285.527
150.525
117.163
265.646
586.342
693.496
436.789
571.903
351.921
197.064
154.655
247.752
396.91
573.312
357.508
525.007
499.448
318.195
226.917
164.925
313.152
505.081
209.508
305.481
437.788
509.595
302.112
191.349
199.031
286.989
159.162
194.622
289.829
599.487
404.345
205.512
159.409
192.314
385.993
285.177
241.74
298.448
452.986
534.504
420.732
281.6
416.724
370.617
429.547
381.4
495.937
492.673
427.29
354.407
511.42
340.29
194.537
292.16
385.391
580.65
549.987
356.987
701.255
439.689
269.759
246.152
326.079
704.892
747.772
459.217
736.297
401.848
160.576
188.45
276.816
671.62
796.664
452.965
803.189
372.31
151.992
209.215
223.551
650.84
864.966
430.871
858.562
386.266
143.355
169.375
205.973
639.131
910.211
463.545
898.835
383.076
192.459
206.539
344.278
733.976
950.594
458.831
842.613
369.893
242.699
260.073
317.483
685.879
883.137
430.464
907.265
451.051
191.259
183.211
365.664
803.788
962.56
514.484
1011.1
822.141
309.976
142.634
140.29
345.178
932.941
913.798
1037.41
689.295
301.825
150.921
183.2
326.769
970.588
795.31
922.594
677.062
264.474
193.692
204.971
330.867
853.983
760.646
765.24
690.368
308.204
214.069
190.42
356.903
700.014
740.542
856.367
658.435
292.776
146.692
151.316
276.188
796.304
735.144
786.021
645.85
291.027
127.548
147.204
313.669
735.296
714.92
742.507
650.852
367.521
229.869
260.392
280.762
691.14
697.101
417.785
526.934
471.756
374.392
332.512
269.171
381.038
529.529
198.038
342.485
447.735
353.435
252.193
219.444
187.838
308.599
267.387
195.654
242.316
377.036
300.04
180.335
262.112
210.079
510.843
261.669
269.166
268.058
425.885
618.697
556.799
287.119
536.674
399.747
193.338
210.791
363.639
704.224
595.821
411.365
612.584
287.709
174.311
229.077
384.519
642.867
657.947
331.505
791.01
318.297
168.175
114.991
252.349
648.466
832.04
375.872
623.674
313.741
220.238
285.718
388.472
637.649
680.517
359.826
712.916
304.137
196.293
187.458
235.748
534.236
752.974
362.042
914.256
443.769
210.919
317.478
352.089
701.085
961.649
518.802
939.394
414.898
192.796
248.824
272.85
682.546
986.042
504.372
972.052
400.06
227.339
197.405
251.269
635.318
1004.19
495.055
714.363
352.389
226.165
263.686
334.419
672.118
754.683
398.097
1119.64
819.568
260.62
94.3269
155.722
395.193
1039.24
934.419
1036.15
740.406
290.832
226.883
178.888
317.114
967.048
844.53
976.909
601.669
272.993
285.621
235.678
336.628
924.79
701.823
764.034
598.325
290.587
136.73
187.146
343.6
711.656
666.826
896.82
623.421
231.993
206.946
132.412
373.859
856.333
714.626
782.436
549.29
324.064
310.492
269.333
310.202
739.982
611.817
801.915
669.909
278.086
174.471
188.764
275.705
736.947
745.986
739.814
645.536
335.345
176.806
131.566
246.85
684.065
700.727
383.912
521.776
509.573
307.686
271.023
261.355
348.307
504.857
413.621
400.929
345.142
494.056
493.237
381.082
397.393
417.997
404.919
380.056
378.925
475.864
385.945
503.942
408.446
398.695
588.511
393.613
216.329
228.688
385.337
605.75
624.114
418.668
588.346
327.224
177.254
160.512
287.599
464.237
599.185
370.595
720.038
336.705
319.605
382.044
423.367
561.911
735.927
403.828
762.99
362.499
164.658
121.208
274.138
599.492
799.01
429.664
857.321
468.497
148.237
144.945
176.851
481.994
857.34
558.258
943.803
356.765
195.608
174.39
283.901
685.597
977.706
450.232
849.531
360.316
195.253
198.984
285.908
689.888
910.583
430.73
1006.14
439.588
226.735
142.203
303.2
786.829
1069.11
521.655
1016.94
377.563
234.623
123.507
285.264
659.139
1047.94
479.047
922.896
797.701
271.457
133.381
134.125
343.333
842.6
888.037
862.63
617.86
201.082
214.23
129.436
325.758
808.601
709.645
671.793
464.017
220.423
216.536
160.711
276.873
638.772
522.509
607.176
505.608
274.039
301.343
187.023
220.354
562.171
561.105
880.252
626.53
232.558
266.577
215.029
314.424
827.518
714.741
830.356
615.201
193.281
181.001
127.669
359.31
782.025
702.283
1029.8
499.713
169.677
116.716
130.82
328.072
997.737
624.574
799.68
518.758
215.449
300.456
238.13
375.868
773.426
601.868
584.063
470.747
303.905
229.485
217.761
265.576
555.821
510.708
404.171
442.717
484.501
413.587
300.754
192.874
374.418
443.486
239.533
262.393
361.741
389.234
490.268
450.96
262.276
226.798
550.503
373.269
188.5
177.948
273.437
579.296
589.054
385.44
609.573
279.176
156.818
144.665
239.211
562.725
650.646
316.357
726.14
319.824
165.404
148.35
240.777
594.461
767.871
381.499
714.717
322.644
228.987
346.739
332.908
595.955
756.77
376.165
710.498
332.612
150.529
201.801
220.734
522.22
728.09
397.582
770.237
395.665
218.22
335.25
312.728
519.907
774.491
469.784
838.449
452.434
210.226
319.395
238.778
562.368
860.866
540.507
866.141
357.033
114.983
112.449
218.61
640.969
918.252
435.078
849.904
543.296
269.311
255.711
393.571
822.911
902.559
570.481
1058.72
806.257
310.751
225.19
167.658
368.534
988.796
906.361
942.177
618.766
226.583
172.22
183.635
275.999
880.272
719.313
1000.91
633.671
220.683
112.018
131.947
304.19
943.365
734.807
850.773
496.015
125.456
113.526
141.006
292.588
795.078
600.429
1003.59
619.333
289.378
338.254
236.939
291.495
949.821
729.7
912.378
626.027
251.878
169.946
205.723
375.44
853.147
713.445
862.607
599.218
290.451
311.373
222.144
402.86
827.15
681.627
1007.52
532.882
207.623
144.018
197.104
338.962
970.293
647.662
757.432
624.977
348.192
264.89
174.203
290.828
712.533
678.691
594.108
779.691
529.7
245.557
183.543
289.341
527.884
783.589
391.534
328.558
283.246
455.217
328.344
261.193
380.516
336.299
471.013
320.15
303.541
293.872
368.585
505.401
500.822
339.656
653.886
387.743
262.033
232.178
308.33
586.162
678.15
425.424
683.532
342.433
146.062
218.15
237.157
413.552
687.743
417.363
629.286
383.628
227.38
375.273
304.066
527.933
667.084
400.745
628.454
297.398
135.199
172.586
219.061
519.795
672.791
344.313
642.393
332.678
163.939
185.658
282.275
500.771
661.42
386.208
936.333
403.441
188.596
156.226
232.943
586.388
950.173
491.634
933.168
394.573
198.306
226.185
259.638
659.108
970.878
489.578
1024.25
455.393
201.924
176.211
341.922
835.623
1083.53
536.103
1199.99
777.256
340.069
210.836
150.43
379.34
1138.35
890.29
961.035
640.934
213.551
245.551
196.869
340.51
903.305
746.531
1098.05
648.458
201.71
208.739
150.776
359.245
1044.38
771.507
1056.31
591.924
187.06
138.429
239.512
373.071
1004.5
715.147
841.191
561.286
180.92
163.77
165.116
339.982
802.679
651.181
1024.59
684.18
228.488
157.325
144.622
355.014
964.886
789.154
925.669
585.498
192.822
207.715
203.998
382.995
893.706
679.805
869.487
598.77
282.814
216.205
214.445
358.104
832.379
684.265
569.918
419.679
244.276
225.168
192.579
255.944
543.919
464.5
711.803
695.652
426.05
368.197
241.085
258.591
650.441
731.7
386.482
260.546
234.916
489.188
567.117
448.903
398.447
281.815
609.288
300.918
159.01
213.488
364.231
627.771
652.771
337.864
845.279
391.072
155.664
223.866
259.595
632.904
886.049
462.638
763.417
315.467
164.265
129.603
307.874
619.955
804.804
385.28
678.949
335.208
249.248
264.735
337.91
582.271
704.74
384.523
762.115
339.73
169.941
191.819
296.16
579.834
795.752
415.198
895.731
443.656
191.228
194.693
271.695
668.735
933.472
509.684
989.518
428.676
175.907
212.971
289.633
683.437
1026.56
515.553
902.01
395.819
164.957
136.186
281.951
670.253
940.324
480.53
995.707
557.551
284.984
135.671
394.281
840.653
1042.71
614.431
902.948
676.139
238.374
263.47
206.096
322.644
842.707
770.175
845.368
673.741
212.416
276.561
200.722
347.878
780.644
763.321
876.501
632.839
178.162
159.248
130.365
343.922
821.859
726.707
953.762
645.96
208.952
234.541
220.386
313.375
892.143
751.093
897.927
502.223
165.003
234.421
204.129
365.956
866.57
604.061
794.008
523.88
231.387
280.814
216.035
387.474
765.262
602.38
1085.72
519.702
161.854
109.383
146.744
416.246
1062.24
642.604
926.27
519.621
225.032
235.056
222.612
468.843
916.458
615.048
656.866
357.148
146.566
202.084
220.766
392.207
655.733
424.379
705.805
517.173
260.06
206.805
268.652
309.138
668.172
583.694
508.835
372.814
219.788
251.876
338.85
407.379
504.191
406.813
631.005
302.989
235.448
245.343
378.829
657.655
673.843
340.829
820.335
392.392
163.755
227.023
362.757
689.334
868.69
467.019
788.435
465.117
247.074
313.418
237.41
570.948
820.475
516.082
762.586
332.538
145.544
129.139
207.33
550.669
798.137
397.57
769.118
326.924
170.154
175.778
286.874
639.936
820.883
395.591
839.484
433.818
258.365
182.918
334.262
766.142
885.366
477.182
906.558
439.965
209.257
159.757
325.238
697.445
947.385
521.336
937.861
522.424
250.647
158.143
403.847
894.022
1000.03
567.066
1008.02
407.967
203.171
220.556
375.131
838.065
1070.23
499.596
1045.24
717.047
267.689
173.875
148.75
335.186
981.657
810.606
1241.23
711.103
228.141
189.154
188.437
391.011
1186.9
840.271
988.893
569.432
176.509
136.334
143.955
329.134
947.397
677.016
1175.91
582.956
223.176
141.968
119.108
373.513
1137.33
726.431
980.427
497.907
207.958
190.001
188.748
396.185
959.231
605.134
774.795
382.248
229.432
260.904
150.374
365.981
769.592
458.429
875.201
449.851
150.681
201.856
219.396
419.117
864.224
549.077
888.63
514.542
156.379
199.515
179.738
446.831
878.4
607.743
708.62
385.724
185.041
226.019
252.722
395.215
703.828
464.006
919.174
422.373
139.692
149.405
151.128
373.847
901.112
532.032
829.014
410.81
135.684
164.922
219.87
519.255
842.548
495.31
732.609
482.32
304.315
263.567
246.172
591.286
767.558
503.696
751.559
361.208
211.61
336.381
304.1
515.031
772.218
425.93
499.862
331.373
242.673
229.592
268.104
527.228
533.618
347.967
565.963
332.776
209.875
276.008
284.709
478.987
596.114
374.102
748.769
346.983
196.111
201.835
244.651
537.135
767.174
415.4
911.276
337.295
185.484
201.634
330.695
699.932
948.451
425.663
949.107
417.78
180.549
180.862
342.624
763.403
1004.72
503.844
937.205
444.206
252.393
223.281
505.303
921.966
997.855
508.457
892.588
503.058
347.909
183.394
441.598
895.973
948.539
534.003
947.915
733.963
230.892
142.63
122.752
372.002
886.944
828.915
979.465
670.178
272.807
331.804
241.476
409.833
929.337
771.596
1111.59
615.564
187.059
144.354
118.114
314.724
1056.71
747.288
992.243
495.155
217.933
282.29
268.556
344.374
968.8
610.634
820.722
377.953
253.55
392.66
258.276
458.033
823.776
465.912
673.442
352.971
280.525
199.248
194.673
337.673
667.655
411.332
784.876
439.72
179.805
156.956
136.73
372.584
771.997
523.048
609.878
322.458
160.914
159.536
202.514
399.229
611.219
381.74
706.851
386.984
229.568
158.417
145.949
411.454
715.007
448.654
838.876
442.089
204.147
316.798
252.271
455.716
838.024
531.593
695.791
277.861
195.917
204.442
224.601
501.553
724.299
342.064
740.738
373.921
251.086
271.899
236.89
508.49
758.621
431.84
739.34
339.361
209.806
229.731
222.204
462.125
749.964
417.338
621.132
242.68
157.552
170.848
235.717
503.986
652.965
292.861
703.527
298.081
220.44
367.335
290.643
534.229
742.706
362.986
785.255
401.629
214.928
245.753
270.497
584.543
802.524
463.995
749.309
390.949
207.876
339.437
436.137
582.064
770.935
454.967
710.115
325.839
225.509
206.633
388.304
645.742
748.044
382.808
794.143
399.978
242.599
222.785
442.716
816.286
847.204
458.324
1026.52
518.254
253.472
152.177
353.049
904.092
1081.49
575.035
1093.07
729.462
256.363
164.902
163.152
403.219
1035.45
841.061
1115.22
742.299
239.262
132.583
161.06
365.412
1044.08
860.154
1141.46
567.112
208.329
172.589
165.034
456.834
1117.97
693.048
960.682
581.707
283.22
251.859
277.935
363.777
922.223
686.349
1030.67
520.647
225.067
246.962
233.3
365.804
997.606
643.2
808.953
327.981
232.232
267.612
254.083
495.816
817.216
410.158
881.422
486.275
123.841
81.9035
145.681
476.823
877.69
580.033
881.728
448.84
159.869
231.211
205.603
434.142
873.651
545.841
836.455
355.594
119.338
118.665
201.895
522.432
846.539
446.113
645.625
304.235
254.202
253.012
278.8
471.794
668.103
363.573
798.079
403.865
170.241
213.66
230.107
559.381
829.4
469.618
790.845
364.284
122.718
127.896
159.237
557.443
833.089
427.074
885.6
381.119
143.846
171.812
190.165
488.114
885.195
477.671
725.179
356.931
180.565
140.365
343.293
608.802
753.151
412.483
728.39
355.256
154.703
204.115
257.699
580.531
766.663
415.962
837.533
322.181
164.026
177.134
207.867
521.273
863.164
409.781
757.773
332.905
196.985
128.504
309.819
669.393
809.241
394.647
791.372
316.701
196.005
192.69
482.59
811.253
861.819
381.435
899.981
412.679
260.557
173.228
435.679
819.173
963.06
486.888
719.718
396.696
353.073
281.05
454.133
843.851
789.289
409.256
889.941
590.457
254.422
326.132
248.185
337.738
845.319
682.996
861.212
591.018
155.862
122.88
117.39
288.797
792.783
692.751
1248.6
612.982
261.168
144.76
178.722
435.734
1210.76
759.088
1084.28
497.405
197.358
217.551
204.609
408.08
1063.04
630.763
752.008
390.434
249.173
242.364
230.005
395.352
749.795
466.409
750.676
340.952
170.519
213.298
159.013
320.183
736.271
428.163
786.576
437.506
217.987
155.977
167.621
479.825
798.533
496.047
749.238
332.519
155.654
146.571
182.923
493.638
774.342
406.719
751.315
394.16
128.15
94.0132
112.334
406.65
756.7
467.235
681.859
329.383
184.646
199.691
232.888
542.812
726.833
380.285
756.799
366.365
237.989
320.13
348.304
534.026
771.719
442.759
820.65
406.328
174.009
154.55
226.05
606.638
858.315
483.958
705.617
407.08
211.498
189.637
241.98
581.049
746.913
448.699
758.003
352.435
119.644
165.724
175.807
504.452
783.297
427.436
724.781
436.652
255.268
207.951
243.594
552.564
747.446
475.869
597.2
362.658
219.55
144.289
337.651
555.487
616.845
400.072
512.406
312.302
236.295
237.027
416.117
574.497
549.773
339.878
659.558
366.283
165.738
179.175
307.111
491.771
677.409
425.067
512.07
456.73
339.25
242.142
479.829
665.31
551.946
464.155
624.999
358.205
403.239
213.61
621.791
861.794
692.471
350.758
954.506
758.558
360.72
185.026
138.134
389.715
896.055
842.201
1045.81
669.182
234.657
153.077
190.334
357.323
986.763
778.013
1040.82
585.983
151.8
177.807
139.08
322.862
990.074
707.186
901.427
498.536
285.849
245.818
171.219
351.702
871.036
585.641
867.856
477.091
176.274
132.195
186.134
472.754
865.737
564.555
620.644
342.992
132.281
102.443
149.379
350.296
620.306
407.018
480.735
253.636
166.903
232.254
197.533
271.675
481.722
297.208
519.582
235.084
185.659
169.441
239.925
408.101
536.964
277.756
465.978
246.733
128.685
196.888
213.934
397.945
486.045
278.667
487.152
270.803
160.686
174.71
253.623
387.017
495.958
308.839
537.74
262.065
129.088
114.365
249.248
496.587
566.069
305.573
505.731
252.811
166.095
216.309
240.396
474.85
533.553
291.293
777.576
368.121
275.437
249.654
294.17
593.204
814.32
421.793
722.99
313.896
156.099
192.341
214.67
510.736
753.258
382.211
724.23
274.03
125.335
150.1
243.347
574.599
759.823
340.775
611.023
393.57
262.454
214.072
402.223
675.566
651.238
417.597
776.66
389.548
188.434
172.085
339.465
739.233
839.217
449.311
457.155
277.621
174.299
213.75
381.041
606.828
494.457
296.231
619.298
358.099
191.052
233.147
435.355
782.591
683.542
382.422
408.942
226.438
281.935
469.079
535.411
457.246
424.321
253.262
1014.25
814.898
356.503
142.416
180.385
361.059
944.248
887.527
1026.02
780.237
259.4
103.729
129.034
360.379
950.876
884.744
786.253
418.615
164.387
213.811
177.352
343.377
766.796
502.949
694.001
353.451
89.3052
101.456
94.2301
340.894
695.233
426.705
557.929
261.983
202.062
236.266
241.342
447.409
578.307
306.127
543.558
377.404
182.852
150.204
207.767
365.815
544.214
416.165
591.654
354.391
184.157
237.844
280.399
413.116
598
396.024
667.937
381.86
218.346
143.703
213.809
461.806
682.469
428.205
750.705
375.624
149.377
151.072
220.098
453.2
756.006
457.432
763.396
369.629
212.29
347.198
244.43
508.652
785.406
441.499
719.363
289.866
184.429
201.875
282.951
620.76
762.415
352.851
522.86
297.038
243.774
273.321
343.419
611.814
568.584
311.03
573.047
293.359
262.183
326.033
369.875
599.164
620.318
314.896
666.744
393.086
170.068
157.381
182.389
403.497
657.518
454.685
792.481
415.781
228.788
277.001
284.058
477.816
792.264
496.746
489.786
299.82
347.854
341.359
450.414
503.817
512.949
318.166
676.392
363.299
249.697
288.328
505.453
777.513
733.083
403.75
496.81
396.28
262.517
320.284
517.691
709.831
550.464
405.973
558.555
358.873
286.137
343.063
553.735
713.547
608.07
384.211
592.991
297.103
222.617
409.159
406.535
491.815
610.296
353.249
1080.7
778.141
280.871
157.257
139.348
334.297
1003.26
887.091
919.519
715.911
245.45
160.293
120.695
333.154
848.507
810.168
1029.04
481.868
203.801
168.593
159.758
369.696
1003.55
605.529
705.435
372.176
187.573
275.927
219.399
408.588
705.411
441.165
473.813
292.965
324.963
322.587
203.874
305.83
474.989
315.346
744.519
427.317
188.055
271.237
241.608
343.45
728.284
505.714
608.143
368.038
297.751
342.488
261.83
441.221
630.701
395.111
649.103
288.643
128.964
212.642
240.848
520.853
689.803
343.914
677.682
345.851
156.622
149.784
230.942
544.515
709.795
395.772
471.928
294.185
176.4
229.103
239.464
432.218
496.587
310.51
712.503
357.032
162.249
224.301
285.275
447.37
718.473
433.951
388.446
212.833
212.18
244.722
304.118
338.183
403.531
241.447
464.664
349.732
199.178
247.999
340.768
548.385
503.128
361.905
717.677
366.928
228.877
285.352
338.23
597.065
747.939
428.945
639.965
329.567
201.444
288.899
366.509
574.152
678.183
371.529
644.162
300.985
177.682
221.34
365.19
655.126
691.238
339.696
559.856
383.865
291.547
341.485
459.757
666.289
605.92
398.299
585.151
332.369
242.27
279.595
459.948
671.666
627.91
367.697
554.964
280.792
293.512
484.119
750.8
779.195
604.917
300.794
595.024
448.941
266.867
354.086
628.713
813.19
654.104
462.357
647.136
709.93
487.096
297.815
164.862
304.152
598.295
724.755
1073.72
543.911
211.626
144.69
183.253
345.139
1041.29
660.79
920.317
402.283
113.884
82.5952
95.2378
346.785
912.72
508.979
869.333
443.24
202.836
330.011
290.509
529.871
883.4
525.557
753.653
321.897
192.402
221.623
270.545
574.098
780.784
389.322
424.769
230.272
223.35
202.287
250.596
444.128
450.429
247.155
477.892
276.968
160.939
133.315
205.778
359.869
487.751
308.971
384.777
231.588
236.148
279.375
298.911
346.862
399.693
253.288
547.344
305.001
133.863
147.105
236.875
449.794
562.109
346.575
460.862
296.533
165.863
176.8
254.419
468.222
487.763
322.03
793.534
331.732
117.831
150.165
250.396
584.151
827.534
414.229
742.887
330.025
218.999
167.447
336.781
577.839
767.977
405.363
492.05
292.251
199.593
206.674
314.647
528.845
525.162
324.649
677.435
326.028
248.846
248.384
425.619
593.457
702.135
381.391
647.789
312.559
233.926
247.065
364.388
548.821
671.822
365.202
417.596
304.399
260.765
322.656
474.514
529.221
448.687
311.884
513.495
346.492
279.231
385.037
677.011
766.851
566.484
367.306
414.101
227.398
198.882
360.808
594.549
663.187
464.273
245.493
560.431
326.959
414.112
445.473
656.653
699.764
609.208
344.23
482.804
322.11
278.419
368.584
650.254
740.802
537.729
332.281
