586.333
938.277
643.234
344.843
282.822
420.311
518.488
917.847
561.691
831.598
702.122
280.872
354.953
403.963
494.266
805.717
484.499
772.819
507.956
282.382
276.981
360.377
428.698
754.509
352.856
714.784
706.998
335.582
368.18
404.152
324.673
648.257
272.015
641.732
702.396
336.814
340.266
367.685
234.418
568.737
210.617
432.676
805.18
574.733
430.489
227.92
199.431
375.161
258.822
461.616
686.525
603.862
429.102
268.892
238.832
416.44
129.159
270.564
680.377
940.177
371.977
135.172
122.866
221.068
93.5201
154.47
520.883
919.285
586.286
222.02
104.842
122.312
128.976
143.315
356.665
897.729
702.729
303.157
139.146
126.798
231.488
274.184
369.218
593.731
721.695
534.545
256.395
246.359
321.188
293.445
410.575
487.379
749.492
679.216
361.783
275.894
358.111
326.863
364.876
357.384
657.916
739.932
412.358
311.257
487.246
414.463
464.861
225.975
663.122
890.731
554.888
380.279
502.994
480.422
254.707
199.879
511.781
864.445
557.07
499.156
451.098
350.211
236.564
251.363
416.196
795.484
525.301
338.686
472.711
322.881
232.866
245.336
455.634
819.292
552.543
310.049
628.446
371.47
196.425
138.794
370.521
831.574
705.206
381.38
717.411
383.108
220.459
194.298
400.508
862.88
789.852
406.379
858.881
398.728
167.878
165.405
361.697
786.479
927.417
463.894
671.514
937.825
559.875
241.799
309.635
441.941
595.358
934.285
542.451
791.339
642.657
329.863
305.784
353.016
488.515
773.597
584.984
789.388
537.262
275.457
230.274
336.537
521.1
781.678
548.857
849.449
611.351
262.078
250.639
374.804
485.706
832.021
325.418
770.858
845.415
431.518
339.037
392.812
272.226
687.557
278.509
724.347
920.562
547.488
434.545
453.103
262.779
625.805
428.513
562.943
506.898
433.023
324.43
300.663
388.045
555.721
262.176
330.759
723.376
861.573
411.586
272.845
256.743
298.947
139.177
241.527
596.089
946.403
460.323
138.685
131.509
211.035
206.178
167.907
350.381
874.824
736.171
322.562
206.284
173.119
220.971
294.794
304.429
616.599
782.067
583.924
239.806
269.644
333.879
333.446
361.273
393.366
624.987
653.322
361.969
324.098
453.705
371.013
311.895
357.849
649.311
782.651
509.681
383.978
567.609
367.744
389.099
286.723
588.926
824.467
632.762
366.312
566.241
363.263
276.068
351.555
423.601
753.82
625.697
373.109
585.835
335.104
196.317
189.061
405.698
735.707
654.654
340.547
692.653
395.354
239.317
180.853
371.098
785.58
761.735
433.958
760.283
431.234
296.433
192.382
410.216
832.339
837.438
480.236
831.94
465.494
214.718
226.918
373.269
821.164
910.393
526.756
1018.7
464.12
249.763
190.227
374.523
847.921
1078.89
549.058
814.155
991.126
587.309
218.443
323.463
398.668
718.073
1021.56
683.559
867.524
544.07
311.132
237.745
370.884
612.865
875.504
654.606
865.69
705.71
275.432
308.473
373.115
580.293
857.852
564.664
830.78
535.333
291.086
274.07
393.39
503.666
822.29
527.6
816.176
614.177
268.354
262.059
367.535
467.215
796.265
424.518
775.679
632.014
295.406
286.987
347.848
370.179
734.846
330.503
590.341
804.651
573.629
413.887
271.609
311.535
545.629
143.922
329.732
693.217
814.945
426.989
200.843
133.66
286.436
155.425
245.196
512.755
640.595
341.234
135.19
144.875
214.342
107.727
155.922
304.975
624.926
567.144
272.522
112.963
138.157
257.882
245.907
284.333
577.772
620.205
338.353
253.873
255.9
416.935
400.841
262.872
306.792
514.437
632.815
456.644
409.206
363.59
251.016
257.475
365.555
596.201
659.903
416.547
244.695
550.47
382.292
280.09
207.888
462.737
829.624
624.336
375.701
595.971
387.674
337.549
239.271
447.614
738.282
657.251
416.205
607.632
412.054
259.545
311.339
360.888
798.303
678.432
431.92
646.76
412.694
208.37
133.784
326.142
699.293
699.2
421.507
816.651
284.48
177.988
200.01
239.875
605.467
857.964
356.917
826.654
403.076
239.007
192.786
331.755
805.725
893.288
444.526
1002.53
418.524
165.05
132.641
337.264
846.576
1068.07
502.395
610.822
864.288
434.03
176.962
214.973
389.102
528.768
865.953
619.055
824.557
611.26
227.945
289.388
391.298
550.6
818.915
623.349
743.076
449.735
261.087
231.375
343.588
565.714
758.188
711.547
892.546
668.575
271.315
268.867
333.927
632.668
902.44
541.411
834.336
518.798
315.413
242.762
333.241
473.134
821.914
604.647
815.988
535.702
381.899
272.504
312.694
532.874
816.46
462.543
647.781
629.059
412.557
341.131
375.894
424.644
636.293
202.44
350.439
606.114
678.486
314.765
176.711
188.135
317.332
143.651
211.444
507.897
782.658
427.387
136.679
136.102
193.41
160.527
167.207
334.612
720.931
547.413
229.252
155.66
167.939
212.94
171.814
276.672
568.624
659.553
421.133
233.955
170.113
292.209
245.256
250.812
352.942
547.335
555.018
330.743
236.417
358.909
298.996
276.428
329.997
626.917
692.026
404.315
294.862
440.299
361.923
275.596
158.069
330.32
762.797
515.452
330.371
586.754
383.551
213.426
198.074
401.423
780.167
652.885
390.749
749.967
382.559
196.028
154.274
365.701
733.298
806.792
437.872
408.865
297.419
203.19
173.184
262.615
437.24
440.029
296.012
874.048
365.646
174.055
183.099
210.204
611.739
911.472
437.349
925.732
406.55
242.84
167.951
335.931
839.217
979.044
457.065
1075.49
414.657
187.458
116.496
223.493
721.461
1119.46
507.107
779.745
850.609
402.958
238.407
326.563
378.532
699.196
903.97
683.39
837.635
499.408
255.344
254.25
388.438
614.182
851.181
659.949
760.42
477.836
250.309
258.98
294.775
586.531
792.086
619.829
774.402
436.51
277.356
241.828
362.726
554.321
786.345
738.494
846.184
521.152
268.188
270.184
359.423
662.613
883.047
775.425
782.899
416.887
179.605
187.143
313.487
699.067
837.159
519.733
808.396
581.688
273.138
239.467
360.964
456.793
789.116
363.641
555.841
647.022
441.788
297.192
225.513
323.897
529.379
133.161
306.368
665.308
754.09
361.597
114.864
123.835
257.971
189.966
331.343
441.431
570.472
390.521
211.843
174.087
299.294
253.33
255.338
305.229
571.343
612.107
400.258
251.168
254.426
383.241
272.951
333.675
366.874
636.928
672.549
434.07
265.211
561.49
573.443
448.474
700.11
564.522
432.623
538.338
588.828
584.996
429.19
215.822
172.385
398.827
807.528
654.697
438.659
747.927
442.845
231.079
274.288
355.336
740.317
812.867
500.225
727.992
384.082
244.83
222.384
288.654
685.671
791.331
432.214
720.68
527.898
281.181
198.467
285.898
693.376
765.388
536.333
871.405
381.095
187.162
148.1
261.619
708.788
923.358
445.324
914.639
380.932
239.19
172.224
353.403
810.143
975.784
448.435
995.916
333.452
232.011
182.669
238.502
693.338
1048.04
427.184
806.885
750.454
374.064
173.743
216.518
312.092
734.019
810.29
764.555
746.71
355.645
193.364
175.532
318.866
699.106
792.958
749.443
791.75
481.397
223.484
238.308
341.141
684.009
822.445
732.313
733.219
393.907
208.778
239.716
322.211
661.198
767.941
765.85
641.538
313.683
204.345
192.453
240.471
701.39
699.807
793.795
864.271
389.482
187.618
152.944
415.505
717.954
919.939
614.954
755.181
476.04
341.478
306.47
302.618
542.227
773.074
320.37
572.245
560.093
335.1
198.5
193.417
276.241
532.06
241.911
415.977
688.25
532.99
301.103
200.041
219.245
369.273
206.56
220.94
465.648
780.434
399.216
169.845
207.722
206.256
209.713
204.66
260
644.198
643.521
351.535
214.826
206.062
373.089
230.796
207.23
288.763
529.39
598.257
413.375
239.566
641.835
301.144
233.653
331.14
367.775
608.662
676.061
349.963
552.119
321
293.338
249.014
521.094
780.541
616.51
337.048
680.428
266.099
170.3
110.99
273.301
591.772
732.186
317.051
837.487
375.302
153.011
133.371
251.673
678.946
891.963
441.498
814.345
350.212
220.496
219.264
266.071
551.772
828.226
433.903
856.39
452.309
211
175.386
247.367
655.606
898.054
514.316
893.984
491.599
218.392
178.97
310.923
808.64
967.169
554.177
1003.27
394.191
191.259
149.749
302.022
805.645
1065.06
467.45
911.11
836.142
395.369
180.444
172.213
369.861
837.758
903
739.497
805.075
450.478
222.477
201.388
280.892
659.316
848.943
516.379
797.137
492.851
442.862
319.225
356.29
461.544
785.167
889.481
733.029
343.454
190.795
167.853
305.297
820.65
798.855
687.601
694.688
330.341
154.124
179.512
324.299
626.16
728.684
691.681
679.687
308.824
163.147
144.54
275.735
625.226
731.975
748.161
605.794
256.815
227.777
176.715
303.249
696.307
671.716
431.35
672.021
643.305
266.02
308.793
367.479
387.269
630.475
180.784
334.758
574.121
504.054
252.518
215.97
171.476
295.022
225.991
285.709
470.464
789.616
484.16
258.383
214.322
285.561
188.16
211.63
349.723
632.892
639.909
328.626
188.828
204.767
396.196
257.118
294.01
377.854
512.633
514.787
429.141
266.709
435.337
338.547
352.295
374.378
534.333
587.114
470.693
351.834
730.659
419.706
309.197
362.874
473.764
753.207
777.844
444.004
737.378
329.513
196.818
220.074
304.783
624.05
785.631
394.127
732.756
335.713
262.942
219.293
272.676
605.44
780.461
380.31
831.043
398.765
242.547
193.21
340.51
712.396
881.587
455.075
880.949
393.444
164.308
115.092
301.56
747.178
930.493
456.128
874.112
408.022
139.63
128.462
228.723
685.948
931.282
480.405
933.451
488.714
186.018
137.851
280.485
807.302
1007.07
558.456
910.26
831.81
361.935
194.927
172.167
356.107
830.344
909.36
742.202
771.413
370.587
173.278
215.234
332.432
668.452
827.129
731.236
646.811
303.688
136.989
190.567
267.315
658.254
701.02
944.201
695.233
319.493
177.206
198.098
276.212
874.269
775.9
862.436
680.946
274.406
77.937
168.566
297.703
791.264
753.477
788.204
679.369
272.408
218.444
189.754
370.827
732.686
750.85
578.038
526.996
253.869
141.512
147.705
272.687
541.895
562.931
484.223
624.586
477.823
331.065
332.368
347.44
443.793
625.22
269.344
310.178
407.913
500.868
331.126
267.103
266.674
300.96
122.48
271.032
451.204
633.22
363.386
155.332
116.14
237.971
188.627
228.572
301.024
494.749
519.653
332.864
198.098
224.339
408.732
300.744
355.327
330.641
576.42
705.139
458.444
276.248
461.419
429.828
265.135
285.64
331.614
564.846
497.497
441.481
677.614
337.758
222.168
245.634
339.111
656.556
721.824
382.156
658.248
304.724
165.514
203.237
302.785
601.535
711.656
350.238
931.56
392.446
165.507
161.096
232.164
657.549
966.332
475.736
832.628
386.606
185.672
224.216
279.642
638.475
873.368
448.853
1000.94
449.521
182.703
196.881
331.404
708.633
1030.54
534.714
888.461
407.035
180.631
211.221
233.973
633.872
935.11
479.707
768.372
375.943
185.131
259.133
296.747
672.19
829.413
432.516
1009.39
833.517
273.355
155.24
137.151
353.857
925.6
934.726
772.509
794.367
363.104
125.214
264.197
343.502
691.018
845.565
1019.87
684.284
272.973
241.933
217.246
362.778
958.431
783.227
847.238
700.896
283.168
272.298
175.985
329.164
780.596
774.148
749.467
669.547
319.056
181.095
146.414
299.3
688.242
728.607
735.611
617.308
290.429
274.988
316.177
341.683
679.336
687.995
988.282
687.028
285.345
145.392
194.212
289.507
924.309
780.654
592.996
588.939
352.232
252.959
189.993
245.401
542.341
620.703
379.144
536.93
488.92
314.042
192.435
256.264
344.784
527.512
207.601
236.434
315.128
326.279
273.254
196.114
196.712
228.039
393.123
217.342
197.837
395.899
420.615
433.878
418.411
241.589
465.342
461.6
333.036
307.059
412.221
554.561
494.012
470.996
570.929
344.628
255.194
303.818
467.624
597.255
600.897
372.988
672.273
346.779
261.136
243.945
359.325
575.087
694.95
401.883
658.264
296.159
190.184
218.601
373.305
611.037
699.609
349.013
588.39
291.037
157.698
239.982
261.211
446.223
601.444
334.995
862.039
391.837
182.603
238.552
211.099
572.084
898.688
460.956
961.82
403.326
188.543
160.095
316.205
757.515
1009.09
484.853
1186.07
497.03
146.385
145.164
277.797
770.905
1221.19
610.815
880.82
496.132
243.135
329.918
286.239
698.881
932.546
554.751
882.422
788.216
252.104
157.98
83.6241
343.524
797.955
877.196
970.513
791.754
259.623
119.058
167.272
344.274
892.16
888.177
870.533
649.031
220.223
194.392
149.548
245.935
798.486
743.76
931.465
705.633
325.101
251.845
247.454
366.035
874.422
795.7
730.399
497.818
187.806
254.152
145.08
271.748
687.898
579.397
909.695
570.052
220.206
233.668
199.928
297.867
859.783
663.975
881.288
706.317
272.047
251.913
199.915
360.609
821.593
790.468
595.438
547.566
304.971
191.015
194.375
253.367
556.6
582.378
482.522
523.376
386.607
256.797
198.264
306.309
450.135
536.972
337.856
407.85
427.978
417.905
351.203
260.317
312.745
405.924
270.491
245.307
355.122
437.687
440.915
331.982
268.392
239.618
498.089
359.047
261.886
239.598
331.919
686.762
558.529
351.68
694.451
306.046
199.898
162.108
308.15
657.926
735.407
361.551
598.406
283.685
191.526
234.35
260.07
579.705
641.03
315.091
779.235
374.862
253.04
252.75
238.136
530.907
807.541
434.31
751.401
377.097
151.03
170.427
268.253
526.072
763.836
448.839
739.842
364.667
294.162
336.657
353.369
435.684
746.145
433.416
942.438
408.329
169.372
152.671
331.377
716.133
978.824
498.314
1122.44
448.685
214.153
186.008
270.396
716.837
1154.7
552.442
902.162
372.378
115.791
126.344
272.787
681.704
941.22
456.262
966.161
816.931
258.344
121.916
154.293
370.865
882.729
916.973
963.974
608.688
176.537
171.266
146.393
331.144
911.612
715.957
872.687
526.863
241.308
184.242
122.741
311.167
833.945
618.273
795.346
539.356
172.242
192.901
151.876
299.565
741.742
624.352
669.399
502.298
360.817
340.828
207.016
264.735
633.66
555.668
811.84
601.161
202.917
311.399
224.01
378.533
761.956
688.592
1129.03
560.086
157.617
125.213
119.39
361.136
1094.02
692.219
830.613
539.699
175.813
250.721
132.204
349.318
800.625
626.377
641.734
555.484
282.638
160.031
181.562
285.353
593.839
606.835
491.41
501.043
396.635
282.844
203.285
198.424
452.047
512.373
299.341
313.208
509.212
451.666
387.343
228.477
289.658
315.927
338.405
393.743
254.395
241.697
357.314
493.565
359.868
373.915
555.043
371.057
188.576
209.274
293.967
561.37
588.158
390.543
710.235
346.232
239.196
261.518
318.644
562.61
729.378
411.832
778.25
338.988
219.384
272.491
264.981
586.743
816.896
409.483
755.564
315.751
166.807
186.495
257.516
521.646
779.832
384.637
813.73
365.295
152.083
164.107
200.401
521.616
834.913
449.961
814.358
376.892
185.749
305.911
301.296
621.213
858.073
445.15
886.546
410.291
209.574
188.476
277.654
668.828
926.371
485.773
929.355
531.033
259.328
206.811
359.459
811.269
983.015
565.805
1194.54
733.832
265.82
228.031
214.904
368.712
1130.78
857.544
958.622
704.692
271.16
181.299
134.368
313.994
895.833
796.744
1029.13
696.808
280.533
139.532
144.31
322.155
966.433
794.69
1093.91
655.414
192.884
150.635
171.52
289.424
1023.68
790.453
982.786
483.69
288.823
311.606
175.992
328.255
951.992
604.029
1003.9
653.049
276.892
148.59
149.305
408.642
958.758
749.944
864.062
583.971
273.48
429.965
361.069
369.475
823.95
674.372
901.548
519.654
182.995
166.085
145.45
337.293
863.273
614.94
899.113
656.838
209.735
159.183
113.578
360.989
847.122
751.87
663.967
713.349
529.164
278.065
236.758
288.813
605.474
730.823
339.319
458.352
493.58
519.24
297.837
257.687
308.259
457.597
498.953
305.981
276.898
271.478
387.442
558.203
536.376
323.168
506.767
335.187
247.065
144.225
304.87
614.965
555.921
339.917
726.766
320.488
223.507
227.692
305.157
611.078
765.6
386.147
779.138
365.833
281.026
310.7
290.341
574.16
815.619
427.277
610.758
283.628
170.353
209.104
245.568
506.275
637.766
334.791
622.423
275.464
213.502
241.642
312.293
527.975
655.488
333.585
851.791
423.419
176.148
136.39
195.762
607.461
892.922
491.389
854.351
398.59
150.336
267.525
264.772
619.789
898.086
468.756
970.05
460.303
247.558
220.636
365.393
759.113
1000.6
536.05
1076.84
736.323
239.551
167.724
193.635
323.569
1003.21
851.358
878.709
662.75
214.926
205.194
221.474
341.94
814.784
760.411
811.639
557.307
202.44
361.378
215.444
297.502
762.034
645.589
1032.16
695.954
200.487
163.454
217.88
397.352
958.452
814.265
1074.14
530.093
171.459
166.22
199.027
366.268
1034.12
665.664
993.398
563.083
199.611
122.895
146.537
294.795
945.183
680.649
960.148
631.056
215.037
255.253
265.021
418.144
920.629
731.935
903.187
516.545
175.242
135.858
111.327
296.225
861.075
617.754
716.617
371.586
214.902
205.477
164.439
287.57
702.995
446.577
465.81
529.098
303.158
282.244
260.815
343.083
426.475
545.459
448.342
372.504
303.944
532.747
355.43
393.549
448.214
390.434
435.193
395.128
365.197
347.977
512.156
627.466
473.87
410.897
760.484
409.376
207.941
200.58
325.532
673.114
799.075
445.069
806.717
361.123
178.537
156.838
286.849
574.918
833.459
444.655
732.911
384.304
248.592
208.462
270.741
638.772
779.539
421.791
896.009
386.542
130.803
125.419
199.553
592.227
927.412
474.8
707.703
339.376
231.9
214.945
346.224
676.659
753.26
383.32
868.773
435.553
211.123
259.978
250.767
637.111
892.519
499.12
992.846
444.19
143.232
167.292
279.4
749.052
1047.75
537.79
946.178
470.119
246.652
196.33
349.893
826.47
997.565
516.495
976.941
753.254
238.796
159.493
124.486
385.359
911.141
854.049
889.743
646.239
240.32
208.872
202.616
287.797
828.898
738.842
1094.07
636.07
230.6
232.49
184.985
342.825
1040.85
754.614
1074.84
566.911
174.895
238.13
182.462
341.182
1027.98
698.398
860.883
629.27
180.101
192.494
162.06
334.576
807.227
721.433
769.923
478.8
250.071
307.779
324.834
359.66
743.345
552.549
1021.06
496.59
151.573
158.869
127.285
367.603
991.888
616.628
862.998
436.072
158.224
133.844
181.337
441.269
856.084
528.841
782.659
405.055
151.423
202.992
219.59
329.551
768.066
490.745
630.111
356.796
192.233
196.228
212.511
302.977
611.761
421.471
886.623
470.344
177.022
190.319
171.087
302.165
857.11
566.869
516.778
363.614
240.41
188.219
409.775
745.066
581.724
369.137
755.38
364.617
229.102
257.642
267.232
628.476
798.218
413.689
807.745
388.851
375.923
294.718
391.692
545.453
829.6
452.346
736.981
362.304
241.459
226.65
347.381
614.607
762.715
423.587
728.108
373.196
135.744
115.273
252.264
540.295
756.523
438.907
810.738
368.574
189.244
222.18
262.54
585.272
836.876
446.784
860.914
401.854
173.544
195.619
327.621
762.435
919.273
473.424
968.553
456.892
210.897
190.942
369.091
801.221
1027.08
541.422
1029.37
530.569
242.505
226.48
419.628
893.812
1074.21
590.317
1043.09
668.241
285.316
225.161
169.739
359.538
993.283
762.531
920.989
629.508
242.495
224.037
204.083
345.475
863.779
723.273
832.29
572.635
161.25
104.933
102.311
329.685
789.888
661.59
780.297
504.552
196.928
232.718
153.476
299.29
743.168
587.907
840.118
503.767
147.476
113.989
122.864
368.843
815.489
595.015
839.064
471.651
245.193
275.85
251.634
379.383
821.083
559.098
809.036
471.198
163.741
222.072
181.284
346.285
786.404
555.407
881.78
413.277
199.342
186.31
171.868
401.885
874.215
505.699
850.453
411.234
173.393
263.809
266.376
462.995
854.966
501.092
720.203
342.541
144.779
160.287
158.059
364.214
716.035
420.863
812.192
379.561
183.085
155.95
196.659
438.738
815.339
468.009
900.913
465.256
196.676
195.563
208.082
663.798
947.733
542.138
901.27
488.703
181.843
110.976
231.302
586.066
920.632
562.211
736.122
377.517
216.359
257.331
259.75
630.056
772.954
433.493
604.282
265.581
149.95
215.066
300.004
548.535
644.789
310.278
608.612
320.457
215.223
229.182
257.683
434.586
622.825
371.009
667.291
347.446
178.337
209.647
277.542
565.984
692.771
390.104
960.722
420.575
214.364
203.233
359.719
728.424
1003.76
516.077
949.164
490.58
260.231
194.364
444.222
834.165
998.643
550.166
1016.73
457.252
236.618
193.715
404.923
878.588
1067.12
533.15
878.303
626.225
166.418
109.649
101.728
330.376
825.983
720.097
974.493
656.46
213.224
246.01
238.944
414.848
925.036
760.316
1176.05
677.902
243.042
163.217
184.574
363.656
1121.15
802.54
1045.64
491.624
170.863
274.673
174.262
358.881
1015.54
623.45
821.394
435.914
197.381
320.926
225.38
427.003
817.957
517.919
813.659
424.32
356.959
333.908
298.219
397.611
807.25
505.399
746.648
401.489
121.509
102.648
142.16
368.001
741.827
478.3
1059.48
446.344
123.221
136.799
145.817
427.365
1049.19
578.716
754.777
375.102
115.143
142.544
145.55
452.732
772.755
448.029
836.633
399.171
192.356
178.254
180.858
521.372
854.887
486.754
715.013
342.317
117.708
142.734
171.86
459.364
735.718
412.827
812.177
342.444
201.252
216.863
205.187
493.369
831.514
419.468
658.206
341.397
239.006
187.801
240.5
453.528
680.972
397.013
729.771
338.486
168.723
168.241
202.683
446.36
732.279
413.072
785.256
392.647
199.594
205.494
259.33
532.542
805.562
464.819
776.807
301.73
150.659
240.878
259.165
518.549
798.365
382.718
816.682
327.337
194.502
221.726
378.074
730.054
873.875
399.659
850.878
339.856
198.828
233.419
283.991
650.125
899.136
425.047
781.487
379.303
253.276
238.784
492.519
842.234
846.957
426.901
853.839
472.66
254.64
201.51
416.464
877.33
913.242
504.896
931.11
701.793
297.158
146.166
152.659
316.948
870.501
781.946
963.416
658.099
208.81
125.069
117.886
351.207
913.822
759.759
787.93
539.577
221.923
82.4959
128.561
318.699
755.27
605.984
1229.03
657.249
228.923
223.968
116.982
357.989
1171.77
806.041
889.216
513.558
234.728
247.855
176.235
413.65
871.021
601.595
645.448
370.268
202.013
249.079
234.501
374.989
638.711
429.518
839.442
493.398
311.157
236.655
256.894
478.265
837.626
568.298
733.121
330.784
137.54
154.418
238.465
433.053
743.424
409.023
572.583
257.096
138.295
206.57
231.909
434.818
591.317
307.832
819.358
426.946
195.38
239.649
265.783
561.075
831.673
503.777
719.994
371.348
235.275
219.371
198.998
443.433
729.446
440.626
740.702
364.145
217.923
241.511
214.382
479.813
754.168
441.113
780.699
343.352
175.896
106.729
208.175
493.085
794.27
410.762
656.746
348.55
163.101
219.565
247.551
551.567
694.711
400.108
776.039
330.987
125.095
217.746
295.061
622.936
822.435
401.864
914.126
417.974
190.338
187.723
230.401
583.152
924.002
493.939
744.369
354.187
189.118
164.619
311.121
561.827
764.655
424.379
709.345
357.573
211.061
189.051
367.288
533.648
723.254
418.239
752.799
385.139
251.436
281.362
414.793
625.994
778.364
452.733
754.932
429.142
320.75
310.396
451.026
755.332
798.553
481.041
883.582
648.115
304.675
292.647
153.76
310.528
834.174
728.589
776.55
576.437
281.973
173.416
159.271
263.13
724.054
650.902
967.493
541.227
209.918
139.047
167.957
285.918
914.258
655.06
1158.52
497.748
126.427
83.7831
101.286
437.807
1139.49
644.62
899.691
526.696
220.654
220.467
174.244
435.95
882.139
610.912
484.304
346.609
204.85
194.392
193.136
300.025
475.353
384.538
662.382
387.813
245.622
215.725
227.941
388.516
659.015
441.898
731.148
383.523
152.714
203.969
231.911
405.107
733.797
459.765
722.118
408.672
131.876
86.3861
110.882
344.42
711.894
481.027
470.063
241.888
117.812
117.582
151.383
297.047
475.209
290.642
551.636
363.664
298.637
245.029
333.599
452.502
552.329
403.721
855.592
383.986
254.761
212.748
310.285
603.415
881.573
467.935
849.279
473.934
259.646
209.058
256.573
673.389
887.717
504.858
760.538
375.831
206.602
228.605
208.519
487.752
776.995
447.371
734.067
350.462
182.632
201.735
292.557
567.079
766.057
410.576
702.155
339.707
159.861
300.076
261.026
556.18
740.526
399.34
676.571
399.778
214.848
175.857
379.443
710.102
728.74
452.722
564.114
214.561
169.784
181.683
410.366
639.471
620.189
260.453
691.862
376.565
276.015
204.353
479.057
778.724
737.798
413.369
503.3
295.088
246.102
242.914
537.598
737.975
558.667
306.011
901.068
733.329
364.325
215.466
264.642
360.221
841.687
808.354
1049.47
669.08
251.705
186.895
192.874
316.509
986.299
779.67
1326.83
659.953
217.97
202.196
168.051
396.44
1276.56
819.715
958.055
442.525
284.314
220.314
173.705
410.532
949.392
534.62
907.776
502.86
128.787
88.4023
186.473
493.089
899.184
602.645
691.656
338.977
124.132
153.899
154.48
387.935
694.542
407.371
478.614
290.921
234.737
186.064
198.267
307.042
481.557
320.725
417.294
246.436
176.045
191.542
210.229
364.809
431.832
272.732
611.84
305.4
158.363
122.25
234.735
478.568
633.017
354.973
563.995
270.05
191.027
178.206
274.084
550.299
601.726
294.786
630.084
290.538
150.145
167.979
258.416
537.438
658.496
340.541
574.602
301.063
149.936
173.904
254.015
470.326
592.898
348.769
842.382
356.245
199.219
107.688
272.573
683.559
891.771
427.875
688.431
311.972
200.622
243.384
253.56
467.702
699.342
381.445
785.096
428.27
169.388
210.161
264.355
583.539
801.477
496.561
490.485
369.834
245.592
190.217
287
459.495
514.737
380.515
685.491
400.037
228.275
229.03
323.544
601.028
723.655
438.654
634.5
330.777
173.521
263.736
394.28
489.796
643.519
387.657
505.147
372.549
321.957
325.419
488.193
578.734
538.41
383.54
667.756
364.388
349.652
399.632
603.985
678.866
701.001
414.723
849.048
783.263
400.99
218.585
181.626
356.514
784.403
835.863
986.374
812.278
298.714
125.973
135.232
363.864
913.023
906.044
837.223
604.925
283.985
157.236
149.187
311.001
792.597
686.064
890.541
441.371
187.943
148.769
143.27
308.726
863.749
549.171
754.675
348.343
169.457
184.776
256.746
495.102
769.44
420.91
735.7
307.933
152.554
153.262
235.758
531.175
767.26
381.718
649.565
351.587
206.338
219.302
246.032
560.33
695.53
396.518
687.998
342.484
174.855
113.101
243.818
551.045
722.192
395.793
579.83
287.65
233.053
264.582
344.658
413.778
596.274
335.745
826.408
464.462
187.906
254.776
229.124
438.259
820.149
551.655
790.999
396.087
168.635
194.072
248.986
492.733
794.372
483.261
523.515
310.594
209.473
213.811
264.458
423.67
532.565
348.175
538.329
338.421
275.023
291.908
397.812
646.188
584.906
345.912
660.628
315.452
203.035
253.276
202.65
410.797
677.1
370.883
809.681
393.154
201.308
199.345
279.087
682.831
861.008
454.654
684.46
328.493
312.543
317.251
364.042
627.519
721.22
375.908
619.256
293.052
197.49
218.01
397.374
708.281
670.614
334.942
487.16
303.526
291.549
329.916
583.306
704.775
540.974
324.59
601.299
385.442
246.598
375.263
559.87
730.914
654.119
407.722
503.607
283.903
238.604
272.221
425.096
539.256
529.263
320.373
