575.454
887.97
731.8
298.326
346.711
407.963
516.259
859.333
452.624
733.67
555.459
285.217
236.198
340.197
405.374
713.192
431.911
692.933
632.773
316.509
260.955
307.119
383.472
660.228
401.652
798.753
767.056
333.713
333.42
412.039
355.668
731.134
272.94
658.012
809.471
509.649
313.453
301.209
236.879
582.37
262.56
327.628
642.694
829.179
415.461
206.306
242.997
307.386
161.993
339.323
595.045
683.472
305.212
171.008
149.002
298.861
117.548
267.734
543.85
818.352
426.714
160.069
111.265
231.732
182.148
149.665
420.554
882.514
656.515
239.099
179.357
151.278
157.847
192.041
385.387
767.18
780.672
404.074
171.029
172.182
297.938
341.677
362.067
503.225
724.947
684.779
339.165
297.032
317.945
268.569
386.262
467.935
744.344
663.177
356.767
266.223
388.333
332.03
350.658
296.435
650.214
768.352
442.139
308.314
513.583
337.811
368.156
235.826
598.329
843.426
579.486
318.59
553.776
357.38
383.557
208.454
530.22
828.784
625.147
352.705
618.734
381.204
302.366
219.258
430.25
756.901
684.836
421.583
692.826
403.822
299.897
152.495
376.333
766.861
762.29
450.848
731.711
406.502
331.864
200.45
510.595
884.777
811.478
447.722
866.21
372.398
199.305
154.385
405.809
825.268
933.578
443.924
994.294
396.793
208.896
186.815
267.062
709.736
1032.24
474.798
640.689
903.212
540.064
242.721
207.832
377.586
566.983
900.769
589.835
797.928
625.482
278.72
273.876
376.563
547.46
795.917
558.694
835.58
554.245
282.803
223.368
394.376
497.071
822.935
540.117
798.132
610.799
250.726
264.77
324.924
475.833
780.173
399.378
855.688
868.914
360.942
389.038
454.251
349.332
771.757
254.568
588.52
780.975
457.739
375.199
326.582
250.088
523.82
260.922
579.399
817.476
615.373
364.744
311.99
237.928
511.51
184.106
220.994
602.662
920.432
496.357
187.647
177.143
199.884
147.319
211.496
432.758
1145.78
664.026
193.132
136.143
198.717
182.766
170.251
346.746
734.25
771.83
333.254
184.874
171.196
303.566
290.671
347.191
385.166
558.183
540.492
335.208
293.01
407.326
346.614
317.211
360.613
629.024
644.823
444.02
346.447
556.101
334.663
359.158
294.258
586.918
811.891
622.523
346.348
523.262
381.071
229.769
237.457
456.389
791.103
591.756
384.52
654.267
370.886
298.375
247.118
502.908
791.449
721.654
411.407
662.686
292.462
250.937
229.93
258.69
470.36
693.998
349.6
650.984
341.352
267.038
286.763
353.187
695.381
705.608
353.873
743.901
341.651
220.886
128.025
281.361
739.136
804.888
369.914
944.171
400.608
225.527
163.182
342.543
781.062
992.866
468.701
1023.1
386.621
178.633
117.23
267.783
750.75
1064.01
477.402
640.206
851.207
562.751
228.236
270.726
354.295
568.453
851.102
625.376
850.384
471.364
191.357
245.113
448.398
561.776
851.715
569.864
727.659
573.008
244.57
254.173
295.26
506.394
733.078
536.851
773.19
458.423
201.174
207.721
369.825
476.882
769.367
574.422
764.039
548.767
270.281
279.292
351
533.169
769.354
437.112
744.452
719.141
406.571
340.297
330.327
391.819
711.379
368.302
603.805
756.001
586.549
399.881
291.027
337.263
571.807
120.143
270.454
642.888
904.994
412.161
153.714
110.473
231.346
103.604
122.692
394.827
879.459
536.624
174.215
112.12
111.267
184.093
186.222
257.902
760.705
561.119
265.295
184.215
184.48
259.484
206.444
313.266
616.095
581.531
376.275
275.507
217.38
467.844
404.892
248.261
228.671
437.281
608.002
506.13
410.576
448.538
377.361
341.266
226.945
581.11
804.142
502.591
376.251
694.599
369.758
261.475
177.444
424.209
760.031
758.808
413.264
720.795
440.335
262.654
155.203
348.492
786.059
775.505
456.482
492.853
262.338
191.168
119.105
226.934
505.294
528.179
277.496
816.301
453.045
134.362
198.509
237.141
712.924
884.853
509.018
804.176
328.867
192.653
137.291
290.556
715.614
857.567
376.987
901.479
403.868
268.757
201.049
365.571
863.992
963.264
443.483
1164.04
443.083
228.722
157.167
249.381
732.829
1197.91
552.63
646.218
811.615
518.334
224.585
233.588
366.706
580.291
818.065
512.641
739.598
507.55
177.652
249.148
338.97
450.94
729.654
629.724
800.056
474.675
293.584
230.984
326.852
563.469
809.219
724.747
869.795
592.876
246.292
293.837
369.492
646.189
893.439
753.443
851.886
451.039
184.208
236.8
347.438
669.907
892.716
562.704
776.888
592.8
359.771
293.305
400.112
510.103
770.816
426.999
668.258
634.719
435.155
346.315
288.173
380.074
646.206
186.21
313.149
665.912
717.426
403.458
240.944
182.207
271.504
99.6249
179.384
360.501
732.575
507.85
236.887
105.194
156.474
244.73
198.008
218.402
496.507
624.596
379.302
258.004
191.356
351.404
303.991
343.311
518.798
670.043
580.428
387.025
315.436
483.607
408.672
372.827
549.325
530.335
536.843
519.915
411.001
609.119
326.819
306.741
256.74
499.959
741.411
663.948
354.875
663.621
421.766
236.807
253.569
326.474
694.701
724.637
470.846
730.695
343.937
245.789
141.253
402.84
747.18
790.35
390.566
617.653
310.964
220.055
200.624
342.515
673.408
675.463
344.094
758.248
358.534
188.19
262.338
276.351
565.902
792.76
418.376
800.68
394.866
222.451
126.045
292.946
747.117
863.632
439.863
869.407
431.938
322.233
143.506
394.145
881.864
947.155
479.798
1052.82
379.483
190.652
113.859
272.298
775.841
1101.96
471.842
708.476
668.134
345.093
292.808
254.767
297.676
644.692
724.867
678.17
762.129
458.825
260.207
236.083
389.373
620.208
784.044
651.326
732.49
450.472
231.238
225.306
291.891
580.211
758.911
692.713
797.554
442.303
226.625
213.865
340.11
624.852
816.314
713.826
737.912
389.545
185.754
197.313
272.654
641.216
786.309
661.386
849.677
560.925
215.189
305.587
367.747
585.497
859.716
395.933
600.221
530.145
309.454
255.147
226.455
347.633
578.82
227.996
427.363
660.058
523.003
263.394
229.681
232.96
373.105
135.1
203.761
518.031
830.927
435.447
142.829
129.821
177.158
155.763
205.371
370.681
648.86
428.553
231.919
150.74
194.442
338.5
249.198
359.357
496.807
664.215
546.711
376.618
255.351
456.058
332.798
252.911
292.642
400.48
638.132
508.193
341.699
525.062
395.932
331.969
385.93
539.611
759.96
585.887
402.972
483.781
266.635
195.88
247.129
345.599
458.531
525.121
286.621
692.576
288.513
204.464
181.447
335.988
661.843
747.231
336.318
757.673
359.684
186.827
129.643
268.142
637.83
800.95
412.095
835.62
367.752
205.388
143.561
301.338
713.225
892.4
430.04
806.736
398.786
201.134
205.484
314.408
716.711
868.194
462.104
937.435
457.243
131.041
105.58
248.454
783.045
1012.07
528.338
966.797
427.252
220.022
118.724
273.27
806.057
1029.77
487.797
698.115
690.659
370.044
239.922
201.426
262.604
630.728
739.285
659.819
703.581
346.075
139.007
161.04
328.56
598.414
735.236
591.871
600.648
393.917
231.418
206.417
267.078
541.66
625.652
797.862
690.946
328.999
138.28
158.364
300.886
736.205
743.898
786.548
684.612
310.54
160.644
175.66
293.795
719.311
748.259
868.365
718.814
327.807
311.179
263.195
395.305
810.173
798.391
420.283
602.06
441.768
360.006
284.709
307.026
371.668
595.025
231.984
451.626
651.615
551.866
313.628
179.277
218.906
401.435
191.575
281.56
498.351
595.574
382.565
201.88
185.359
253.114
212.569
186.256
330.232
629.92
428.6
176.835
216.057
176.121
301.126
264.469
281.141
397.699
573.031
469.772
330.6
270.338
238.046
250.277
239.551
535.743
626.87
435.511
244.071
242.746
528.19
408.838
224.46
232.273
439.086
688.448
578.129
421.374
638.844
358.576
214.687
317.807
341.126
606.059
677.841
397.038
759.538
370.919
211.559
161.967
289.126
704.131
808.482
419.904
862.743
402.065
181.885
176.733
230.531
611.833
896.623
470.208
898.266
391.394
221.975
246.184
309.282
524.089
920.121
477.13
843.681
392.695
191.442
143.964
332.329
723.433
903.242
457.463
869.866
411.356
182.654
131.209
285.957
769.846
942.775
473.87
921.857
581.256
200.781
257.66
276.066
824.449
997.988
643.528
866.632
837.717
388.103
177.107
173.245
356.136
789.229
907.141
657.704
819.293
494.429
253.099
307.714
381.339
584.418
842.899
637.584
554.766
317.424
227.486
159.004
281.777
593.811
600.965
667.43
596.113
278.09
217.074
186.177
345.796
618.059
637.486
790.757
692.46
289.964
83.8156
148.002
333.005
725.943
744.509
716.065
693.858
300.438
120.776
122.391
256.965
642.276
756.775
366.661
531.05
551.118
447.057
203.787
261.75
345.192
504.471
369.415
557.137
603.563
452.793
371.237
298.137
339.186
539.28
190.328
337.612
504.108
407.104
278.145
218.236
180.19
305.099
212.015
188.248
278.443
496.09
429.108
242.845
209.161
191.071
300.384
196.338
249.53
457.48
635.328
582.912
333.147
194.753
427.185
363.518
280.219
344.664
399.878
458.734
431.312
382.45
463.734
242.255
224.532
345.319
484.629
557.435
491.373
265.753
485.253
309.291
302.239
276.796
456.678
651.633
534.553
307.725
743.158
297.211
171.421
168.974
265.984
642.971
792.596
352.852
869.315
323.73
146.316
180.354
313.032
685.211
907.258
403.009
834.813
376.535
181.966
193.97
308.816
691.751
872.332
437.666
822.017
359.104
200.826
188.122
334.959
705.75
878.39
431.766
824.581
353.782
182.187
103.393
187.534
606.808
872.275
418.537
852.872
372.157
192.138
124.836
356.382
851.301
929.953
429.652
821.535
769.955
371.091
213.439
170.157
290.201
743.978
833.922
877.925
776.228
336.509
171.526
213.806
354.007
802.925
831.491
925.516
649.976
261.816
171.912
147.306
271.625
864.583
738.982
909.22
679.343
300.17
143.721
193.16
311.116
847.148
754.582
854.192
682.752
276.258
182.592
177.604
305.18
792.386
760.096
706.619
553.105
241.395
215.714
192.436
276.863
663.7
616.148
572.278
599.475
421.482
188.851
219.163
264.77
526.712
613.365
417.757
464.74
431.323
319.134
234.395
233.771
386.339
464.507
292.241
427.49
521.958
552.284
294.87
221.727
271.584
402.995
138.489
161.937
309.537
537.583
443.177
231.572
147.776
142.081
374.682
318.714
390.452
405.896
578.532
589.593
412.674
321.413
429.129
339.891
316.031
220.355
456.787
647.681
473.101
325.339
670.318
305.195
138.465
206.635
352.862
641.303
718.906
353.348
725.602
358.813
190.244
224.903
358.71
697.588
787.096
410.352
691.708
382.279
221.907
152.29
229.369
586.547
722.443
408.459
817.573
383.107
223.713
223.694
239.412
602.004
851.488
426.952
956.78
367.603
203.341
192.536
219.294
557.025
973.851
468.674
855.705
403.048
159.791
208.599
248.254
600.678
890.565
479.837
886.154
400.682
139.886
124.056
258.778
689.643
941.497
476.185
788.522
409.836
194.287
189.062
335.249
691.476
826.547
466.512
1078.06
815.695
268.94
138.433
141.604
371.705
996.149
923.055
956.752
784.864
328.982
151.079
151.581
326.514
884.388
867.683
931.474
672.677
285.514
313.958
214.022
332.127
868.791
752.815
879.59
555.946
194.373
180.093
101.386
294.087
835.516
651.502
842.075
653.946
228.694
134.253
179.56
368.22
790.423
736.512
612.796
493.057
321.661
297.854
215.02
209.562
573.264
531.716
861.009
707.911
277.247
220.22
202.798
341.392
796.458
792.548
670.088
591.643
334.992
218.837
204.859
242.144
620.007
640.043
201.593
329.941
397.346
273.956
223.111
197.462
194.406
293.75
536.798
438.365
440.762
521.236
329.55
312.059
519.327
452.611
641.066
321.69
243.56
245.65
418.053
595.777
680.914
360.642
631.029
309.087
211.539
283.3
410.045
599.085
657.123
358.977
647.457
278.895
168.933
215.245
354.266
579.568
678.337
336.796
711.375
373.454
259.951
244.372
343.855
668.775
768.142
428.931
693.522
305.082
196.559
160.557
228.893
542.256
727.204
354.798
740.972
477.168
192.6
183.1
193.483
385.784
718.59
553.985
961.499
422.234
222.425
286.868
273.532
656.646
997.576
505.741
953.907
397.232
227.998
231.155
367.049
738.235
992.485
483.412
1027.79
445.889
173.429
116.75
230.641
686.953
1065.61
539.239
874.179
392.771
154.706
157.134
203.216
600.961
910.807
473.488
944.89
735.869
256.187
177.318
161.127
324.527
875.471
831.34
939.064
836.459
273.495
114.152
119.798
386.601
856.258
928.6
776.662
482.095
148.274
190.359
143.514
309.783
741.074
570.45
696.828
594.979
289.841
193.036
190.499
317.419
648.964
651.259
800.666
415.683
246.45
275.876
232.525
255.298
769.889
509.727
760.386
574.789
237.772
316.167
176.33
285.697
711.843
649.216
770.932
569.073
249.793
133.081
147.491
258.423
723.479
637.914
592.49
607.327
381.087
260.164
205.407
304.626
544.669
633.489
434.076
546.892
458.451
306.989
183.28
272.518
395.855
549.615
204.465
272.521
414.17
573.754
378
228.481
186.75
256.454
248.694
232.905
303.791
370.769
543.588
544.822
275.067
215.907
723.455
313.969
167.924
162.788
333.912
573.938
753.616
387.886
667.454
293.871
155.452
253.818
280.135
541.321
706.38
354.79
591.485
306.872
213.439
278.731
299.431
527.922
629.309
348.601
810.003
469.017
220.424
229.723
278.486
627.68
834.2
523.054
754.482
364.724
118.497
122.186
198.573
469.49
767.457
444.426
811.394
385.705
153.135
163.23
216.969
585.597
849.659
460.322
1010.6
378.033
123.615
95.3245
184.516
554.475
1030.55
489.287
1013.12
432.844
284.341
181.827
319.879
740.358
1051.83
517.51
888.25
416.567
273.154
162.135
410.451
743.837
936.121
489.648
1002.2
736.236
256.365
169.565
156.444
338.771
937.718
838.565
1037.2
577.438
234.391
253.31
171.96
359.319
992.254
698.505
828.576
519.564
211.582
297.232
232.147
256.951
778.251
610.078
573.05
429.815
217.769
223.921
160.928
408.513
564.001
484.338
905.396
607.767
212.33
258.181
214.237
326.412
856.099
704.29
944.46
531.951
174.762
77.5767
105.475
279.02
900.433
638.151
876.671
652.004
246.179
210.871
239.492
407.438
830.866
738.055
740.567
522.352
236.149
159.292
142.23
257.202
695.512
590.202
459.02
558.808
321.144
271.531
204.898
281.578
417.293
569.66
534.99
589.814
380.318
243.87
240.031
237.586
482.422
609.21
253.268
299.311
385.948
442.151
350.057
377.288
275.176
273.809
574.581
276.55
184.58
243.882
366.413
480.765
589.305
328.867
642.246
273.452
186.497
271.823
254.975
524.66
680.95
331.555
757.361
572.509
307.477
331.437
372.295
763.299
820.732
602.799
685.543
296.454
300.754
354.585
288.996
485.416
706.542
354.501
623.081
275.047
160.833
222.575
220.519
412.323
641.197
336.451
464.758
261.335
179.748
239.707
322.033
453.571
487.691
293.814
772.116
360.829
163.603
224.106
300.195
539.628
792.051
441.425
889.561
371.801
180.911
178.119
287.8
691.183
928.718
439.358
954.367
390.634
187.251
254.482
301.274
726.134
1004.97
484.529
1049.23
748.105
309.308
215.017
205.147
364.057
984.468
832.099
893.462
609.135
223.368
165.741
129.804
246.865
829.785
703.532
955.592
704.936
311.897
368.808
235.541
335.726
886.601
791.858
804.029
513.16
262.77
228.165
214.542
336.408
744.779
606.493
812.746
419.146
201.988
322.65
222.358
350.12
792.97
511.037
841.87
438.818
197.014
276.263
260.961
453.885
843.508
524.159
869.481
528.618
199.716
191.646
228.86
395.559
840.516
617.057
760.17
566.911
203.272
157.883
152.309
321.55
714.016
644.23
787.89
661.985
288.584
245.336
203.512
318.053
734.749
722.844
551.457
735.821
563.617
383.624
295.988
361.368
505.124
733.264
604.603
330.606
325.402
562.449
539.749
484.137
615.852
371.726
531.68
287.617
212.138
248.648
358.458
554.189
565.368
319.972
811.632
385.822
223.275
195.929
264.418
558.623
835.019
458.358
649.39
449.46
236.22
235.815
240.236
537.598
671.601
469.605
671.136
287
179.306
241.472
272.756
518.626
704.416
350.988
749.032
321.768
165.78
95.4879
233.753
577.052
781.545
378.307
762.072
326.782
169.154
229.206
266.151
613.432
807.67
391.793
846.097
382.216
216.748
297.719
299.5
633.234
889.126
456.846
870.138
439.655
211.853
179.728
321.803
728.248
908.794
500.117
1028.09
504.154
186.981
181.069
328.648
820.136
1083.92
589.479
923.418
681.489
336.65
375.551
294.093
427.666
876.137
764.07
789.433
613.634
229.605
197.424
194.293
319.168
734.868
690.94
771.615
528.003
206.734
241.32
252.475
287.459
725.668
605.239
1167.57
598.094
161.294
185.195
170.055
383.657
1121.57
741.726
989.134
473.589
176.535
271.774
160.448
347.764
954.958
601.193
875.472
535.809
283.508
307.624
205.85
426.511
860.963
620.299
891.291
563.011
217.075
190.073
169.367
299.437
843.624
653.572
841.986
495.106
224.013
260.994
273.516
357.048
813.504
585.311
439.197
266.039
180.7
197.573
188.896
293.161
441.374
296.551
618.357
674.558
424.212
244.358
180.286
272.391
558.326
700.374
501.001
248.944
179.948
246.901
407.98
465.829
517.813
288.105
722.355
307.31
172.364
207.97
412.787
651.97
767.364
375.391
805.339
391.955
195.287
216.984
284.37
659.997
839.761
451.453
795.909
338.886
222.028
327.92
287.334
572.213
830.538
412.675
666.935
305.235
277.33
266.502
341.465
579.741
702.767
351.759
644.967
361.174
221.191
210.841
322.652
634.005
683.319
400.541
902.771
438.428
179.3
155.339
256.12
627.477
935.296
523.892
926.614
446.354
146.681
157.457
321.56
714.42
967.535
535.288
801.377
351.6
259.584
185.994
406.144
797.909
860.739
396.808
958.713
460.288
336.157
200.481
409.371
895.576
1030.02
521.626
962.829
644.834
228.442
203.514
180.681
319.571
907.324
745.085
1101.04
599.356
173.444
155.853
132.661
327.871
1049.03
732.767
992.937
594.649
228.124
116.288
148.417
325.372
939.981
706.888
1104
575.368
232.01
221.699
286.398
399.335
1063.55
708.532
1066.77
520.271
176.747
247.174
259.364
342.791
1030.67
652.93
955.026
552.332
176.866
185.064
131.977
471.342
941.809
651.731
1052.25
453.228
226.131
203.155
225.171
455.177
1034.76
587.911
852.764
445.511
147.984
151.955
147.937
425.771
848.228
536.027
579.201
305.46
127.981
98.0985
128.317
290.142
571.15
361.2
848.7
416.208
185.9
205.46
156.316
317.398
828.212
511.024
892.071
426.686
265.25
218.574
264.699
575.171
910.752
503.186
684.924
320.077
220.432
192.4
317.692
615.983
733.291
370.238
903.167
491.648
265.902
319.54
308.907
652.404
926.117
544.795
619.185
317.051
212.611
308.312
249.324
418.527
632.118
373.38
715.843
332.758
164.533
159.899
221.512
502.334
743.526
390.991
741.507
400.03
235.825
150.549
254.922
583.014
785.48
433.338
847.531
393.119
216.693
220.55
314.605
677.412
899.944
466.51
847.832
347.198
187.445
257.32
382.991
713.498
888.73
416.35
943.127
522.779
258.27
172.694
409.764
857.055
989.317
570.592
908.242
497.29
202.724
217.122
353.969
834.816
978.8
562.715
985.157
633.807
206.912
175.809
164.811
356.621
937.849
738.7
872.134
611.505
224.915
182.616
166.238
363.951
825.623
702.281
1036.2
577.439
184.704
154.961
183.347
366.669
991.643
694.426
746.89
487.878
189.631
284.946
242.488
299.152
703.882
573.247
1002.58
469.707
120.927
154.565
143.508
352.737
974.547
595.74
848.785
532.792
175.732
152.824
122.867
382.882
823.29
623.604
569.618
275.886
171.927
211.282
145.035
216.807
555.38
337.612
803.748
432.248
181.137
216.429
244.125
474.198
802.899
516.042
646.821
357.311
280.519
260.027
233.097
336.055
641.267
420.733
765.601
373.048
176.455
207.707
169.319
396.476
767.642
448.776
744.798
403.942
172.008
128.679
176.064
445.188
746.328
472.961
834.808
503.315
209.763
307.111
247.67
431.484
825.604
583.801
692.08
411.688
211.259
246.695
250.908
552.547
729.472
447.999
596.59
252.452
148.398
147.879
277.549
519.725
632.276
305.256
723.077
356.686
225.382
272.929
266.677
483.995
729.789
419.168
756.528
336.314
140.542
153.28
190.515
508.919
784.482
413.447
874.048
421.236
184.813
203.871
317.231
673.086
915.386
502.656
829.797
431.185
208.374
166.899
310.133
711.204
865.071
487.26
889.126
417.796
213.997
196.622
380.641
796.658
937.627
487.352
924.772
457.395
240.173
123.867
341.863
824.616
991.466
525.247
941.65
623.084
221.794
139.859
139.765
294.502
886.845
720.914
996.455
709.586
265.71
209.837
151.621
307.509
932.399
807.006
914.487
500.247
174.368
175.118
132.191
489.936
915.597
593.992
752.713
408.602
184.016
243.628
178.191
371.589
743.063
489.232
935.384
475.888
286.315
382.16
325.133
392.822
908.302
575.438
790.411
503.009
208.113
169.333
183.247
390.029
770.582
581.635
645.852
302.524
185.773
231.803
288.194
386.217
655.015
366.156
609.565
295.721
124.204
97.8129
174.9
416.611
623.957
357.232
782.747
400.927
148.557
178.099
160.741
468.296
795.149
478.382
766.076
390.596
176.884
162.308
221.031
471.658
776.73
467.819
816.061
451.121
167.7
133.289
164.467
421.243
811.363
535.224
815.13
380.535
231.455
225.937
207.594
476.402
813.825
464.719
679.213
345.711
218.617
235.109
190.953
452.054
703.263
401.86
635.988
315.038
161.443
141.703
242.943
549.758
671.893
360.88
705.317
314.298
200.067
398.345
317.379
568.289
742.031
360.58
655.708
289.481
165.256
250.254
293.708
492.771
689.366
350.935
654.414
420.164
227.191
146.4
247.797
575.573
681.851
448.91
814.054
377.308
239.669
236.377
387.991
737.877
860.616
446.87
768.258
572.979
385.768
308.465
507.671
884.633
827.313
590.948
849.975
419.265
317.249
195.124
481.775
887.391
925.33
474.585
936.854
693.107
282.811
232.189
146.374
273.737
866.741
785.16
884.366
658.971
152.649
60.2303
104.991
331.236
810.496
758.318
705.192
353.978
167.917
146.789
158.263
365.379
706.963
425.679
847.004
462.226
194.025
231.852
177.764
456.593
849.813
545.967
889.289
381.658
247.469
266.613
245.052
375.953
880.172
485.372
845.863
382.789
208.159
143.058
213.241
454.99
850.221
470.338
838.84
505.087
183.949
151.238
129.66
393.496
821.568
591.724
787.676
359.023
173.096
178.861
167.059
400.759
787.521
442.284
745.735
362.411
237.69
158.172
270.179
500.058
755.454
416.359
696.027
299.16
245.909
219.065
274.266
495.257
720.066
365.16
522.496
390.497
261.548
250.663
368.78
638.649
571.538
394.083
741.573
297.58
135.57
148.412
278.588
614.415
791.755
361.188
725.178
392.932
179.373
179.144
252.583
547.224
751.348
456.398
674.708
369.272
203.233
183.345
280.298
557.088
695.966
419.32
741.418
437.747
195.931
164.261
264.422
504.707
758.522
497.832
728.001
313.089
183.932
164.783
298.021
625.244
773.694
371.032
647.22
336.317
176.121
181.502
330.482
664.482
692.21
369.402
607.579
353.034
199.255
198.4
410.054
750.423
668.343
381.171
720.947
476.64
235.678
255.52
441.681
813.432
780.003
494.137
637.605
450.762
339.349
233.48
528.999
826.954
699.967
456.372
820.505
629.096
237.618
321.532
289.059
401.533
768.398
713.199
938.09
621.77
201.412
125.974
125.098
305.773
878.078
724.56
796.931
503.844
187.904
196.319
152.293
334.874
768.311
583.656
946.758
486.878
180.834
224.448
163.218
501.81
951.766
582.95
1068.91
446.52
304.724
409.782
371.093
618.795
1076.42
550.326
700.703
267.283
104.703
192.416
151.737
357.771
713.774
340.853
785.964
386.39
133.963
133.189
169.553
513.277
812.153
459.604
800.716
364.713
158.732
121.666
163.648
510.986
824.59
442.84
718.346
314.287
110.168
180.848
231.46
532.182
754.269
385.913
563.865
284.882
173.784
241.077
288.785
497.753
597.805
312.972
786.215
442.386
216.309
187.093
164.418
420.296
778.812
524.584
828.046
443.082
192.557
194.381
217.83
470.339
828.333
529.568
883.699
322.456
208.802
153.82
258.157
586.873
911.767
412.685
819.824
351.192
173.686
212.024
260.283
596.176
860.658
426.934
836.432
401.718
192.874
177.829
190.119
525.301
859.922
484.596
503.635
334.788
174.272
164.668
250.885
484.771
516.189
361.032
650.307
369.424
205.737
179.737
276.373
601.141
680.259
406.927
505.289
403.891
238.927
185.112
317.389
604.439
543.086
423.25
593.62
401.764
340.695
231.412
477.491
764.491
638.257
410.642
479.204
290.072
264.805
284.966
526.775
637
520.115
298.131
1032.78
753.493
307.003
225.349
232.568
404.156
970.635
833.497
943.32
596.741
251.645
114.535
163.074
286.127
883.687
700.403
823.11
426.99
181.961
173.717
131.976
468.912
833.977
511.965
831.143
419.955
224.541
284.328
184.891
466.932
848.436
490.823
719.625
375.656
138.823
103.494
149.324
426.831
726.005
449.021
583.246
341.026
161.131
160.612
169.277
372.71
590.997
386.804
485.21
287.964
156.423
164.732
168.469
381.162
501.673
314.457
541.761
354.221
198.085
200.345
247.848
424.541
556.758
372.869
411.179
232.294
182.911
187.345
230.808
394.638
435.078
258.779
535.107
291.052
188.625
262.955
304.724
522.529
562.857
322.99
642.815
322.648
179.268
183.38
276.025
491.552
662.053
371.872
566.601
320.159
204.414
250.754
319.53
498.439
598.438
350.019
826.97
351.217
138.207
96.9336
235.362
631.582
874.416
424.22
761.384
353.581
147.937
264.457
263.864
573.346
799.621
425.093
686.504
347.744
193.671
196.314
293.517
631.366
736.965
400.43
481.725
220.846
338.628
323.114
452.85
526.351
517.274
252.777
658.49
381.66
268.245
266.703
453.732
723.228
708.426
415.735
453.505
338.076
244.367
214.257
365.066
459.851
465.536
348.041
597.116
299.873
191.508
268.092
372.625
530.676
630.836
346.876
474.975
458.632
417.834
436.879
464.596
496.834
474.335
479.506
997.22
787.332
314.055
154.109
151.366
281.675
916.366
881.644
895.418
753.275
239.562
158.921
164.63
336.739
820.1
843.744
721.635
343.105
163.26
206.355
167.388
433.23
737.257
416.695
446.581
233.438
215.92
187.297
208.6
285.609
442.597
274.223
620.248
357.152
180.919
219.346
250.622
377.552
611.937
417.48
366.298
364.175
229.286
211.91
186.845
327.245
380.277
368.576
425.626
304.281
317.91
378.683
328.981
367.19
443.357
309.29
585.869
262.456
174.551
161.86
248.231
516.56
627.803
311.121
776.661
369.64
143.787
129.016
174.262
510.51
798.757
449.385
690.869
363.728
187.5
240.004
215.971
431.906
697.888
432.782
606.933
344.037
173.405
230.453
297.621
608.027
646.781
369.51
405.557
239.03
341.328
262.579
370.413
485.152
437.623
255.391
429.712
362.154
222.269
270.64
325.062
427.357
434.745
383.834
408.313
308.657
197.265
214.757
275.256
424.668
437.265
321.073
647.751
377.389
181.139
225.758
297.656
621.577
685.862
407.145
506.618
305.585
165.832
171.59
310.955
591.201
551.499
319.883
735.517
322.514
270.969
272.261
437.258
715.464
786.542
384.792
549.664
255.464
211.245
245.13
511.937
693.505
595.029
288.749
519.828
380.952
350.539
424.032
720.343
840.36
585.575
389.267
517.282
484.672
265.923
394.243
580.283
646.205
548.593
502.368
