668.578
940.324
728.128
290.497
344.882
410.579
596.042
925.803
583.748
909.766
634.566
306.549
284.887
395.734
514.604
890.019
526.612
789.505
649.782
397.428
366.911
358.955
462.172
765.643
591.076
823.433
615.203
353.704
303.45
389.922
530.043
816.928
474.559
693.829
744.279
503.429
469.826
403.605
446.447
672.285
263.482
591.322
806.295
590.956
342.754
305.341
232.637
526.068
295.463
461.225
764.637
693.878
442.665
245.258
271.896
420.176
118.723
261.069
598.841
883.847
463.603
138.062
110.781
221.498
199.96
220.258
502.83
803.8
479.369
250.934
207.396
203.062
175.622
199.593
370.657
896.166
721.641
342.995
169.898
194.433
198.878
241.541
409.772
633.995
863.243
533.677
219.983
218.216
338.648
252.748
428.461
524.793
828.848
699.463
387.653
222.051
424.134
328.998
334.833
410.188
734.008
785.867
484.792
332.57
491.643
420.112
465.989
221.437
648.642
895.157
560.102
378.739
442.501
358.944
272.996
275.753
586.699
809.682
501.688
367.024
617.666
394.145
331.251
239.797
520.771
891.953
697.562
399.221
657.146
476.826
293.59
175.925
448.446
892.615
733.428
488.735
655.907
439.065
281.51
166.547
426.165
919.108
739.766
441.717
819.758
458.043
379.187
191.437
515.345
967.679
902.69
483.913
1028.4
507.569
233.968
165.775
429.281
894.068
1090.41
590.495
783.55
989.556
569.078
185.854
258.846
458.817
698.607
1001.49
556.681
864.822
619.704
297.611
298.432
442.25
507.968
844.076
650.595
819.775
616.336
276.716
259.352
346.15
592.674
823.045
657.554
877.021
652.061
271.968
294.921
373.112
582.103
869.093
543.639
859.003
792.563
522.958
406.332
392.318
486.109
832.012
368.637
744.07
913.1
507.106
429.342
299.116
329.363
683.31
433.566
736.711
716.759
370.085
313.332
396.295
421.556
689.662
273.537
387.277
738.722
759.133
449.095
255.391
258.756
352.525
149.834
245.715
653.837
929.052
471.266
154.683
147.399
214.873
129.126
133.843
513.277
1023.91
700.576
230.406
132.545
116.275
174.143
213.919
331.388
690.621
834.27
523.302
193.874
199.29
391.26
348.632
340.727
359.786
651.791
737.345
442.154
340.187
433.379
338.544
322.014
373.491
692.108
801.924
498.832
333.695
563.942
332.745
336.607
274.644
614.393
841.826
633.527
346.418
689.799
447.723
271.877
354.388
433.375
861.273
758.227
465.506
527.949
389.324
267.329
178.638
415.051
810.441
599.893
377.277
840.102
369.976
184.983
264.445
442.18
782.467
891.65
435.909
778.74
341.851
164.913
162.865
303.181
729.853
844.765
395.316
836.099
433.243
262.083
162.653
329.947
799.249
909.061
485.268
1064.16
451.161
245.991
186.83
448.483
964.074
1135.28
534.433
850.91
995.374
499.185
229.01
226.748
439.117
757.479
1035.18
651.034
873.031
639.985
280.48
405.546
439.896
588.808
867.08
762.937
984.567
586.631
267.773
247.968
460.13
686.941
989.592
650.88
938.147
608.224
226.111
279.909
436.14
575.355
929.064
559.083
816.708
646.791
256.645
360.217
395.835
491.058
795.372
534.573
800.184
634.919
267.044
309.772
370.342
492.112
775.268
274.757
627.33
769.959
518.952
322.141
352.07
254.792
553.558
175.455
377.687
741.758
801.318
465.639
242.648
159.434
322.642
261.436
239.788
532.962
894.174
435.901
189.783
265.677
233.223
94.889
153.929
355.116
892.086
622.638
250.211
100.538
137.269
157.892
159.53
314.462
679.131
619.825
338.686
170.236
152.687
410.254
280.98
328.408
363.738
635.051
674.816
450.537
280.698
384.034
317.326
259.584
262.926
554.586
670.956
429.717
325.126
541.382
411.334
251.073
285.49
448.369
858.745
617.902
414.597
629.415
428.823
424.9
228.136
499.831
769.881
685.314
421.903
755.637
366.718
208.638
176.071
343.254
798.312
820.417
397.172
514.294
369.37
169.488
168.553
233.457
489.856
534.295
411.47
830.786
336.143
198.735
243.651
294.395
698.683
884.264
382.328
995.336
445.832
246.765
189.166
332.913
854.628
1053.73
511.886
1102.21
526.727
266.908
153.412
345.23
936.986
1166.01
596.079
736.125
897.753
515.745
298.708
263.055
366.623
651.816
924.719
631.998
896.961
574.867
285.271
231.792
499.02
575.027
892.148
632.293
749.208
488.908
217.978
199.851
297.993
563.753
764.554
699.43
922
598.825
280.506
302.796
399.256
623.422
927.845
725.609
884.045
569.175
313.315
301.473
351.6
644.411
904.239
639.314
858.178
505.687
277.953
248.112
340.737
561.173
862.593
448.446
686.332
651.403
339.87
276.138
333.445
396.034
656.964
245.859
455.928
679.324
597.924
459.754
274.792
227.262
414.486
161.876
245.352
595.682
839.577
380.598
129.463
158.553
211.544
260.699
205.69
288.304
819.12
628.732
282.695
260.646
216.126
275.321
203.882
280.546
662.986
642.596
453.742
300.208
203.999
386.445
355.255
374.725
435.428
637.859
623.432
419.181
371.464
447.898
381.498
286.697
342.669
474.566
597.317
484.95
391.487
625.892
357.448
232.111
151.983
334.948
791.224
698.477
364.822
752.11
380.987
189.052
139.998
378.766
827.372
818.176
419.666
639.269
323.87
231.26
216.124
430.701
764.646
699.544
349.505
594.058
294.881
202.515
224.254
424.877
600.787
624.986
354.284
935.264
341.784
185.034
121.921
232.728
666.676
975.708
429.485
901.06
496.118
275.719
181.114
342.379
902.183
967.02
525.603
1007.96
354.645
250.123
168.985
302.564
757.197
1060.84
432.366
790.041
820.195
404.851
279.867
292.406
329.445
706.982
873.409
773.893
826.712
491.541
213.829
217.528
335.743
697.208
862.43
723.857
828.739
489.376
197.285
259.361
347.247
647.023
849.745
657.012
809.071
432.766
230.276
198.114
390.089
591.383
826.11
855.431
832.219
370.415
223.452
202.963
358.877
776.756
895.407
860.617
830.132
358.998
146.262
157.345
332.391
777.135
902.435
580.782
819.09
530.951
256.552
243.083
416.011
522.514
815.035
375.999
579.609
640.009
504.359
371.449
300.734
354.733
553.789
224.434
353.907
668.026
734.555
355.445
179.303
214.925
308.61
184.098
226.551
548.132
829.614
424.516
191.947
178.299
207.497
238.245
208.383
405.853
806.024
592.621
343.748
239.593
207.244
421.737
425.271
379.454
423.213
662.766
695.723
456.135
432.104
627.467
408.535
456.5
525.566
653.84
597.386
639.192
423.546
562.42
401.22
329.559
293.636
505.65
861.815
639.577
389.705
631.506
352.314
255.839
269.22
280.012
596.507
689.382
387.42
743.018
380.911
241.933
214.609
313.846
701.314
807.255
431.748
607.506
315.914
187.442
165.6
331.662
560.556
638.261
350.028
984.735
433.554
212.047
188.149
287.533
727.448
1020.75
516.74
893.483
427.865
221.383
101.21
334.852
810.9
955.399
480.733
1045.6
453.915
194.208
110.291
236.4
783.701
1108.01
534.504
959.553
880.59
421.24
173.662
197.572
422.689
884.453
937.542
695.046
737.368
435.717
195.393
198.95
315.358
627.373
772.074
756.999
861.462
475.318
209.663
224.748
432.969
688.313
887.201
853.624
761.42
310.019
133.125
172.359
310.312
776.991
841.069
775.608
727.754
368.332
240.044
220.126
283.735
711.328
770.279
877.936
821.581
402.842
186.997
189.228
345.395
803.281
881.119
813.304
792.465
360.53
291.379
201.166
295.917
731.094
862.048
436.075
688.29
611.568
398.376
417.413
323.928
387.564
665.931
278.344
446.655
598.67
549.419
241.829
213.662
262.003
403.97
168.477
283.011
482.863
752.383
430.931
244.474
169.318
255.877
215.291
141.265
268.722
400.511
470.025
300.848
229.31
147.537
348.331
331.537
377.752
461.655
698.892
537.993
356.553
348.531
403.065
385.133
287.048
509.06
487.629
505.397
432.723
393.307
539.528
390.288
255.478
288.483
496.919
689.815
588.049
402.082
649.368
426.114
212.549
215.05
306.568
629.361
690.454
449.882
847.958
390.852
176.619
160.763
289.98
761.927
921.566
455.356
955.952
447.93
168.587
140.95
298.905
739.288
1006.61
533.473
867.448
371.135
165.503
126.863
261.128
677.766
900.577
446.148
921.831
397.449
222.487
246.831
356.057
780.929
988.449
474.119
1007.54
532.352
254.265
238.623
348.842
914.886
1093.18
599.173
1006.81
892.186
433.232
166.854
190.96
419.165
929.784
956.643
803.122
853.593
466.093
241.236
168.972
276.956
715.242
908.423
545.091
718.786
424.437
346.514
287.277
346.409
493.636
723.651
983.435
728.467
327.915
173.105
161.972
283.865
912.958
818.792
846.651
690.471
302.629
163.541
185.848
357.881
789.962
749.228
799.806
727.142
335.201
130.112
136.921
320.341
733.264
781.681
711.067
617.016
290.193
292.496
247.941
300.398
655.253
683.307
494.496
707.954
609.3
321.321
252.564
333.928
444.701
690.733
239.481
406.134
596.981
611.193
353.341
208.482
225.542
372.258
180.451
241.992
400.256
412.551
310.153
185.968
171.515
225.197
204.453
234.766
284.788
679.387
580.856
306.667
209.306
234.119
412.644
293.453
224.716
346.484
509.787
550.169
443.935
300.399
466.274
251.545
217.187
317.151
492.121
602.013
511.891
274.362
599.127
247.804
302.667
353.284
501.064
725.961
664.158
284.235
649.309
369.932
202.192
228.106
351.148
613.107
691.353
403.294
733.699
423.52
303.167
204.918
338.315
721.863
793.644
467.319
819.302
395.901
252.102
361.776
356.123
679.329
871.135
456.296
1044.8
438.707
217.077
167.725
319.453
793.922
1083.84
522.692
936.86
399.872
136.443
146.074
281.16
736.592
994.029
479.551
877.187
404.46
206.202
221.992
255.639
628.36
916.856
479.012
1018.19
841.148
323.635
135.369
176.298
374.309
940.425
931.36
836.311
807.786
348.352
224.413
194.42
382.049
762.138
872.565
818.844
729.241
303.522
158.138
168.352
278.81
738.066
792.539
1101.81
731.424
297.376
176.754
191.964
307.986
1031.72
841.595
998.158
754.315
301.089
138.437
178.539
359.936
927.274
834.125
859.508
593.561
221.26
160.326
158.385
305.645
810.814
682.295
607.427
621.807
350.482
206.102
222.492
291.747
558.579
648.082
492.492
609.112
446.314
288.818
214.984
229.996
444.822
613.858
287.617
405.994
484.807
482.169
246.78
172.075
271.2
378.717
249.913
334.246
505.853
737.914
415.681
180.537
234.004
319.995
159.17
178.573
316.616
769.536
676.259
324.453
166.209
178.066
499.758
383.449
194.228
275.276
475.792
659.727
547.279
397.337
388.923
285.378
338.499
351.162
373.815
426.968
393.073
294.987
581.297
418.174
245.358
235.325
395.766
712.637
630.88
428.315
725.386
311.303
186.284
232.28
324.147
580.508
764.23
376.294
762.783
342.304
196.388
190.314
285.857
663.851
818.989
388.725
874.337
398.682
192.86
181.949
280.976
641.286
916.845
471.314
897.552
372.44
223.304
186.883
268.364
629.486
930.128
459.859
1195.13
629.411
292.981
247.784
278.425
804.707
1236.44
715.268
935.709
467.899
245.129
189.907
268.36
665.62
976.036
538.216
1119.8
888.615
315.131
134.1
174.574
371.393
1031.47
999.223
1040.39
836.153
319.837
194.268
185.545
355.132
956.187
934.489
1064.86
739.71
268.9
203.897
175.614
322.386
986.838
849.849
1010.34
742.739
294.667
220.316
175.657
350.469
942.737
827.621
852.256
745.353
317.817
189.796
190.197
349.708
785.212
816.744
838.686
605.051
186.802
159.681
105.35
298.968
786.65
693.139
1112.88
690.857
254.248
156.551
157.168
372.141
1054.62
802.681
651.503
597.423
296.915
290.522
187.994
284.58
602.071
642.34
400.798
535.594
392.154
354.252
232.877
257.261
367.219
534.315
312.219
378.288
419.567
370.506
259.329
207.081
287.155
375.92
297.061
197.696
373.168
464.85
570.753
454.908
328.401
193.539
709.018
357.391
225.155
195.001
348.278
539.661
725.551
424.641
666.202
282.23
267.477
258.695
451.941
623.339
704.99
338.84
808.345
473.86
327.267
321.653
393.471
687.47
848.413
512.899
752.272
408.383
230.486
161.212
391.4
702.895
802.84
466.552
521.817
399.785
186.732
157.539
289.27
544.855
535.611
426.48
900.085
487.418
188.68
149.399
182.767
533.682
914.513
566.213
941.019
399.66
245.746
210.256
371.957
784.078
992.141
482.737
1052.5
423.213
251.182
261.218
335.842
654.691
1080.46
518.805
994.04
450.867
171.391
157.334
257.338
627.515
1017.17
545.665
961.139
842.988
253.695
97.8868
102.929
333.074
867.463
941.822
1084.36
864.066
345.173
141.701
228.222
403.855
1003.42
966.668
925.503
738.449
263.254
148.117
157.357
294.38
846.688
832.201
1095.65
764.802
255.886
194.952
152.302
411.446
1035.16
879.626
888.023
537.688
248.737
340.371
210.327
375.538
860.108
632.824
1139.89
641.314
214.816
152.523
164.872
350.176
1087.71
775.871
919.99
694.187
230.478
235.002
189.568
369.72
864.211
788.852
682.727
615.931
344.77
213.087
251.783
274.795
635.265
655.949
536.058
639.198
391.414
265.146
262.355
340.119
490.461
652.032
302.323
424.434
440.25
355.428
332.44
300.652
294.621
394.351
258.983
264.535
293.184
630.579
532.589
257.354
249.249
282.155
532.099
271.779
346.403
281.3
492.395
666.445
575.658
281.184
746.427
350.818
174.081
225.414
418.37
691.181
778.037
413.315
679.008
299.352
135.836
169.41
232.85
498.206
709.263
366.377
805.249
403.875
197.392
218.081
222.983
638.962
855.653
464.556
813.96
345.606
204.872
206.874
261.009
597.989
845.723
416.153
795.086
426.017
167.668
162.749
233.6
586.539
826.758
486.312
979.432
452.109
273.576
252.743
334.76
706.485
1016.25
547.617
1085.57
445.809
181.849
218.929
264.616
702.602
1111.8
554.45
1100
514.872
268.875
192.498
327.453
871.502
1149.23
578.655
1007.72
826.436
286.687
132.842
180.745
376.943
928.547
924.633
1064.13
699.012
249.151
235.08
173.114
409.625
1010.26
812.559
983.109
538.967
257.766
208.038
135.297
341.007
948.911
644.992
921.443
643.649
198.15
239.597
151.929
330.925
856.734
745.46
705.35
470.1
341.909
325.139
239.501
329.773
695.876
526.958
949.893
605.981
223.602
237.046
133.059
371.252
909.718
703.864
968.762
499.615
184.425
128.295
99.984
305.491
932.666
614.022
904.702
619.759
200.495
190.217
141.557
363.221
863.795
713.041
717.753
544.147
272.593
157.185
188.862
286.356
677.418
602.533
586.207
588.634
450.897
357.262
305.054
272.113
542.376
607.229
489.384
549.587
366.623
298.757
190.626
299.06
466.644
562.927
512.952
490.176
288.083
363.585
433.206
626.066
550.024
504.021
594.473
259.358
157.76
196.632
323.564
523.834
629.41
312.552
745.516
428.907
327.792
266.272
276.005
455.887
745.918
495.995
747.409
481.251
386.106
395.572
468.682
694.055
783.146
518.038
726.683
398.241
227.262
224.818
230.081
485.455
743.926
456.281
857.12
379.201
140.95
188.341
191.623
538.348
881.416
468.345
907.68
367.988
190.064
250.519
303.734
743.095
963.781
442.327
981.065
432.038
174.254
290.977
272.446
560.436
996.073
534.189
892.065
474.761
261.741
259.311
443.258
849.314
939.862
529.415
1366.27
791.539
282.14
173.58
196.215
452.463
1306.43
931.205
1113.22
796.625
315.503
199.426
184.139
360.844
1040.86
903.417
1100.33
821.981
324.068
191.752
191.285
377.334
1023.33
923.43
1238.95
767.474
245.973
102.058
186.892
355.9
1161.68
912.027
863.018
482.275
347.611
352.673
268.215
303.662
817.999
582.674
894.331
540.957
256.5
182.184
162.731
410.446
865.145
628.557
990.354
621.943
223.153
316.322
196.132
397.758
949.323
731.292
1016.7
653.32
222.14
329.02
194.799
394.252
975.943
760.35
912.445
620.193
222.601
196.298
167.721
364.049
872.472
714.503
598.682
643.97
459.671
278.48
306.38
316
550.192
660.373
360.534
535.38
570.435
531.895
264.82
185.352
321.32
510.284
609.856
353.92
334.471
396.109
432.807
486.765
622.653
392.037
699.896
388.047
200.977
245.972
326.326
536.871
727.989
436.169
791.705
343.19
153.399
169.586
283.843
677.653
837.331
406.515
696.796
342.944
232.461
304.557
259.287
562.056
731.697
378.148
746.504
369.575
230.134
304.801
264.598
611.105
793.674
424.252
675.1
419.239
229.686
228.514
294.143
570.021
697.797
458.244
695.85
328.351
223.57
396.655
295.949
534.342
716.442
388.497
917.911
470.708
193.679
159.276
317.701
776.761
977.099
541.141
901.876
383.527
169.418
224.249
365.247
799.356
960.745
450.89
1018.22
769.935
313.937
218.826
175.66
389.317
950.021
870.18
939.583
757.044
243.924
144.804
125.819
325.435
862.081
855.599
897.497
636.609
241.315
212.191
160.103
342.219
846.981
728.688
1055.81
783.321
214.208
232.714
171.57
408.984
977.995
900.443
1361.73
645.799
244.898
269.229
208.735
463.266
1320.55
817.869
1133.07
639.569
240.345
140.384
182.138
363.737
1084.24
758.64
1064.89
667.232
325.123
325.253
330.433
518.88
1038.23
773.417
1166.6
621.205
180.61
156.255
113.796
339.418
1117.39
761.714
962.144
512.349
203.334
256.045
157.45
428.41
945.801
613.81
499.476
409.448
322.34
450.464
311.494
317.636
480.683
435.967
542.853
499.105
460.179
407.89
444.866
307.352
492.667
534.198
487.597
315.587
249.155
288.426
531.145
677.776
529.056
328.523
742.587
366.142
222.887
179.195
402.415
736.92
803.016
418.93
618.688
376.914
213.392
144.254
279.606
592.849
654.76
401.187
766.744
380.377
242.032
282.998
262.547
558.346
796.578
443.701
817.144
363.884
137.791
173.791
252.456
621.907
859.909
442.862
834.446
403.146
184.953
157.098
334.847
768.001
883.873
448.723
977.163
426.981
138.308
137.508
256.179
681.136
1015.19
526.996
985.081
414.904
203.033
176.59
371.417
828.853
1044.13
498.874
871.586
492.389
293.878
277.315
437.994
834.817
918.579
532.242
1099.84
834.386
293.519
157.33
181.476
416.653
1028.64
944.06
1109.64
760.66
293.91
158.005
167.327
383.839
1047.19
869.38
1310.51
681.39
183.827
184.723
164.467
383.198
1256.02
840.715
1336.58
643.525
127.331
122.475
146.099
421.9
1292.55
812.815
1053.48
700.049
216.017
249.157
195.451
397.888
1001.13
810.526
1059.33
506.831
246.222
274.672
318.897
393.958
1030.67
631.678
1036.29
587.343
162.041
141.29
128.836
503.263
1023.27
698.146
1143.09
489.274
121.255
104.007
127.021
443.856
1125.11
635.071
1049.85
564.846
184.115
256.025
202.465
494.182
1035.54
677.589
927.253
488.187
142.987
187.341
156.293
460.052
919.59
589.344
1209.61
583.851
172.12
206.063
147.187
377.169
1167.11
735.384
734.889
468.748
249.81
162.773
328.424
698.265
777.56
488.573
756.047
409.285
260.503
260.237
288.01
590.53
795.496
450.419
856.811
357.688
275.44
244.299
238.028
517.536
879.094
436.295
674.092
297.206
205.512
217.487
259.175
501.778
701.096
364.207
714.345
348.317
205.114
204.838
234.791
416.594
717.115
423.377
688.908
435.224
310.546
291.102
345.507
652.714
724.487
465.284
982.366
431.958
182.293
206.789
348.947
770.841
1034.05
521.033
898.802
406.782
237.584
208.193
337.755
709.105
933.464
487.309
857.586
479.916
284.13
200.652
437.943
943.162
932.07
497.062
1218.61
760.833
300.643
197.686
196.146
433.429
1157.13
881.395
1063.88
757.364
242.874
234.254
170.2
451.033
1004.33
867.395
1008.71
679.986
172.861
90.3729
110.799
423.847
964
789.221
860.948
533.025
167.035
157.361
141.197
355.929
828.43
627.877
946.492
628.776
173.508
127.038
126.62
394.1
907.934
730.087
911.219
428.008
186.652
166.306
151.454
364.497
891.033
536.425
937.68
581.978
183.808
221.572
169.958
437.839
912.797
679.219
1090.7
465.223
126.387
162.234
129.64
406.84
1080.17
593.27
813.802
371.454
131.144
246.568
279.705
554.071
840.236
453.537
983.501
542.144
246.073
183.414
147.166
520.791
984.316
637.875
891.159
380.894
194.966
153.891
207.608
428.679
889.27
479.186
754.861
301.117
196.121
269.133
266.709
495.929
779.518
378.788
839.024
392.832
380.601
373.394
343.06
504.023
851.289
460.327
656.968
466.331
259.53
278.42
276.371
599.767
694.683
485.84
702.679
343.197
200.999
219.624
309.473
621.661
741.762
396.818
845.04
321.743
166.482
281.301
237.529
459.686
859.905
411.515
886.669
432.121
161.924
203.434
200.586
601.798
920.571
511.191
924.433
366.069
162.941
201.004
366.391
736.744
973.718
456.863
916.165
430.292
223.899
252.208
428.469
818.587
960.832
497.876
1016.94
530.408
253.539
242.859
428.407
896.312
1063.47
602.59
1056.84
708.701
203.605
84.9806
105.379
406.509
1006.2
820.89
1076.26
685.576
274.599
244.494
198.809
394.266
1020.07
794.885
1139.89
722.048
261.433
223.405
169.864
367.744
1077.71
842.819
942.819
462.513
205.058
317.171
220.3
391.982
922.719
567.506
1059.65
563.959
189.534
269.979
241.083
591.924
1061.27
674.913
903.97
404.089
281.24
338.671
305.134
371.593
889.817
513.228
938.965
544.752
158.59
105.001
141.886
468.738
926.404
640.418
979.77
415.105
132.364
194.093
184.506
444.367
976.273
529.64
627.236
248.651
131.458
161.47
237.556
458.729
647.321
313.916
873.869
431.408
191.306
167.472
198.895
531.151
888.156
520.759
801.292
411.812
313.971
354.358
222.124
476.234
805.81
486.526
753.423
388.195
229.859
310.591
268.159
583.387
793.543
445.201
851.26
327.024
253.644
186.479
254.544
564.993
876.96
405.394
798.511
439.214
198.729
148.51
169.783
485.112
819.958
505.475
698.816
365.469
240.009
304.06
301.784
498.828
711.696
419.619
723.223
395.292
278.91
389.301
370.968
656.06
757.668
433.774
809.693
411.704
181.414
136.926
315.662
690.929
861.926
469.313
656.822
403.346
229.762
258.225
263.975
563.921
688.368
450.926
729.451
439.003
327.914
336.58
533.696
809.509
781.128
486.775
780.47
472.538
278.339
193.518
417.594
845.592
840.243
495.718
1023.98
742.083
306.536
162.657
187.025
343.432
959.561
825.949
1063.94
793.742
247.992
111.307
115.979
396.653
999.837
902.647
629.343
569.688
229.424
110.723
189.974
328.463
593.926
612.152
1206.96
663.051
314.074
280.082
186.777
400.626
1153.89
798.567
1104.56
611.278
180.489
143.041
151.862
582.095
1100.61
724.807
466.526
331.452
187.52
170.098
214.728
388.809
475.323
363.359
922.218
467.194
248.251
216.792
220.609
468.784
920.947
558.426
872.357
444.445
157.366
156.249
229.366
535.603
887.911
528.047
790.893
373.217
149.146
179.322
189.576
481.421
806.071
455.444
581.143
405.571
225.124
221.236
243.666
512.94
607.24
416.436
547.106
291.801
264.024
220.974
204.685
356.316
548.903
328.239
585.506
386.818
189.054
155.778
283.331
583.143
620.634
406.979
748.141
340.949
145.635
130.587
253.918
576.726
784.518
410.243
583.143
378.72
175.085
256.825
311.792
581.125
627.645
397.993
774.087
310.169
165.127
135.327
286.693
699.117
821.756
366.811
806.271
343.04
191.049
305.262
278.091
551.696
833.948
428.901
768.44
408.854
204.787
152.736
274.99
630.724
796.219
458.715
614.157
341.434
267.199
229.59
366.656
617.9
649.301
378.934
606.425
389.722
220.17
307.649
476.209
771.242
661.558
419.335
665.943
481.081
304.323
311.17
508.46
863.778
734.187
491.248
978.53
704.966
296.639
260.821
178.423
383.143
932.458
796.216
1005.44
643.782
260.329
173.928
174.936
318.742
948.953
749.026
915.953
509.21
142.661
154.532
133.689
269.28
864.225
617.384
1037.79
507.141
169.037
144.327
151.894
410.265
1013.78
629.153
1013.7
588.215
232.466
188.256
161.604
532.802
1007.06
687.952
693.151
413.408
255.908
369.528
334.731
394.615
679.488
483.894
847.201
442.834
197.941
140.107
177.572
493.037
852.119
511.038
667.603
326.226
148.303
199.009
228.22
470.005
679.649
389.839
791.55
410.283
146.5
134.313
161.171
446.79
799.137
490.284
589.978
343.714
175.579
223.286
156.46
354.275
588.695
398.082
656.994
345.389
209.722
251.156
281.434
462.458
673.991
400.942
725.941
309.607
221.739
260.424
318.269
574.979
762.376
374.951
816.793
433.936
212.056
171.381
244.059
659.159
870.751
484.105
699.704
405.727
216.863
200.515
230.036
530.753
713.292
453.955
853.152
430.605
165.229
157.811
257.925
550.888
863.012
513.859
679.352
390.799
234.84
178.544
284.337
570.395
709.947
425.425
587.766
563.732
284.115
171.317
334.111
663.159
630.047
574.899
747.445
433.979
213.041
245.671
335.289
622.634
786.523
474.553
527.046
481.425
257.42
313.47
410.139
582.116
557.065
504.708
488.203
324.695
294.242
329.171
487.108
559.904
503.149
337.882
1063.45
796.614
331.432
207.832
247.874
383.353
991.082
897.79
1132.91
723.65
262.249
115.366
176.143
384.393
1069.63
838.947
1337.52
669.325
185.475
114.139
150.169
451.435
1291.54
832.813
937.687
460.57
229.505
219.631
153.634
513.949
952.877
541.99
826.186
466.251
163.856
139.969
173.473
439.159
819.205
550.228
888.203
485.427
143.908
175.224
163.257
477.11
887.531
577.693
728.604
395.497
202.505
172.219
151.756
429.055
735.752
465.504
495.517
286.527
234.869
211.324
227.074
392.163
509.165
316.336
558.616
232.7
151.656
145.445
264.389
509.065
589.726
280.971
626.975
333.092
191.677
278.848
323.79
649.066
676.079
372.305
678.951
310.164
142.864
152.504
263.837
565.033
712.599
369.448
628.906
296.026
147.347
233.398
239.969
445.185
649.297
358.06
839.686
387.781
170.518
154.337
262.067
629.431
880.677
461.586
783.446
406.49
159.38
201.864
265.897
576.162
819.716
470.982
875.838
397.465
163.279
194.193
280.093
558.232
893.939
494.391
614.326
438.259
333.282
204.011
354.487
661.017
656.682
443.692
690.691
476.467
379.749
276.16
428.648
778.445
740.829
481.377
530.769
315.148
230.649
280.068
461.051
697.424
585.365
336.365
616.235
296.639
217.254
198.282
426.876
592.26
635.944
347.111
549.906
360.129
255.6
350.747
581.546
712.88
592.179
397.301
773.531
834.424
416.634
168.687
202.907
420.937
706.845
868.471
998.108
817.794
338.715
134.369
189.81
364.715
923.984
910.171
617.363
544.963
278.499
134.104
161.477
287.696
578.263
580.614
831.63
432.339
185.301
140.018
214.736
466.447
836.763
516.955
876.73
336.723
219.546
238.914
252.191
458.956
889.009
436.481
678.489
325.576
173.114
217.032
264.794
567.498
704.456
376.803
589.378
347.928
232.112
161.52
243.587
580.426
632.988
359.77
608.319
418.319
218.307
172.92
324.026
642.029
652.145
430.46
624.595
368.408
174.289
125.785
201.391
479.928
643.071
411.603
545.251
255.734
231.806
286.074
264.206
365.975
553.048
314.994
485.759
292.356
180.243
230.52
266.739
402.294
502.764
323.305
491.913
331.087
209.391
206.006
315.914
498.682
514.363
352.495
480.096
279.33
219.326
269.416
424.581
582.35
518.364
297.705
812.837
401.539
202.609
190.961
291.759
439.334
814.979
480.999
723.121
427.397
185.862
227.086
263.59
675.444
781.86
469.247
990.718
525.195
283.608
312.943
344.828
676.646
1012.82
615.337
729.211
387.745
226.858
374.124
523.767
661.372
767.401
434.302
716.977
332.512
228.066
234.499
395.306
624.711
754.162
392.546
599.17
341.336
334.042
426.349
685.721
791.823
652.24
363.352
587.188
452.519
352.586
439.127
724.143
913.083
656.293
462.997
