395.24
635.537
595.568
392.485
259.674
305.791
361.183
609.712
477.243
675.128
671.666
490.287
255.891
293.658
425.729
648.555
379.932
745.171
726.734
335.611
334.117
391.478
337.792
691.199
398.694
738.564
729.491
359.459
342.099
347.827
360.226
681.587
351.598
637.409
667.741
334.292
291.47
336.997
308.228
582.968
390.484
472.814
591.18
520.645
317.784
306.177
372.122
459.042
176.287
270.529
590.443
701.205
345.91
167.854
168.615
239.34
156.997
261.387
420.62
481.345
332.972
182.982
152.174
234.643
112.806
157.068
489.103
778.702
412.235
169.856
120.349
129.726
96.931
108.972
339.537
820.107
460.734
137.643
93.9442
104.11
182.656
190.349
290.77
589.232
494.68
260.122
188.336
186.912
225.877
217.184
313.048
600.894
689.623
476.536
247.36
201.964
218.828
214.727
376.447
527.889
756.613
522.603
246.218
200.976
252.691
279.969
360.151
537.95
756.746
608.328
291.013
253.25
321.645
265.291
259.908
377.297
575.762
573.363
359.58
263.332
392.994
308.064
284.803
320.321
555.068
622.443
435.208
315.767
489.353
343.542
311.263
187.345
520.562
738.476
546.715
350.456
509.317
410.007
292.422
240.571
470.815
750.837
570.38
412.043
627.41
415.925
365.726
208.131
606.433
936.285
704.275
418.269
667.31
394.993
295.07
148.425
418.982
864.528
743.834
396.429
472.034
699.692
663.532
374.837
267.87
389.645
434.912
666.077
492.919
793.806
683.252
259.777
292.472
390.908
443.997
761.116
395.771
669.154
574.407
320.614
313.728
326.538
357.692
635.179
331.857
545.375
519.556
345.593
260.924
275.413
301.851
517.091
321.895
485.374
505.256
354.204
221.168
202.08
286.275
459.797
343.534
443.02
505.003
394.444
310.487
338.079
326.215
423.72
256.816
505.491
788.743
625.186
391.709
273.963
238.314
447.473
151.693
180.812
335.954
430.502
263.65
161.318
150.351
173.395
134.71
220.862
480.628
606.571
290.85
159.951
128.033
195.543
82.6156
95.8839
374.901
900.964
450.547
88.7565
81.2566
90.6416
117.479
221.45
425.249
628.064
564.993
312.399
126.994
189.638
184.875
200.574
244.716
519.842
655.182
479.109
211.906
179.868
345.048
298.939
333.941
509.389
732.296
607.188
382.945
309.899
271.714
216.365
231.405
428.957
634.154
571.834
312.785
209.321
368.669
311.901
319.232
252.294
556.347
666.052
416.327
286.468
296.611
324.317
328.962
212.707
537.753
665.141
342.555
295.353
533.326
358.562
175.575
254.36
507.416
768.8
595.162
372.181
592.493
358.19
219.693
209.065
478.5
812.781
660.368
374.771
740.423
420.779
242.745
175.453
377.967
820.644
810.368
452.699
841.881
484.375
276.128
214.172
415.609
882.965
922.246
540.768
725.319
811.22
536.207
284.383
296.094
366.304
659.391
830.582
668.707
806.833
555.247
340.532
297.276
359.24
605.143
817.429
548.958
729.407
608.597
410.111
335.578
369.924
503.504
725.518
513.197
633.897
552.752
374.865
370.073
334.488
473.103
636.018
466.953
585.205
475.564
323.274
240.33
368.927
430.605
585.885
277.698
517.603
567.47
346.054
168.619
167.639
249.573
471.894
250.834
442.076
597.172
500.687
338.174
207.76
224.713
406.841
116.427
228.109
452.79
529.532
339.611
143.801
110.296
196.86
152.869
220.426
456.918
639.51
363.408
160.302
152.146
196.631
114.505
138.894
389.368
687.028
418.585
137.365
114.527
121.584
214.496
210.873
298.374
502.945
281.402
223.836
219.319
201.546
194.68
212.839
282.704
391.416
427.339
330.759
209.867
203.915
364.307
349.904
286.531
452.479
601.143
571.774
394.08
362.881
331.899
296.232
265.447
351.837
579.637
615.208
371.753
287.828
396.52
344.262
410.095
424.116
651.394
737.795
448.801
301.691
431.775
377.132
346.38
381.816
535.791
751.015
496.308
353.183
586.018
330.594
180.864
178.023
407.915
680.258
638.276
365.147
482.702
293.749
233.872
342.582
325.721
526.748
526.838
326.953
704.539
417.716
278.733
260.987
414.818
803.093
770.564
437.166
713.079
430.148
283.429
169.734
409.632
853.164
778.206
435.705
654.356
795.87
451.667
207.014
210.09
430.546
597.967
809.186
657.941
744.233
523.165
210.61
229.675
271.297
595.36
764.364
539.074
642.471
448.018
302.233
218.375
214.742
479.539
662.944
633.669
622.255
349.964
154.294
167.882
254.985
576.245
667.328
423.189
636.117
534.423
272.907
235.33
244.593
376.153
618.771
479.047
668.092
519.518
329.966
268.547
307.325
433.985
662.169
246.209
288.14
392.713
373.813
242.922
221.965
240.949
277.41
232.755
482.199
698.34
638.021
306.113
224.655
222.294
422.28
247.354
234.219
331.73
396.949
318.725
250.804
234.162
242.722
202.217
156.716
362.935
887.824
484.684
174.199
201.562
160.086
224.056
265.824
245.113
285.147
251.124
289.12
217.278
260.502
246.377
189.234
304.775
482.927
534.984
343.269
256.885
191.372
368.421
331.205
409.146
467.499
713.138
642.008
401.3
347.698
362.649
323.919
296.183
381.789
694.33
724.573
411.133
323.125
633.037
358.931
244.065
260.699
428.151
644.919
673.88
395.973
495.757
453.201
244.599
191.457
350.754
641.558
532.67
473.902
658.171
394.196
298.216
193.49
478.217
876.77
733.399
397.214
686.885
362.661
208.69
133.807
291.582
627.706
741.109
412.121
633.987
429.532
269.711
238.492
441.715
820.782
701.187
440.569
847.345
401.797
212.408
133.345
319.984
802.19
907.301
446.653
815.382
807.969
438.787
203.773
236.437
464.093
752.631
857.032
695.72
722.887
495.301
262.437
273.393
343.195
656.963
751.25
591.584
558.574
403.176
186.05
203.811
283.355
549.932
586.053
450.346
475.187
430.522
313.635
190.318
206.596
417.29
480.467
469.041
551.902
474.629
261.558
203.558
219.563
428.02
548.185
485.685
642.179
557.848
341.633
305.242
318.82
444.792
635.778
396.731
571.047
590.539
435.076
351.709
246.265
355.629
558.359
187.672
346.081
589.673
583.436
353.198
192.028
173.715
313.023
195.474
259.633
525.447
573.862
268.455
123.729
189.054
228.065
125.433
143.521
374.371
703.722
431.065
178.93
125.245
135.127
228.525
292.296
335.049
441.8
413.11
219.539
209.739
286.619
266.68
274.863
262.094
635.722
714.539
399.854
279.135
277.716
453.886
444.495
301.55
394.245
605.92
647.079
492.926
456.848
522.921
336.69
337.881
386.935
522.257
778.427
590.252
341.286
610.043
318.095
270.645
304.953
462.519
710.879
669.562
361.758
599.619
295.994
179.185
196.281
312.75
614.763
654.683
337.681
757.935
417.146
316.355
270.26
378.475
759.979
808.613
431.591
725.886
332.211
201.946
128.984
336.852
741.511
790.668
377.928
491.491
335.641
298.538
227.199
240.263
538.818
540.152
336.478
845.062
531.472
319.785
292.675
441.467
610.54
876.105
592.408
553.892
590.8
407.917
175.472
195.847
228.415
503.762
612.044
798.221
614.074
281.317
275.316
191.054
407.934
754.392
684.393
669.562
630.3
314.784
208.818
175.372
246.734
614.208
683.271
644.404
651.424
388.842
184.054
168.37
225.055
587.386
690.752
662.75
650.061
375.874
193.101
215.362
264.846
605.604
697.632
607.405
616.936
403.603
271.285
172.719
196.785
549.932
652.641
588.183
691.745
528.768
359.227
316.396
334.75
533.42
695.053
269.579
429.959
666.584
671.378
408.848
232.247
243.79
404.015
193.562
207.607
388.39
625.303
402.35
155.179
183.967
201.932
224.441
258.296
491.822
670.085
375.371
192.526
214.697
244.943
310.345
383.535
391.543
586.109
470.541
307.92
320.298
371.115
172.715
136.15
329.782
679.799
707.814
399.744
192.148
128.119
390.369
365.388
321.914
452.376
577.882
568.187
422.986
368.023
754.477
399.203
279.066
377.707
435.208
661.13
803.127
438.423
578.302
363.004
229.004
260.46
464.712
807.266
646.211
378.378
693.82
320.432
251.142
179.767
437.414
714.16
749.242
359.84
696.968
390.443
193.844
213.429
387.507
778.815
757.22
419.631
900.325
353.275
203.841
208.838
265.122
713.924
952.125
416.322
790.885
515.667
177.007
108.865
182.869
670.958
849.838
571.285
709.021
311.908
255.891
162.186
253.566
611.562
756.105
328.446
975.645
781.449
297.643
153.484
144.563
324.669
900.176
874.284
866.942
677.467
281.33
132.318
120.956
325.416
812.76
749.228
527.742
536.155
419.929
245.642
263.513
297.704
487.786
545.328
742.106
602.829
247.469
153.838
146.189
303.82
691.744
672.864
612.671
549.481
305.424
201.829
197.361
254.298
567.62
595.233
643.674
532.315
346.624
205.719
166.159
241.377
605.446
578.119
591.736
690.159
433.649
226.294
220.085
366.206
544.588
702.616
446.368
640.251
531.813
303.424
245.745
327.575
404.683
625.259
514.037
399.327
388.019
343.5
241.956
299.073
511.079
416.397
122.581
178.89
373.591
588.667
347.651
171.734
124.457
161.744
186.237
183.899
183.224
332.812
396.168
247.81
186.379
183.133
177.541
212.132
347.218
498.236
424.11
277.054
178.206
199.053
401.486
330.591
253.821
441.12
573.928
604.668
443.892
340.228
615.359
382.004
245.159
263.437
409.52
611.411
660.934
410.404
729.066
344.096
218.401
206.078
387.113
701.164
771.141
399.77
991.693
449.004
364.053
440.561
562.346
887.09
1040.29
501.621
838.892
432.337
195.863
180.936
332.945
789.194
910.492
490.9
1002.85
546.089
185.762
195.158
225.003
758.564
1063.06
612.096
805.353
365.515
237.863
277.534
325.367
586.421
857.248
414.536
823.382
376.038
196.33
219.318
357.462
713.71
885.747
433.066
1064.72
712.909
270.884
163.037
173.415
323.428
1000.95
815.796
639.299
518.283
230.869
122.847
135.472
254.411
594.053
574.98
842.598
794.613
312.836
120.594
160.982
321.772
759.46
869.604
853.148
596.943
205.825
179.894
172.637
374.426
812.014
682.246
711.695
620.178
303.436
285.047
220.152
263.895
655.797
674.261
825.02
644.34
320.535
211.241
186.632
294.74
775.746
716.67
800.224
646.646
286.846
249.588
184.194
279.787
744.102
720.278
552.996
497.456
260.116
228.529
176.232
233.495
513.651
532.16
472.236
498.225
419.02
300.214
225.214
334.638
441.896
502.931
247.512
243.324
308.67
456.579
367.658
227.394
238.255
245.462
178.864
159.547
322.578
586.81
411.234
171.076
170.441
161.819
240.186
180.754
319.122
703.935
562.263
284.861
242.666
187.355
344.708
275.435
270.282
359.886
580.008
569.401
360.39
264.392
545.464
258.659
267.183
224.787
445.397
622.559
588.536
293.283
565.23
349.994
309.998
237.621
500.358
729.628
619.108
356.928
559.207
366.13
208.551
204.486
373.91
692.019
613.833
376.74
836.603
515.171
287.4
308.054
305.793
744.438
904.234
570.116
926.026
428.362
197.155
184.786
185.639
638.4
970.979
493.508
982.307
384.465
201.854
124.412
270.756
648.787
1018.13
472.219
824.673
385.072
276.668
228.102
255.799
701.254
887.934
433.466
1055.78
621.809
225.542
154.513
112.454
315.577
997.045
743.187
731.221
550.462
212.844
225.206
161.812
261.38
682.38
625.412
885.638
734.435
254.915
107.877
178.439
300.067
808.964
822.174
701.536
603.752
285.753
197.846
230.056
307.061
645.484
669.359
730.661
584.076
320.14
332.336
260.551
323.851
678.402
648.781
761.189
615.175
274.812
210.854
222.977
324.276
711.456
667.473
607.83
525.313
254.136
181.913
237.107
269.769
564.308
574.266
625.735
534.802
388.877
253.773
160.492
229.735
584.231
577.553
416.618
437.782
346.189
267.236
330.937
304.708
385.773
449.708
309.477
390.279
418.016
444.821
270.731
230.094
289.57
377.763
343.798
316.624
320.001
483.623
328.964
192.661
325.46
332.272
370.171
257.055
224.921
399.963
505.198
367.578
368.808
284.588
510.039
419.432
235.005
370.917
556.844
677.937
555.994
434.171
585.637
419.349
259.727
327.565
538.732
687.227
629.155
446.557
570.675
454.476
333.369
229.407
400.507
757.274
629.016
451.676
669.332
370.608
312.633
343.191
384.812
768.456
730.372
383.485
779.827
384.163
218.272
192.823
299.375
717.182
851.348
435.128
849.868
469.037
204.716
165.769
222.837
648.323
904.432
518.295
898.701
427.487
149.173
217.339
294.628
602.729
943.957
506.328
815.788
362.366
203
179.881
290.993
642.702
858.044
435.566
845.178
477.386
192.488
236.993
253.57
386.85
823.335
570.854
1033.59
536.726
191.112
185.706
200.317
309.459
991.321
660.402
1172.08
601.361
167.635
185.207
188.109
362.417
1124.15
748.748
1032.87
537.036
134.504
153.598
132.866
338.193
990.722
665.39
794.157
407.841
153.077
191.897
146.092
368.124
793.283
482.482
1022.99
680.155
225.683
162.101
146.949
473.41
983.805
782.489
596.207
353.538
214.582
202.306
219.469
263.003
579.199
411.772
640.996
458.418
230.213
196.234
189.774
289.56
610.719
515.264
361.929
333.095
250.338
307.453
255.776
253.6
339.557
355.012
584.221
460.231
392.365
367.61
325.899
292.659
564.029
489.505
470.601
400.16
473.085
583.656
296.944
242.09
449.207
416.513
420.811
257.365
385.199
661.611
570.435
376.275
428.513
281.299
552.412
437.178
312.866
341.338
509.214
717.77
601.573
446.776
503.674
377.47
230.246
250.691
352.425
648.885
554.5
402.177
724.111
394.326
202.818
266.14
309.863
685.463
769.204
432.538
661.236
348.199
248.871
271.112
330.314
661.277
711.383
376.757
779.425
438.471
221.492
389.411
283.331
648.059
839.382
489.322
882.132
362.913
190.719
230.548
270.751
703.616
946.45
429.526
889.889
356.842
282.712
163.78
251.123
599.13
937.717
432.234
861.306
376.166
239.123
203.717
279.206
748.772
928.529
437.526
1069.61
508.481
217.572
175.979
253.583
438.603
1041.01
633.209
778.193
492.687
186.314
237.116
189.687
346.757
752.201
572.793
903.567
472.813
202.133
199.564
189.02
338.53
876.626
574.691
874.232
581.705
229.534
174.865
151.418
256.888
819.901
673.733
875.915
408.753
168.778
195.006
175.974
324.844
856.383
513.944
1053.98
542.281
181.452
188.165
134.309
323.256
1011.73
671.77
825.28
507.877
189.155
214.9
216.867
385.755
798.606
598.838
798.698
525.847
187.087
173.849
134.157
331.471
770.114
604.427
820.587
511.004
194.313
96.5597
109.51
364.373
799.689
593.925
569.953
456.018
224.885
165.45
152.42
282.986
547.035
493.423
495.343
599.842
487.893
547.691
317.907
446.546
503.826
593.863
337.811
301.565
386.685
496.956
708.531
567.679
364.246
311.751
512.688
307.19
288.006
288.047
472.894
608.3
543.101
323.53
551.783
294.025
256.847
414.489
358.653
547.84
593.158
334.889
685.145
511.902
346.975
166.913
266.541
647.963
720.595
521.642
791.449
362.142
228.682
233.215
307.011
581.791
817.36
433.964
764.502
572.621
233.662
207.826
254.03
689.992
821.447
622.287
814.479
531.251
218.703
247.861
211.254
655.217
865.294
592.618
785.601
333.444
302.312
271.377
293.768
567.838
830.578
367.761
948.782
650.698
309.947
277.51
343.459
838.393
1015.75
723.354
1005.59
555.123
143.077
163.431
115.351
314.062
962.415
673.675
661.465
391.899
209.881
273.627
165.537
287.33
640.688
461.51
729.383
517.357
237.862
220.804
246.455
251.68
683.067
588.012
717.064
519.39
179.731
139.847
178.225
362.2
673.802
591.258
1083.55
532.295
138.67
116.874
132.578
368.713
1048.67
667.989
829.327
445.137
166.451
247.516
192.21
318.999
794.726
543.361
683.335
383.741
163.348
249.068
173.175
346.753
676.778
450.88
778.44
398.963
139.677
189.969
198.753
380.064
771.754
481.751
810.249
481.697
231.965
227.871
241.323
382.152
793.611
564.883
741.527
433.983
199.27
154.93
138.822
351.253
731.208
506.889
347.734
434.531
483.67
365.66
384.071
454.608
360.718
390.251
237.223
186.044
262.651
449.738
350.832
361.867
255.986
181.532
679.149
372.821
441.066
322.828
526.5
694.691
714.353
388.736
650.583
351.019
227.325
217.481
281.525
584.725
694.641
389.91
883.893
385.473
168.021
107.266
212.898
553.804
898.695
469.654
729.527
370.493
180.798
228.459
290.414
555.958
771.677
420.849
838.736
390.859
243.591
163.574
264.756
567.869
863.368
465.557
798.731
350.058
129.411
164.725
164.488
546.711
846.188
407.338
934.487
376.962
142.675
194.257
253.321
609.657
965.537
459.226
808.796
449.64
327.695
341.052
313.431
704.093
872.147
497.957
821.555
442.111
177.261
255.926
186.246
345.842
799.541
528.38
824.707
405.681
148.797
165.215
135.616
282.631
794.683
504.793
795.421
480.384
274.537
317.6
265.17
340.467
765.447
562.494
1064.2
470.612
110.215
155.016
103.104
410.052
1049.06
603.296
1125.84
483.942
141.934
163.184
155.803
408.527
1103.87
629.123
893.773
401.281
182.482
238.712
230.728
316.751
872.33
513.365
833.742
530.086
191.333
218.973
181.499
406.142
809.431
618.19
680.911
330.382
183.453
272.427
247.492
434.282
703.661
394.245
696.605
314.169
245.197
425.788
288.241
453.715
719.332
380.798
722.312
400.025
195.883
178.287
179.326
385.408
723.323
464.888
619.185
386.513
323.567
356.718
251.659
325.214
611.257
441.029
339.948
294.015
288.521
339.56
369.073
370.123
338.6
322.647
538.34
425.178
236.025
255.589
321.812
662.372
585.665
434.439
669.766
304.056
234.688
222.278
256.539
522.116
709.514
356.174
614.404
304.844
194.701
194.942
223.417
465.452
642.831
345.581
803.16
379.167
194.307
193.526
192.829
442.583
816.573
443.008
861.412
430.152
243.002
198.092
271.825
541.245
878.906
516.259
597.434
414.658
191.19
238.606
308.306
477.362
606.402
466.364
727.944
350.682
116.43
56.2146
163.788
541.205
768.391
411.404
803.565
414.449
181.688
257.653
296.939
625.334
852.351
478.09
992.13
541.743
135.881
140.606
108.445
335.372
950.042
658.244
918.673
483.659
157.239
172.584
112.858
304.28
881.991
594.934
850.268
442.432
194.659
144.71
145.257
303.746
823.05
535.916
1092.95
518.528
137.698
142.443
212.203
412.801
1066.2
648.572
1181.45
495.584
193.358
364.779
246.614
510.553
1168.46
638.228
813.267
392.953
101.406
96.2487
122.905
411.472
813.51
482.607
719.034
405.327
148.632
169.816
186.75
369.872
713.021
480.693
561.658
258.067
188.798
237.638
276.506
464.695
581.367
308.11
456.262
235.853
208.987
193.363
239.82
363.812
472.963
265.545
617.307
265.936
137.263
153.99
184.297
389.22
628.843
328.542
359.882
213.472
194.08
291.356
287.216
385.853
387.899
217.727
546.641
243.688
243.746
259.842
298.305
466.429
566.155
279.01
634.158
373.733
240.46
141.118
278.061
600.92
677.392
420.687
737.444
328.109
187.495
261.815
222.794
402.179
753.177
388.022
840.857
446.105
294.201
308.822
268.736
482.477
848.536
490.178
794.499
437.439
207.295
193.509
156.368
423.52
792.624
512.88
936.237
451.025
244.903
261.299
252.533
417.682
929.517
540.659
434.739
240.904
297.342
262.33
306.781
424.355
460.426
246.471
642.377
242.346
206.606
299.443
293.032
527.083
671.763
287.403
968.585
448.607
163.323
150.393
238.971
643.648
999.074
537.85
1028.7
638.875
249.249
136.812
145.106
306.463
973.665
741.281
1072.87
524.559
127.15
166.393
113.456
364.895
1041.06
657.409
964.732
523.514
194.37
155.782
145.211
319.923
924.118
634.368
1029.41
484.254
166.297
222.185
161.236
405.585
1008.71
605.1
654.387
366.82
185.642
267.798
203.394
434.279
688.202
400.117
839.917
432.77
137.702
170.593
176.393
478.734
847.809
518.675
832.948
340.026
106.396
137.617
197.594
445.879
835.853
438.63
690.872
279.314
108.217
97.9161
159.574
427.021
709.448
350.645
781.546
388.8
124.646
158.906
172.896
467.482
791.613
472.554
683.217
330.383
254.126
255.183
253.193
515.083
705.059
391.384
704.827
354.12
201.226
213.561
236.498
430.703
714.994
423.75
803.005
369.46
212.858
278.966
285.769
568.153
830.122
451.598
807.206
340.224
183.029
226.714
337.117
631.921
846.106
423.944
697.644
426.868
183.927
218.774
205.721
545.107
739.042
477.152
577.617
297.934
242.595
317.12
211.526
362.802
595.326
341.181
730.405
364.968
255.615
302.907
226.912
411.716
729.998
431.465
849.079
334.209
162.928
120.88
116.011
383.38
852.767
432.683
1143.78
460.159
164.818
194.345
213.497
495.907
1141.48
596.552
861.829
376.566
211.019
198.655
218.012
537.748
890.318
441.18
827.117
437.833
305.541
292.177
319.309
693.539
879.13
491.72
915.367
590.483
163.867
137.172
122.452
403.377
886.434
687.485
889.018
554.261
195.635
142.44
130.02
315.95
848.144
650.279
641.866
373.31
183.434
205.255
225.154
366.208
633.758
441.87
923.882
408.584
213.46
253.458
235.275
351.382
911.022
517.875
970.797
389.309
130.239
227.861
182.086
449.672
968.898
507.088
929.377
342.892
91.4062
101.789
205.038
504.295
941.896
452.878
838.298
442.683
174.247
124.465
241.522
619.355
878.045
514.679
542.385
260.473
203.068
276
249.946
470.233
582.164
294.832
616.034
298.264
215.437
174.963
214.535
486.873
642.656
340.605
680.677
299.848
245.482
204.303
299.96
472.996
694.71
368.831
641.359
309.304
243.205
308.595
373.144
564.843
671.141
356.613
614.327
316.567
144.933
210.161
235.779
456.894
628.565
370.977
737.153
339.28
234.252
302.05
336.983
523.582
755.527
415.123
628.58
353.638
190.291
184.539
219.334
393.056
627.248
406.627
566.653
277.404
222.14
175.071
171.862
265.457
569.086
326.234
677.85
359.239
192.404
282.051
219.192
448.531
698.55
414.106
462.064
311.214
157.267
168.638
180.91
255.026
446.928
341.587
905.636
428.046
182.667
128.947
191.972
561.879
931.089
504.158
862.859
405.854
188.567
133.058
236.434
520.813
877.481
478.344
840.129
373.749
236.085
226.689
277.496
556.433
868.895
425.939
1061.72
582.253
181.27
152.529
119.132
361.047
1023.14
702.408
781.119
494.183
188.311
176.507
146.198
302.204
747.979
576.902
913.217
410.574
125.535
185.584
242.051
297.21
889.057
523.296
938.107
438.491
188.037
183.284
199.646
369.801
916.147
552.706
617.949
251.427
144.605
208.754
210.567
301.966
626.985
299.769
880.617
397.176
133.742
119.325
115.295
508.997
905.439
477.04
838.584
410.98
191.594
179.118
234.527
577.829
851.849
478.174
761.793
368.228
198.77
194.79
225.711
472.299
773.792
445.838
578.664
342.69
204.992
206.738
302.928
517.732
602.462
377.72
522.78
375.205
231.631
176.182
281.819
509.67
547.284
387.696
481.561
326.709
179.131
212.266
352.01
573.057
521.076
345.368
452.215
328.932
252.567
331.255
328.136
544.434
492.106
338.228
450.578
229.561
232.521
249.631
441.576
588.403
488.723
247.824
583.597
298.871
226.649
235.349
360.303
591.664
627.761
333.534
546.529
276.181
207.502
192.963
260.098
458.904
577.361
321.987
668.96
304.822
145.826
164.904
201.141
443.489
688.537
375.074
802.756
417.485
162.884
135.551
134.8
351.838
786.762
501.499
765.428
482.474
268.75
237.298
271.066
509.332
796.659
508.348
746.989
402.851
253.682
250.826
262.824
546.648
775.306
460.225
860.113
423.504
251.129
201.871
234.869
530.835
878.062
499.074
868.132
589.998
319.74
230.456
270.589
365.709
836.245
670.918
863.592
518.651
167.489
127.289
140.096
319.69
826.993
609.517
1070.16
482.743
123.351
128.384
106.991
394.294
1046.95
619.96
813.589
309.421
144.041
73.9174
106.821
312.229
803.293
410.482
969.651
427.631
136.716
138.005
184.307
355.179
948.757
550.485
811.945
364.06
158.163
140.504
283.374
623.461
842.007
427.143
787.616
366.214
136.506
152.724
210.398
547.64
815.866
443.357
712.255
332.127
195.944
340.919
311.949
507.302
740.279
399.478
683.213
309.088
105.671
124.274
192.369
507.768
716.427
368.769
671.076
339.395
180.068
216.56
320.115
650.674
711.032
387.437
521.39
311.423
199.934
324.186
336.222
519.661
554.159
333.395
646.56
305.885
202.289
309.831
386.147
595.326
685.716
348.126
548.319
383.086
244.835
288.764
519.833
666.225
586.639
394.017
495.282
417.771
227.079
224.108
388.425
678.542
530.394
433.211
669.237
322.74
260.477
369.637
251.036
490.802
692.819
371.734
720.585
312.048
177.985
239.19
161.636
415.746
740.446
378.958
421.047
210.692
162.181
212.445
181.811
290.653
433.637
244.074
637.581
402.881
304.433
341.129
336.097
552.473
657.014
434.371
812.436
556.2
269.466
377.252
349.015
703.149
862.838
617.056
845.577
347.853
151.296
162.752
263.211
668.429
904.092
416.121
910.473
599.876
236.28
167.466
124.95
274.609
859.008
692.849
770.904
609.157
263.583
108.836
82.7673
255.9
716.679
674.919
1157.63
556.106
148.474
137.921
121.981
381.353
1123.29
697.154
596.091
244.04
154.753
163.772
156.309
238.069
584.355
307.991
581.859
310.294
142.032
249.004
239.419
331.393
585.427
361.347
813.791
446.313
167.744
185.995
182.274
558.924
850.513
511.815
664.631
350.974
270.936
214.016
316.611
583.473
697.31
392.121
574.349
315.041
162.387
141.201
235.727
526.26
604.442
344.003
649.42
312.166
167.523
304.082
348.066
553.214
677.186
364.717
549.609
287.501
234.242
299.079
353.152
499.991
572.963
329.427
519.549
377.512
326.091
354.824
461.698
551.787
550.301
387.286
737.985
436.311
252.852
258.542
340.476
687.895
777.015
466.921
518.484
347.232
377.231
553.605
452.914
392.924
524.991
374.283
404.479
285.425
284.854
273.036
374.169
524.269
443.617
300.216
678.235
378.851
239.444
178.423
314.707
575.299
697.599
415.491
537.521
327.515
201.585
186.506
309.173
526.549
574.39
340.567
735.935
309.812
112.551
124.26
248.631
575.171
777.492
370.486
723.294
505.478
241.333
190.832
248.613
644.161
778.354
553.658
813.701
343.089
268.069
322.228
348.739
568.108
828.406
416.705
864.494
436.766
265.246
302.65
284.578
679.023
914.302
501.926
803.629
591.501
254.693
328.949
294.49
346.584
762.184
665.065
878.457
583.188
251.801
232.882
155.083
366.353
843.481
672.706
966.219
633.805
232.838
181.166
223.01
408.981
923.609
732.936
690.211
269.781
157.987
163.253
184.507
323.267
685.655
348.096
811.287
330.336
134.909
99.4703
139.295
390.844
820.381
416.467
820.786
337.838
163.95
151.724
195.369
604.202
870.56
406.774
753.521
362.971
183.125
175.555
264.793
599.077
782.12
416.459
763.912
348.987
209.195
217.274
335.064
616.335
797.58
417.428
774.221
363.601
285.627
211.089
384.585
743.881
830.843
417.746
486.973
253.102
204.728
190.871
415.66
594.607
526.378
280.594
410.172
217.102
223.196
311.058
424.291
488.865
445.121
237.073
481.042
281.452
296.024
223.792
470.902
640.218
526.16
290.265
461.269
429.814
257.674
270.855
389.322
671.206
512.755
440.147
468.117
382.676
304.42
340.005
398.336
541.594
482.011
403.033
720.765
302.889
143.281
190.246
188.407
382.8
718.841
382.152
797.173
423.547
169.361
146.134
194.07
521.878
814.008
496.529
824.363
443.007
180.458
187.005
316.484
683.161
859.961
510.808
625.318
298.424
242.792
171.531
270.523
490.462
651.182
346.673
725.175
313.451
196.828
186.57
250.733
571.468
762.961
364.658
808.408
445.809
269.217
265.385
259.839
710.751
872.717
499.574
