576.982
782.61
538.667
315.057
274.874
354.381
514.722
783.039
565.178
752.753
500.237
277.015
219.937
387.717
516.469
753.689
405.43
692.974
735.068
336.245
312.316
313.277
356.065
639.557
403.93
674.35
753.937
508.668
332.639
277.784
365.111
643.492
240.33
494.254
748.255
631.542
402.192
304.431
226.744
433.048
199.494
381.964
674.785
727.138
373.804
209.453
200.268
334.968
250.839
427.27
626.861
561.467
296.145
208.284
230.217
395.244
436.583
465.838
485.809
533.189
423.846
299.296
404.686
473.126
149.341
292.67
634.002
695.821
311.591
145.325
142.761
251.592
142.691
232.212
517.648
766.495
405.88
130.061
138.8
205.43
139.192
148.409
266.327
353.306
229.94
154.028
141.335
136.321
160.996
125.963
265.12
418.479
485.682
277.238
166.404
131.179
198.318
168.172
459.184
816.464
492.326
208.243
205.025
167.514
298.757
227.508
349.709
588.992
599.821
274.233
309.702
223.584
169.95
268.072
349.928
573.1
676.725
427.246
182.162
240.1
267.293
233.897
449.898
495.211
720.047
555.547
300.18
225.521
242.754
295.765
289.645
409.042
645.154
603.715
276.006
266.881
396.66
355.219
400.292
298.415
712.353
832.231
457.996
314.27
541.041
350.014
278.209
204.046
524.246
791.292
605.948
353.449
566.338
416.79
228.346
229.598
498.93
840.48
636.382
425.164
472.234
648.976
554.085
265.832
227.538
252.612
423.16
630.81
383.648
610.958
537.282
309.434
225.002
227.201
336.96
588.795
529.816
781.483
660.739
375.952
343.04
348.451
469.924
759.918
363.023
508.696
588.23
438.741
313.312
324.084
350.61
494.521
481.966
767.037
699.43
394.533
299.174
378.195
437.35
740.957
433.125
763.594
734.713
426.674
329.358
353.328
401.016
722.756
498.482
693.596
666.197
428.624
329.652
367.547
462.023
679.389
238.226
436.786
594.697
552.639
278.491
238.546
225.071
397.796
162.383
256.26
648.181
750.631
345.773
169.227
164.345
213.967
129.54
175.517
364.351
452.921
292.743
192.433
132.365
153.979
161.605
179.769
314.59
435.376
251.947
142.755
158.365
169.612
166.101
150.548
199.584
351.5
339.344
196.293
162.647
152.943
128.414
190.973
373.83
529.843
576.724
328.585
142.552
160.935
196.876
189.911
368.595
613.162
813.462
496.774
219.894
172.747
243.646
267.91
301.319
528.937
743.034
615.638
271.762
244.906
352.892
304.564
403.564
506.672
761.342
641.929
391.861
317.51
337.281
355.032
336.896
276.912
600.993
692.19
383.835
334.878
721.391
343.315
325.36
324.015
417.084
646.977
762.382
387.457
498.683
329.782
260.692
277.353
455.389
693.716
552.795
342.348
527.084
402.143
352.847
235.561
557.18
832.534
589.932
399.415
578.475
728.889
493.043
289.804
269.048
337.659
521.993
731.248
528.75
788.169
663.59
424.334
382.587
341.666
470.373
772.756
491.908
700.979
643.755
424.757
355.578
366
446.183
687.137
389.192
588.447
648.029
437.74
278.467
352.396
369.243
562.349
337.146
601.203
694.694
392.929
311.434
276.924
317.144
561.378
385.938
668.015
648.438
400.191
375.61
272.334
336.999
637.501
290.223
550.46
623.235
398.02
386.057
316.835
268.003
502.208
364.108
384.34
434.92
472.474
321.313
249.98
338.792
390.152
193.576
374.156
724.365
580.915
385.399
200.309
183.21
316.914
134.25
202.908
401.553
564.473
290.067
161.129
132.356
183.34
150.199
171.396
292.809
444.401
286.027
149.098
151.29
159.368
147.406
260.388
268.328
391.046
368.788
235.672
138.394
244.477
144.447
144.613
351.996
698.223
623.789
250.851
148.99
138.01
251.153
248.358
369.247
515.606
695.445
586.387
290.195
215.592
252.343
269.614
345.155
461.964
671.776
554.388
267.935
269.668
321.985
297.492
383.675
455.869
659.42
588.879
358.26
301.62
448.483
327.295
280.072
309.974
531.009
705.4
505.034
334.696
461.528
397.421
320.699
338.909
505.186
700.001
513.222
406.975
496.449
327.676
275.197
252.84
515.383
750.581
559.72
331.949
560.163
415.93
364.854
239.008
588.009
839.827
627.078
412.352
568.268
718.257
461.45
197.036
241.508
356.004
511.39
725.443
694.22
787.918
522.879
254.952
269.033
342.214
627.243
815.844
527.047
735.646
606.984
296.453
261.831
310.357
468.547
725.477
401.38
656.196
634.601
314.515
271.176
310.127
357.898
622.735
446.243
639.669
568.998
321.669
237.239
302.557
402.378
614.304
349.206
573.454
574.344
335.451
327.923
302.823
313.421
535.768
354.874
386.654
462.52
421.034
321.271
234.746
332.277
384.19
368.656
525.016
568.613
407.657
228.891
194.432
335.421
505.397
236.937
341.542
545.285
612.222
315.438
171.831
220.899
315.899
155.532
257.791
527.65
699.614
357.49
133.155
147.57
227.649
111.532
170.378
326.439
442.891
241.345
130.413
106.301
152.156
187.338
207.158
268.95
454.351
342.141
165.551
175.207
204.678
130.827
123.849
318.064
791.447
701.149
283.492
138.185
120.724
205.114
239.864
377.166
528.885
596.04
464.757
230.965
223.51
310.566
308.258
306.954
422.505
674.847
655.286
349.986
294.699
432.059
393.762
313.132
320.72
577.048
633.367
467.972
409.551
465.593
411.531
262.103
250.331
521.3
716.139
516.712
424.844
582.217
394.743
339.866
183.104
445.621
696.837
631.509
404.75
476.749
279.73
264.754
212.189
469.188
648.115
526.801
285.262
591.045
373.209
193.796
167.616
331.21
727.43
651.969
387.449
672.465
760.992
473.434
248.266
205.576
278.043
599.432
797.216
674.851
761.247
462.143
282.935
233.649
424.425
623.176
782.013
689.162
907.615
574.345
340.229
332.152
423.171
619.964
912.151
494.313
636.097
486.02
327.486
253.174
412.671
455.949
639.404
535.621
707.804
589.53
367.62
283.45
428.131
494.925
702.754
432.266
555.944
452.206
313.689
273.32
347.97
400.568
554.797
389.612
597.331
497.183
272.288
221.934
228.106
345.342
578.472
302.91
544.897
626.19
434.552
269.972
191.73
261.194
511.237
341.003
294.68
435.979
462.2
306.807
239.192
341.641
290.004
166.217
393.545
747.726
766.576
371.148
230.701
153.004
337.356
169.635
252.093
471.636
597.464
284.484
208.963
163.816
232.156
192.318
238.251
233.31
466.135
358.362
192.328
174.945
244.655
136.857
172.43
335.351
747.051
585.441
215.65
141.542
155.851
293.204
263.112
362.18
456.832
725.461
615.131
323.841
262.36
271.278
286.701
290.598
469.501
682.738
611.972
301.948
280.403
313.105
293.472
353.458
401.413
552.779
531.226
342.446
295.827
598.998
295.658
254.377
239.849
465.516
672.578
649.491
330.085
623.72
362.809
258.244
326.275
406.267
678.711
670.265
401.297
691.911
320.724
249.197
222.388
424.313
711.455
746.922
374.019
741.645
385.616
217.897
219.238
321.877
674.728
780.5
420.482
804.818
687.848
300.959
129.993
152.951
280.111
743.481
759.035
700.864
846.886
504.576
266.221
274.251
457.68
640.55
862.744
709.287
735.577
361.929
172.801
164.246
348.444
639.206
786.65
646.784
691.197
512.704
312.199
257.543
233.595
584.037
715.217
553.652
704.656
456.505
222.649
167.865
242.207
492.587
711.015
593.379
715.562
427.314
240.977
246.839
301.875
535.222
727.059
448.009
638.993
544.118
335.036
280.938
281.568
400.642
630.178
441.202
538.283
512.575
364.089
278.678
319.014
411.287
527.108
238.206
362.955
541.758
474.609
385.424
245.869
222.694
338.177
228.921
248.936
413.641
571.647
307.957
211.708
224.548
243.483
179.6
276.061
667.591
931.548
466.852
181.345
182.678
240.52
185.52
175.326
366.897
820.181
648.735
253.308
181.643
176.249
236.044
226.764
335.176
848.698
606.715
375.31
235.302
230.154
319.999
280.616
315.945
578.961
574.402
444.291
342.463
284.795
364.588
289.672
311.522
428.708
703.264
722.469
410.796
277.748
512.137
318.95
304.819
203.878
469.924
696.594
568.968
337.039
458.713
312.039
294.25
296.023
455.242
606.345
498.168
324.515
567.827
370.252
171.569
187.719
378.139
685.76
618.286
389.073
705.62
372.441
230.79
226.033
334.81
806.617
774.072
383.632
842.261
289.165
222.067
183.953
329.48
631.632
878.653
370.973
692.695
686.242
379.8
181.07
244.933
269.298
624.18
735.872
778.421
885.89
473.565
232.256
222.9
495.785
710.256
914.559
834.545
634.374
358.585
175.419
192.851
361.308
787.826
695.108
604.905
450.562
374.486
277.301
310.7
332.105
586.222
485.911
605.71
482.28
279.467
261.281
246.199
252
573.019
530.247
643.802
586.033
366.823
214.796
224.709
268.676
599.301
622.754
533.566
618.577
450.58
231.826
211.148
266.793
485.115
631.081
453.98
551.757
411.812
403.12
311.371
309.038
417.452
558.94
371.889
567.237
563.555
480.707
260.737
283.457
343.59
540.223
193.637
238.74
396.666
624.764
380.91
175.564
183.986
231.21
157.121
248.978
376.588
451.75
264.423
198.477
156.122
223.575
164.875
209.289
393.738
765.059
434.723
174.235
159.406
194.041
215.936
254.709
259.55
410.772
366.588
296.355
210.201
256.881
402.779
239.494
392.492
471.841
547.029
520.507
435.605
242.431
371.739
433.034
462.771
349.286
778.987
884.308
430.164
365.416
780.833
436.221
318.313
325.998
466.912
842.591
840.635
464.378
631.615
386.724
218.183
259.625
452.483
688.324
683.508
429.554
644.729
289.467
208.157
229.116
414.342
715.791
699.259
330.399
806.689
426.39
299.487
206.44
381.199
821.866
883.63
468.016
938.659
451.607
238.105
147.46
235.522
729.059
996.831
521.506
766.989
722.345
320.472
207.882
182.078
325.068
699.837
785.112
686.799
777.927
401.362
231.033
264.19
406.401
614.476
815.827
989.878
777.614
216.991
94.6307
104.808
330.566
914.266
880.412
646.288
614.339
360.567
336.399
371.864
364.408
599.7
648.257
616.327
551.062
308.663
187.037
123.665
253.281
572.161
588.184
513.096
555.352
335.499
152.13
167.955
229.883
469.971
572.653
570.902
630.356
348.792
152.689
135.056
239.43
518.292
648.857
651.668
678.423
379.779
231.207
193.033
305.132
599.418
706.613
494.142
704.817
602.098
395.383
329.782
359.211
445.645
692.88
579.594
673.905
407.01
365.703
233.508
396.119
532.711
690.307
161.872
184.308
346.92
543.333
392.613
195.854
167.315
172.472
218.26
237.35
347.192
649.294
354.118
233.053
223.139
236.122
183.003
211.731
306.226
495.852
367.309
298.19
196.854
209.879
271.416
261.821
339.987
436.488
634.154
446.544
286.577
253.203
232.29
309.673
335.065
428.341
520.075
496.943
258.773
280.352
616.186
449.888
244.876
242.584
374.381
680.179
659.781
468.252
583.433
491.278
273.601
254.76
378.172
741.556
636.672
502.667
777.318
430.933
273.004
177.019
417.126
801.368
848.725
485.7
928.989
494.674
200.971
220.291
313.93
779.037
987.221
563.556
977.814
427.316
202.207
185.092
228.815
789.696
1051.82
502.786
704.417
640.656
252.241
272.618
257.696
520.985
663.633
698.763
879.869
807.847
279.418
228.603
187.407
341.566
791.871
891.017
776.628
662.075
231.764
144.101
169.819
321.403
715.338
738.309
971.628
608.285
253.281
155.441
123.343
287.693
918.885
709.252
890.21
510.825
274.853
153.494
166.467
402.69
857.357
591.07
900.868
622.828
252.966
212.847
151.854
300.904
849.267
708.662
743.587
672.271
324.107
179.956
144.032
296.782
689.064
719.272
758.385
654.014
279.463
144.985
124.681
296.406
698.147
718.714
586.534
511.936
302.906
329.997
275.784
240.369
544.469
557.771
581.186
484.372
284.739
235.303
228.674
352.974
561.787
519.041
440.629
405.435
362.619
351.805
273.533
256.462
417.202
422.433
371.683
252.963
238.84
396.94
309.327
175.624
351.959
281.795
229.501
240.911
257.423
438.287
470.613
285.223
228.824
241.841
260.901
205.654
308.596
653.241
630.09
455.042
285.679
199.436
497.912
445.247
241.543
292.463
497.665
695.039
539.57
464.99
630.845
315.468
256.819
221.844
368.107
667.436
673.331
356.073
886.609
428.805
278.219
226.923
385.286
745.123
928.925
471.914
792.822
405.376
251.11
230.47
329.902
728.828
850.698
467.897
999.779
398.26
258.611
204.91
289.045
706.68
1042.72
486.434
949.784
503.48
208.123
200.779
248.954
720.061
1009.9
566.346
915.612
648.847
280.413
187.139
167.635
306.082
863.446
724.702
841.891
708.109
292.08
146.638
162.059
390.434
777.749
785.557
699.012
496.96
264.464
200.088
188.463
252.852
661.239
556.082
937.012
702.94
287.389
134.161
142.156
312.958
877.061
788.952
957.249
644.664
196.523
100.283
100.221
298.315
893.126
747.843
726.568
518.632
218.816
301.878
339.518
446.572
707.092
578.075
686.536
503.796
355.82
387.517
333.942
284.814
659.087
555.374
646.014
652.367
305.832
252.852
231.462
379.225
597.857
685.898
694.406
492.991
234.893
129.583
180.873
269.371
662.151
546.434
417.354
458.708
248.822
189.98
189.754
335.775
389.055
475.807
552.3
424.52
361.808
454.239
286.605
294.847
528.1
465.395
160.29
247.204
534.546
762.757
498.977
195.979
154.558
216.694
311.955
254.662
394.804
839.433
631.595
304.972
301.983
279.934
317.472
300.622
373.451
425.216
465.176
329.754
309.836
303.563
587.112
289.333
285.083
230.116
489.726
682.166
629.546
317.457
644.358
366.415
301.111
217.768
558.097
811.698
711.552
400.644
555.519
335.711
254.452
335.769
388.86
661.714
606.357
352.773
790.384
511.059
383.54
215.569
439.037
795.641
840.365
523.825
968.231
360.801
223.178
193.845
263.671
609.86
1000.95
454.367
874.689
427.91
231.582
121.517
199.535
685.38
934.039
489.037
944.533
616.244
269.56
200.329
198.94
307.012
893.265
709.906
712.423
501.179
235.54
180.67
208.359
210.997
664.474
563.255
821.248
567.548
200.241
199.615
139.33
332.466
783.421
652.903
834.772
579.862
218.508
215.913
151.549
310.293
785.174
670.295
853.136
548.899
179.652
127.695
157.225
336.503
818.871
639.193
594.581
467.644
262.305
125.733
197.835
227.283
562.816
509.911
868
572.392
231.076
150.685
123.042
358.494
836.845
658.658
960.644
683.362
253.742
275.93
197.152
397.005
901.254
788.279
496.348
463.877
224.507
184.147
202.885
380.245
484.961
488.356
465.416
452.319
250.652
158.078
208.263
221.063
432.607
475.184
716.266
542.661
331.25
281.707
214.236
294.865
682.169
596.655
184.269
290.374
440.206
478.977
298.45
194.331
179.439
265.008
312.347
230.499
261.807
500.049
519.062
334.107
328.427
250.503
383.344
399.858
288.532
420.245
468.411
489.379
392.905
393.943
625.425
427.597
316.36
342.249
553.257
778.86
678.51
447.013
707.3
416.777
202.06
283.996
311.73
636.547
737.611
453.121
615.316
310.055
274.803
202.316
330.078
586.513
659.395
339.837
844.204
378.124
219.97
223.204
285.88
669.706
885.312
439.105
843.972
388.255
190.635
146.553
257.187
671.709
893.459
441.943
782.092
389.2
301.285
196.551
264.465
676.575
844.034
434.612
900.515
714.843
230.607
165.451
275.635
421.626
837.493
806.248
600.719
530.098
230.048
195.823
224.687
417.657
580.917
572.014
940.384
481.066
154.975
177.122
170.314
342.72
911.69
592.921
963.749
598.619
174.039
109.819
148.046
339.696
915.15
706.596
859.098
551.609
166.922
218.506
189.363
398.924
827.267
640.519
811.082
486.731
222.393
278.212
220.84
355.815
768.349
578.674
842.658
515.674
146.663
176.303
127.057
392.761
819.092
603.878
723.305
404.892
213.835
178.077
216.955
240.484
693.361
480.856
773.823
601.227
276.324
205.048
184.919
303.622
727.8
669.814
731.719
446.291
170.108
117.518
150.388
353.9
712.527
518.385
419.625
419.787
226.157
200.833
185.798
187.8
387.398
442.326
542.672
549.706
436.122
307.616
366.052
312.171
505.943
568.068
409.772
359.218
449.739
631.657
494.558
364.104
403.434
354.771
438.956
280.241
210.841
404.458
496.554
525.84
464.967
292.077
563.741
340.274
179.603
187.705
319.857
628.103
610.11
359.573
617.474
342.25
270.482
322.491
333.314
608.387
656.659
368.52
829.261
380.706
176.595
157.094
238.208
575.814
864.062
457.046
1019.26
455.128
243.972
228.459
323.117
736.578
1056.19
547.059
884.4
380.066
204.205
364.788
299.032
591.568
912.023
461.538
802.061
341.082
175.505
110.554
165.243
564.358
846.781
405.707
1032.5
648.396
190.903
153.798
135.064
348.72
978.837
759.438
770.82
485.288
203.371
191.381
128.743
199.859
720.232
565.673
1269.65
593.801
133.289
165.945
156.369
424.773
1232.45
755.687
866.38
524.343
239.229
247.35
150.51
245.421
822.988
614.523
1140.84
554.832
202.829
192.757
242.854
388.641
1099.24
700.675
1147.12
526.998
161.88
202.955
157.572
405.036
1118.37
671.027
782.442
420.22
159.014
147.615
136.296
333.348
758.439
505.063
623.838
366.29
137.118
173.147
160.617
295.014
608.923
429.932
690.2
417.399
145.508
161.745
188.129
336.993
674.458
488.717
578.173
385.656
269.421
160.438
243.049
318.397
561.546
426.999
714.979
410.391
191.595
192.294
189.925
336.288
700.271
482.188
671.321
512.067
181.256
172.167
240.203
466.268
658.857
571.712
287.065
231.773
386.274
616.765
374.482
249.219
296.213
231.7
494.859
401.688
448.519
512.288
523.109
698.517
543.496
406.034
464.225
277.77
314.51
374.091
418.948
548.13
500.472
287.333
639.967
411.049
302.155
343.963
332.297
656.289
684.295
423.163
689.964
317.505
185.747
166.242
281.978
520.242
720.283
373.379
918.68
427.321
264.679
325.511
335.225
620.744
944.271
518.2
854.873
409.06
216.353
220.276
248.244
626.085
876.915
470.529
700.864
312.046
211.627
262.462
201.112
477.304
738.153
358.687
963.63
596.616
202.401
217.017
161.359
309.104
915.742
701.931
1058.17
531.173
242.791
457.269
301.411
327.363
1018.8
662.724
1091.57
518.621
144.981
227.442
174.44
356.352
1058.29
654.581
836.988
488.591
252.291
310.313
264.025
289.682
797.749
576.197
915.147
479.275
255.222
264.778
297.181
323.881
881.081
586.654
827.297
452.609
129.939
119.555
145.75
378.236
810.516
541.166
817.132
392.672
137.334
214.823
182.366
453.607
825.308
478.832
689.582
360.752
114.431
115.397
123.506
374.976
693.305
426.38
851.733
459.245
150.606
181.342
259.518
451.517
842.473
551.038
694.417
358.091
263.24
302.749
262.105
358.275
686.451
431.193
698.112
382.89
128.586
239.833
183.398
276.227
676.732
460.855
566.322
432.485
258.033
167.005
175.237
314.072
557.848
471.281
380.073
444.238
390.334
361.411
284.45
277.54
349.918
447.843
472.667
336.799
311.445
438.855
464.288
540.026
497.415
345.99
613.892
388.029
278.515
301.594
385.619
733.069
673.971
399.583
772.39
354.877
260.9
315.65
243.783
473.15
790.375
419.311
645.454
291.657
220.745
254.56
301.508
483.555
663.201
353.914
748.058
346.478
166.483
166.718
169.514
519.526
783.503
411.079
874.871
604.041
361.129
251.34
253.594
739.077
916.915
643.431
804.208
320.854
189.734
177.001
178.022
408.655
826.084
395.005
935.154
715.154
306.914
187.744
194.757
301.922
869.367
801.014
1080.59
614.724
211.875
245.934
204.057
314.486
1022.69
746.823
1030.9
616.896
188.284
154.9
160.171
330.246
980.648
731.805
832.822
438.956
235.448
244.335
167.042
367.641
816.797
522.183
784.87
421.728
162.895
202.531
188.719
287.726
757.146
511.379
738.571
414.983
207.28
176.456
183.201
344.303
718.837
492.108
768.101
474.528
197.868
304.862
244.357
366.781
750.255
553.646
818.425
365.222
199.801
197.928
168.417
369.995
812.861
454.268
519.197
239.123
131.365
276.963
260.09
298.111
514.948
295.62
403.391
237.157
247.926
440.24
296.319
307.573
408.537
262.226
545.927
287.114
152.74
316.132
190.108
277.044
543.507
343.959
422.113
260.032
236.637
362.245
280.715
330.365
429.343
287.594
392.55
265.365
291.992
365.269
199.482
203.297
382.779
290.529
579.765
343.726
260.65
269.507
283.294
536.608
618.087
363.518
624.834
304.806
166.76
190.105
250.952
457.389
643.469
351.182
462.198
270.612
191.224
254.343
161.508
270.317
461.469
308.477
698.954
320.022
223.299
225.829
257.473
448.254
717.66
388.651
697.953
299.016
314.946
343.387
375.482
494.696
719.587
365.732
661.375
338.199
198.779
214.7
253.767
518.704
676.207
396.994
577.47
364.131
232.487
233.595
195.974
388.109
581.706
399.362
976.093
739.835
286.566
209.77
148.521
392.197
914.323
833.213
883.878
649.62
177.868
96.2052
146.3
339.232
822.653
746.166
772.805
529.186
206.235
182.263
180.339
338.332
733.484
614.228
784.372
379.159
122.504
185.848
130.383
320.345
770.872
462.434
704.429
376.116
209.79
196.136
220.142
301.142
691.005
444.16
876.934
386.694
171.776
319.154
271.26
398.424
868.809
492.996
842.547
392.813
263.554
317.044
240.087
383.971
838.832
479.263
1015.56
450.352
143.498
161.235
132.986
380.158
998.293
577.348
784.091
300.269
154.857
202.651
219.674
407.651
800.734
386.557
550.002
281.115
154.81
200.893
274.313
477.589
581.039
320.696
758.21
376.364
157.48
111.949
176.534
459.926
769.464
450.75
581.968
271.815
146.873
234.608
231.635
428.247
600.667
325.248
863.543
418.541
178.043
206.637
244.516
530.147
879.403
505.867
660.093
382.399
230.531
209.94
333.336
635.434
696.632
417.296
664.293
485.429
219.63
223.639
261.137
473.915
658.491
535.025
874.561
397.361
141.042
196.966
130.482
314.083
855.081
504.651
880.035
390.699
227.296
265.113
239.405
395.295
873.151
491.557
843.557
422.159
180.477
258.613
222.6
466.399
848.28
509.157
664.548
425.745
252.074
185.282
212.979
345.4
655.505
481.332
815.157
366.401
220.439
223.506
269.358
573.798
846.896
442.202
864.547
656.435
264.229
175.826
135.502
328.188
813.784
742.009
1317.93
680.273
215.239
122.421
188.968
465.831
1270.86
838.063
1042.57
695.746
291.861
297.21
186.864
331.78
978.581
802.391
779.757
466.522
166.513
217.745
150.226
356.728
755.209
550.316
799.717
378.739
211.744
251.084
257.813
439.323
804.305
460.235
505.564
378.497
147.514
116.045
106.672
323.65
507.753
415.559
1079.31
436.158
112.798
164.326
146.796
428.735
1068.93
572.903
886.499
457.178
134.126
211.772
168.283
456.32
884.631
552.823
592.465
223.608
167.595
234.6
282.824
431.731
613.047
278.12
588.353
290.406
148.986
131.324
227.259
468.388
607.561
334.982
549.635
286.723
150.042
137.049
219.639
488.266
575.832
325.904
581.805
282.484
169.545
172.867
270.892
501.102
610.058
327.843
517.484
308.697
156.377
236.51
277.067
419.311
529.917
348.084
623.392
361.134
230.18
236.579
279.115
537.16
650.103
387.539
623.395
370.143
203.898
166.931
288.483
648.184
670.3
386.73
485.724
314.948
259.047
227.06
186.494
421.161
522.056
335.779
721.13
398.939
213.169
160.643
110.125
378.512
721.069
470.096
728.602
301.429
247.722
269.578
213.252
352.229
723.145
384.684
967.76
395.294
178.806
231.009
230.409
503.036
968.622
507.93
744.854
358.134
171.07
191.467
241.681
549.181
780.365
403.166
913.667
716.056
342.34
254
276.609
350.304
854.518
785.381
996.071
709.658
226.271
170.037
156.353
395.958
943.925
812.623
972.034
577.941
199.143
85.9987
94.6302
290.079
924.049
681.645
1092.96
592.839
196.174
268.094
174.021
337.521
1045.99
720.942
903.349
365.186
137.974
175.332
136.185
388.249
907.422
470.937
900.338
382.962
159.398
112.342
163.268
433.916
898.008
487.275
706.669
325.594
134.947
151.774
179.793
417.294
720.191
393.578
825.966
371.85
145.215
146.663
190.22
416.271
824.845
463.898
891.697
441.775
178.673
302.134
223.369
526.164
905.046
534.058
722.183
340.24
152.007
193.386
222.749
489.391
746.27
404.856
759.965
356.878
169.229
147.455
263.161
615.209
802.879
424.569
683.828
328.953
202.904
232.586
276.209
501.259
702.612
393.689
597.146
252.687
178.656
177.722
337.439
517.902
624.932
310.289
575.881
380.866
191.541
239.565
380.918
659.319
622.172
401.482
589.912
445.066
318.318
347.392
393.841
697.725
638.383
460.033
508.139
392.215
217.824
274.345
264.32
492.887
539.689
430.182
650.198
263.944
167.539
231.732
241.734
374.408
664.767
330.95
655.765
340.596
180.23
269.839
235.774
374.108
666.721
394.789
764.418
383.838
195.188
271.696
295.924
451.869
767.021
474.621
803.507
379.81
192.947
199.971
151.989
396.448
801.399
465.936
896.869
720.474
358.706
189.156
182.491
349.615
840.58
795.962
1252.76
967.563
537.643
555.273
380.039
447.827
1163.44
1056.94
817.854
648.81
211.496
144.1
134.909
357.439
765.997
729.704
783.147
461.618
219.1
169.472
138.262
249.798
744.029
546.94
727.164
325.211
167.136
164.762
211.067
292.016
716.794
408.302
868.415
343.185
160.886
190.426
183.271
467.064
886.71
433.3
1035.54
418.65
114.586
149.761
146.021
434.117
1028.91
545.913
755.061
332.327
124.966
160.097
303.243
553.847
775.862
411.37
796.315
406.142
241.213
236.55
335.588
623.867
830.246
470.009
669.213
314.335
126.857
148.998
152.443
449.808
697.607
375.884
709.114
405.88
244.739
226.831
299.441
585.638
745.264
455.762
668.245
309.687
212.617
269.668
304.458
499.146
688.167
378.724
455.396
275.9
210.569
276.713
268.487
407.133
468.973
308.334
392.902
228.249
166.132
288.952
357.622
453.617
417.725
256.867
656.64
386.349
313.044
362.904
497.885
635.785
677.777
403.397
610.093
304.692
193.485
245.948
209.431
486.525
641.987
345.728
468.337
270.971
200.63
244.651
274.627
455.701
492.689
298.367
465.153
228.856
127.055
101.467
136.848
323.02
485.248
266.182
410.04
291.437
146.191
230.895
225.108
377.06
435.968
306.512
682.258
298.503
269.944
392.473
344.972
595.471
731.736
346.457
805.119
578.534
373.022
262.261
288.271
343.499
774.194
643.188
857.223
611.439
305.037
256.891
178.328
353.092
819.823
685.317
621.988
555.145
265.604
204.03
184.286
308.214
588.057
593.967
707.183
425.183
157.358
107.513
119.585
337.33
690.609
498.857
822.401
402.434
123.943
136.272
103.835
263.715
788.905
506.069
745.013
285.638
97.6238
133.451
138.801
383.121
756.463
364.461
639.738
326.998
141.184
161.301
201.587
399.351
649.364
391.158
905.789
347.749
151.803
194.89
161.136
401.117
906.907
459.708
754.931
352.354
150.534
161.314
226.268
547.001
779.461
423.422
711.513
308.404
123.873
147.536
263.718
549.549
748.298
374.287
584.129
371.913
169.852
170.26
299.68
556.494
611.897
395.986
569.837
287.534
242.345
278.964
352.466
521.836
594.24
334.874
755.661
438.497
202.995
244.931
337.163
527.545
759.588
504.677
435.866
336.979
393.927
501.095
383.623
438.009
464.304
356.636
540.022
495.089
346.451
317.802
440.756
601.377
547.488
507.274
490.526
498.324
436.43
396.83
460.69
641.377
531.206
494.006
710.342
329.696
157.862
188.078
196.43
366.914
704.467
403.23
706.863
360.464
174.395
283.021
223.795
364.809
704.481
436.232
825.3
374.423
204.559
160.362
238.24
424.568
819.887
466.12
617.117
364.669
240.902
397.774
315.302
385.416
611.72
410.674
