467.48
595.512
677.463
375.596
353.098
431.243
482.971
556.564
436.012
540.416
627.342
449.509
344.509
388.945
448.398
507.006
227.898
341.81
574.122
604.94
256.332
187.212
214.563
310.128
287.832
290.473
537.792
605.051
300.085
310.595
288.314
259.204
220.103
249.994
523.472
653.962
290.358
174.984
217.727
226.178
211.095
244.687
487.211
498.838
413.39
170.422
203.118
220.058
159.889
167.183
382.633
612.664
340.788
113.391
149.557
171.668
206.528
146.984
235.463
444.672
263.86
136.159
203.197
159.059
136.68
144.431
306.628
746.043
495.43
208.781
147.278
136.588
110.46
133.536
316.322
689.124
574.367
195.236
102.805
127.714
206.06
171.599
196.224
470.526
513.466
315.424
221.938
174.807
201.181
197.238
227.137
430.035
533.68
436.883
219.045
188.645
355.516
312.275
299.409
427.683
582.023
525.643
388.188
322.751
382.178
239.496
286.799
300.611
566.864
634.521
428.585
247.094
340.334
228.84
277.9
328.615
546.338
491.936
347.152
247.344
255.269
298.014
221.594
355.464
400.87
599.237
306.608
280.904
509.812
388.131
253.893
315.927
533.839
682.638
509.094
419.298
474.038
356.972
229.118
238.706
374.597
674.089
529.086
368.064
318.288
283.214
202.353
204.522
244.874
456.013
326.041
285.645
308.118
215.868
124.614
131.089
134.909
207.368
308.746
239.021
449.051
579.706
520.654
421.091
389.41
349.77
443.628
573.501
201.956
445.55
598.304
453.461
334.242
296.143
187.827
395.404
237.526
303.869
482.671
516.195
273.132
201.091
228.102
285.654
252.589
321.938
604.672
670.868
335.756
258.369
250.788
280.634
242.482
341.671
537.292
552.664
298.357
282.091
259.384
310.67
133.601
251.556
490.593
497.85
287.167
152.476
121.891
219.123
197.365
222.931
387.177
383.803
227.936
164.159
196.524
202.802
225.092
155.089
271.145
526.388
336.114
229.989
240.308
160.414
131.165
114.089
234.647
377.497
344.112
185.075
135.404
105.924
252.685
259.89
292.504
578.621
440.617
300.73
246.992
258.836
187.74
137.6
250.578
555.329
582.058
272.998
191.111
143.839
160.866
159.587
222.918
500.097
557.513
379.894
178.097
146.271
184.016
188.435
297.251
402.871
600.232
430.66
211.524
167.893
314.415
262.868
293.218
315.545
568.421
624.406
363.096
239.921
416.275
294.439
252.531
300.452
574.452
678.189
470.201
296.912
489.198
274.64
167.423
248.863
402.729
494.714
499.361
315.611
607.831
476.372
263.299
275.473
549.074
873.793
678.048
489.41
487.887
330.221
282.784
236.708
436.022
675.158
541.831
351.491
341.299
383.068
218.878
184.472
292.578
644.151
394.607
361.407
212.361
218.204
151.347
134.418
183.994
196.272
203.098
222.758
412.054
623.084
634.708
436.433
257.346
295.498
375.551
595.659
342.174
527.236
516.029
336.766
234.434
263.783
312.771
510.812
230.506
499.846
663.42
444.256
372.025
287.672
200.577
443.951
221.038
448.574
578.307
448.488
275.229
322.019
215.797
397.001
215.523
290.506
475.595
588.098
293.655
238.69
223.341
259.181
206.425
319.968
505.506
543.783
250.495
176.086
193.434
291.028
120.367
189.318
351.882
414.154
256.734
168.805
115.396
173.046
125.483
105.902
201.537
313.252
233.579
123.359
124.027
104.696
139.383
151.641
218.829
294.544
329.786
202.971
136.623
141.666
155.56
147.622
203.255
505.751
459.997
250.721
167.702
143.587
188.865
215.867
222.203
343.443
376.026
222.806
176.979
214.471
254.687
231.554
214.65
250.144
406.347
379.427
261.83
229.324
325.591
269.473
325.473
337.187
474.263
437.766
349.649
276.19
344.734
305.811
258.277
250.663
539.7
611.742
373.841
310.384
478.331
327.197
260.882
286.894
546.333
729.103
537.345
331.704
483.862
404.708
225.939
252.56
529.368
764.087
543.255
419.756
538.593
380.419
338.715
240.86
591.553
818.417
601.87
393.084
695.574
405.819
225.726
146.222
414.955
873.655
765.534
426.505
460.224
315.968
183.933
239.864
279.591
659.717
517.045
321.809
465.278
289.604
197.805
195.232
256.775
362.518
475.919
317.688
452.119
555.749
492.383
412.825
219.839
415.51
449.222
548.915
354.019
514.255
452.831
350.819
355.928
299.381
331.708
503.335
357.078
411.018
606.546
456.003
406.541
337.286
364.486
378.415
225.75
330.356
509.982
538.968
246.758
160.999
211.768
304.143
213.814
246.751
416.005
520.75
265.069
218.941
225.126
228.888
226.753
333.808
488.589
531.507
300.392
148.227
202.51
318.952
196.972
224.005
229.438
309.604
199.7
186.884
185.231
227.691
130.807
122.454
182.585
257.848
214.565
130.958
129.432
120.843
169.161
194.694
227.387
410.597
290.747
184.415
175.145
184.948
139.141
101.213
167.272
321.394
389.858
250.875
153.645
103.985
240.523
158.003
180.382
290.176
268.733
220.091
241.146
172.81
252.858
167.261
224.229
399.023
538.442
393.924
271.721
181.553
277.517
209.935
224.076
268.085
401.317
367.327
297.912
207.964
386.152
343.62
325.591
366.665
549.413
549.068
417.804
354.701
442.593
376.247
255.428
278.684
561.901
758.452
502.637
386.11
531.784
295.983
268.276
193.015
457.218
685.841
584.439
306.939
638.111
364.963
301.802
229.667
428.845
710.219
684.714
387.884
616.209
392.179
360.549
284.22
491.89
782.412
682.176
396.334
613.267
346.146
254.337
151.155
298.089
670.846
674.573
384.627
553.918
326.406
131.861
111.05
164.308
388.29
586.132
374.41
494.337
636.422
449.297
302.721
257.337
361.587
457.619
638.098
415.603
634.991
623.36
419.618
343.652
258.037
371.975
615.135
329.155
453.992
465.251
367.036
205.894
267.87
316.168
441.78
266.134
396.137
611.8
465.009
289.083
205.432
248.615
362.319
273.986
224.37
306.697
411.381
235.099
243.126
279.524
228.503
420.745
290.337
386.767
386.078
267.647
287.137
420.18
289.223
249.537
176.697
315.566
494.139
269.412
183.419
247.854
190.173
102.737
72.1369
200.271
465.529
396.924
157.895
108.875
74.2017
118.918
179.586
227.822
400.08
335.776
151.274
106.206
174.262
169.833
141.375
141.709
223.005
281.251
202.499
172.934
145.148
120.385
150.152
242.503
330.863
408.75
252.684
121.765
134.264
230.455
189.177
173.9
342.643
384.241
281.973
229.617
192.85
342.131
192.365
217.001
204.992
454.988
553.229
377.433
199.184
512.857
249.105
141.627
156.723
302.806
499.524
537.424
292.443
624.332
321.609
284.799
171.893
361.534
609.289
668.572
359.818
627.701
465.307
255.672
189.049
427.185
757.003
680.139
479.279
556.465
363.595
227.313
335.399
351.289
604.068
604.656
404.961
744.753
366.946
233.901
223.272
413.411
733.366
791.698
413.062
818.396
354.363
197.961
173.459
305.464
732.359
870.9
406.177
430.484
263.794
170.212
220.237
206.088
417.232
463.845
291.542
441.471
649.42
508.285
233.285
265.501
386.088
424.673
626.3
473.04
690.741
600.82
366.483
257.513
317.903
424.543
677.939
317.227
467.994
607.291
459.193
300.396
337.016
308.306
419.903
393.102
292.905
270.71
350.301
266.808
279.199
400.235
305.767
322.298
380.791
358.283
258.272
184.391
173.557
294.329
380.351
178.874
262.93
331.83
278.245
277.199
187.08
171.352
252.611
88.679
131.377
155.906
290.225
190.654
131.351
89.5097
118.925
123.464
137.379
286.981
416.076
282.221
160.622
117.202
132.358
218.953
222
263.499
391.369
247.748
221.138
214.489
228.925
177.663
129.087
160.737
287.487
299.998
231.2
190.314
132.724
182.673
155.906
173.544
264.669
419.124
418.648
207.662
150.277
341.997
182.897
229.941
248.886
374.312
486.383
378.309
181.558
505.311
334.023
164.269
132.231
357.226
673.774
561.511
347.035
558.172
296.765
198.992
162.862
389.256
619.468
605.445
335.661
581.383
322.095
204.365
215.123
339.161
616.655
633.071
364.36
768.273
321.709
174.036
114.132
320.249
662.054
819.604
386.898
826.704
415.886
218.677
131.534
265.81
709.027
878.265
465.586
997.437
407.983
188.463
129.654
274.689
726.373
1032.21
490.153
708.376
346.274
254.647
269.399
211.207
499.028
743.696
382.095
503.068
276.526
240.453
233.815
197.042
406.825
531.4
292.411
515.47
605.958
494.012
275.375
245.271
212.78
456.679
610.877
509.754
580.491
572.18
349.407
265.887
332.206
509.594
556.369
504.484
462.779
434.878
359.85
381.491
289.251
481.707
464.152
345.91
268.568
229.722
239.146
197.439
298.973
362.426
289.643
213.156
244.906
292.002
330.012
210.581
159.976
203.052
239.986
195.573
186.61
164.735
190.843
195.726
175.537
190.497
194.018
326.923
196.592
118.895
197.764
152.565
159.307
315.741
225.084
74.4247
98.5933
187.994
274.328
168.833
91.6887
76.3708
87.4947
163.918
196.496
277.926
290.073
320.155
240.664
165.789
185.189
236.037
144.31
199.411
234.947
332.657
346.337
258.989
143.993
281.908
192.371
196.146
228.872
395.458
463.732
313.999
200.059
334.972
271.082
168.109
191.68
358.147
525.394
375.283
275.346
468.352
320.454
225.729
263.634
369.735
538.204
502.341
335.945
720.566
325.316
189.336
156.299
255.168
584.378
758.919
386.728
634.282
298.477
145.457
137.049
210.799
427.983
654.906
358.711
597.756
297.803
135.439
205.858
209.123
463.551
623.131
355.556
882.41
393.466
217.857
157.091
221.42
603.522
909.323
456.096
901.645
402.578
184.204
169.12
226.951
664.55
943.784
478.443
652.347
369.82
196.435
210.704
198.093
341.55
649.26
428.738
693.65
298.7
262.672
266.05
176.732
348.62
714.886
357.727
510.026
670.029
509.513
254.223
272.667
332.63
464.729
654.104
383.548
474.236
316.016
236.849
156.095
281.78
353.414
481.81
260.371
450.74
415.392
327.764
409.612
278.762
227.158
428.68
472.006
607.827
417.476
218.795
200.237
304.473
431.398
611.44
400.176
322.57
268.41
176.975
140.987
233.995
393.786
338.963
202.036
212.074
326.403
316.82
190.35
129.407
194.327
203.993
135.877
143.557
226.113
397.1
255.043
138.551
129.55
137.81
347.034
211.399
179.05
247.035
360.674
312.764
340.199
238.128
169.754
193.826
233.386
204.847
194.28
210.729
167.557
180.995
363.605
290.231
143.791
110.471
245.178
480.143
396.767
301.86
285.88
181.698
163.754
157.62
182.012
267.254
293.442
193.097
374.983
212.074
197.345
201.79
295.844
387.442
398.787
234.913
291.641
221.272
162.696
180.163
186.87
217.028
284.337
242.42
477.323
291.894
160.442
156.977
197.831
294.205
471.046
330.638
722.867
312.467
201.647
182.259
289.833
584.149
750.894
378.499
413.312
257.142
236.302
217.866
263.844
355.815
438.916
278.2
860.659
418.112
205.305
255.697
268.616
580.853
890.194
497.434
690.337
339.438
185.207
157.205
226.981
532.578
713.689
384.703
799.02
323.68
222.573
224.863
144.907
470.52
822.545
387.316
660.487
346.224
199.046
215.107
191.774
396.456
690.676
393.703
521.697
532.492
290.693
287.799
200.334
245.3
471.725
566.135
707.62
698.214
402.699
253.648
208.355
335.794
654.966
735.197
422.392
503.897
332.787
188.865
174.54
227.136
385.74
510.409
318.221
372.149
298.089
202.455
185.217
220.228
295.369
375.382
413.298
430.197
300.476
164.72
134.307
208.263
405.904
428.961
253.73
213.614
218.044
152.359
309.088
256.568
255.159
222.145
262.723
188.596
239.694
302.522
184.577
185.826
258.555
204.509
179.047
161.377
224.295
231.941
284.124
203.462
187.896
153.176
248.911
176.655
166.553
298.448
201.677
194.022
251.293
181.347
355.216
210.304
160.467
200.292
297.584
366.477
376.122
231.994
331.445
223.106
258.072
303.611
275.178
399.314
360.168
232.878
488.918
231.741
185.144
185.999
170.265
350.253
501.391
272.949
464.086
302.392
204.253
153.441
211.875
453.587
490.823
318.001
408.964
190.29
114.702
165.629
218.008
471.819
449.773
206.314
848.838
386.649
183.921
216.499
225.32
476.229
855.852
467.174
689.047
363.389
164.284
163.223
191.076
421.208
704.187
424.779
831.634
370.267
216.819
228.858
201.977
448.381
832.701
460.795
934.566
459.752
168.616
172.681
207.581
566.167
948.787
557.952
1026.41
424.456
188.581
161.96
170.787
493.1
1041.06
527.83
763.077
476.568
165.637
193.672
200.64
495.886
800.162
519.674
634.469
599.521
389.282
298.677
258.82
280.871
583.387
634.1
480.194
569.818
302.294
193.982
214.502
319.164
436.628
583.523
515.481
543.09
350.144
200.099
306.274
298.234
468.072
561.833
350.508
336.757
260.837
185.626
213.334
226.308
329.47
348.386
247.088
241.636
315.315
268.894
245.243
260.294
261.569
230.309
229.311
266.942
271.579
240.099
145.196
189.694
218.667
259.673
234.367
236.304
311.769
425.489
280.839
231.895
230.115
228.263
296.72
241.434
173.876
179.687
175.112
190.213
286.722
256.609
287.738
230.485
254.993
231.906
208.042
243.23
291.857
232.719
264.071
151.353
193.921
286.021
246.929
284.624
278.825
162.632
489.071
260.204
247.34
256.392
228.976
413.333
518.471
291.42
425.925
195.901
181.757
311.774
229.78
443.333
462.029
213.976
594.691
312.539
162.884
171.537
191.714
340.148
597.558
366.308
558.757
269.722
224.151
213.698
188.9
346.286
573.969
320.329
487.877
246.146
271.959
325.263
219.827
341.298
504.66
278.693
880.478
379.021
271.461
293.038
236.077
437.2
871.988
477.545
714.879
375.54
313.459
278.268
350.507
551.405
735.763
426.503
842.398
386.854
233.367
290.869
340.686
635.13
857.828
463.562
979.517
476.171
245.877
266.006
210.31
547.136
995.821
541.986
685.587
311.265
178.952
212.98
163.492
445.617
715.073
360.132
631.27
577.053
290.278
161.178
213.822
263.42
571.69
619.096
548.006
570.519
349.92
140.578
229.461
269.89
494.914
599.749
413.658
305.946
222.522
361.971
402.414
328.977
411.712
328.636
220.26
220.17
156.866
174.264
198.809
235.392
210.459
225.819
413.642
437.164
305.725
212.445
160.935
208.49
383.33
453.555
337.661
235.799
250.438
301.181
197.094
258.396
346.931
250.759
294.828
226.37
209.02
241.681
210.3
159.39
283.497
242.158
287.942
245.062
215.395
251.483
199.731
139.569
274.658
258.164
265.05
161.121
214.76
343.081
250.18
143.886
258.668
179.238
347.448
229.401
203.491
271.452
246.118
244.441
354.772
243.053
754.374
700.733
674.059
906.587
645.157
569.875
745.724
720.775
524.512
270.081
179.389
234.556
169.8
355.517
543.898
312.039
443.39
313.853
218.751
298.434
194.973
255.078
431.397
331.296
550.573
336.172
343.861
364.486
243.997
332.587
556.533
371.361
630.445
451.966
214.703
167.953
250.61
459.436
650.726
484.173
913.325
521.379
220.299
216.814
226.521
328.151
879.11
619.475
691.647
319.816
181.565
348.987
312.924
295.572
680.424
398.457
841.501
408.731
205.855
201.217
200.012
532.128
867.821
481.215
943.571
474.944
305.704
214.747
273.809
628.657
980.809
528.51
657.786
265.951
229.322
244.016
165.272
361.731
682.513
323.586
675.444
628.485
308.965
258.648
262.254
360.22
622.868
671.683
511.841
542.717
266.61
258.356
218.683
334.685
467.87
573.391
359.572
267.268
265.212
412.519
340.21
334.594
375.008
270.012
324.725
283.513
151.575
198.615
163.762
261.685
314.508
301.734
273.041
299.085
301.712
246.415
176.831
170.639
257.281
292.198
176.519
219.308
328.727
345.54
227.921
218.875
187.773
204.66
135.419
195.598
352.808
465.483
282.031
136.727
139.985
177.898
419.123
257.347
281.376
263.746
209.39
365.461
432.329
273.213
307.291
207.803
153.139
224.779
227.12
221.713
299.762
230.637
236.952
201.035
211.157
349.141
244.782
261.78
256.319
201.624
390.837
208.7
184.576
287.946
214.055
247.489
394.928
244.993
643.747
275.631
144.847
215.665
184.534
286.909
640.793
349.419
409.244
267.387
166.936
154.787
145.292
177.841
394.368
303.752
495.571
416.755
285.392
288.906
199.751
229.832
469.271
449.06
568.717
355.868
220.076
268.768
246.317
391.239
587.841
401.244
769.067
331.668
237.774
304.183
234.98
357.349
775.032
397.312
830.676
340.685
214.745
214.15
232.994
422.075
844.162
423.051
934.223
443.831
225.687
270.945
242.505
538.121
939.665
520.342
851.398
482.886
230.707
166.091
141.904
513.84
877.786
535.583
890.068
351.167
227.12
141.799
179.617
493.624
906.779
437.118
515.916
417.801
215.195
135.461
139.741
229.272
484.882
450.996
449.402
398.429
253.935
193.563
164.025
266.8
424.364
424.314
536.369
417.882
192.127
196.11
128.933
372.682
548.682
448.256
393.65
355.788
300.347
244.835
319.659
302.39
373.78
362.872
311.168
325.464
272.1
186.848
128.837
199.647
284.197
342.64
266.583
233.367
242.296
281.232
247.766
212.899
259.776
245.459
388.819
330.259
249.455
316.196
234.684
313.763
383.642
352.214
501.543
269.63
223.126
183.819
239.879
397.15
512.82
302.753
265.013
202.645
202.674
226.146
190.747
218.193
265.897
213.258
452.591
224.657
157.724
250.325
189.408
259.676
451.089
270.527
507.956
412.042
341.47
179.66
160.717
255.162
469.033
449.282
616.159
430.811
230.887
226.622
173.86
237.108
576.873
491.798
591.698
320.949
168.641
159.678
150.531
224.184
568.713
387.315
738.565
430.824
204.562
128.35
136.806
264.901
706.038
511.608
866.909
396.179
213.705
245.618
194.999
317.207
851.585
497.351
662.909
358.85
218.948
268.915
192.307
300.564
647.693
417.008
785.073
348.33
180.627
162.169
162.913
364.432
790.424
424.116
759.809
470.203
261.547
316.737
224.333
393.904
749.581
540.195
738.967
389.587
240.258
243.576
242.355
418.789
748.705
435.689
580.366
213.875
198.162
211.101
218.455
392.632
603.742
264.454
574.037
512.363
277.895
323.797
292.438
416.44
543.559
545.254
397.16
322.675
235.025
275.901
267.84
270.408
397.158
350.383
369.676
247.97
202.344
268.943
212.082
182.499
360.781
276.349
337.329
288.448
195.296
167.008
164.992
199.906
318.581
304.088
341.499
243.731
144.779
194.093
193.592
210.85
329.909
275.438
268.614
268.657
230.468
246.105
238.788
167.916
250.912
281.555
492.891
214.991
193.852
217.725
220.034
227.051
493.538
263.67
384.991
183.745
171.617
153.39
132.82
240.649
394.886
207.057
460.606
271.73
222.534
214.473
137.029
283.535
470.859
300.888
320.633
217.391
200.712
314.631
172.039
193.038
318.06
240.291
434.238
225.562
185.164
273.801
252.815
200.38
428.596
271.266
377.043
220.595
191.189
298.285
192.695
181.081
368.952
255.438
786.514
428.164
180.398
203.126
172.998
306.471
751.182
521.644
623.648
401.912
214.958
229.439
173.008
335.016
609.937
452.658
720.861
348.972
150.155
167.987
161.666
360.651
721.555
423.08
661.205
281.331
134.999
233.71
132.26
241.731
646.312
358.505
790.728
387.11
172.652
208.825
117.125
394.348
794.38
465.826
688.394
285.736
293.387
306.479
288.876
399.921
696.519
358.999
636.05
349.398
387.273
306.096
299.664
368.431
642.625
391.568
626.091
267.073
153
225.399
220.412
426.869
650.257
323.407
369.174
307.598
230.978
162.668
162.935
202.609
356.046
327.804
390.784
414.306
253.152
339.509
267.838
279.383
369.773
431.348
488.24
364.814
220.426
260.531
279.995
223.825
463.432
406.19
464.545
373.769
169.224
220.779
173.326
158.398
429.714
419.546
315.297
269.816
232.304
290.005
279.597
198.188
301.494
284.391
273.742
320.041
207.241
215.703
225.448
241.188
266.737
317.291
353.128
190.349
229.154
263.932
232.036
191.179
336.007
228.908
393.589
212.751
140.407
291.212
200.755
153.975
382.276
255.753
313.01
259.514
189.683
259.616
226.706
208.523
304.174
268.643
451.425
257.54
160.796
145.543
124.886
150.271
432.23
302.528
434.987
265.401
186.027
215.084
251.833
223.541
417.204
307.939
536.065
353.786
155.634
159.996
188.343
274.387
517.837
407.442
834.662
423.21
194.532
200.136
212.723
296.895
805.159
526.746
543.764
354.573
260.345
316.81
274.067
202.986
520.323
404.629
619.331
377.873
190.978
200.37
151.711
278.584
601.033
441.784
560.354
301.433
190.787
214.675
211.061
314.689
559.527
350.227
782.092
386.405
117.043
181.398
197.979
336.818
761.922
476.672
602.652
285.02
290.206
491.632
300.941
356.307
602.812
348.296
737.718
402.71
259.414
281.643
211.436
384.414
738.054
470.043
730.488
362.878
167.418
116.512
211.423
363.738
718.315
432.529
586.699
327.734
213.661
340.191
311.84
347.369
586.986
385.194
314.915
274.217
289.36
264.224
183.071
266.261
309.67
287.621
174.17
208.743
204.239
174.669
210.554
201.001
172.382
200.047
324.725
252.622
213.931
279.828
232.097
168.075
310.828
275.183
231.715
220.823
150.026
190.181
126.691
126.745
216.999
233.673
328.623
300.194
220.989
191.438
202.991
352.354
350.814
301.974
329.354
259.045
252.319
184.186
212.66
223.585
308.671
286.44
477.323
264.2
159.7
353.12
186.756
245.061
459.643
320.396
463.836
301.891
200.929
177.768
172.761
229.267
441.668
344.617
540.284
366.437
190.246
291.858
148.873
220.253
511.064
423.044
577.428
363.773
238.254
188.365
216.943
266.966
556.818
409.19
705.153
411.771
215.108
264.6
141.482
234.78
667.725
493.525
519.801
373.779
199.996
164.203
167.676
247.085
501.208
417.461
660.865
347.898
155.377
214.952
128.464
228.586
641.518
421.54
696.844
563.296
261.618
185.977
198.519
361.982
656.271
624.247
734.671
492.886
252.568
320.74
184.56
288.237
694.703
571.022
777.39
394.651
234.941
245.902
174.214
312.153
756.452
478.025
848.988
447.161
136.927
185.805
184.403
467.814
852.126
537
636.252
289.963
276.253
308.896
291.674
340.076
632.505
355.183
509.527
404.61
283.395
475.076
282.815
289.211
487.012
437.32
519.618
349.63
223.56
289.877
211.441
294.136
495.28
401.254
247.651
207.549
272.091
309.585
260.312
208.448
243.694
213.613
221.118
198.79
210.955
246.992
254.243
199.652
211.023
205.479
265.389
287.999
189.741
127.912
173.944
243.219
253.635
297.972
369.713
265.374
177.179
216.831
193.182
267.273
371.866
289.518
320.101
265.534
203.775
202.262
180.66
192.039
304.847
284.087
348.034
254.167
233.146
247.526
229.864
248.645
334.987
274.906
331.647
309.214
265.262
241.407
242.214
254.62
313.301
323.799
498.335
268.556
339.11
350.292
219.397
232.82
484.88
310.365
533.188
367.391
130.993
174.97
166.434
247.099
505.672
426.923
673.564
418.096
319.153
247.168
216.32
238.12
643.902
484.653
726.425
328.481
175.677
172.319
169.756
267.853
710.832
416.388
517.288
373.516
176.671
176.156
137.859
205.178
483.207
428.156
674.882
452.701
292.436
333.382
182.871
316.715
649.855
519.543
846.183
508.985
277.384
150.078
159.148
289.122
805.899
592.48
724.75
474.75
163.933
181.771
161.956
305.598
693.109
554.278
874.615
423.824
176.503
139.084
146.378
296.407
850.576
526.246
1081.6
654.732
202.762
138.898
157.651
512.432
1059.46
770.369
644.181
512.434
298
223.622
183.43
372.503
628.077
548.509
493.773
293.199
291.581
286.138
196.405
278.457
493.304
325.946
471.357
311.846
257.957
361.495
279.368
229.663
457.847
347.553
457.252
314.301
147.562
137.884
120.734
200.726
438.156
358.65
273.109
166.378
176.035
236.966
240.901
321.604
292.01
177.906
263.941
183.676
271.928
201.747
210.912
191.062
256.268
196.319
277.192
183.004
200.204
204.987
227.508
299.994
289.449
191.586
379.706
227.89
218.987
292.31
340.537
339.856
394.081
251.273
382.859
287.004
232.821
303.776
299.654
188.334
361.817
317.729
520.919
407.908
243.976
299.971
211.519
192.87
488.897
453.121
451.767
330.829
209.284
203.447
153.887
217.644
430.903
372.225
583.619
356.877
168.516
263.926
241.051
241.585
555.538
416.342
493.908
347.87
212.976
225.602
150.39
193.39
470.167
395.238
535.098
434.74
234.381
284.483
235.987
199.836
495.827
480.936
544.97
398.652
178.776
136.533
165.011
212.214
517.181
442.294
516.125
369.142
149.885
182.575
154.128
225.174
491.773
420.525
682.717
360.066
173.662
211.088
166.528
243.932
658.169
440.759
734.648
501.73
221.995
334.138
216.5
332.751
704.218
573.717
713.356
353.907
173.479
298.448
165.664
280.136
697.734
431.878
878.021
519.718
295.23
413.311
212.992
324.143
843.449
611.678
895.649
516.3
434.519
263.547
323.298
417.588
865.362
590.329
526.028
252.133
167.647
246.127
142.202
223.048
506.429
306.099
312.703
217.164
187.019
261.41
248.039
211.882
302.724
240.596
324.173
267.616
184.178
233.609
215.573
178.68
300.041
296.009
431.869
291.029
230.71
224.391
195.442
195.395
412.758
332.845
282.624
187.617
195.47
344.563
326.942
289.343
276.993
208.47
290.863
273.554
292.287
313.875
247.16
202.869
285.78
272.216
420.94
297.779
211.01
189.077
212.638
280.411
421.965
319.737
231.408
208.193
167.503
290.285
315.276
279.159
241.393
213.538
427.849
317.788
212.664
306.122
354.754
273.172
411.298
348.073
326.949
406.824
280.333
234.009
203.708
206.478
298.148
409.093
498.711
394.022
219.46
253.169
163.185
255.575
472.962
431.047
719.983
349.13
251.867
211.389
115.54
244.021
701.105
430.044
650.391
445.451
242.277
390.885
231.644
218.376
612.602
509.463
543.27
337.074
241.305
264.033
143.666
258.165
531.144
388.86
561.518
400.434
260.564
283.841
203.795
258.102
532.47
449.134
726.481
446.119
132.378
154.032
126.661
336.468
706.4
524.185
697.512
419.791
236.156
243.578
160.91
260.797
666.999
486.849
618.872
456.449
294.773
248.771
174.53
310.335
591.386
505.054
1014.07
456.644
163.421
135.555
133.515
341.018
991.172
582.319
1160.64
695.287
260.653
156.8
136.432
352.354
1099.94
824.633
651.635
321.761
175.66
142.385
125.515
246.541
634.771
390.887
436.77
317.952
203.187
143.571
148.411
166.002
414.496
344.579
596.4
471.476
239.373
291.573
160.403
256.077
561.291
520.922
385.894
295.916
252.275
215.994
246.418
232.638
367.155
325.084
455.653
287.901
200.082
240.318
163.111
245.337
451.815
324.368
356.417
309.997
325.36
275.182
235.946
238.926
342.242
309.221
231.248
411.811
466.711
401.298
275.665
276.458
213.416
375.284
340.017
369.129
276.373
325.649
196.858
151.743
310.961
378.672
374.347
486.502
298.47
277.72
269.184
312.964
342.25
488.871
445.246
389.038
267.947
416.84
183.47
149.741
402.823
428.655
553.501
399.984
180.588
176.87
122.004
235.205
526.469
450.549
537.991
434.023
193.065
179.38
154.822
187.907
494.001
487.689
584.597
440.386
202.822
281.084
190.379
283.994
554.613
491.867
561.767
369.896
132.045
135.204
94.6909
224.88
536.311
428.342
545.861
405.587
199.993
140.847
150.374
227.97
509.863
462.647
622.924
428.245
190.497
188.075
150.007
259.413
588.714
493.173
566.463
424.831
284.102
231.817
190.731
301.911
542.549
468.286
748.025
540.815
193.157
264.412
238.465
322.543
708.311
618.618
821.085
465.983
150.548
267.264
180.931
266.698
783.285
561.619
627.355
288.469
135.374
133.702
158.215
215.998
598.784
356.505
971.694
486.786
154.904
193.989
171.957
328.361
937.353
607.661
