711.078
705.02
309.67
152.292
133.108
275.977
633.006
757.777
510.013
410.511
188.931
268.709
165.197
298.747
518.954
441.181
712.12
639.044
337.452
251.049
185.503
331.4
657.091
694.264
597.975
684.44
554.084
334.802
283.856
285.926
547.47
694.867
504.096
651.64
608.992
443.58
312.089
347.013
459.743
645.219
243.402
470.144
522.911
459.923
330.43
264.559
220.843
429.768
359.676
442.877
607.259
493.232
287.04
260.232
364.432
418.67
225.918
183.904
314.942
380.874
383.423
262.741
236.288
176.967
210.13
167.62
291.141
532.628
499.381
364.513
224.733
156.643
185.681
122.549
185.444
447.716
350.574
154.14
183.066
135.095
198.664
171.16
283.326
441.766
449.269
346.365
218.986
165.463
335.261
248.384
261.089
478.338
591.164
475.719
352.138
261.575
359.797
319.334
284.799
325.822
444.498
555.076
398.167
314.769
504.154
369.114
347.691
197.516
529.113
746.646
560.495
362.012
557.508
323.141
200.722
240.86
347.993
613.371
599.805
342.422
664.807
321.27
211.223
179.164
312.773
701.646
724.735
353.449
995.433
437.559
206.551
127.102
341.054
865.984
1052.61
503.255
1148.09
410
219.266
128.722
262.488
756.589
1191.88
520.49
1275.69
497.573
234.734
195.482
201.494
690.289
1305
630.476
923.011
431.89
212.847
199.704
161.176
553.926
955.283
503.883
716.234
735.044
304.353
182.671
163.771
334.764
641.659
798.326
690.553
601.536
381.525
308.503
258.365
260.795
617.165
667.491
1004.74
901.263
340.002
209.26
222.046
372.875
917.633
992.388
622.063
663.419
361.777
196.098
199.518
331.81
566.931
690.337
635.851
688.464
354.359
203.118
214.658
348.791
580.098
713.257
488.632
695.577
553.004
308.654
268.118
322.642
440.621
684.855
271.19
355.304
515.845
435.864
293.814
179.978
254.132
338.908
264.353
252.411
411.873
418.306
237.494
269.254
262.442
243.979
199.872
129.21
286.636
578.388
418.257
192.313
203.812
139.467
116.602
88.8391
249.778
801.609
583.368
247.195
125.22
91.6931
229.703
209.944
301.544
557.901
468.676
249.982
224.793
209.246
260.523
229.693
378.385
428.191
605.344
463.191
285.675
232.348
248.935
236.819
238.717
293.275
527.332
534.665
276.779
215.29
391.264
316.057
207.874
305.174
519.263
559.274
400.964
340.222
666.452
376.986
220.714
162.28
326.004
599.813
702.042
406.735
699.924
434.863
255.02
171.129
277.55
614.675
731.591
453.128
933.519
388.559
165.414
166.881
266.086
650.186
971.936
481.41
1194.15
463.723
162.133
128.161
250.549
689.216
1223
585.873
886.598
432.426
281.781
177.284
270.377
578.432
920.451
494.482
1323.78
526.638
138.162
120.59
180.367
587.927
1327.31
686.582
841.319
706.341
224.522
115.057
182.011
286.076
762.51
789.818
706.682
457.598
236.805
130.364
245.207
288.779
650.513
533.836
853.01
657.423
433.344
209.866
291.27
496.243
849.545
711.507
880.083
670.172
296.402
167.737
158.654
317.865
826.925
748.662
463.675
573.477
344.262
251.4
236.631
368.144
427.182
583.698
447.79
474.992
338.085
285.939
251.324
369.862
424.506
493.39
363.313
376.876
343.218
356.272
289.67
250.951
341.813
384.093
342.664
342.633
294.985
251.906
158.266
239.199
322.886
351.226
167.497
180.659
421.337
676.891
400.275
189.62
170.872
176.057
95.5426
122.599
354.111
683.682
549.551
198.633
99.3001
109.557
428.187
219.397
261.139
486.152
462.546
430.521
446.737
253.476
409.798
294.54
219.345
233.196
444.764
427.128
403.301
323.496
332.759
280.942
232.688
191.978
275.618
261.847
328.09
290.088
428.191
261.621
269.641
261.16
446.982
570.397
469.37
278.111
607.753
284.438
188.673
144.629
264.649
564.058
645.616
320.678
887.521
390.359
203.19
191.975
284.429
648.235
917.526
455.736
875.313
419.137
126.068
138.683
254.21
691.562
933.122
487.796
1069.34
438.654
193.586
204.625
202.562
660.901
1103.5
546.393
930.629
355.327
190.082
182.012
187.6
574.246
971.646
442.702
875.745
321.518
147.663
107.74
163.488
501.722
901.419
404.954
1052.38
601.898
200.218
212.591
200.19
352.998
993.806
733.331
923.326
531.81
149.054
156.625
235.988
470.266
906.369
634.336
695.455
443.296
216.921
182.148
202.561
293.434
654.01
515.341
761.772
593.525
251.082
193.393
134.52
307.61
714.256
665.346
642.655
619.468
340.69
237.562
198.504
339.716
592.811
654.937
738.63
643.828
366.139
268.212
263.543
358.113
688.235
698.401
449.898
527.524
393.346
429.095
295.501
283.954
406.474
543.7
416.71
252.109
240.438
318.306
322.945
265.251
409.524
278.586
219.966
158.792
230.577
284.542
257.698
210.657
222.307
158.874
161.789
182.158
480.409
810.728
470.299
188.086
156.252
172.468
311.818
260.171
290.718
502.441
351.195
288.228
325.955
263.25
274.114
275.227
208.639
412.087
436.123
294.573
262.479
294.942
339.037
209.002
248.051
251.945
442.707
386.14
340.593
233.467
438.423
222.993
197.029
179.391
288.971
406.995
457.865
258.034
679.56
372.917
219.845
201.175
255.808
589.676
713.268
402.116
837.292
327.124
236.42
241.312
283.166
621.317
870.626
407.55
877.479
363.799
136.289
96.6895
217.14
606.015
912.207
452.49
1076.78
462.784
213.602
223.909
235.736
660.718
1110.72
563.252
1079.6
414.13
135.49
163.806
94.0926
372.064
1070.25
544.109
1045.79
405.469
169.574
148.471
194.635
499.051
1058.73
525.851
1011.69
594.049
184.092
234.853
188.949
308.057
958.759
711.024
929.235
558.199
259.341
240.428
308.688
397.195
878.466
662.588
1017.41
600.899
170.959
180.347
215.14
398.821
961.516
722.083
1139.62
562.088
249.104
334.499
247.873
381.15
1104.37
692.183
763.46
551.428
271.786
207.314
177.459
317.023
727.576
621.042
481.402
436.031
282.674
259.103
237.387
312.486
461.802
467.319
571.328
463.602
330.267
301.214
238.045
239.883
545.845
500.431
377.651
295.348
189.257
250.147
225.226
281.891
363.999
313.726
272.13
189.74
303.315
464.14
244.826
221.686
268.097
201.112
212.402
220.572
278.973
290.094
239.924
114.139
198.379
220.827
254.012
172.079
269.889
371.953
322.276
242.283
259.901
177.862
312.65
271.722
242.61
261.822
401.798
430.517
335.291
266.733
309.009
288.99
191.733
219.661
279.534
380.263
330.717
296.51
550.444
380.595
202.227
222.964
324.634
571.771
589.311
397.857
567.157
400.67
271.663
234.081
252.968
575.014
611.208
416.46
845.454
393.885
184.477
159.838
221.633
595.314
879.708
468.081
997.674
434.009
218.649
262.743
261.132
556.783
1007.3
529.214
939.252
384.684
241.736
175.58
230.947
601.439
960.303
474.783
1366.8
642.836
122.19
84.7866
72.6833
461.142
1327.36
815.661
725.807
315.445
129.572
107.237
111.22
481.947
761.669
377.791
882.154
660.808
225.658
162.129
172.424
296.667
808.62
749.406
772.866
618.58
335.371
407.498
419.099
390.871
706.158
700.389
678.374
451.975
195.315
152.108
178.826
290.764
641.453
520.629
654.346
536.155
240.3
246.049
285.663
355.152
606.601
603.646
593.956
500.476
294.522
254.443
212.802
260.323
554.893
541.465
703.527
598.741
317.331
294.424
224.32
337.552
661.26
646.707
591.572
417.066
298.716
322.531
324.789
423.387
597.852
445.83
268.636
372.53
292.645
263.14
222.322
243.94
252.897
358.868
365.982
468.365
446.934
398.62
288.188
211.734
334.413
466.024
204.926
197.774
263.831
422.581
290.814
163.728
199.004
197.032
170.94
208.387
306.854
532.612
444.468
272.618
177.093
197.571
359.789
260.726
347.656
413.353
509.724
362.788
358.428
277.78
500.011
278.862
197.204
177.813
291.754
562.432
539.622
304.803
408.913
221.276
159.432
232.405
274.358
441.268
441.488
242.622
682.456
389.956
265.131
258.592
228.178
509.928
712.834
428.347
1059.78
432.454
173.397
195.386
196.367
486.915
1053.09
561.802
864.171
429.392
150.735
165.064
176.163
506.27
878.235
516.978
1016.58
385.243
190.41
219.373
210.547
553.941
1035.14
498.205
1283.98
501.871
136.865
132.929
193.47
553.159
1279.54
663.134
983.653
391.081
190.587
135.179
176.96
541.921
1002.61
493.104
1091.25
667.02
225.658
197.863
249.26
431.88
1028.2
794.587
776.865
460.852
279.444
197.637
281.392
441.543
749.62
523.364
954.818
440.088
201.502
275.23
226.094
366.399
937.479
553.382
847.305
478.836
272.564
340.805
326.105
344.718
810.845
572.581
649.047
520.605
229.862
286.322
191.648
297.993
607.608
582.643
448.749
397.744
254.802
329.651
341.645
362.337
420.876
429.219
619.43
373.316
323.99
416.067
256.298
226.44
597.56
427.73
538.075
365.766
267.667
260.539
253.36
326.569
533.9
397.414
376.33
365.759
372.392
362.385
211.744
182.965
354.754
371.838
279.375
391.822
530.706
547.644
273.81
252.31
266.004
357.552
210.107
131.998
216.129
398.5
362.251
216.885
207.176
141.224
445.408
363.643
229.232
172.996
271.776
372.338
427.574
389.353
483.361
418.283
391.568
309.274
319.675
394.156
480.064
422.731
440.583
317.941
189.097
221.14
225.68
412.683
461.731
324.392
435.44
314.393
212.496
278.82
264.934
371.627
463.264
338.866
754.139
360.372
142.324
180.291
182.066
493.932
784.455
423.685
922.948
433.537
194.77
280.764
268.552
523.668
929.317
532.09
1110.71
447.985
114.171
112.744
125.277
503.483
1112.69
579.824
788.76
437.14
173.844
164.232
170.339
387.629
774.977
519.434
768.938
391.563
117.173
89.6246
128.077
425.656
771.951
467.328
739.242
472.535
254.735
253.302
258.068
296.558
700.37
544.642
803.495
540.29
201.806
275.509
230.139
300.678
763.619
624.694
773.958
489.791
175.491
176.266
142.593
285.878
738.66
571.793
871.84
531.849
164.948
158.331
196.412
309.021
826.291
628.35
928.874
592.208
278.73
237.589
181.917
309.428
891.438
671.831
725.52
541.881
294.934
322.691
318.719
359.168
689.86
602.295
620.498
461.392
289.643
326.25
341.265
256.013
588.595
517.662
478.888
338.895
204.578
193.632
130.615
185.037
455.437
374.107
344.372
293.67
264.864
372.224
215.076
179.216
326.923
317.328
408.333
419.857
285.586
253.851
214.932
251.643
378.905
430.105
262.027
182.77
202.345
386.9
352.405
241.623
264.344
197.79
395.488
314.75
319.593
458.786
306.191
471.437
417.67
334.676
388.657
266.677
300.873
268.07
250.78
458.919
423.223
257.618
520.474
240.235
137.549
228.055
188.469
373.283
545.093
285.835
655.454
300.732
186.859
290.938
215.542
382.293
665.452
368.399
618.583
406.37
207.028
293.37
212.334
298.771
599.48
469.381
797.591
475.345
414.162
351.635
262.699
469.204
791.352
516.016
1018.85
558.467
149.853
135.906
141.655
541.754
1017.58
661.507
774.502
347.905
112.335
106.563
106.669
389.44
776.49
430.495
887.189
416.895
123.788
139.923
153.984
491.958
897.917
512.128
925.741
522.928
246.631
208.044
244.993
328.071
880.883
627.368
655.824
396.166
229.757
339.543
234.206
342.775
642.502
456.504
562.777
323.744
284.78
345.907
303.299
291.804
542.868
372.459
636.69
457.093
155.012
219.308
262.168
338.847
602.999
522.912
796.971
419.333
292.477
295.427
363.328
317.007
774.569
505.975
631.215
389.361
201.472
321.748
212.354
250.475
608.619
453.528
925.556
439.716
234.281
300.048
314.906
347.47
898.172
552.901
576.466
395.857
202.363
323.104
327.108
270.974
550.058
451.873
619.852
490.454
220.196
150.648
130.654
238.565
579.083
545.346
527.404
562.982
354.479
220.721
238.082
326.628
487.38
583.064
371.42
336.186
260.23
440.421
301.438
350.29
358.823
355.277
374.069
310.712
305.245
295.791
302.153
433.564
390.467
303.184
337.36
275.802
244.909
119.251
138.417
278.241
349.181
274.652
501.188
326.553
279.991
260.02
248.487
401.896
516.658
342.483
677.295
303.608
194.27
313.03
195.85
327.65
683.752
366.447
597.343
332.326
244.048
217.488
182.212
326.73
601.471
386.215
700.866
367.041
176.439
324.84
221.594
366.446
696.882
442.157
901.322
451.298
159.493
171.253
184.866
454.413
900.061
544.148
1057.26
455.95
159.194
158.149
140.245
408.438
1041.64
587.652
1110.74
500.488
122.857
172.216
158.484
380.794
1083.3
641.195
585.031
369.837
248.368
224.703
253.453
209.176
553.689
423.852
833.608
440.29
178.672
181.095
160.295
245.814
799.593
536.794
714.608
366.795
244.952
295.449
226.611
320.191
709.487
426.07
709.381
411.133
128.68
207.34
192.26
262.731
679.084
490.186
564.836
313.938
192.922
272.846
238.988
313.024
566.066
360.993
702.138
416.34
140.92
92.3387
103.577
241.053
670.039
493.893
803.467
364.973
146.374
177.232
170.562
304.47
785.814
462.534
609.578
344.953
199.485
274.397
212.116
333.668
606.862
403.809
593.909
395.229
175.268
231.828
210.731
250.015
568.986
456.644
422.142
300.765
334.51
494.543
302.505
216.446
394.902
344.438
231.961
282.358
484.102
451.55
283.969
312.684
250.102
251.901
370.456
328.33
300.08
494.695
247.406
288.752
392.697
343.102
322.436
359.073
240.965
191.053
200.781
305.498
333.305
360.697
465.367
299.339
203.193
208.202
166.22
317.748
472.649
317.794
726.549
307.569
137.3
200.745
207.08
293.618
712.699
400.579
667.487
424.374
180.763
219.021
183.163
324.58
649.181
493.837
583.213
350.886
221.614
225.093
207.442
361.703
587.908
394.824
1065.77
483.023
136.449
129.477
144.38
380.882
1042.63
617.55
1126.24
507.331
174.185
209.688
161.961
404.397
1100.63
646.246
1006.76
481.197
139.371
180.413
143.777
352.743
979.635
608.007
605.47
447.142
222.335
154.411
146.416
258.494
574.308
496.171
752.001
345.57
204.088
243.798
210.017
295.42
736.505
433.067
565.888
297.281
169.096
263.453
194.543
219.996
541.265
367.031
581.363
328.797
241.91
233.966
232.191
295.282
570.822
373.939
625.97
328.455
319.485
276.571
221.419
240.506
610.908
387.921
550.402
311.055
197.287
220.673
178.213
318.171
554.567
355.942
657.743
332.11
216.753
160.649
177.562
268.083
641.574
394.855
535.435
306.542
186.893
242.933
237.219
315.124
537.226
353.876
584.781
357.149
207.731
236.632
176.094
217.27
559.964
412.783
635.323
305.886
329.873
485.67
310.103
388.716
640.574
363.308
308.694
341.23
303.428
352.752
235.936
183.405
293.813
340.367
359.436
362.421
292.775
306.559
205.145
298.896
378.616
365.977
563.348
366.691
290.069
255.228
258.979
443.355
587.035
387.851
625.183
304.177
101.446
127.686
125.268
376.923
638.001
363.583
795.651
384.996
136.638
186.874
165.683
467.285
807.28
468.156
502.187
274.561
197.961
208.489
189.233
251.499
493.022
320.92
689.226
450.3
209.462
175.473
219.846
309.545
667.183
517.875
1123.67
475.434
108.315
164.753
159.186
445.751
1106.81
618.479
1096.12
464.17
165.944
199.613
199.609
479.418
1094.06
589.221
1157.34
495.724
107.968
139.77
157.355
413.025
1135.71
644.439
658.188
405.795
219.734
315.032
255.929
325.531
635.651
470.595
683.77
438.205
245.55
325.788
334.584
342.42
665.465
496.097
721.641
409.639
266.665
238.302
335.651
367.473
693.656
487.218
844.12
409.069
166.109
155.128
174.083
274.836
817.065
512.446
579.216
313.3
271.948
365.312
220.559
225.353
564.214
371.446
448.221
334.419
291.274
435.465
328.177
315.503
439.041
345.954
499.297
274.713
229.899
325.37
290.991
274.502
494.99
322.089
532.524
400.25
340.031
364.032
243.083
319.475
536.782
422.089
499.25
283.958
203.679
277.162
181.279
211.95
482.14
336.731
482.987
315.005
191.86
199.791
152.485
283.379
486.638
344.265
366.754
193.2
180.1
166.284
193.497
287.741
378.809
214.666
474.851
245.322
202.82
183.206
184.055
280.49
473.808
275.618
331.045
252.11
261.309
245.348
197.197
333.382
343.018
247.959
591.491
371.491
234.871
136.318
179.744
330.478
585.859
416.922
633.993
340.625
236.497
245.177
201.267
358.454
640.476
386.501
705.993
353.926
153.692
240.51
184.802
286.728
687.164
432.611
831.444
552.122
220.69
203.594
140.526
356.231
802.919
635.813
757.12
462.389
258.144
163.157
151.145
293.562
730.575
535.262
806.274
430.15
175.224
187.675
140.444
395.533
801.116
509.392
956.875
398.583
108.495
117.079
147.931
397.116
952.162
513.126
750.463
430.284
261.974
233.292
263.764
302.732
723.285
501.457
448.06
312.626
258.027
419.12
263.868
216.093
432.377
350.402
728.727
324.982
205.097
404.364
259.836
329.296
722.444
404.71
771.29
390.48
165.103
205.35
162.927
283.086
742.624
483.743
543.045
282.481
199.525
268.113
274.817
307.893
536.541
333.602
364.018
194.153
210.299
284.224
241.105
233.683
359.91
226.269
521.248
342.939
295.614
295.596
187.682
246.216
512.895
372.295
483.48
339.829
332.617
339.667
234.681
320.444
491.021
352.209
385.847
164.223
199.805
351.724
303.589
302.532
405.13
197.933
453.166
216.876
207.958
417.569
387.45
275.352
454.347
257.11
451.753
247.948
192.384
140.659
130.256
306.724
468.596
276.346
499.441
313.131
260.26
252.833
225.837
188.008
470.845
362.094
496.366
441.607
201.314
240.854
176.6
379.558
517.058
476.109
707.714
462.172
188.849
253.08
142.174
321.225
679.581
534.772
914.415
378.026
269.821
272.683
260.878
367.369
904.434
490.708
1024.16
457.298
171.729
242.414
197.251
389.082
1001.71
588.474
649.408
375.586
218.268
291.666
210.753
342.961
641.964
441.656
852.567
398.979
165.774
143.99
179.032
407.65
841.367
496.488
705.34
315.54
143.564
92.3732
119.776
448.837
732.466
375
1052.97
491.011
131.103
150.811
121.575
360.476
1026.11
619.829
394.014
292.213
253.477
365.061
310.04
371.411
401.88
324.252
628.255
405.816
222.14
317.227
436.186
452.25
627.503
449.721
707.608
389.063
263.475
433.936
270.037
264.494
682.266
462.761
657.533
320.73
204.619
327.804
268.174
325.31
649.095
387.515
543.985
349.843
223.835
225.668
174.734
297.164
540.381
390.381
441.416
261.199
187.308
235.385
251.557
271.94
433.373
302.869
287.173
253.015
192.751
284.921
206.007
255.621
291.32
261.811
342.781
232.019
212.32
205.463
184.47
167.572
336.811
261.004
577.494
431.645
376.652
253.312
325.498
385.919
585.871
433.191
506.564
288.011
188.086
256.036
256.331
371.724
531.108
327.943
333.34
247.086
240.974
208.242
258.659
302.9
346.678
261.662
457.099
305.732
253.291
270.913
245.713
303.169
472.132
319.598
348.821
247.73
263.655
278.592
308.699
349.721
357.872
239.979
355.804
443.557
248.887
106.241
155.535
367.17
347.919
447.505
436.656
336.473
257.937
342.743
267.22
362.404
449.239
355.431
1004.92
484.661
137.784
188.487
130.459
318.236
973.188
607.697
611.665
376.495
273.366
204.929
174.805
297.297
600.936
421.013
735.039
398.81
275.608
313.931
210.352
442.595
744.523
467.378
885.733
440.496
124.814
98.5179
91.0655
366.984
867.027
539.173
1103.87
555.057
139.15
97.0249
134.278
348.167
1058.86
694.163
626.021
362.855
144.264
213.104
197.511
223.218
592.804
438.931
777.927
473.759
301.724
309.389
337.958
311.925
743.778
552.89
876.962
417.026
262.077
342.363
209.369
481.065
887.782
496.962
675.549
350.612
303.007
353.182
329.445
352.661
665.417
415.482
486.585
276.02
310.704
412.149
259.497
232.066
475.283
319.16
569.324
320.354
222.448
280.064
199.11
337.903
574.67
363.555
423.684
353.103
312.685
265.751
267.189
340.515
438.791
358.421
540.145
251.923
143.876
275.556
268.642
268.731
542.641
302.477
486.004
264.978
219.932
297.694
223.149
280.469
486.993
302.626
433.59
295.915
322.411
326.251
203.858
319.784
443.605
306.179
378.722
275.278
305.919
385.345
331.807
221.247
373.189
296.779
330.372
206.426
263.543
405.106
247.664
262.532
337.377
223.555
305.338
195.823
287.577
373.054
246.663
204.353
301.492
217.796
530.5
318.325
215.115
294.051
248.659
323.761
531.245
367.365
442.571
294.74
195.985
232.062
245.811
240.765
428.311
333.196
732.781
389.151
172.371
277.748
194.146
322.001
717.665
468.755
754.585
320.198
82.9019
110.305
108.701
255.112
734.285
413.663
939.198
611.214
179.177
170.054
142.856
360.932
896.991
712.771
613.337
357.64
223.78
201.292
165.673
258.179
585.421
424.126
944.287
488.71
128.777
170.779
141.058
273.954
897.447
610.29
702.807
396.761
214.843
434.479
306.137
277.498
674.616
472.674
746.415
415.396
271.813
244.989
300.057
388.32
737.805
494.252
824.099
341.285
133.346
92.0519
138.838
354.021
820.861
437.691
515.509
261.119
197.637
344.671
269.351
353.035
533.076
305.862
429.76
251.104
185.725
221.876
224.574
394.344
451.089
271.83
356.549
266.552
221.708
332.972
241.666
217.922
342.882
288.467
286.696
197.205
196.735
401.577
335.623
277.475
301.724
207.139
436.727
248.66
187.23
262.966
205.769
304.572
459.873
274.348
420.562
277.57
344.261
401.841
349.288
456.221
456.965
288.868
417.619
305.666
320.284
442.191
256.781
389.497
433.636
308.51
451.341
259.686
264.474
255.482
231.933
285.611
452.993
293.33
465.41
298.26
229.997
156.653
211.041
414.06
484.297
311.432
507.407
272.694
347.086
305.608
292.168
333.203
503.597
301.002
480.945
297.124
259.633
233.004
227.729
298.557
487.361
329.406
639.94
368.604
216.526
232.212
169.163
275.988
618.318
437.996
765.321
457.53
158.532
254.933
222.101
342.406
741.449
541.505
661.315
462.227
291.918
198.13
183.726
220.418
617.508
517.36
1189.86
604.258
165.155
143.874
111.336
361.967
1148.47
746.144
916.693
475.357
146.981
99.444
83.5862
283.738
879.671
586.534
934.283
557.745
165.175
125.063
135.23
255.296
868.469
673.567
584.53
342.463
215.936
233.89
245.669
347.776
582.295
394.883
427.712
333.526
278.539
346.227
277.993
190.315
405.386
363.328
543.089
287.637
252.93
239.711
273.625
264.964
529.063
338.122
566.135
339.96
180.707
202.647
204.176
342.911
565.985
388.564
431.059
227.422
134.924
214.639
218.202
230.024
421.181
273.631
545.033
343.917
170.081
212.628
172.312
271.427
530.269
400.133
465.573
228.91
212.102
275.304
230.168
331.096
477.804
269.087
355.364
244.763
313.626
393.244
339.26
258.861
362.809
260.601
325.936
271.963
332.979
445.336
257.554
238.641
334.776
275.503
429.078
223.084
307.753
441.744
263.925
261.137
432.324
254.961
447.836
246.139
253.198
377.111
278.632
323.409
448.782
276.295
407.704
190.253
206.951
318.32
262.159
358.8
426.774
212.283
250.896
231.696
309.784
408.548
248.166
206.339
245.455
232.38
258.286
165.03
134.598
146.324
179.334
214.754
262.805
181.868
549.564
330.43
156.289
247.58
211.02
331.238
549.25
378.145
926.71
567.384
174.615
108.031
95.5759
301.099
880.262
668.119
987.672
651.352
197.689
149.963
149.764
285.419
914.798
768.101
944.996
538.923
219.579
156.713
173.293
310.196
907.269
639.908
870.599
464.044
194.135
142.385
135.012
286.517
836.022
565.98
1098.46
626.623
176.145
120.503
118.607
320.535
1042.49
759.69
723.271
519.112
269.743
184.793
202.618
284.184
685.173
571.153
419.791
308.021
299.5
278.058
244.102
242.436
403.508
342.142
581.992
323.959
305.231
526.584
345.057
359.204
587.705
370.376
653.545
293.445
340.671
613.994
418.484
331.743
648.474
361.439
573.035
338.065
222.919
284.833
256.937
355.616
575.706
385.448
528.678
285.681
319.951
452.06
338.169
372.602
527.838
334.8
786.393
377.968
237.254
350.974
282.316
302.771
765.477
466.031
553.327
274.555
314.242
410.945
272.714
352.546
559.285
316.511
598.453
327.196
288.517
355.756
266.134
436.389
620.286
365.102
639.7
319.763
310.841
400.983
289.363
353.732
646.339
364.001
306.203
191.861
248.776
400.778
262.133
213.458
309.063
209.635
359.98
203.311
209.906
244.488
260.224
377.861
384.089
212.324
472.63
265.321
149.651
186.64
163.809
294.474
474.311
303.547
336.25
218.838
161.161
255.117
248.433
170.225
331.315
248.139
343.26
300.869
379.233
386.392
243.387
207.63
343.109
309.322
424.297
426.31
252.864
338.009
279.952
289.921
388.307
458.289
623.988
430.341
214.574
140.369
110.048
181.091
582.247
485.727
804.802
474.419
231.089
166.619
184.371
316.275
767.158
560.002
874.582
555.229
208.88
211.712
142.583
297.579
833.506
647.411
835.971
546.836
235.806
279.158
266.483
329.639
788.416
634.854
674.372
313.015
264.351
451.181
281.432
254.168
660.451
392.589
381.124
199.407
134.724
214.369
156.986
254.214
385.132
235.488
539.198
315.987
226.06
337.459
201.193
326.208
551.443
356.135
590.485
331.021
249.247
311.018
316.422
390.515
607.832
366.092
418.78
298.958
140.245
216.617
222.408
222.87
398.687
339.924
689.204
432.721
281.078
317.316
198.266
386.233
699.89
463.663
600.785
280.561
160.439
224.669
164.369
283.944
600.192
341.874
518.971
271.226
183.992
219.174
182.465
245.39
510.881
325.796
482.975
315.516
249.42
271.702
271.128
441.04
504.832
336.833
487.173
271.937
244.337
299.062
225.031
407.198
512.161
277.713
373.302
234.366
262.09
227.94
269.431
311.108
396.144
244.852
364.53
260.058
152.852
245.058
261.49
385.899
384.797
292.546
352.982
305.965
323.033
222.463
300.536
467.803
378.806
310.896
270.459
358.964
350.278
326.978
352.218
319.772
256.381
346.921
520.455
389.275
264.402
224.013
227.646
325.362
505.465
420.644
311.22
301.477
265.6
261.842
265.202
191.532
290.173
311.035
647.373
646.168
291.962
163.428
236.787
284.693
580.097
697.529
962.584
619.644
213.575
184.387
150.367
251.798
893.516
734.754
880.124
653.989
190.75
61.6549
78.5631
338.079
827.729
744.526
992.291
658.596
246.749
138.88
195.174
362.689
937.092
756.096
494.02
326.04
212.413
187.627
182.204
307.537
491.901
356.725
682.17
379.518
248.276
203.426
195.663
358.485
682.129
436.41
596.146
321.754
187.525
130.301
128.912
305.194
595.362
379.653
441.021
312.082
223.244
306.174
189.418
337.101
457.253
331.222
653.692
355.368
263.562
241.305
168.026
264.299
633.792
415.26
636.378
359.598
168.771
233.831
168.614
325.418
632.78
423.461
567.479
304.172
172.03
168.962
166.039
353.537
580.137
350.185
564.625
292.601
180.504
151.075
136.233
358.897
577.7
339.936
427.747
276.596
251.076
188.704
186.696
314.778
437.093
290.297
478.861
444.413
297.784
352.764
306.144
317.977
461.131
466.233
445.144
237.727
124.457
200.329
151.495
241.217
450.027
280.242
400.117
201.685
255.23
400.445
291.141
411.643
431.106
209.016
541.888
503.646
306.541
219.966
231.899
322.73
519.188
528.986
363.057
252.135
162.511
229.096
321.545
347.936
371.697
272.893
310.638
236.841
198.175
370.014
316.363
239.7
299.939
259.347
449.78
285.969
374.874
297.22
252.868
224.73
448.227
288.151
626.202
669.78
340.668
136.918
134.194
284.975
562.994
690.243
576.298
485.489
276.096
255.569
204.031
264.621
544.963
522.769
863.413
544.985
241.08
352.637
260.792
295.704
822.884
630.071
820.403
583.26
244.848
260.696
175.511
331.653
779.384
666.001
