667.713
681.187
439.629
260.714
264.082
347.717
607
710.05
395.374
717.121
641.547
308.787
318.912
395.192
346.248
672.332
378.093
668.963
741.413
492.13
253.548
284.741
336.952
620.489
363.647
637.3
719.43
496.644
386.28
333.962
320.577
587.747
325.685
456.703
677.164
579.45
370.047
332.283
341.584
424.88
242.701
396.656
744.277
811.902
384.457
155.228
227.087
358.008
160.328
241.532
502.242
646.622
407.095
212.778
163.187
213.496
116.219
160.598
310.717
430.334
297.32
151.231
115.739
142.398
141.362
145.301
252.252
401.097
344.292
184.417
140.47
142.416
170.718
182.616
279.938
580.643
447.524
268.57
177.601
177.607
170.958
165.602
265.856
558.884
594.044
370.902
185.641
160.165
244.198
186.142
269.297
481.171
643.249
447.309
268.702
179.242
414.969
207.268
278.987
408.282
508.536
432.775
433.799
234.019
400.361
239.316
286.341
325.825
580.042
651.193
443.147
245.036
583.943
387.254
210.099
302.517
562.112
873.619
655.68
408.505
678.844
542.668
269.688
293.17
610.283
993.508
756.826
558.982
795.766
386.186
211.789
182.398
457.461
890.343
870.791
424.897
1085.05
498.644
232.116
146.618
350.914
953.631
1169.74
570.151
831.933
418.357
215.13
265.535
272.212
778.365
913.664
467.426
879.958
502.991
199.409
113.636
285.752
868.262
963.143
556.685
605.204
819.957
535.655
307.057
249.418
473.075
553.016
818.098
662.368
753.615
470.539
230.123
182.534
262.333
593.355
772.317
404.396
636.683
535.143
299.559
280.176
284.612
372.115
613.844
422.967
670.536
562.051
326.666
242.253
263.781
374.081
647.881
352.145
482.934
547.755
508.815
397.707
349.28
332.547
466.985
146.403
374.78
790.203
757.866
359.757
163.422
131.143
311.003
147.141
212.828
434.576
707.869
415.807
138.252
143.122
189.275
202.759
182.248
280.526
474.083
277.339
166.919
206.456
182.728
145.928
134.393
285.834
597.295
435.957
220.294
149.168
133.64
184.197
175.151
321.506
703.344
564.382
236.464
185.438
168.535
152.992
162.002
290.805
663.322
651.303
348.416
170.124
156.179
275.905
154.339
199.278
461.916
581.481
517.283
311.212
156.113
478.21
448.047
295.417
339.797
471.902
574.293
508.99
452.159
419.843
316.472
274.175
273.075
414.383
545.827
452.359
329.258
626.677
372.45
233.365
216.534
522.482
816.147
684.288
393.684
663.615
515.443
284.653
221.564
476.255
862.231
724.223
529.421
1081.72
535.833
254.522
239.255
390.847
927.335
1135.04
613.333
1212.82
471.457
235.961
227.814
319.067
876.903
1267.13
568.068
915.223
453.71
335.279
154.266
312.807
731.917
966.393
508.037
1016.49
412.439
278.159
183.057
336.851
834.493
1083.91
475.198
628.701
481.27
232.484
223.203
184.427
215.333
580.413
537.75
605.937
663.46
462.511
288.681
264.957
269.187
548.53
691.213
555.974
690.562
542.597
324.06
297.902
319.007
506.612
692.37
529.862
670.284
609.456
360.994
301.429
363.803
485.476
658.541
372.15
593.425
639.411
446.443
313.916
285.331
332.65
555.586
320.839
504.708
739.909
762.155
387.315
296.9
322.227
474.302
170.654
299.728
558.724
730.128
422.943
262.555
175.773
257.183
161.652
183.351
437.078
678.056
381.994
184.985
165.636
163.157
241.867
135.371
341.366
579.518
337.823
178.826
248.1
147.889
97.4553
102.742
324.47
738.084
618.53
184.415
99.0642
94.1623
264.697
190.83
232.811
543.206
583.187
365.91
267.145
204.412
278.882
288.512
205.154
436.907
537.818
460.125
298.272
281.163
356.976
389.276
365.825
301.872
594.173
666.459
388.324
374.236
601.267
332.662
241.921
199.704
415.797
686.046
659.943
371.821
532.643
272.707
261.418
152.346
332.732
591.001
574.586
276.978
746.089
383.545
218.582
179.781
373.09
701.776
798.664
444.016
1134.1
488.317
258.675
101.346
324.44
873.411
1182.98
560.763
1241.43
501.911
216.638
122.357
276.402
819.294
1284.23
620.617
1044.95
479.898
166.346
133.138
244.651
825.845
1121.7
559.961
1072.02
442.682
193.889
277.008
251.152
573.684
1099.24
542.087
652.311
725.468
317.479
143.212
201.116
296.609
572.149
754.542
710.342
594.304
296.385
215.271
172.874
293.9
644.129
646.27
698.454
797.091
413.97
190.857
185.315
361.543
630.73
822.126
633.625
776.576
463.142
251.969
217.101
447.187
576.953
792.692
504.05
694.953
560.771
324.846
306.312
398.005
469.958
684.765
265.028
521.267
540.349
312.192
322.926
248.882
232.087
473.81
226.731
231.148
281.524
319.639
254.885
190.635
217.08
224.52
309.177
241.71
441.844
562.994
318.377
226.744
306.97
244.454
237.286
198.203
343.204
723.909
535.247
235.217
227.925
209.351
152.424
174.982
330.846
667.966
515.792
206.862
149.388
162.451
203.158
222.497
260.436
490.304
543.007
382.686
220.342
216.634
251.307
212.339
327.263
404.004
625.431
454.344
272.949
214.445
442.419
366.795
358.15
315.024
640.843
773.389
492.451
365.239
642.149
343.059
262.513
211.533
295.302
640.262
687.77
366.673
583.71
272.043
234.596
224.26
286.249
469.364
608.628
323.651
709.387
339.404
280.655
161.158
355.482
633.099
744.704
391.634
1068.29
463.808
216.435
183.345
304.427
794.656
1107.98
555.521
1060.54
414.924
152.287
88.2582
208.49
728.563
1112.8
508.807
1068.47
428.534
209.185
162.566
174.43
619.373
1101.91
530.347
1314.87
539.843
153.89
81.2613
144.354
587.7
1306.53
696.305
781.091
638.993
345.335
267.818
214.371
222.026
711.951
701.742
1058.11
937.447
399.987
170.049
170.17
368.753
959.308
1020.91
868.391
773.24
396.559
202.938
247.368
394.335
809.734
825.612
603.218
683.505
409.636
302.417
159.477
264.904
546.314
701.695
554.758
586.351
438.427
347.78
204.211
227.683
511.796
602.718
396.718
477.583
392.853
275.489
211.746
324.529
376.081
473.705
204.46
396.163
510.853
377.425
210.507
171.085
178.486
358.574
181.24
241.967
329.266
280.442
196.813
159.056
183.029
220.352
123.163
138.843
309.255
538.773
329.782
146.39
125.803
133.361
240.863
147.912
262.716
590.427
524.636
231.984
242.526
160.906
247.669
239.995
304.691
566.232
652.98
398.492
248.205
253.254
371.044
341.788
224.054
289.743
333.016
432.786
395.232
343.437
343.125
270.549
252.199
324.544
510.51
524.107
364.271
263.87
549.613
318.845
242.592
180.811
416.062
582.303
582.434
338.987
726.022
386.804
205.274
215.65
315.041
560.481
753.243
443.974
968.394
422.237
124.81
145.087
265.159
662.696
1002.67
521.089
1051.52
439.824
197.51
156.655
257.323
660.882
1075.53
553.932
969.023
382.424
280.198
188.982
262.686
662.667
1014.09
459.61
1266.07
481.253
134.316
145.045
147.731
544.906
1275.98
633.488
860.703
354.385
118.719
132.083
128.94
420.53
880.861
438.176
1112.56
774.967
236.212
151.05
179.325
309.132
1024.73
894.894
878.901
605.64
335.06
209.053
189.3
559.59
892.157
672.448
874.489
693.665
239.323
176.191
176.25
356.564
811.504
781.609
921.73
699.365
311.254
219.136
220.596
322.829
858.106
771.91
730.147
586.766
278.913
256.187
304.359
350.276
685.099
649.391
368.756
459.96
346.83
229.315
180.457
306.046
345.063
462.238
295.579
408.216
425.528
306.122
225.189
174.132
272.828
394.075
215.54
333.494
511.547
473.894
313.126
208.101
218.977
303.193
90.9803
163.615
373.49
516.332
395.631
188.589
91.7916
137.218
265.619
210.8
251.579
526.552
484.328
343.434
275.669
215.751
281.79
238.118
205.3
293.45
392.777
353.778
295.322
238.752
424.23
266.388
279.155
241.876
284.215
407.59
444.892
295.821
408.734
377.431
204.287
199.698
280.164
395.089
415.185
395.384
621.25
407.155
227.479
241.013
275.136
533.862
660.214
443.472
770.31
363.088
163.522
153.786
236.143
509.967
788.758
442.858
865.872
378.597
179.761
169.81
299.593
632.74
897.287
457.177
926.774
416.623
233.559
272.5
294.34
678.819
979.356
490.374
1142.47
476.495
144.282
114.316
154.763
631.507
1171.13
590.758
826.757
275.421
124.424
183.107
133.821
367.189
837.125
366.165
1019.65
427.9
166.656
164.186
202.867
401.352
1015.85
544.597
1088.85
664.578
253.804
267.471
161.362
393.565
1032.28
778.049
844.219
549.159
198.408
218.374
212.125
378.919
798.817
638.933
1220.76
643.924
262.98
231.631
208.65
389.168
1175.01
785.63
770.892
630.878
317.198
310.34
326.082
351.728
714.885
701.001
423.879
484.773
340.232
338.037
236.388
210.094
385.348
496.33
579.499
510.12
270.708
175.43
156.538
317.419
542.931
545.536
559.609
309.579
317.245
382.001
279.075
304.623
560.295
344.943
276.803
337.515
299.721
362.565
294.352
261.357
284.3
331.259
263.984
204.408
259.809
324.692
169.634
175.753
262.66
216.117
234.736
195.196
388.758
587.159
362.748
195.525
231.509
187.909
389.591
217.41
250.492
415.699
409.639
253.213
378.429
257.155
381.284
430.626
364.599
367.518
481.534
508.94
394.352
443.538
394.1
230.94
168.845
314.572
370.17
317.723
396.753
263.097
668.117
326.686
144.905
129.254
214.875
455.089
681.314
393.691
758.772
403.343
252.996
212.603
289.514
605.971
792.253
456.548
896.184
422.162
266.827
289.509
289.286
649.083
932.131
488.869
1148.28
474.761
215.362
155.952
217.733
621.031
1161.87
589.237
1084.4
428.731
203.899
210.715
161.549
455.164
1081.47
560.783
1335.14
526.106
121.736
102.204
133.567
562.677
1334.45
687.942
735.001
319.128
169.241
138.754
165.813
399.069
747.97
377.082
1014.6
669.088
248.372
201.034
235.666
325.413
953.153
774.938
686.266
448.775
184.807
203.191
295.051
302.588
651.462
515.679
723.342
497.295
300.931
282.079
345.673
350.028
690.687
570.46
626.379
458.767
216.408
234.169
161.327
255.103
585.327
526.507
872.994
578.786
233.451
145.14
149.586
361.682
838.47
666.253
698.345
565.99
362.579
228.331
196.568
325.586
656.119
620.896
691.308
479.202
258.173
191.626
175.7
299.837
663.346
539.892
311.761
180.587
290.815
348.983
295.125
203.974
310.617
199.484
358.995
301.094
283.619
347.116
163.457
222.566
356.162
309.291
193.43
209.829
260.937
392.242
264.585
153.027
182.003
210.996
243.714
255.836
304.874
472.516
513.977
360.147
251.182
248.97
449.172
359.495
178.332
199.439
385.347
523.018
452.757
405.866
507.371
244.511
147.745
240.005
302.047
405.352
518.533
290.03
466.647
284.416
188.814
258.331
280.522
386.208
489.895
316.469
934.902
373.094
221.528
249.972
293.66
590.679
944.615
474.23
912.202
431.865
197.003
208.257
221.002
602.708
942.738
513.69
842.698
332.593
171.804
241.36
231.993
482.729
856.359
423.095
625.692
450.345
147.66
164.385
185.283
297.732
589.602
514.614
861.414
352.165
164.889
167.395
132.394
421.191
868.77
449.909
1069.84
447.975
177.552
128.516
176.521
489.211
1071.8
563.55
1176.06
650.209
235.794
237.049
221.591
358.74
1125.15
782.738
1032.53
554.855
229.494
317.574
212.073
377.089
996.342
669.512
822.266
483.438
201.097
236.19
163.754
270.108
784.124
568.158
772.388
442.728
244.995
280.429
211.076
313.126
743.688
519.317
761.121
520.267
346.735
408.528
275.475
379.53
730.954
579.184
754.263
512.233
344.291
427.48
223.017
305.053
724.608
583.704
490.4
559.772
427.256
335.396
256.995
201.409
440.595
567.449
404.797
443.378
270.751
181.041
144.052
214.921
371.359
461.506
257.549
342.329
422.708
423.365
281.293
240.8
242.787
327.728
239.041
208.22
385.766
659.252
424.513
226.315
239.078
206.288
227.663
138.901
177.867
434.173
492.643
386.145
254.891
147.652
637.927
506.82
273.935
398.803
234.415
281.954
592.724
565.558
477.207
267.645
273.729
360.922
332.577
381.646
497.485
289.66
659.186
335.573
284.318
269.185
271.432
438.307
672.946
392.032
901.653
365.597
157.669
109.431
170.453
540.28
926.119
449.363
1067.86
465.47
175.128
172.266
183.308
553.198
1078.1
574.901
892.575
428.188
187.652
266.05
270.85
586.869
918.156
517.146
991.086
441.86
109.281
100.869
209.999
595.427
1009.77
550.672
846.551
401.439
236.392
241.346
188.684
555.252
873.908
463.979
763.828
319.602
96.0284
79.3437
119.303
457.701
791.783
385.89
796.537
550.025
256.31
227.686
233.672
332.747
750.302
634.838
810.136
506.751
176.65
179.033
265.866
380.942
785.809
591.05
886.378
522.521
148.465
163.631
156.984
273.586
842.362
623.258
954.241
498.483
238.771
247.72
257.504
352.963
920.203
611.231
741.399
444.995
233.645
213.457
244.77
378.31
724.488
517.582
475.782
377.696
190.019
212.568
223.973
265.512
458.547
411.744
429.78
399.89
281.026
225.636
258.144
320.896
406.617
416.57
653.844
503.005
281.686
391.83
272.188
278.252
616.556
563.65
427.429
509.352
314.542
333.801
202.603
267.077
388.851
523.204
188.69
201.404
310.448
381.985
344.061
329.771
202.179
180.527
265.705
339.849
472.853
404.809
402.027
260.996
261.415
322.873
408.814
366.528
312.476
230.366
351.895
425.361
393.952
362.134
603.805
350.109
218.384
202.096
161.435
420.455
628.247
383.691
541.643
277.338
183.436
135.519
174.851
397.341
558.383
314.813
364.957
219.353
240.17
223.901
326.562
410.7
385.619
225.416
1126.53
545.007
246.731
182.256
216.464
437.143
1101.16
672.44
911.007
505.868
303.884
242.315
265.32
495.358
915.429
574.72
1161.49
467.411
145.259
120.987
140.642
467.962
1151.41
614.297
1074.81
468.374
166.385
194.927
149.158
391.568
1065.31
594.605
1167.46
511.11
106.646
91.1053
119.07
439.136
1149.45
648.754
1153.3
580.108
225.63
141.133
139.499
408.275
1112.5
719.067
703.469
446.072
243.173
185.967
165.385
258.537
673.199
514.668
712.548
545.077
162.87
175.89
177.671
329.701
666.734
621.558
587.354
379.505
234.661
217.68
216.647
295.629
571.224
426.528
811.532
420.773
186.123
204.717
193.684
278.969
782.94
511.941
509.824
449.655
329.53
315.09
294.423
352.463
490.694
482.332
382.845
262.792
212.965
260.335
245.764
245.86
380.834
288.902
437.782
310.284
205.559
325.983
260.183
160.179
408.901
348.46
636.433
426.706
189.187
188.966
187.52
234.442
604.481
488.359
334.89
456.817
355.181
330.307
187.057
259.404
309.721
456.362
358.83
328.949
329.767
434.461
255.318
230.158
349.536
339.18
315.259
338.584
311.528
227.127
343.683
443.65
319.051
339.138
598.95
291.292
188.726
127.481
206.117
426.613
618.265
334.491
485.228
220.436
174.684
220.68
241.674
380.216
507.372
250.404
615.535
313.337
187.261
222.262
232.474
412.731
630.701
369.099
515.269
309.894
241.578
250.576
219.11
326.512
521.692
343.412
1057.48
502.532
293.66
350.433
246.73
553.919
1059.28
605.225
970.829
449.583
227.41
194.465
226.652
488.883
975.47
553.164
1136.6
483.028
123.814
137.098
163.326
540.7
1134.95
612.842
869.089
379.592
128.256
144.485
106.432
375.735
862.99
479.033
957.224
540.211
205.251
221.404
236.274
372.403
925.476
636.168
598.538
442.74
219.016
361.872
210.073
204.998
559.497
499.891
795.276
466.945
197.676
226.413
166.735
298.02
763.311
550.389
748.028
496.703
215.936
250.302
238.613
298.884
714.551
573.826
600.693
412.161
238.655
245.49
273.96
379.676
568.546
475.565
837.279
431.62
159.372
170.975
167.571
285.242
801.799
535.8
717.698
353.211
215.871
241.47
229.689
285.716
704.669
429.737
514.244
325.055
215.883
315.434
196.957
251.183
504.404
365.588
561.806
437.052
204.611
165.907
115.047
236.24
529.048
489.105
518.045
451.224
430.569
336.181
246.155
343.679
512.534
450.076
458.606
285.656
326.348
264.452
297.474
437.615
494.184
296.348
404.262
262.676
381.095
351.812
324.198
430.103
432.417
269.083
646.226
351.579
200.532
214.695
215.545
299.198
634.403
415.989
607.889
329.835
191.264
180.358
155.739
346.488
620.98
377.269
512.215
279.304
218.546
256.68
176.011
314.296
521.113
322.889
702.517
410.277
193.393
267.477
151.128
355
691.646
482.668
907.333
424.408
191.151
194.441
196.556
390.1
892.034
526.274
795.964
393.789
185.066
215.655
233.711
440.848
800.14
479.451
890.903
422.967
162.48
173.531
161.93
371.562
877
521.221
681.795
353.494
181.39
163.923
136.499
298.78
673.371
418.805
725.792
427.996
256.223
200.887
174.553
238.016
696.425
497.395
779.707
352.951
216.878
175.872
218.421
341.451
765.789
443.11
801.03
399.893
225.54
337.959
219.323
275.397
769.8
499.157
588.153
289.232
170.172
243.217
171.243
247.944
575.682
351.912
576.535
385.53
183.386
227.677
222.217
283.475
555.586
445.97
653.903
445.189
176.74
192.123
189.264
249.625
620.276
514.6
647.95
347.013
316.963
433.7
220.458
226.739
631.684
411.191
554.692
339.129
162.929
311.273
254.219
266.46
538.146
394.775
657.014
374.747
282.448
301.773
289.652
289.637
628.124
446.251
256.689
248.188
446.931
434.485
388.269
221.501
263.764
238.049
386.309
262.962
362.47
425.21
296.607
262.532
388.884
269.238
492.286
257.817
208.243
265.086
251.765
291.399
488.961
294.552
495.464
334.539
186.699
188.58
175.867
368.644
509.869
358.021
629.575
294.812
183.634
177.018
164.821
334.766
639.736
352.764
766.747
341.276
182.907
266.495
222.565
388.338
764.432
421.905
698.545
335.677
154.789
282.017
224.162
421.29
705.64
410.57
861.91
419.76
145.707
193.532
200.694
441.83
861.563
512.075
963.179
461.128
168.048
187.066
173.141
496.044
966.156
565.305
776.695
365.125
102.116
79.4008
122.146
431.552
787.292
444.585
748.249
382.015
125.11
125.574
148.506
389.247
746.008
462.711
672.243
524.622
273.374
431.384
315.533
371.11
624.841
592.929
628.894
389.795
191.22
313.482
308.814
428.283
613.55
456.555
542.133
258.759
200.769
346.625
221.617
244.681
534.786
316.383
717.727
353.894
303.999
329.456
239.482
303.984
704.63
425.736
631.428
338.788
301.513
380.057
282.126
327.743
623.14
398.694
615.619
396.448
236.316
329.288
238.957
308.399
599.587
456.549
805.38
364.22
142.689
233.34
165.523
319.184
795.096
457.76
614.439
292.433
152.074
199.66
218.736
263.93
600.038
364.013
621.237
308.38
238.829
462.553
238.284
250.189
609.117
379.833
606.669
280.55
267.379
230.755
204.206
301.837
607.413
332.262
322.254
263.464
311.544
390.182
221.103
220.896
308.067
268.775
391.364
317.177
343.4
286.473
304.041
374.805
397.258
311.513
692.259
273.633
133.255
109.221
133.043
357.464
701.766
346.471
946.713
411.507
154.084
113.505
140.322
396.841
934.264
523.323
725.547
320.563
166.72
139.699
189.642
318.116
719.145
400.087
689.529
369.764
171.526
167.011
166.194
332.984
677.3
443.887
910.923
503.498
133.811
114.908
139.711
478.482
905.203
600.817
1070.29
513.809
238.216
198.176
150.065
447.016
1053.36
624.916
1151.22
504.126
155.352
172.562
200.572
500.064
1142.28
635.655
736.23
343.667
162.28
188.932
122.619
405.306
746.486
416.86
754.276
376.932
179.316
233.468
209.464
272.594
727.028
469.097
684.591
414.75
217.563
311.316
258.604
396.435
681.1
472.555
659.469
303.823
129.82
139.043
201.793
374.429
664.916
377.02
618.103
291.127
183.442
288.934
230.398
229.184
604.419
362.794
663.753
343.23
218.519
314.299
223.78
336.431
660.927
409.16
544.305
357.898
386.715
494.482
416.249
312.081
529.896
405.267
501.653
423.53
309.167
200.767
161.494
220.602
472.326
449.752
545.844
279.27
256.24
392.44
241.686
252.008
534.496
331.518
551.457
225.318
163.886
276.338
228.569
324.812
552.896
286.746
430.628
319.844
271.274
262.723
186.155
227.776
421.192
352.336
387.492
371.128
245.2
255.644
227.906
393.779
412.328
370.198
499.492
386.432
207.457
190.008
175.764
420.755
529.897
419.819
580.973
514.021
290.882
296.967
183.177
395.803
606.37
533.584
690.146
357.996
154.526
135.435
152.058
431.153
711.91
405.013
713.358
387.331
265.16
197.744
226.745
384.255
711.054
458.957
728.836
419.041
163.283
145.906
151.866
401.762
729.896
483.118
809.484
452.113
182.379
115.766
147.71
444.244
808.141
534.519
1158.7
546.79
136.764
119.214
114.66
379.856
1124.89
690.265
1348.75
684.932
144.482
127.326
163.316
423.094
1297.64
854.02
755.419
438.748
148.703
196.238
145.026
289.805
720.049
518.693
779.951
426.435
204.996
218.39
203.657
335.722
764.499
504.929
498.958
285.603
388.77
684.313
428.165
264.529
492.36
332.015
664.609
364.391
188.195
224.743
298.262
329.954
646.654
434.777
665.654
350.698
223.403
199.14
195.86
262.731
647.514
420.45
586.525
300.206
198.41
178.065
285.992
343.358
593.258
358.742
444.669
358.811
306.797
368.144
325.541
298.019
438.614
375.657
492.186
324.095
323.79
425.036
327.042
296.376
492.835
354.355
497.697
287.469
245.788
292.326
315.716
314.018
507.575
321.49
601.419
348.217
219.965
300.666
281.7
420.96
629.702
379.782
434.362
212.887
118.912
218.109
188.488
256.808
433.044
257.122
522.734
280.436
145.311
145.612
165.58
323.574
528.454
327.737
231.11
312.826
297.134
319.611
267.599
236.303
230.059
298.005
406.799
389.324
257.583
185.894
139.708
219.211
382.71
406.94
596.46
312.629
218.429
223.854
189.124
309.565
593.894
376.693
863.503
404.007
246.219
221.244
230.941
366.333
854.986
498.056
798.556
435.769
208.679
310.166
186.443
290.21
774.703
518.93
728.771
457.371
191.267
234.356
187.372
321.995
707.267
533.034
865.191
433.463
274.331
229.07
161.582
367.283
860.255
505.439
1249.57
530.945
105.515
112.437
107.368
452.852
1229.88
690.078
800.871
470.981
140.385
121.575
126.618
295.583
766.48
560.826
372.513
241.45
235.529
276.231
341.656
347.058
369.057
261.126
631.595
389.749
302.586
302.062
392.339
476.59
636.792
410.11
585.364
430.16
283.551
273.328
319.229
280.555
558.381
474.128
537.628
284.426
177.571
316.713
327.719
360.774
548.037
329.207
494.194
267.382
185.278
283.793
198.463
341.014
508.684
298.115
686.395
341.154
178.363
196.161
261.615
302.827
665.567
415.602
412.525
301.613
302.723
285.726
155.968
232.579
408.636
319.088
286.727
272.719
253.29
293.614
290.693
365.652
300.463
263.537
523.7
324.599
345.762
196.061
295.636
473.792
553.051
316.732
343.026
212.273
152.325
369.667
295.981
235.661
352.146
226.812
450.473
247.59
197.07
181.786
124.239
235.766
451.159
282.946
377.268
240.084
237.397
272.213
201.985
259.802
379.66
257.441
403.656
376.44
167.809
188.845
136.271
268.185
397.135
404.256
336.326
350.556
259.753
209.686
212.064
330.349
340.711
352.438
433.339
409.565
218.858
306.547
280.939
232.577
403.598
444.458
612.251
404.666
191.045
110.861
153.953
300.505
588.659
465.827
878.464
380.949
126.381
203.52
188.079
392.177
873.361
483.112
1059.03
490.216
172.618
169.607
171.063
448.858
1040.16
613.691
1254.99
566.915
173.128
95.2307
100.75
417.876
1225.38
725.01
871.106
527.489
178.392
150.278
136.436
347.029
838.84
622.972
739.59
389.366
178.45
216.996
145.303
247.347
711.123
475.001
1009.59
475.818
158.42
87.6096
142.644
414.663
992.333
594.033
964.061
389.413
169.838
240.914
199.694
410.715
952.309
514.092
564.408
247.781
150.542
252.721
213.533
273.771
564.584
308.805
663.575
340.881
204.895
244.166
168.409
278.08
649.007
408.903
418.277
260.236
215.582
267.559
218.36
244.829
414.312
282.404
476.32
318.369
204.802
194.216
222.284
373.916
481.663
347.901
689.722
347.975
193.481
288.743
268.37
386.46
701.503
391.143
591.299
274.592
295.956
491.117
310.85
409.209
602.885
322.273
535.46
287.817
189.868
325.413
232.294
380.885
547.268
332.791
304.876
316.967
310.567
449.873
357.102
321.682
313.173
308.36
300.978
240.253
206.131
300.141
291.49
315.5
317.634
244.549
483.913
211.888
265.728
460.453
392.954
377.491
502.502
255.074
618.842
261.333
228.109
348.039
260.202
424.46
642.381
324.988
731.74
386.048
220.966
231.439
229.646
255.553
703.589
471.511
798.329
547.58
196.297
170.907
112.613
327.246
762.405
628.208
1228.44
597.036
187.455
161.376
158.543
408.966
1189.46
752.142
1011.45
615.751
246.91
229.543
158.667
315.141
961.204
717.531
829.495
450.95
153.306
182.88
120.107
252.092
778.159
555.662
1120.59
597.9
186.021
96.8154
94.6499
329.14
1075.4
730.776
516.785
321.492
228.548
365.898
262.602
244.926
500.039
375.271
564.148
287.87
323.993
286.202
313.122
258.01
546.27
344.667
770.527
334.544
191.366
267.001
229.094
391.63
771.843
421.469
680.982
353.964
167.974
274.839
259.39
391.322
685.167
426.09
382.155
289.228
191.425
243.611
247.4
260.529
378.004
305.06
462.224
248.329
214.667
390.749
291.142
241.083
464.705
277.85
336.353
316.328
275.873
446.243
369.789
243.099
328.676
322.858
404.857
217.374
243.32
506.016
346.684
325.83
414.852
235.153
456.735
281.526
269.503
279.937
180.483
291.252
466.809
293.284
406.123
327.777
299.418
458.684
322.852
315.584
417.858
335.831
380.433
306.94
320.737
354.066
253.698
275.07
386.937
314.942
496.206
297.555
186.544
276.973
229.542
338.004
499.209
336.422
314.82
270.247
200.939
166.545
176.596
241.92
320.057
279.288
561.394
259.122
179.143
230.148
203.324
264.379
554.407
323.852
892.118
422.946
179.958
141.358
136.312
306.181
870.713
527.715
1033.54
560.569
196.51
253.622
172.75
320.511
989.924
685.26
921.849
567.456
298.774
320.74
173.567
307.78
867.64
669.726
900.79
552.474
171.575
164.196
107.233
364.039
869.298
646.173
665.157
345.176
193.621
171.923
169.607
228.691
631.892
422.373
942.87
691.36
197.09
110.1
103.814
333.775
880.523
793.522
701.842
458.69
220.67
208.12
160.563
322.866
674.18
528.779
391.185
268.626
365.165
477.319
261.714
237.67
390.173
287.597
590.809
319.047
157.58
305.144
268.281
357.346
597.71
377.177
391.34
230.27
263.1
412.168
256.82
220.234
389.15
257.359
513.652
261.322
230.371
305.793
333.044
338.496
520.279
307.228
375.192
219.81
231.125
396.054
281.036
269.105
390.788
240.887
382.628
238.43
310.05
355.305
267.835
262.616
391.472
258.669
521.252
281.164
323.96
407.694
287.05
327.913
536.29
306.051
501.272
312.336
408.464
563.93
332.147
379.332
518.166
332.684
546.569
248.874
125.779
149.625
200.398
442.847
580.851
292.907
392.752
245.304
217.092
398.654
299.773
291.568
405.791
266.006
413.322
342.257
324.537
346.454
300.298
457.913
433.664
346.573
324.342
246.114
230.546
161.854
226.348
252.184
328.953
251.035
569.707
402.561
206.354
209.362
249.067
348.421
550.26
459.05
673.564
467.703
213.33
143.344
135.346
286.497
630.721
534.682
709.672
658.083
276.276
197.218
171.29
333.367
644.12
720.281
643.02
476.238
224.788
77.3373
111.69
235.806
610.302
520.986
821.182
551.363
167.688
147.711
138.216
314.275
779.111
638.286
534.286
454.924
269.618
252.242
189.541
248.648
500.321
484.385
1148.87
602.213
163.662
146.719
146.749
337.767
1099.73
743.577
