557.03
589.461
506.007
371.035
240.922
273.152
511.124
604.491
596.837
821.072
563.744
294.119
265.069
411.99
536.047
817.139
559.509
633.658
468.867
288.11
298.57
358.885
522.731
644.085
451.059
656.751
543.766
338.581
212.076
326.724
410.552
645.372
210.971
541.832
670.655
496.288
240.371
271.237
183.672
474.515
261.421
301.533
481.649
668.095
431.009
211.684
261.839
280.133
151.923
196.433
280.759
388.895
263.073
191.84
156.998
177.39
234.163
203.972
293.852
457.179
237.469
143.992
227.139
210.004
95.7019
114.063
181.884
347.132
296.883
169.959
98.7064
110.636
149.232
127.142
292.746
644.62
444.271
201.263
154.059
132.642
158.078
151.253
221.993
491.505
563.119
340.093
176.557
151.524
268.444
268.769
271.567
338.753
561.391
583.42
305.333
234.819
361.844
232.126
312.453
330.697
482.229
526.823
399.235
233.666
483.15
355.781
261.729
320.16
430.34
474.806
505.281
365.704
697.127
390.919
241.212
263.425
465.352
762.379
748.608
426.325
711.472
475.739
246.107
243.917
452.378
730.263
751.417
516.844
997.404
449.992
219.281
233.251
322.507
813.536
1062.9
528.804
996.259
446.86
251.958
189.707
309.684
831.543
1070.13
519.175
1165.77
436.363
198.249
126.836
243.705
737.839
1208.83
543.466
894.9
406.492
207.254
279.295
275.805
694.422
953.533
462.785
636.069
624.123
234.704
233.506
186.5
306.158
574.622
676.962
409.276
451.926
455.258
310.831
241.42
246.42
387.345
444.59
621.286
685.373
452.215
227.497
173.597
243.67
562.354
715.212
485.9
787.329
709.083
283.738
296.579
294.855
418.566
744.141
341.942
580.933
707.5
477.647
288.128
210.829
298.861
543.63
209.662
430.335
641.79
617.929
309.068
233.114
205.457
380.937
155.06
232.712
397.545
417.707
430.974
234.83
148.494
208.31
160.282
156.079
191.036
249.068
198.125
148.268
165.187
151.584
195.228
135.861
196.662
317.147
242.724
151.765
199.436
141.816
227.205
229.052
208.419
582.783
506.436
310.483
228.665
239.754
271
212.875
198.724
446.522
540.827
447.416
295.708
212.71
190.421
190.649
228.48
326.909
467.984
420.944
208.173
188.269
385.306
257.373
242.7
266.204
500.606
611.449
431.559
265.232
505.019
316.894
155.945
150.533
281.734
584.629
549.177
329.209
682.26
369.95
143.768
130.351
274.61
660.521
736.93
421.888
549.121
280.324
182.516
133.937
302.2
670.576
606.676
289.914
976.953
463.825
193.507
147.453
287.431
830.502
1051.48
534.632
1152.88
468.514
155.337
173.758
209.699
725.807
1196.49
580.042
1268.67
495.358
234.24
112.763
239.032
716.846
1298.93
621.41
810.452
418.666
156.129
172.31
159.95
562.212
855.923
464.299
528.879
488.652
249.474
268.943
156.959
227.323
475.09
526.535
765.811
630.317
312.943
277.355
199.378
300.763
700.797
697.661
709.689
692.605
395.268
195.261
161.694
302.335
657.289
727.22
540.188
656.593
446.909
299.602
243.1
378.465
495.587
667.885
405.821
493.436
487.938
390.867
320.29
242.318
373.473
492.556
275.167
400.976
423.215
382.633
302.248
260.386
262.796
373.195
218.823
214.364
267.894
318.547
247.141
155.655
207.292
216.521
228.915
187.808
381.698
583.316
376.641
266.044
236.021
173.767
139.819
129.379
278.059
645.241
472.62
199.141
138.899
130.04
180.722
142.113
229.572
502.861
473.36
286.347
189.406
142.257
270.854
230.695
214.594
435.836
507.645
398.142
272.106
247.169
318.456
216.106
287.131
377.411
540.753
503.396
353.539
224.858
400.997
327.12
251.992
342.699
559.853
581.671
424.464
334.575
535.764
228.037
176.561
166.94
285.243
515.58
577.24
274.862
513.235
299.147
251.722
293.126
400.692
558.808
543.58
320.802
757.965
401.843
217.274
147.346
282.509
620.908
784.764
445.012
1024.34
456.706
208.3
137.746
273.474
736.909
1070.43
549.72
1178.23
430.303
186.19
152.046
249.31
604.597
1199.61
566.475
1023.61
384.648
150.161
170.033
162.62
539.683
1046.55
490.763
1114.41
453.036
140.409
126.203
137.57
466.978
1107.61
589.306
758.892
624.047
216.283
172.695
184.148
296.447
688.955
701.568
1092.76
951.935
424.529
182.366
184.024
370.925
1003.39
1040.94
938.955
670.173
258.739
202.512
154.555
265.049
870.042
768.701
713.715
734.037
344.73
157.252
179.984
423.236
654.395
770.265
554.943
727.806
472.002
237.591
222.772
285.334
490.324
731.27
410.176
544.136
524.195
313.912
173.161
231.444
370.872
517.952
222.615
332.871
351.017
283.935
220.583
202.405
205.124
318.856
135.734
158.397
378.038
566.696
327.244
125.261
128.619
151.808
96.5761
111.86
284.239
565.759
418.655
174.729
98.5206
107.248
255.559
163.798
230.869
471.018
437.552
276.351
267.927
166.423
250.198
306.984
323.948
322.149
579.427
383.657
256.869
293.817
396.642
299.726
308.428
334.709
346.259
323.119
392.073
320.813
438.029
351.642
223.001
256.198
403.543
510.685
470.792
362.715
504.084
328.536
213.627
206.097
328.569
512.265
536.066
344.497
605.54
337.311
237.346
239.139
301.857
597.266
645.244
359.892
949.411
478.002
190.143
92.8447
247.854
668.558
981.792
564.145
1152.52
510.952
205.7
178.754
248.232
706.445
1176.53
614.717
1040.27
359.939
173.877
222.185
214.501
630.335
1082.67
466.474
1046.11
394.826
155.901
212.685
157.614
523.87
1062.01
514.295
644.696
255.53
101.503
88.9123
133.132
294.878
646.906
322.398
1067.97
610.135
201.178
245.557
188.325
326.645
1013.17
730.289
570.795
479.915
254.176
216.249
181.637
304.713
536.024
529.6
893.128
697.467
233.564
227.885
170.195
344.974
830.696
789.214
600.769
524.811
280.683
302.775
287.192
426.884
570.819
562.091
422.997
384.482
251.575
205.425
147.392
221.344
400.173
407.742
336.355
500.942
440.933
302.97
244.763
272.564
306.92
483.095
357.629
421.809
413.979
408.254
245.334
225.97
330.089
423.737
98.6555
141.819
290.531
425.323
323.921
156.701
98.5805
124.931
153.609
157.951
240.348
516.637
403.693
184.209
160.326
155.48
182.66
168.258
341.326
496.953
468.274
287.657
185.364
155.156
374.322
238.821
234.602
288.485
394.268
272.921
366.735
258.731
382.855
337.717
180.606
129.485
218.17
468.128
414.783
348.257
474.355
300.527
154.181
130.749
213.993
390.896
485.291
330.194
564.267
300.869
233.846
187.447
269.355
546.971
596.334
326.177
788.698
397.297
218.176
156.056
259.7
621.42
819.084
438.873
847.52
410.84
130.353
111.573
180.714
600.829
889.154
488.195
1033.89
434.395
212.017
161.745
282.282
723.826
1071.2
535.142
952.057
371.713
138.524
171.367
173.021
489.881
963.008
473.762
866.698
343.182
144.377
144.44
158.537
445.816
884.086
430.771
1027.67
452.04
129.57
143.933
159.424
378.72
1011.4
578.851
825.567
589.211
222.306
274.444
205.658
374.76
777.551
677.899
781.885
497.458
212.138
264.536
184.217
264.812
724.898
593.126
1081.96
734.93
283.616
160.675
164.516
380.946
1024.41
836.947
720.998
548.396
259.537
360.042
234.749
286.892
675.758
619.244
448.508
398.183
272.476
251.987
285.297
411.33
453.911
404.749
583.177
483.387
276.268
187.603
183.924
228.24
546.189
530.951
431.842
336.643
248.617
293.057
237.049
379.093
438.56
354.461
273.508
222.745
269.528
307.191
250.582
177.383
273.058
224.568
248.352
261.735
304.482
457.734
274.559
192.676
239.429
260.491
289.272
228.021
214.405
290.061
164.682
159.379
283.242
240.657
226.35
161.696
254.914
383.688
419.868
332.476
246.931
161.26
342.031
169.763
229.127
285.26
370.335
389.58
363.563
182.266
428.416
299.298
242.827
337.404
334.984
443.704
457.987
309.883
658.828
282.239
245.971
206.554
311.529
552.507
687.721
335.495
766.75
348.425
202.027
272.023
233.663
516.927
793.533
420.75
860.013
477.861
339.476
285.716
293.348
586.625
878.701
536.235
788.482
362.62
235.873
174.082
266.498
652.292
842.597
415.359
1155.14
533.685
133.144
128.727
84.6612
384.632
1127.16
674.369
1142.17
477.483
130.969
149.003
103.864
450.645
1135.04
617.321
711.457
322.489
123.816
143.003
109.543
295.947
714.922
384.911
929.76
647.839
295.638
264.112
296.128
358.823
874.432
724.014
828.26
540.742
217.97
203.682
245.667
397.883
786.31
632.53
572.564
450.576
314.988
380.581
299.119
365.948
536.568
508.067
736.692
493.467
213.455
170.999
160.628
240.43
691.731
567.989
770.015
577.462
231.529
313.776
207.777
322.213
729.345
652.342
549.023
281.478
280.519
305.29
325.933
405.519
549.681
321.599
436.245
447.862
375.111
294.035
269.674
396.098
443.579
450.074
282.125
218.904
214.493
254.451
284.862
213.608
281.364
232.729
165.767
191.027
323.123
530.455
286.942
209.087
169.222
181.246
201.093
200.383
246.919
539.422
467.116
257.187
195.001
205.736
226.736
180.032
315.162
347.779
500.569
344.849
230.459
176.563
438.299
289.077
153.07
165.649
342.086
585.351
482.08
308.94
524.406
243.721
159.879
211.457
232.972
429.483
547.374
289.964
540.985
334.396
282.75
258.455
239.092
430.577
543.766
367.223
827.045
419.956
229.977
176.327
220.104
568.887
857.593
482.198
991.376
440.889
120.175
91.1106
171.907
515.238
993.459
555.811
888.683
422.048
209.544
184.587
197.726
566.986
915.21
495.203
1123.2
511.61
96.2726
127.652
125.135
379.201
1096.58
649.661
671.219
324.787
175.554
134.842
98.3171
416.448
693.036
380.901
664.966
291.986
153.583
120.317
98.8662
345.326
674.564
349.288
948.576
612.13
213.347
213.127
173.523
328.154
888.114
717.372
811
545.418
233.331
414.582
309.266
375.596
760.502
632.165
1011.25
485.068
194.782
221.207
212.746
362.516
980.262
611.463
770.533
517.12
231.11
341.762
201.922
368.312
741.213
595.518
409.865
372.219
308.959
474.098
355.772
243.213
387.407
384.499
527.659
517.21
266.17
238.514
282.165
312.454
487.847
549.21
362.114
339.165
263.348
287.478
270.228
285.838
351.649
345.581
476.968
585.705
474.314
242.524
233.351
245.424
427.792
585.235
307.614
335.637
323.595
318.224
217.227
190.979
289.171
340.042
143.204
245.479
406.687
628.304
380.758
164.344
139.514
216.046
302.931
183.643
239.143
361.568
453.435
358.208
313.727
200.415
415.609
397.525
460.135
433.201
385.56
302.554
392.027
422.647
308.641
178.616
230.352
270.967
265.95
324.967
327.171
187.31
529.266
359.92
303.539
281.535
298.679
443.519
538.49
372.505
963.783
353.414
146.381
136.162
184.6
536.386
979.193
459.694
784.541
369.33
243.296
267.461
228.687
481.713
795.327
449.005
994.785
452.572
121.461
125.504
159.959
533.621
1002.37
561.682
1194.78
474.882
95.4998
85.5121
158.624
490.868
1187.03
626.197
955.141
411.995
230.819
265.113
184.005
423.728
950.798
518.306
805.429
346.604
188.565
193.19
196.006
352.873
803.789
430.518
765.092
572.962
189.511
257.65
191.711
325.246
706.366
657.265
814.977
442.783
146.225
260.11
230.326
384.365
802.559
528.43
889.222
539.706
210.866
131.584
153.199
295.408
850.179
627.869
997.2
546.259
191.538
144.676
134.996
299.95
951.277
663.768
721.752
527.349
252.702
401.263
369.592
376.63
686.557
598.44
731.901
513.333
269.575
453.759
307.005
319.678
701.102
584.048
564.901
399.051
226.065
177.388
161.771
345.159
552.729
432.135
441.865
316.903
240.134
458.065
344.22
225.616
422.79
358.168
476.686
594.944
298.983
227.522
173.074
255.185
418.832
606.108
309.675
237.953
248.738
542.348
462.556
279.164
298.569
263.429
328.823
329.72
356.557
255.345
438.449
453.39
317.366
317.675
328.579
304.698
303.114
344.821
276.774
400.597
353.439
311.694
500.884
226.722
219.518
236.91
196.856
320.463
507.744
270.348
654.397
330.45
187.161
188.876
193.02
410.588
666.05
394.495
321.677
275.855
166.875
136.541
148.53
213.854
322.023
287.478
846.696
532.273
359.548
301.074
263.882
405.848
830.075
611.609
831.191
377.163
196.363
136.312
167.016
369.999
820.576
471.026
1022.23
437.89
134.943
131.036
93.8202
402.764
1012.85
562.166
766.635
364.231
135.838
117.538
145.745
392.802
776.547
440.933
944.973
398.58
150.16
133.451
122.344
412.814
941.249
510.743
807.929
377.403
145.224
254.923
178.732
364.662
800.55
464.174
551.121
401.98
237.825
256.324
211.867
337.464
537.736
434.955
683.299
445.857
160.658
215.962
241.069
298.007
655.906
517.437
707.417
384.339
177.94
405.996
268.777
338.53
698.18
460.31
707.961
450.395
266.622
399.512
243.196
275.818
673.505
520.375
552.495
503.781
209.676
186.993
218.895
479.506
524.993
555.925
450.873
313.82
231.171
510.991
315.051
216.422
435.852
351.793
507.191
303.911
144.417
251.891
199.717
248.634
496.849
354.741
449.473
314.555
187.724
209.242
183.668
259.146
446.635
350.835
246.457
292.667
372.432
466.013
390.741
251.281
225.302
294.295
449.667
438.093
346.26
311.625
253.824
252.087
426.309
467.697
345.134
277.002
249.584
151.761
223.123
293.849
351.167
290.985
429.911
301.751
255.855
221.112
205.62
410.91
455.306
307.118
588.687
310.252
168.766
177.715
236.886
441.878
609.794
336.393
558.456
327.312
222.536
245.537
221.835
285.136
553.062
366.306
686.586
373.213
180.382
216.821
157.523
317.174
676.375
445.151
859.82
430.644
178.067
236.733
218.726
504.335
863.387
522.702
824.197
414.119
142.065
198.238
144.684
485.695
840.744
491.794
781.796
369.253
103.442
144.353
181.898
430.181
788.859
454.953
632.056
297.444
88.95
79.7916
91.3393
299.474
628.438
367.38
744.67
380.139
211.144
403.016
285.982
286.25
725.674
462.041
700.43
436.933
240.074
291.434
263.613
223.638
658.667
514.992
656.312
372.387
212.932
289.914
205.85
265.784
635.12
441.393
666.374
485.133
194.324
233.794
153.665
263.04
629.756
552.574
676.551
432.026
187.179
274.691
242.674
353.834
650.619
504.674
674.886
308.179
138.119
202.5
133.557
251.932
661.19
391.415
706.178
404.015
212.481
236.565
252.782
364.468
693.267
480.095
644.985
378.831
140.075
135.112
141.866
210.092
616.62
446.417
349.368
420.198
285.572
231.265
234.152
213.6
327.751
427.846
272.467
320.223
377.027
396.91
255.304
280.443
279.969
316.904
234.654
230.632
502.28
421.781
338.066
274.609
248.844
186.139
430.469
227.5
219.057
211.571
280.731
308.513
436.58
259.356
520.198
308.548
193.917
351.097
168.595
275.975
517.228
351.085
586.903
360.005
130.126
174.333
130.994
293.351
578.369
417.473
394.198
210.537
246.171
261.148
236.946
227.424
387.714
244.828
655.876
349.188
143.446
240.735
166.757
294.82
644.849
420.165
848.356
511.487
188.651
119.718
144.078
407.965
833.048
597.157
921.677
432.785
181.517
160.483
146.419
473.483
923.244
532.357
867.397
386.113
133.398
217.1
130.199
358.383
859.565
488.108
971.611
416.766
124.944
113.193
119.942
381.883
965.368
531.917
906.166
432.038
121.714
257.287
146.208
291.031
877.225
546.925
778.584
353.133
162.149
246.908
157.109
292.39
761.862
448.719
546.21
318.227
224.407
204.856
168.868
248.543
531.862
362.696
561.359
308.534
219.559
227.096
217.714
282.958
551.059
363.3
527.188
434.493
211.552
179.811
200.024
209.156
488.963
480.212
615.699
334.242
137.729
133.36
117.184
252.885
598.057
403.074
636.099
397.368
274.848
405.733
201.286
299.298
620.19
458.134
631.118
324.156
188.655
414.223
262.141
249.095
611.84
396.894
539.828
361.609
362.616
297.509
194.529
246.323
517.81
394.624
268.011
352.841
449.183
405.996
389.572
257.689
276.134
331.904
346.135
276.871
221.998
287.816
234.296
294.363
350.908
281.992
436.437
323.506
231.146
167.407
224.974
211.041
417.593
351.17
516.896
249.524
150.309
159.644
152.127
309.939
527.374
294.542
797.711
330.165
206.702
249.645
198.351
360.104
801.31
419.532
742.338
347.468
228.157
282.866
161.04
349.076
742.272
418.394
505.761
275.675
252.509
248.038
279.377
324.617
502.598
315.812
852.939
439.218
175.908
144.372
181.632
450.479
856.187
527.347
1248.43
506.079
113.676
90.7771
117.292
496.729
1236.44
664.986
818.456
342.326
79.1639
113.455
133.645
457.086
831.937
434.745
1098.99
494.433
142.577
160.43
140.812
404.015
1077.84
630.608
590.509
461.31
230.258
369.905
237.812
257.32
549.021
514.01
622.341
362.35
267.48
372.079
310.098
405.042
603.796
423.328
546.75
369.67
205.146
290.97
226.268
218.792
513.103
423.396
699.708
341.147
344.84
416.308
280.452
278.224
683.064
417.691
531.43
340.303
218.517
343.225
238.578
288.364
519.111
390.46
654.853
351.528
161.352
231.682
237.399
383.932
658.491
410.511
651.198
414.132
228.447
266.487
198.962
298.728
632.711
477.801
614.047
289.434
168.359
187.426
233.355
262.803
604.302
359.664
512.386
267.352
214.252
345.778
260.672
301.749
514.732
313.428
392.28
185.521
170.602
197.186
202.214
273.887
407.186
216.768
361.001
391.338
272.197
416.069
238.221
272.075
374.184
388.918
608.91
320.877
178.084
156.846
227.945
427.28
613.167
365.727
735.213
313.878
126.277
87.5985
96.0387
292.271
730.024
400.546
634.731
293.005
193.65
151.376
158.607
342.487
640.673
353.737
630.768
332.141
112.956
153.786
171.48
358.116
636.427
392.486
864.774
419.662
261.005
159.138
135.497
355.27
853.701
508.426
789.868
362.915
164.863
126.907
165.484
388.511
784.457
444.895
1029.85
486.521
240.098
215.176
230.544
475.561
1023.12
595.663
1228.18
524.928
119.166
162.237
137.55
444.133
1208.67
679.752
1066.37
432.099
146.679
118.682
119.019
447.446
1058.44
561.437
659.873
389.671
177.957
210.533
141.281
365.5
657.985
446.74
654.519
304.499
196.863
247.088
250.446
349.565
658.014
368.357
684.247
324.198
179.464
160.473
164.053
269.36
665.667
402.805
592.127
275.616
161.125
355.514
245.401
235.159
576.471
344.092
493.489
278.487
324.598
421.033
360.11
262.406
489.529
326.206
435.749
291.015
324.318
387.092
252.991
340.251
439.557
305.3
528.122
447.707
363.886
293.914
191.37
227.009
492.258
482.232
622.13
267.406
299.915
425.501
247.238
298.337
619.177
331.751
461.838
216.589
162.344
209.914
187.977
320.803
475.277
261.519
438.913
204.89
196.879
274.726
183.291
252.098
439.161
242.311
348.885
380.482
246.177
260.128
162.299
268.25
344.208
394.271
404.526
336.577
240.786
422.69
218.096
300.022
414.336
361.559
503.266
439.653
271.422
203.359
174.45
312.585
508.809
460.741
692.871
293.04
155.813
127.005
167.684
408.073
706.736
363.117
766.47
331.157
131.012
141.298
142.015
382.658
770.782
413.866
619.825
277.994
148.617
133.262
162.338
349.081
621.212
336.658
854.386
405.029
126.925
197.779
140.745
407.759
849.462
504.211
937.056
500.561
179.122
244.613
152.831
392.622
915.882
602.833
1216.2
592.93
117.639
113.091
125.061
401.679
1178.5
743.701
1014.05
475.951
125.84
170.265
141.11
348.657
987.766
602.181
699.352
302.508
244.433
262.433
299.447
510.365
730.795
359.226
709.834
416.263
204.44
318.875
310.373
259.773
678.558
492.006
755.262
313.563
155.648
143.433
214.249
344.197
755.967
398.687
696.596
409.131
234.157
229.581
187.057
324.633
676.92
484.812
427.273
229.286
241.297
343.239
384.724
329.754
435.139
263.184
378.097
276.637
225.284
227.972
203.031
334.349
393.835
286.624
398.025
319.612
304.793
310.912
215.133
265.393
396.51
325.739
558.665
338.315
247.444
269.918
306.956
376.186
564.974
372.532
558.452
301.987
329.201
323.973
292.783
311.249
555.502
337.454
415.519
215.733
171.536
213.974
198.797
288.982
422.58
253.766
440.433
251.72
185.319
157.993
183.182
330.02
459.169
273.532
450.356
246.227
200.318
429.718
249.517
235.047
449.263
280.848
484.153
348.262
292.88
198.872
184.811
181.233
460.835
385.574
696.684
283.14
153.975
200.87
191.905
374.791
705.591
351.727
1025.52
499.464
268.391
207.352
202.841
371.828
1000.22
617.526
675.243
396.672
208.91
249.433
143.392
225.891
644.378
466.445
767.015
392.805
152.505
219.449
165.393
260.882
740.372
485.017
741.9
450.689
190.402
121.253
155.167
380.673
725.717
518.829
1077.94
487.665
121.34
100.933
90.6241
366.301
1052.71
619.177
932.055
490.76
157.255
164.317
107.713
290.83
895.543
595.047
475.174
242.469
134.823
239.155
351.912
375.293
473.215
296.354
762.812
394.977
379.955
386.377
420.696
324.361
745.678
468.013
650.688
371.368
197.564
282.85
297.944
349.059
628.523
438.606
204.571
175.78
282.41
523.514
373.008
238.098
219.782
170.378
609.531
364.009
288.904
382.538
245.867
282.869
601.993
402.656
464.057
304.421
173.77
227.968
189.147
199.663
446.488
347.731
459.879
215.928
200.141
275.437
251.097
248.028
458.418
257.073
289.928
265.015
298.038
313.755
322.12
386.721
318.376
265.769
478.764
236.691
164.478
191.442
201.969
302.831
489.256
281.681
237.433
170.357
212.696
361.86
253.699
205.426
242.18
181.896
329.32
216.01
155.53
200.586
209.227
238.988
332.984
234.551
363.581
227.89
145.979
287.28
192.249
270.985
374.587
255.44
317.997
256.781
205.39
289.83
170.452
178.823
307.978
268.664
312.589
274.638
224.849
340.505
198.615
204.776
306.626
282.132
463.901
330
182.819
292.502
295.892
219.655
440.296
372.817
548.11
289.293
167.595
159.467
200.089
193.465
523.192
354.977
910.473
454.459
153.643
194.928
158.041
322.877
881.079
562.576
693.578
382.49
153.744
129.147
183.139
399.66
689.844
452.552
920.25
437.69
146.606
89.119
145.387
352.448
899.778
547.718
806.35
561.76
177.787
113.791
121.193
312.105
766.31
645.529
945.896
475.59
128.771
152.152
98.5166
301.044
911.667
593.257
962.381
421.362
194.958
185.285
168.691
392.808
944.522
542.965
860.803
403.99
156.45
154.311
152.48
345.429
844.053
506.604
471.716
235.227
185.268
253.522
217.728
315.895
484.592
277.493
534.544
246.411
152.416
213.424
200.93
227.271
523.35
308.928
351.173
201.471
168.1
186.757
154.414
242.695
352.728
226.849
442.123
193.733
196.424
341.799
256.518
264.664
448.498
232.173
641.35
335.558
310.003
414.36
251.282
477.984
656.939
364.087
611.775
414.047
332.144
437.401
274.391
434.321
623.539
445.491
474.928
334.056
189.551
196.803
199.902
420.334
508.379
352.53
271.383
177.675
276.174
500.169
428.178
313.539
292.853
198.69
384.884
405.046
253.139
387.989
345.775
438.866
399.041
414.886
509.24
309.212
231.999
261.158
274.847
469.278
538.983
332.015
781.323
344.615
290.178
205.445
235.986
448.004
787.875
413.356
668.744
415.807
205.029
232.318
178.753
303.036
652.263
479.956
760.525
461.957
247.663
251.87
171.394
260.498
722.811
544.014
1198.69
558.805
113.265
104.894
83.5626
378.141
1162.57
711.61
876.651
541.554
203.786
251.642
150.059
308.531
837.75
635.127
848.539
479.664
156.248
151.12
123.598
293.141
797.714
586.15
909.865
584.697
141.287
76.8089
98.1471
364.914
870.968
685.439
596.554
281.84
145.271
226.22
165.188
237.638
585.558
351.914
453.508
243.014
280.731
312.148
268.101
256.082
447.537
282.008
651.95
348.206
227.449
254.592
199.443
385.655
656.91
411.68
784.656
332.296
166.357
317.382
251.324
298.88
770.769
431.489
261.663
255.302
242.365
279.52
191.089
201.387
258.708
257.786
389.136
184.283
203.99
352.324
272.412
230.511
400.527
208.785
379.621
336.812
227.154
232.259
351.038
378.966
386.309
341.792
404.673
243.679
225.302
289.286
194.17
237.548
405.8
270.95
347.915
196.928
361.655
608.46
383.307
316.331
364.799
196.605
359.761
224.791
265.978
447.65
309.754
278.55
366.462
247.598
255.276
196.958
194.864
260.341
203.664
246.595
268.267
197.875
354.999
364.408
309.36
335.421
242.703
400.728
376.39
361.154
287.119
194.416
175.278
171.249
200.8
326.115
310.231
197.606
621.337
298.984
188.022
220.211
188.553
297.769
612.364
361.928
747.773
444.416
135.153
111.705
103.797
285.871
716.094
524.615
906.135
567.722
223.279
223.049
160.313
302.668
851.583
669.347
911.049
513.127
228.508
209.667
170.206
298.857
871.201
614.241
1010.23
503.303
141.718
174.121
109.51
310.152
978.477
623.565
794.636
460.222
175.562
145.55
111.73
282.984
755.771
550
1003.36
598.149
183.991
128.937
140.102
307.757
947.758
714.688
553.202
426.752
210.932
142.281
155.065
271.873
517.067
482.931
550.743
346.579
280.004
345.17
200.231
319.997
549.607
386.649
463.284
267.678
273.886
495.02
367.066
275.291
464.658
304.847
487.418
245.195
313.214
411.223
237.019
188.133
477.607
293.821
340.585
222.898
272
400.263
272.29
258.975
348.854
233.831
386.252
294.712
329.751
484.271
314.777
251.461
394.2
307.269
463.954
277.641
206.771
228.219
172.152
293.825
468.548
310.447
509.804
219.599
232.758
321.342
241.915
349.275
519.387
264.131
546.034
381.852
290.49
411.101
235.115
378.046
573.502
399.522
519.246
244.586
177.746
276.869
227.995
336.507
526.184
292.662
318.044
275.382
273.189
472.204
293.051
298.351
318.847
281.626
267.35
201.881
203.61
228.304
252.157
295.078
284.284
211.954
459.405
249.259
206.091
203.94
152.135
226.566
451.463
290.919
390.24
271.687
202.054
282.329
196.062
206.207
370.967
304.507
702.831
512.599
204.066
127.505
128.596
283.56
651.732
584.53
644.369
620.018
233.567
134.044
133.426
363.765
594.327
680.992
679.065
422.805
215.643
144.152
159.358
343.623
669.279
484.282
838.434
530.358
153.242
82.6396
116.12
316.895
802.093
621.24
710.362
585.34
255.678
216.646
198.315
331.74
660.077
652.841
728.132
478.238
158.954
152.528
136.165
290.885
693.853
559.808
268.544
159.582
176.35
375.72
241.428
219.84
272.204
182.628
405.654
243.721
239.835
322.243
190.429
178.158
387.984
284.907
651.187
291.334
221.253
275.743
206.908
277.622
642.106
365.201
691.011
342.539
157.004
225.338
249.29
436.624
706.82
407.905
667.907
270.729
140.392
251.299
229.094
359.091
671.836
348.153
740.418
330.285
229.142
246.013
251.274
293.083
732.018
411.521
634.218
281.247
167.793
177.614
143.768
294.644
639.569
343.344
485.587
263.841
247.919
323.129
308.233
363.702
492.237
295.832
478.903
217.987
191.322
303.69
250.661
342.299
496.812
253.52
428.041
205.289
212.698
254.29
266.217
259.808
439.534
233.577
501.27
244.264
126.708
156.089
175.619
348.28
515.612
288.512
358.681
206.329
243.603
161.427
293.128
448.98
391.798
208.767
282.085
229.673
201.007
266.227
244.346
344.365
305.443
233.719
302.123
321.589
279.337
330.63
208.972
209.979
286.691
318.825
327.311
349.39
260.563
277.801
254.913
207.169
299.201
360.058
554.954
613.879
317.025
153.881
131.703
270.102
494.269
642.16
557.84
465.682
131.432
105.704
105.841
253.078
504.157
523.934
831.678
553.166
200.985
136.284
132.321
343.2
801.202
636.621
923.313
454.25
151.502
120.401
99.2749
293.899
892.998
566.379
1044.28
495.808
119.281
107.422
127.327
379.764
1019.68
622.703
