41.0565
34.9045
38.2337
56.6832
52.4451
33.103
40.6056
35.8469
499.664
505.996
320.735
249.582
188.671
265.642
469.926
526.524
201.463
223.896
194.811
153.827
131.172
170.688
201.461
218.597
169.103
247.447
304.695
234.819
171.619
158.592
170.368
230.103
220.129
235.25
338.134
211.889
155.066
183.681
226.037
222.697
235.634
206.484
280.839
251.883
150.88
178.456
232.456
201.983
231.309
278.989
357.061
238.564
191.178
212.666
228.704
251.013
218.867
406.877
459.869
272.561
220.218
203.555
192.023
373.556
404.219
305.437
288.634
224.8
150.748
211.737
382.257
331.96
285.945
335.31
368.789
279.766
209.421
203.508
273.227
330.867
396.883
434.072
562.089
398.369
246.057
219.668
396.966
413.289
171.446
410.709
560.815
454.439
230.623
194.925
159.1
358.779
223.005
226.929
417.941
548.971
306.983
255.412
236.098
204.892
202.187
259.629
480.809
663.699
346.082
176.963
201.421
233.481
157.567
221.257
400.173
481.53
400.049
285.788
164.676
197.07
196.895
154.182
323.727
853.814
517.227
210.867
196.885
157.371
153.598
173.701
268.183
610.191
527.401
216.326
151.958
169.838
315.389
259.811
355.85
494.558
553.634
302.101
313.969
263.64
422.963
307.48
282.436
284.451
485.838
470.675
418.73
330.229
195.298
220.591
387.066
510.608
590.592
333.222
197.876
201.078
308.386
191.296
115.178
129.989
157.9
237.291
316.913
209.389
430.883
275.5
170.313
179.985
198.458
283.206
430.911
308.576
196.216
297.53
314.278
183.504
239.693
183.918
197.432
278.852
194.792
306.71
318.773
244.022
179.208
183.165
191.517
281.164
186.224
252.315
305.543
210.272
157.521
129.473
172.729
247.363
167.312
268.925
357.554
273.929
211.588
151.242
155.92
249.32
181.993
273.92
364.982
296.914
240.653
209.647
179.542
252.188
200.903
429.535
472.016
301.943
180.937
236.786
185.717
385.077
403.032
296.491
331.143
246.831
195.376
287.869
390.67
302.468
390.642
341.22
510.14
332.332
308.854
189.574
386.276
329.396
297.047
370.878
446.267
352.721
230.062
170.283
273.872
360.355
198.07
389.056
590.179
395.109
233.726
232.577
183.659
342.16
374.835
327.624
515.255
733.798
401.43
254.91
358.409
350.003
259.506
287.683
470.291
513.098
276.214
172.259
245.276
277.446
133.791
196.953
614.621
902.875
467.063
144.415
127.848
170.215
205.175
173.57
386.813
834.139
617.762
229.597
204.077
176.551
153.763
158.477
316.505
662.439
605.272
289.139
158.494
137.599
317.285
230.211
391.232
731.154
725.578
375.053
319.61
238.041
269.139
176.28
297.472
671.875
605.611
258.158
263.043
194.638
330.608
268.93
326.885
484.937
484.129
368.057
330.738
285.492
521.294
490.651
277.729
192.784
168.235
276.809
493.801
518.461
238.524
231.575
142.854
81.4296
105.131
207.897
234.491
233.144
159.296
360.715
386.037
246.288
242.424
240.336
146.984
314.819
259.626
295.1
352.184
312.454
184.556
188.61
259.545
278.974
132.333
242.323
285.818
177.827
191.121
168.925
131.259
217.581
162.617
292.482
361.374
267.859
157.203
208.009
152.715
259.361
171.415
336.851
489.125
399.843
238.134
185.843
161.814
297.863
149.772
272.596
336.218
338.39
227.365
178.15
138.063
247.12
473.022
275.306
257.61
327.496
262.717
252.599
464.679
318.91
297.798
475.613
457.799
223.35
254.418
277.835
289.4
433.957
231.828
311.043
398.703
298.881
258.834
230.698
220.988
284.938
191.641
228.729
456.761
532.813
313.817
224.201
192.613
201.446
206.089
231.27
348.468
528.754
331.558
217.216
215.862
219.026
214.134
243.229
504.637
732.43
357.976
183.48
210.638
233.114
195.464
237.747
567.484
807.072
388.129
224.709
208.435
208.779
245.072
251.378
390.838
796.22
471.792
195.715
241.539
250.696
225.529
221.874
408.005
981.538
665.291
253.795
238.91
222.576
175.046
179.467
310.408
638.101
674.682
353.394
195.175
160.947
335.211
279.621
211.068
411.624
447.126
337.17
328.576
297.771
287.032
233.636
253.271
308.196
539.008
481.317
316.685
241.706
530.888
403.182
217.364
166.957
184.031
305.966
515.821
443.084
193.772
270.45
151.282
110.527
104.296
176.194
188.18
267.858
234.209
437.017
351.89
206.251
174.403
247.288
214.849
412.419
270.107
414.16
312.555
188.379
131.855
206.217
244.377
406.441
147.937
261.765
340.604
273.468
172.478
104.059
130.641
241.747
255.768
233.266
276.612
200.676
158.493
173.69
250.08
234.672
199.115
296.604
419.67
356.277
160.487
165.28
204.123
265.035
274.282
279.459
232.596
213.883
173.743
147.181
253.549
286.305
469.205
313.04
204.821
256.603
218.363
218.462
450.497
358.491
316.666
263.899
275.307
239.079
284.692
191.199
302.219
278.635
375.377
321.836
504.706
373.161
357.509
296.761
385.152
305.908
410.496
462.996
535.689
301.069
300.6
328.722
412.994
425.257
521.482
371.829
523.991
591.663
336.23
248.235
505.323
410.662
133.449
290.301
527.174
676.997
327.486
208.128
127.253
255.826
215.261
198.384
448.172
664.047
335.798
176.814
212.77
195.91
275.192
185.61
424.411
765.23
481.661
188.368
264.774
205.672
206.215
123.17
362.733
778.129
566.078
215.969
213.916
128.863
256.215
185.93
260.857
681.978
727.937
439.16
276.118
192.456
283.624
258.835
352.24
381.719
515.492
375.521
286.641
252.604
217.68
343.117
314.811
311.027
494.786
535.376
249.033
312.621
335.753
204.338
96.1797
96.6688
118.466
218.67
335.555
233.576
194.264
135.658
108.861
124.282
128.124
139.532
185.424
148.747
236.882
393.109
308.618
145.349
165.243
188.256
207.659
379.293
271.647
347.814
369.366
246.48
175.483
190.65
272.698
330.837
245.406
289.289
318.813
260.165
172.81
137.819
223.594
286.764
294.847
266.82
371.312
279.303
174.572
173.267
292.07
256.583
164.12
263.539
413.269
361.706
319.695
179.3
164.365
238.501
167.047
300.477
295.086
301.252
245.549
220.31
152.516
283.428
246.338
236.135
234.837
152.935
196.142
221.235
252.686
236.07
300.384
482.626
435.178
191.533
287.484
328.832
270.518
456.672
396.209
438.565
315.498
296.192
249.11
264.048
383.084
444.617
243.754
499.188
565.186
361.135
354.757
207.579
208.446
462.077
194.919
301.669
538.682
503.966
282.543
177.42
187.152
266.735
287.583
334.618
559.454
556.7
353.502
204.026
275.151
312.048
328.467
181.223
360.563
611.877
361.961
209.8
329.02
206.074
248.088
196.409
304.278
579.301
405.768
238.601
245.221
206.083
236.737
194.164
245.396
268.929
323.179
375.051
262.756
183.565
160.211
129.249
242.219
384.853
450.195
247.809
169.243
124.813
209.74
220.656
349.201
427.525
631.836
430.948
217.652
210.995
399.631
316.133
273.754
340.21
667.257
670.127
438.606
338.97
242.602
187.666
95.7235
75.4161
90.872
177.209
239.43
205.094
290.655
315.494
138.713
125.437
124.92
169.769
268.747
334.926
281.647
358.707
286.043
153.805
195.32
180.686
278.521
347.817
257.802
452.58
413.404
242.934
177.768
203.017
227.143
431.812
183.835
276.654
366.72
235.08
224.054
212.375
179.837
253.524
133.791
166.533
235.298
211.64
164.618
97.4987
136.6
154.291
282.147
343.574
310.173
284.632
213.694
264.19
289.089
337.672
245.062
380.096
287.357
154.62
142.409
174.238
219.867
370.778
278.914
271.612
267.639
209.017
211.478
214.136
267.458
276.34
236.791
457.811
486.92
286.007
243.579
224.35
228.133
414.224
247.928
387.407
369.823
268.114
243.96
207.426
226.814
363.603
332.401
494.035
378.616
166.64
160.116
265.524
309.617
480.134
223.236
223.101
270.11
265.309
263.399
276.112
226.31
221.055
301.065
280.562
422.349
305.457
218.236
256.907
312.431
266.751
230.496
204.447
370.975
452.531
244.319
190.199
229.126
189.646
184.589
166.048
259.957
745.112
502.083
214.333
177.861
177.593
176.757
150.826
298.84
621.528
546.641
180.864
187.604
151.906
232.847
191.425
324.462
541.981
555.392
305.155
233.906
198.037
269.299
217.814
350.603
345.918
525.133
431.856
274.011
224.691
287.749
253.533
270.979
401.522
368.671
478.322
328.201
239.5
277.231
195.695
88.6206
86.0603
110
228.198
277.338
214.716
243.071
307.257
160.907
97.648
117.521
165.816
222.303
316.612
219.696
256.785
225.572
171.494
209.694
215.718
213.154
250.239
203.172
352.337
298.565
236.41
229.447
191.167
181.356
337.486
231.413
313.447
280.011
163.515
147.111
176.01
226.51
302.216
296.265
340.249
301.994
254.283
142.482
208.621
276.653
350.369
199.503
196.836
226.59
169.193
177.498
148.424
195.799
193.575
392.106
287.063
150.985
323.019
287.369
284.201
387.256
320.469
383.831
276.101
293.123
574.688
321.647
276.928
383.154
304.127
208.028
451.422
528.375
318.868
233.866
250.241
192.816
402.27
262.996
314.442
310.923
186.476
183.746
186.726
251.69
302.394
390.309
426.963
363.841
231.907
182.098
266.453
381.908
428.88
238.449
322.036
383.508
230.376
233.653
228.406
228.965
294.638
198.536
264.274
441.859
368.808
288.661
211.857
206.422
234.519
122.047
225.728
490.351
518.795
332.746
199.279
119.873
187.988
206.39
183.076
427.128
768.421
506.181
199.232
213.335
177.5
219.168
187.992
375.971
595.329
620.209
378.497
235.95
179.385
228.795
201.476
379.068
526.594
720.234
461.431
244.556
194.307
293.779
282.159
240.78
328.636
498.317
475.417
298.869
291.871
592.526
295.946
178.697
253.141
451.828
677.329
641.858
336.822
259.117
254.37
202.874
117.288
120.764
204.35
261.412
251.553
433.127
327.355
163.077
106.388
106.808
208.92
412.695
359.484
320.072
418.24
330.876
197.629
156.562
143.967
283.505
420.487
235.567
351.435
266.005
173.438
190.112
201.924
209.263
344.673
185.654
211.756
207.482
288.413
182.864
109.141
169.573
211.101
136.736
283.635
338.488
290
192.764
194.293
125.918
258.995
231.617
334.972
242.224
171.258
142.569
155.894
205.717
325.876
195.95
167.234
143.705
189.727
175.056
147.295
189.963
179.793
225.668
133.248
167.8
297.302
332.244
230.357
228.378
147.692
225.884
215.925
345.226
363.842
332.81
208.057
223.125
203.698
387.222
516.737
316.074
200.741
165.139
294.388
357.463
518.422
322.574
315.285
371.617
344.496
291.059
204.33
317.444
321.977
284.351
269.208
446.285
368.529
234.532
191.011
269.32
255.798
262.723
273.67
485.681
490.576
304.104
171.299
253.142
259.361
293.172
324.273
352.148
338.651
353.183
248.081
288.544
317.8
480.618
242.815
272.456
731.056
414.111
273.842
473.181
293.812
243.955
180.692
361.638
416.086
455.299
271.906
252.862
195.201
250.972
212.161
335.379
434.192
712.566
553.124
280.867
199.98
379.55
372.108
269.65
274.275
384.348
483.85
371.52
390.48
552.939
374.846
198.375
213.62
270.843
454.361
560.361
420.234
485.275
410.584
196.169
102.325
103.965
150.839
446.809
447.341
446.367
534.387
303.097
129.869
167.747
239.576
399.191
554.243
424.728
506.254
380.376
199.347
157.879
192.199
378.091
517.501
195.778
263.877
160.036
94.7057
110.73
140.739
179.617
259.941
429.238
412.706
252.427
157.18
151.867
170.31
393.966
438.802
206.196
329.943
292.381
252.912
197.606
177.663
194.547
312.104
231.634
238.353
185.655
161.676
150.5
153.045
227.187
233.943
256.731
196.975
115.764
168.119
136.949
117.93
238.727
223.108
332.633
257.904
134.98
226.191
206.454
208.897
335.74
277.974
303.541
205.417
246.919
138.007
159.986
199.686
301.133
214.972
163.2
190.551
352.331
596.588
294.651
136.868
159.664
184.982
337.092
244.482
403.083
327.281
222.858
251.235
347.338
244.488
340.918
400.565
357.036
282.405
252.357
183.943
313.78
396.662
311.177
265.038
332.397
504.307
325.63
190.901
300.835
275.083
283.981
223.359
348.404
344.538
232.11
190.434
280.878
231.092
246.139
153.029
285.865
578.247
425.078
200.634
258.346
156.232
351.922
196.63
247.29
378.231
311.932
333.506
365.88
209.74
380.255
272.637
304.236
396.173
512.584
441.956
388.397
283.576
538.563
433.951
235.969
245.104
445.15
782.299
601.522
445.156
626.002
380.234
200.364
165.37
383.14
727.012
681.273
396.774
367.549
296.42
140.259
136.103
156.254
246.711
348.687
326.302
452.199
550.724
291.808
139.987
94.6887
200.736
400.608
565.801
377.093
522.904
384.85
162.776
212.788
263.816
335.45
516.291
468.865
412.662
200.128
209.376
132.329
182.738
429.97
454.305
331.802
456.457
316.125
204.407
150.109
327.158
332.024
449.433
255.744
363.458
351.711
189.817
238.309
258.264
231.14
350.295
230.985
233.85
215.849
162.218
133.188
193.847
223.257
247.8
300.556
286.963
157.459
263.132
171.585
152.18
276.509
309.922
349.766
305.228
179.167
235.189
158.982
215.702
323.115
329.335
260.541
194.667
226.537
305.261
179.034
150.348
253.1
214.622
319.771
205.625
147.218
125.433
157.185
254.952
324.48
228.528
198.884
368.452
492.136
321.814
267.418
258.807
188.484
322.603
430.349
394.696
251.699
204.78
153.782
336.742
411.381
414.957
340.562
241.814
190.714
211.079
183.133
304.693
354.887
251.891
317.083
228.036
369.769
467.572
330.858
191.774
309.593
239.826
336.455
205.279
252.823
478.909
469.46
313.3
338.688
226.967
305.911
185.74
297.084
497.853
656.663
445.709
331.721
191.058
415.276
282.998
266.486
326.541
352.144
369.59
426.129
302.832
563.582
434.471
293.487
276.672
410.36
606.598
598.993
443.772
784.477
410.734
150.933
162.34
294.432
636.272
806.909
478.254
520.931
476.771
214.48
103.577
85.0141
167.606
474.248
518.169
469.953
418.603
188.132
74.4747
122.588
266.684
438.486
451.463
517.857
490.866
240.999
163.654
141.348
203.941
473.69
518.691
449.763
413.255
208.907
288.152
187.795
267.198
415.998
451.975
488.958
491.797
233.759
177.409
118.043
196.072
438.948
528.899
467.351
407.321
196.275
89.5195
105.006
215.924
428.797
437.767
276.324
222.105
193.711
219.637
199.256
210.254
272.979
226.92
323.327
299.242
146.127
145.594
112.388
143.406
296.865
323.946
410.808
276.154
170.971
254.073
183.366
187.589
383.358
318.664
406.063
395.944
203.66
163.137
115.432
163.082
375.646
417.536
264.49
221.805
298.17
389.792
327.43
249.59
277.232
214.257
259.983
257.913
353.454
536.476
304.064
281.993
271.731
244.397
360.113
350.438
442.281
382.376
224.897
192.392
352.077
355.264
208.424
186.977
320.658
542.274
320.279
165.991
203.618
196.618
201.66
152.939
255.175
388.885
414.468
287.493
212.315
155.381
275.462
179.776
225.446
492.702
524.466
317.318
287.704
190.474
356.601
413.009
374.726
457.554
360.157
483.579
361.52
401.809
527.609
319.62
220.934
278.717
486.438
711.798
585.249
335.181
698.786
287.334
192.539
209.488
352.178
661.213
748.766
333.083
796.964
321.001
115.91
162.181
188.685
536.501
829.428
404.665
450.981
469.522
254.866
188.921
169.895
200.905
406.657
501.372
612.356
608.176
292.517
132.502
144.687
297.199
558.891
645.346
580.391
488.868
231.464
228.677
171.486
327.583
538.927
534.926
543.159
466.508
208.166
205.47
137.335
203.387
496.566
516.114
560.565
509.988
319.206
185.072
138.592
230.767
515.032
547.732
365.069
415.494
254.102
175.228
198.454
200.412
327.955
427.357
250.595
303.63
269.308
216.275
162.74
162.934
231.053
304.439
235.998
244.85
128.766
168.698
141.549
129.663
210.448
260.207
264.228
210.088
200.254
234.383
242.889
205.681
265.601
221.859
408.383
434.589
193.007
150.714
234.712
424.994
403.259
450.734
595.292
337.525
183.227
235.032
181.632
352.186
603.039
381.833
278.03
203.749
259.351
329.956
256.902
235.077
283.207
209.092
194.421
91.7392
175.586
319.182
289.124
185.193
201.177
102.096
237.462
249.228
293.477
488.028
234.669
195.416
225.614
258.215
255.64
248.926
409.24
656.577
394.661
287.698
246.285
264.131
532.78
405.204
256.778
298.267
321.328
484.779
525.195
447.665
605.794
296.707
300.171
281.02
421.713
628.598
647.989
332.608
576.731
364.446
200.746
190.249
263.424
491.032
590.792
402.061
892.76
421.483
222.315
283.278
294.469
512.415
897.786
523.004
813.307
433.397
173.812
210.119
225.694
455.05
809.142
518.558
397.258
377.765
192.963
79.7519
129.182
187.256
363.441
407.955
505.623
483.695
242.572
119.227
117.526
232.504
467.258
517.099
501.686
445.192
249.859
235.002
188.194
182.31
465.656
475.687
644.018
469.51
220.008
188.102
158.714
217.489
602.338
531.628
429.517
441.397
285.244
310.714
216.021
170.799
385.45
462.379
394.01
453.871
323.707
279.212
204.953
314.951
363.395
462.658
396.691
377.828
219.689
152.122
166.335
210.368
362.367
397.236
434.161
352.621
183.088
282.008
201.632
227.658
405.947
395.152
403.333
351.355
268.293
241.338
272.075
255.874
372.407
365.761
496.847
332.406
236.165
263.713
192.25
188.259
474.943
373.506
381.476
308.875
190.105
120.599
165.443
242.867
373.063
332.805
405.496
272.064
295.188
357.907
327.568
257.689
400.951
294.367
230.62
236.818
249.222
390.36
231.754
156.508
216.881
247.749
172.077
165.185
336.605
696.136
427.183
177.081
176.151
154.48
621.686
298.056
230.423
337.037
287.576
343.741
636.881
347.184
680.344
316.747
210.021
267.706
312.574
555.413
714.081
382.299
455.175
331.664
187.966
168.869
199.554
333.064
459.833
360.166
654.82
379.019
174.931
264.147
247.558
433.432
655.198
438.525
876.365
490.515
183.637
236.186
242.205
494.153
871.956
578.331
999.48
440.606
152.899
161.096
226.325
566.91
1005.05
545.356
468.565
398.857
170.717
129.878
98.9482
184.546
432.359
443.172
582.847
410.978
196.023
158.172
158.912
240.177
553.226
462.491
611.324
463.034
171.608
135.898
137.326
210.238
570.59
522.792
704.968
570.069
218.478
145.467
166.476
267.571
651.894
639.424
422.835
349.908
159.117
121.276
103.43
172.927
390.829
386.48
597.818
425.343
254.886
372.646
308.331
276.451
572.269
479.736
377.715
226.001
181
211.979
156.231
225.257
375.491
260.121
358.873
347.976
272.58
368.053
215.343
225.216
331.12
369.41
510.532
388.504
273.001
370.681
293.105
246.057
478.441
440.153
618.095
410.677
131.289
187.544
142.114
218.805
578.409
476.801
545.555
380.18
169.104
160.815
152.984
212.986
520.477
431.056
429.577
278.534
138.559
116.112
197.427
290.893
431.842
307.542
358.946
293.094
184.536
418.412
288.95
222.489
338.716
325.257
261.855
202.366
253.955
372.777
362.245
258.151
267.902
197.855
752.469
373.531
168.654
219.927
200.965
409.389
756.777
454.249
508.623
370.489
212.431
236.594
278.951
439.659
521.18
390.483
707.516
562.222
254.832
345.354
390.098
506.039
690.813
615.798
1003.65
509.364
177.859
164.413
209.535
563.742
1007.57
617.801
1061.77
604.963
201.287
245.441
200.931
541.601
1051.27
716.186
1137.29
624.958
239.803
336.846
280.188
569.03
1124.06
744.215
427.315
392.39
202.274
221.147
151.299
193.497
391.863
427.519
577.104
522.705
266.864
107.736
154.804
262.05
534.468
557.397
752.099
544.133
210.158
125.284
121.488
259.654
707.009
619.473
894.419
528.523
216.997
210.701
155.382
285.748
854.276
619.777
825.195
552.344
293.394
297.317
243.616
292.601
776.289
631.507
630.248
412.712
239.981
238.031
208.837
218.781
591.742
478.318
479.479
264.65
138.253
216.268
232.37
337.458
486.984
307.645
513.422
449.063
362.86
379.234
202.858
232.854
472.778
495.564
285.848
285.266
240.456
320.877
302.921
307.437
280.489
297.714
586.929
391.438
189.83
237.708
151.963
239.889
559.088
451.091
519.385
340.274
137.711
182.022
128.461
228.098
498.596
391.838
827.756
467.514
115.601
135.103
102.869
292.677
789.741
564.863
411.408
255.759
187.143
145.318
220.274
298.471
410.815
287.35
724.779
407.906
256.639
211.449
266.182
379.52
723.213
462.333
392.778
269.824
215.527
201.681
184.35
299.333
396.599
293.949
811.01
435.118
213.113
223.744
170.102
460.542
818.669
514.44
837.12
488.137
174.325
267.353
293.07
447.154
824.031
576.869
944.242
506.49
153.478
194.094
184.029
515.02
944.52
604.749
1029.51
578.839
149.733
74.2301
119.688
518.142
1021.92
684.702
1094.2
630.056
149.474
94.8995
128.386
490.072
1067.84
751.217
501.674
355.632
162.113
145.503
129.513
186.88
469.864
399.336
606.35
492.8
231.802
147.933
147.032
232.361
567.259
547.1
691.971
505.38
229.01
129.497
128.134
236.652
654.669
560.262
727.77
584.428
237.855
160.042
163.232
242.025
669.892
654.738
667.032
524.696
175.216
111.72
124.472
249.459
619.174
591.825
769.357
525.901
269.816
132.522
157.412
271.982
720.839
593.582
407.883
298.87
341.241
335.145
280.287
348.749
423.531
286.795
813.111
510.672
180.748
160.585
188.488
255.006
762.961
599.233
490.839
396.854
144.306
281.639
191.387
183.473
448.659
451.335
467.795
433.947
222.759
299.327
251.956
346.724
441.711
463.642
553.2
303.562
78.1472
72.2446
97.6609
251.337
540.232
366.633
537.09
268.604
144.547
150.311
126.856
282.093
535.359
324.26
422.239
270.672
223.809
314.377
267.849
256.161
414.722
308.105
694.641
548.529
279.163
184.306
225.115
289.625
652.968
609.303
335.74
294.683
183.929
192.169
164.186
172.643
321.056
313.94
516.658
283.66
204.488
282.463
184.722
322.323
519.75
327.201
958.275
566.447
162.102
135.617
148.545
467.626
943.711
666.096
864.623
502.461
241.622
302.071
223.875
414.915
848.755
594.365
990.579
565.976
148.326
135.128
170.361
481.042
976.354
669.956
1220.15
715.022
208.099
145.802
148.496
563.434
1195.85
841.975
525.156
448.421
199.082
100.927
101.713
234.641
486.151
484.087
589.011
447.986
206.47
107.41
123.572
286.046
557.559
499.426
589.105
478.023
184.109
137.71
148.868
305.502
548.776
532.557
580.645
459.397
200.1
134.242
151.842
284.592
544.569
514.516
626.333
469.629
250.776
174.793
118.598
223.113
594.068
517.307
603.493
386.284
196.471
190.858
180.94
346.22
599.993
438.042
622.429
474.925
253.867
262.192
263.811
244.559
581.276
534.444
561.15
371.787
198.033
405.024
297.364
282.031
550.319
426.352
514.773
402.418
201.851
283.149
222.528
240.76
484.294
444.918
687.366
400.62
164.053
189.761
136.663
294.653
669.051
473.697
685.293
386.882
116.001
99.8325
100.355
340.44
679.661
458.173
582.444
362.212
137.155
108.746
100.034
263.717
567.684
418.92
349.181
305.563
214.027
228.811
236.296
176.538
322.98
331.895
303.346
292.65
267.854
363.242
331.628
224.568
284.576
305.482
487.758
365.809
183.131
236.826
279.146
238.184
463.76
411.282
523.996
335.355
259.209
293.79
238.594
233.921
510.487
376.454
572.062
402.29
198.054
170.629
228.92
356.76
552.769
456.454
901.768
500.431
178.789
256.789
273.974
455.153
892.048
594.543
1023.29
662.798
186.061
132.373
131.952
447.762
988.586
771.583
1099.04
611.63
181.687
114.129
140.113
392.733
1061.68
735.277
557.748
427.774
167.564
113.454
125.308
173.697
516.459
481.232
680.489
545.958
240.152
140.222
132.604
242.299
627.721
596.306
689.243
532.86
215.014
148.524
148.502
237.671
640.509
600.634
670.617
556.75
301.789
200.518
151.687
227.374
618.028
610.7
724.849
660.12
270.388
144.053
164.488
366.929
664.825
724.357
568.223
434.314
226.561
211.188
190.81
245.132
541.462
480.403
406.386
319.511
166.794
202.99
164.626
212.301
380.908
360.842
513.452
347.896
168.176
166.119
231.546
287.381
512.406
390.359
434.606
274.767
266.837
351.074
227.987
287.28
443.133
298.941
556.666
464.862
239.224
334.762
215.136
224.354
512.58
516.986
529.737
399.078
191.344
150.952
146.886
220.158
502.67
447.399
466.464
387.6
167.2
162.566
186.185
226.462
438.312
426.084
548.97
434.796
187.414
167.277
157.301
238.285
515.511
478.471
612.922
417.586
164.404
250.318
188.085
236.281
568.178
487.15
688.316
474.17
240.37
147.284
167.905
218.23
650.214
530.806
485.974
411.282
193.837
148.558
156.461
219.178
453.747
446.051
672.168
457.722
196.184
146.236
141.692
315.637
648.978
508.964
1128.92
513.611
144.965
245.79
142.349
441.141
1110.74
646.495
1020.43
585.268
200.091
200.171
164.916
497.324
1003.27
692.705
1011.48
457.201
147.067
136.703
159.392
390.046
991.717
581.584
436.401
368.129
202.867
149.27
106.119
235.938
422.995
399.591
397.334
445.234
236.441
190.038
192.989
398.373
390.511
454.79
564.68
529.527
217.991
102.133
148.333
295.32
519.695
567.305
922.935
533.424
211.677
147.325
153.449
310.538
879.78
637.108
743.153
558.53
205.204
126.694
109.882
238.913
689.255
631.665
617.08
413.681
231.362
201.457
115.523
250.024
589.608
462.734
624.927
446.157
223.512
150.138
149.441
240.862
587.418
504.593
581.371
353.905
140.985
166.743
172.784
291.57
561.996
416.836
491.775
261.502
90.4614
137.542
109.748
206.436
471.22
324.622
785.588
407.753
182.46
251.057
170.73
300.835
765.127
495.615
602.464
429.748
151.59
193.543
149.725
229.506
566.008
491.209
299.973
221.615
196.322
155.671
149.869
187.027
292.799
239.708
378.489
383.275
236.504
264.363
233.008
201.955
342.771
403.742
683.893
375.568
237.606
243.656
196.074
316.282
671.53
438.561
512.83
370.66
221.368
204.169
221.638
271.688
485.532
416.732
504.228
379.647
191.121
179.405
230.326
236.617
475.707
426.093
697.087
518.373
234.489
154.04
149.812
270.221
658.63
584.419
1037.14
509.172
128.993
129.408
127.576
421.813
1014.03
627.686
1050.43
621.033
183.191
124.909
138.379
443.417
1023.57
731.866
973.183
522.346
214.255
196.085
199.46
398.991
943.286
626.176
409.319
423.047
243.305
200.57
174.627
179.95
372.168
448.698
481.276
463.267
263.674
177.603
146.398
219.681
447.417
484.119
355.616
418.685
277.998
175.193
120.097
282.15
334.191
426.986
461.024
504.349
366.337
230.249
208.204
181.453
414.935
520.511
499.894
449.73
259.93
244.544
259.394
284.072
475.184
478.456
487.225
311.285
257.861
287.169
315.284
307.991
489.925
334.666
376.85
493.419
280.679
152.203
123.162
210.48
336.46
496.036
406.113
479.677
255.803
133.775
132.275
316.709
383.71
486.608
300.721
333.265
257.601
313.508
235.183
183.607
282.319
338.189
656.222
416.652
183.965
195.783
156.366
242.839
622.924
486.923
615.848
519.828
183.187
188.591
146.044
276.536
565.443
580.318
361.958
266.05
101.345
130.027
147.843
185.911
343.605
302.367
423.477
393.819
240.143
283.735
208.031
231.347
390.61
427.221
636.641
344.096
201.328
224.547
286.06
326.893
629.227
404.827
221.945
213.537
208.005
323.116
241.659
251.963
229.302
214.658
399.241
332.639
171.611
230.568
207.473
201.732
376.991
360.259
845.854
492.762
231.686
146.37
155.493
284.353
810.128
577.711
975.896
629.098
203.942
126.846
132.061
413.968
942.295
731.973
797.349
463.876
172.516
248.513
230.096
319.118
769.199
548.02
766.373
525.503
232.72
268.255
213.459
344.098
724.966
607.883
