320.389
425.303
312.452
135.661
161.229
210.593
287.98
419.814
232.219
385.137
421.774
273.315
191.856
221.075
202.663
358.052
210.818
342.733
320.253
221.549
179.097
161.468
190.533
325.145
155.231
226.246
258.57
181.985
138.212
187.065
157.212
202.986
212.939
335.206
444.83
336.871
244.022
193.874
206.706
311.171
214.606
308.166
401.507
328.764
264.59
180.906
209.806
288.751
251.661
262.217
346.277
236.264
193.933
142.183
243.754
255.289
424.529
356.699
259.682
243.326
259.421
257.368
400.73
390.75
391.804
302.979
368.146
337.169
230.277
283.249
387.886
305.542
269.129
384.33
507.87
467.013
287.097
234.915
265.88
359.709
295.997
384.546
519.234
436.209
360.99
245.179
282.424
352.255
397.428
387.361
582.211
564.46
346.16
320.625
384.897
384.622
200.237
287.999
567.771
663.212
419.218
220.285
194.865
257.706
191.726
176.11
407.579
699.97
412.282
196.198
193.559
179.021
256.14
232.75
357.025
680.291
487.334
245.307
241.354
241.992
159.984
138.305
319.798
694.299
470.41
217.543
173.042
134.145
252.788
250.589
341.154
597.106
683.087
501.407
280.179
225.733
291.816
257.165
390.117
398.587
599.927
383.004
286.127
258.305
203.892
235.046
253.011
376.243
516.221
391.227
221.176
230.341
227.324
268.285
306.001
467.771
686.902
593.612
262.651
243.589
452.528
458.694
210.021
102.25
103.5
207.001
409.585
488.164
223.268
334.723
303.457
146.058
152.414
179.12
207.84
316.987
201.024
239.798
245.383
146.073
124.095
146.055
195.469
226.463
277.518
386.255
442.292
293.631
254.461
162.872
251.493
370.37
293.074
342.95
373.987
300.91
186.792
237.69
286.018
326.452
221.917
341.193
442.977
368.198
376.875
284.567
215.559
323.95
191.349
257.07
304.043
276.02
232.963
146.569
172.102
249.338
359.053
516.004
282.251
138.773
132.257
228.416
317.073
515.807
366.061
523.699
410.16
213.203
284.428
309.179
337.453
508.643
254.923
372.815
493.283
366.478
275.31
266.214
246.242
336.201
290.581
593.204
614.633
308.854
327.48
395.989
253.881
535.47
123.467
249.066
436.322
434.065
220.261
138.92
114.013
219.473
242.293
310.988
497.93
544.189
336.619
207.411
235.158
291.825
366.726
253.516
359.02
533.955
281.994
241.94
366.747
271.02
188.093
163.962
378.72
722.89
479.821
196.171
192.389
168.994
329.582
228.125
180.605
390.25
338.288
398.302
352.592
239.121
300.586
218.415
235.132
521.782
492.069
316.21
304.198
234.041
238.99
370.384
355.744
350.487
562.108
563.254
253.556
328.037
334
341.72
306.524
261.104
568.441
652.777
372.407
318.591
376.636
310.827
293.886
474.747
654.108
596.189
407.522
318.932
444.418
541.499
327.567
189.434
212.666
246.801
398.822
559.94
307.886
413.552
381.081
215.987
163.591
223.916
289.665
397.314
308.909
464.095
410.267
216.514
191.309
243.936
280.393
450.144
243.315
325.832
404.623
301.277
196.487
206.729
248.522
301.438
197.458
246.466
234.073
201.03
190.028
174.295
182.005
244.571
330.365
527.41
441.412
249.541
207.019
253.45
297.159
510.681
300.931
350.304
226.094
176.654
145.619
238.933
304.204
352.046
258.01
259.62
430.555
549.745
297.298
236.496
260.895
244.738
344.161
563.477
443.61
212.835
224.723
277.371
323.751
539.476
486.508
476.974
452.792
315.94
264.724
292.496
454.894
483.363
332.812
462.836
415.132
210.57
209.683
244.457
311.404
448.675
384.351
261.176
322.809
284.306
142.777
224.339
380.471
274.576
152.623
326.684
395.556
297.516
254.301
207.525
145.652
291.415
207.369
164.826
433.89
608.666
302.755
200.862
215.668
156.171
163.121
161.039
325.073
739.197
636.96
192.907
151.487
164.142
309.714
220.961
302.193
791.219
520.723
211.996
307.662
229.911
198.603
183.941
239.81
329.248
447.762
325.678
214.053
193.562
286.833
204.543
317.551
403.94
535.128
380.47
280.459
221.082
330.147
316.073
278.35
283.634
417.714
593.056
374.891
312.751
466.939
202.87
221.22
255.986
456.034
613.347
515.37
217.434
255.073
289.902
174.555
169.204
163.403
175.584
248.282
294.43
287.282
474.061
416.736
279.812
258.47
290.864
275.663
453.95
368.952
522.329
405.748
274.685
153.212
252.923
332.759
515.817
331.088
477.205
424.613
251.195
202.163
246.936
299.256
465.502
296.642
346.16
232.568
242.098
154.242
189.061
271.936
352.506
349.331
325.213
283.83
257.712
335.604
265.016
338.973
329.176
593.834
257.144
189.309
342.238
229.627
320.759
599.396
313.767
148.138
283.47
538.964
660.157
353.081
218.196
141.133
247.294
203.124
356.446
441.491
415.188
331.555
240.083
194.358
317.434
334.265
358.632
424.793
386.819
231.169
295.901
325.134
351.952
265.334
344.153
403.149
411.351
219.97
196.607
245.918
333.924
227.326
296.27
349.106
409.149
273.546
222.927
227.898
288.775
225.327
209.675
386.487
499.081
326.877
188.384
229.397
202.537
151.721
191.443
385.879
629.477
332.465
160.367
141.355
185.046
155.517
187.424
238.868
634.45
480.643
228.825
158.295
182.591
186.256
157.155
241.553
581.48
558.305
332.727
199.592
161.962
226.527
278.162
283.742
442.456
635.853
574.132
261.644
235.126
230.528
328.85
330.557
294.816
519.928
503.058
240.7
289.862
604.017
267.323
143.981
208.693
391.734
586.898
638.299
318.496
769.266
379.445
213.034
211.577
355.268
711.863
825.567
432.199
353.763
441.701
326.665
124.969
147.898
162.315
315.539
445.213
315.905
426.455
405.447
273.959
224.264
251.048
309.066
412.26
318.281
357.762
193.283
209.582
205.138
248.695
297.028
369.038
212.595
391.854
438.869
309.879
252.782
258.699
203.156
361.424
253.035
395
332.848
236.848
234.184
228.453
238.668
377.72
218.798
253.451
276.256
277.313
235.41
186.337
210.169
247.209
394.015
270.038
162.712
239.093
230.788
204.285
382.228
296.379
359.835
212.135
259.326
434.532
304.507
233.792
364.487
233.473
206.722
306.362
472.036
384.03
196.072
163.358
203.32
279.531
219.204
356.259
384.106
221.072
245.297
231.92
207.76
327.974
341.637
430.41
381.86
199.86
216.129
232.293
309.855
425.233
235.724
409.327
540.036
377.971
312.643
300.497
225.199
361.78
207.935
207.911
227.335
249.109
242.167
259.476
209.262
209.592
250.058
322.193
399.539
350.218
222.076
292.702
239.298
307.058
284.087
218.184
246.074
465.507
408.456
280.567
276.104
222.831
331.421
290.012
296.029
435.144
577.869
447.47
332.824
291.802
349.492
235.541
225.078
366.154
475.094
418.438
361.818
257.963
364.933
325.409
288.665
249.517
480.604
570.985
372.653
332.595
720.342
326.31
228.442
229.593
330.714
568.284
745.461
398.113
739.06
350.975
176.265
194.569
391.617
590.512
760.351
420.167
451.993
480.767
314.841
184.808
172.994
192.649
415.771
491.395
336.632
442.561
386.301
248.235
164.59
240.801
308.237
439.476
361.889
402.438
233.894
122.762
144.822
221.829
333.785
412.957
316.097
372.698
346.575
267.29
239.307
167.833
294.377
370.875
314.694
448.305
395.624
280.746
154.26
194.896
283.026
442.034
255.755
247.742
164.953
125.389
131.417
200.573
265.112
248.681
190.901
210.221
204.813
187.779
187.637
260.114
202.683
200.077
257.203
239.76
202.482
194.835
152.042
203.843
265.478
252.944
205.562
172.826
335.886
513.63
251.559
196.662
213.182
173.068
410.275
347.318
370.287
287.723
292.744
273.352
412.308
351.256
232.514
259.992
396.033
392.374
304.597
215.826
226.763
254.383
352.705
453.492
430.251
448.837
214.361
245.607
341.781
439.565
201.953
251.173
321.535
364.981
277.56
226.794
192.517
242.768
233.951
246.752
403.392
620.665
347.427
263.274
224.805
251.895
403.881
284.856
406.845
687.714
466.944
246.464
391.924
299.183
319.464
249.644
332.222
501.928
399.124
473.194
354.542
245.612
226.238
232.13
228.405
242.823
302.597
270.888
233.214
216.441
461.846
280.579
338.215
378.32
530.388
647.047
511.836
303.339
592.458
295.876
230.185
201.178
456.003
638.055
623.09
330.861
741.093
337.803
222.182
187.327
346.067
646.59
781.211
395.719
544.886
504.337
246.194
139.109
132.627
215.585
494.366
535.487
581.9
506.39
230.315
215.549
124.808
221.744
534.646
556.914
386.309
493.025
332.815
201.202
130.695
189.15
344.99
496.923
465.296
580.835
402.405
213.474
210.014
307.87
423.134
592.35
389.928
385.184
176.543
229.301
142.378
276.471
356.808
420.117
334.706
318.204
243.141
258.926
184.52
261.291
335.248
322.23
459.638
405.441
201.331
234.51
151.578
187.986
419.368
446.878
317.18
303.962
155.974
130.285
143.827
269.218
321.144
320.692
358.462
307.932
254.944
330.082
350.478
362.004
371.42
312.564
355.026
255.968
190.58
254.631
182.183
243.652
356.845
268.174
241.555
241.501
384.899
334.362
223.798
158.188
237.443
226.499
264.596
366.515
462.492
354.627
390.03
294.206
257.062
330.182
366.419
234.695
273.757
258.931
242.008
315.544
366.088
242.049
385.477
226.425
279.666
541.602
465.496
301.457
392.226
258.778
189.292
214.903
272.742
496.971
456.197
310.415
203.832
206.757
394.517
241.668
221.38
378.287
399.035
338.071
402.669
267.325
438.627
313.285
191.738
293.041
483.332
592.04
477.634
336.598
603.101
293.876
178.118
235.223
404.247
581.296
636.914
339.275
751.75
340.806
165.025
142.877
319.045
608.167
791.516
407.289
901.076
404.791
164.558
128.561
241.383
614.595
928.801
491.685
577.391
564.105
292.59
185.415
126.456
211.228
525.257
602.653
592.138
484.703
204.761
157.66
135.581
263.071
552.741
531.392
555.849
540.051
312.935
226.385
170.085
213.936
505.277
579.59
419.048
520.61
376.916
253.971
225.287
275.55
381.745
524.581
449.23
444.317
322.647
252.535
199.775
253.131
414.481
471.382
338.651
375.808
203.737
266.821
197.296
235.479
318.046
399.135
433.588
421.615
180.382
149.864
123.366
179.843
392.992
455.676
387.047
242.413
112.213
209.212
154.758
129.175
358.452
291.732
290.076
256.434
271.145
245.324
218.203
205.423
288.976
262.021
281.792
253.746
181.92
184.33
200.551
219.296
266.757
275.374
196.324
342.451
479.388
515.028
285.313
271.037
197.916
309.504
410.593
225.728
426.152
555.923
317.452
280.073
412.658
253.379
263.477
224.224
367.976
368.996
282.01
207.312
261.858
226.705
205.458
185.159
327.33
629.791
467.266
214.527
203.166
187.142
304.889
315.655
337.288
404.94
503.699
310.999
290.635
321.796
327.217
318.765
278.319
425.391
422.772
356.492
326.005
325.574
435.54
354.619
184.978
187.784
339.276
514.185
447.652
385.955
744.625
316.336
155.23
194.132
353.456
611.282
781.474
394.449
668.45
323.123
180.865
231.153
234.812
479.255
692.622
387.488
918.208
423.484
199.085
254.897
323.774
686.436
945.836
501.67
547.109
524.093
259.485
236.423
152.05
266.333
500.526
563.897
689.223
582.669
274.641
193.976
168.709
247.411
635.828
636.633
688.337
661.779
290.497
149.3
155.541
280.958
625.775
719.797
604.367
585.597
302.253
269.455
207.404
271.118
545.578
621.685
439.601
318.817
129.179
128.949
139.768
190.582
405.179
368.949
288.222
266.218
319.723
365.399
259.132
154.027
272.701
273.463
398.857
332.682
262.005
345.043
240.685
301.887
382.484
365.263
276.529
219.107
166.719
121.873
110.661
125.65
260.622
235.495
345.055
270.455
214.103
186.431
183.263
210.708
331.608
294.576
313.037
287.849
258.435
365.381
293.84
283.77
331.727
279.296
271.771
227.882
316.196
513.578
297.026
311.683
292.142
224.077
256.967
224.753
286.509
375.997
259.833
196.694
249.322
237.266
196.016
161.722
255.011
487.832
256.501
197.69
203.33
168.293
291.899
213.321
259.255
431.958
308.246
315.136
296.185
239.428
355.984
236.595
225.594
218.432
241.381
288.148
360.733
253.308
337.073
228.607
214.978
254.582
442.797
503.004
362.258
236.018
854.352
486.52
213.027
217.561
324.577
688.126
895.516
554.387
744.888
354.026
163.64
194.087
254.888
608.556
791.652
412.588
861.569
339.567
197.764
178.542
200.451
541.082
889.385
416.652
905.94
413.051
154.382
183.945
257.224
555.1
923.908
508.641
591.631
536.723
284.075
190.607
133.508
225.294
544.72
572.846
681.868
627.38
329.353
270.599
277.38
283.662
624.956
678.081
646.471
562.038
248.285
209.461
122.217
303.028
595.762
620.102
478.735
466.061
240.139
153.792
169.074
296.512
448.44
490.319
525.669
504.095
311.258
167.095
163.121
292.575
496.033
523.34
174.775
198.86
171.468
115.62
155.03
172.646
170.503
189.85
423.756
321.222
159.609
118.107
122.115
154.313
393.505
355.237
514.744
309.801
347.25
458.45
325.927
285.475
498.473
348.97
508.543
427.683
172.515
227.486
182.011
206.989
463.676
478.922
405.403
276.164
259.135
227.777
216.473
316.287
427.58
284.869
287.352
188.136
202.902
357.331
304.871
205.054
278.717
212.531
161.594
224.629
390.941
387.887
229.034
160.226
146.224
211.814
254.78
200.825
353.025
627.494
480.375
282.068
266.437
200.192
579.874
229.684
214.775
327.113
307.675
482.27
604.564
276.45
658.868
317.434
188.943
225.117
362.259
521.917
684.736
375.942
694.389
306.213
156.893
182.445
224.386
461.302
708.854
376.229
494.76
334.468
254.541
216.037
201.623
377.345
503.257
357.772
706.923
443.267
215.746
158.827
258.064
565.714
733.764
479.514
694.177
323.712
162.844
175.863
206.254
507.046
730.18
386.131
1216.72
488.558
116.968
132.285
127.052
504.162
1214.24
639.637
695.809
499.077
240.416
145.541
116.421
187.453
647.99
557.77
657.558
566.55
196.843
100.104
95.5748
252.924
603.793
631.783
735.431
634.163
297.03
217.08
212.309
325.231
678.408
693.72
546.383
355.82
209.604
224.507
217.395
194.566
524.441
399.399
511.329
325.773
163.97
233.627
200.274
243.182
485.085
380.796
400.406
274.471
154.478
184.254
154.73
226.245
397.065
303.27
319.14
397.327
226.4
195.277
204.63
238.099
289.151
403.751
709.254
347.869
111.2
133.666
158.662
330.125
697.77
419.74
368.194
287.062
169.353
174.833
146.743
157.946
345.261
311.059
498.611
431.458
162.2
202.476
176.567
320.033
468.879
477.491
299.463
266.836
246.107
469.567
341.321
241.467
295.689
268.744
347.621
234.224
277.059
277.569
254.412
199.304
335.675
262.232
203.527
216.085
395.48
762.016
491.623
249.229
196.908
211.643
680.225
379.219
236.493
441.517
370.791
422.507
679.5
448.632
646.94
290.249
173.192
218.85
395.285
535.15
665.029
353.351
355.679
254.048
138.043
155.1
187.753
299.001
362.386
272.581
522.878
334.456
224.922
168.998
155.79
331.924
521.516
370.909
941.468
475.627
153.727
187.073
231.773
550.31
948.157
575.406
860.121
443.149
238.461
287.392
221.29
511.49
867.785
519.105
1104.84
485.659
216.958
189.374
188.307
447.131
1095.18
615.535
641.203
475.259
222.021
141.277
150.407
249.558
609.264
530.692
779.985
525.687
195.321
126.369
119.981
288.366
740.594
602.896
879.115
555.597
236.967
152.947
149.925
239.102
828.259
647.588
690.999
583.258
220.031
146.331
142.367
274.847
640.314
648.57
638.152
378.528
183.278
175.249
154.609
270.949
609.022
448.315
623.417
370.704
188.084
157.634
161.425
324.82
614.212
423.116
512.109
421.499
436.462
458.203
256.047
310.354
476.996
435.967
379.106
242.305
204.333
355.418
224.278
195.167
358.685
280.697
444.246
289.687
135.424
174.13
142.166
241.184
434.042
329.216
744.515
423.533
141.191
149.328
151.012
365.845
733.558
501.412
511.743
361.437
160.705
118.299
160.477
246.67
490.83
408.803
175.903
133.802
163.739
325.346
194.109
131.509
171.671
140.773
619.57
415.05
311.777
446.687
352.491
291.422
598.885
473.48
516.154
281.474
185.612
220.956
291.875
494.084
544.196
310.845
584.115
365.105
193.256
238.809
205.217
358.296
578.513
407.712
715.251
418.416
278.418
213.719
229.096
423.326
715.532
478.805
964.8
526.369
165.596
224.258
223.153
473.232
951.034
633.483
1062.87
618.963
142.769
78.3748
120.18
506.233
1043.87
733.304
1063.17
581.294
192.072
111.022
148.494
491.718
1045.86
697.36
866.704
382.457
189.653
242.14
156.302
297.461
846.637
487.152
588.321
377.401
167.811
158.375
200.142
272.849
562.926
434.829
606.881
467.45
187.639
218.997
229.352
260.46
561.918
529.131
682.185
547.831
179.496
156.948
112.241
260.957
625.976
619.801
471.445
440.718
219.746
115.441
129.655
239.92
447.227
469.497
545.914
391.066
129.732
138.965
94.2479
235.595
518.039
446.822
455.133
334.042
230.419
207.215
225.846
299.29
449.118
354.158
669.693
420.608
129.308
167.724
114.834
192.759
623.168
506.267
365.875
236.098
156.86
251.587
221.936
236.379
359.944
258.153
648.078
366.76
160.789
216.032
178.692
287.497
632.44
437.731
410.086
320.831
153.315
151.447
168.524
210.385
390.663
352.648
502.728
302.728
139.634
199.438
182.854
237.337
481.313
353.847
254.603
179.791
139.155
248.184
297.107
222.163
244.894
206.965
608.598
452.856
243.844
221.239
255.791
273.709
575.84
509.967
610.257
335.182
170.841
178.814
137.816
304.533
604.865
397.612
798.725
429.407
150.844
149.091
182.052
422.913
794.239
514.807
827.856
478.977
162.768
263.355
217.531
370.503
807.969
567.737
890.482
508.048
163.265
196.88
161.609
452.998
883.17
597.652
1102.74
616.018
173.044
139.274
129.718
551.446
1093
733.069
987.219
526.256
167.331
143.27
129.885
476.77
976.918
633.948
932.518
449.108
162.764
179.707
150.021
316.699
904.582
559.892
685.737
459.92
190.317
102.308
130.524
224.98
647.994
517.645
667.386
528.897
210.441
178.741
137.679
260.554
620.838
591.82
626.448
568.495
273.89
177.512
163.571
340.701
580.219
610.857
783.545
571.312
185.822
146.569
144.2
328.817
741.925
650.15
557.018
362.233
237.146
219.857
163.006
251.967
541.112
413.292
345.559
300.37
262.037
222.843
238.589
244.153
328.462
306.533
393.137
343.665
162.378
224.866
178.477
199.065
369.999
377.43
546.784
356.385
192.761
200.188
207.607
227.856
521.04
415
638.152
375.153
155.086
207.056
140.08
242.683
615.45
443.895
434.925
311.28
118.089
77.102
76.0252
189.01
410.976
353.763
432.54
349.467
147.912
121.068
138.426
234.074
411.514
386.594
215.37
258.689
274.64
220.829
233.241
165.853
193.794
260.29
372.884
276.494
193.588
196.194
174.791
191.367
365.208
294.827
536.757
349.938
156.365
202.55
150.691
228.545
517.56
404.792
605.29
417.729
210.837
191.009
206.184
283.409
577.766
478.681
841.564
454.762
128.26
104.317
146.291
428.53
836.521
544.628
899.316
556.268
176.865
206.681
154.98
398.266
873.758
652.979
991.337
617.507
169.025
195.748
161.025
462.387
965.946
721.656
987.443
634.933
233.612
170.622
120.166
362.179
944.469
736.433
970.073
458.184
182.668
194.595
206.292
399.607
947.881
572.191
618.461
511.922
234.124
149.191
150.101
228.31
572.724
567.405
707.403
585.445
247.626
111.375
188.079
333.315
655.163
643.313
727.071
446.249
196.422
108.625
120.518
225.054
688.583
523.544
825.658
513.18
204.294
188.978
160.303
270.956
785.673
594.173
666.502
443.864
201.292
93.3309
118.331
277.166
637.533
495.787
580.846
339.401
119.089
115.414
121.032
305.993
575.65
401.092
448.071
385.491
145.168
161.148
199.556
207.598
416.695
428.188
413.139
303.005
137.205
150.408
172.774
227.149
386.325
343.626
780.524
415.016
143.623
205.421
137.434
238.122
746.657
508.58
655.819
317.766
100.382
86.6674
65.9555
233.303
639.357
392.348
490.505
308.194
153.153
138.37
129.972
210.244
472.192
355.554
414.348
445.551
250.684
149.366
141.932
215.495
385.893
457.414
255.828
293.881
227.71
225.568
184.025
194.246
250.882
290.02
591.365
372.341
217.3
194.464
190.013
198.599
556.763
432.703
446.075
407.419
233.819
179.015
153.29
185.322
408.111
433.706
308.84
315.205
194.15
216.184
190.378
236.521
291.711
323.583
929.5
492.15
166.633
234.238
206.889
509.308
933.883
588.631
1013.95
587.658
149.107
104.932
150.261
454.812
989.765
696.954
997.164
496.996
167.572
143.307
127.582
345.665
970.137
615.657
1062.6
477.725
101.895
135.46
143.766
428.304
1040.93
612.007
504.285
337.402
223.006
138.407
178.274
286.47
497.306
373.323
653.248
448.754
169.216
95.6208
113.128
236.194
614.06
509.891
616.883
495.281
175.818
149.229
144.657
284.068
575.319
556.439
507.827
451.704
206.462
120.449
88.26
186.635
466.936
490.324
737.581
550.761
215.307
200.537
136.262
257.283
691.634
624.237
631.164
522.152
177.003
122.897
138.444
244.591
580.64
583.906
558.46
337.759
120.057
141.665
137.371
184.434
521.02
404.712
323.368
236.257
208.324
263.795
234.938
277.515
340.32
247.12
734.356
536.56
188.263
157.173
96.0749
282.268
688.952
613.138
724.847
502.305
200.017
179.041
161.445
270.586
685.753
576.852
377.025
290.484
146.811
175.217
150.2
202.164
363.652
319.299
693.836
401.613
169.523
188.351
139.442
262.431
661.404
479.616
702.125
408.804
185.924
189.594
206.923
236.396
659.96
491.207
700.157
535.864
206.496
196.229
164.618
283.9
658.1
605.68
577.692
508.789
274.195
174.965
163.548
227.034
533.354
554.812
756.676
486.375
185.924
191.555
153.191
326.113
732.038
564.086
836.849
537.788
153.107
166.848
158.754
371.516
806.03
627.732
787.006
473.864
226.346
141.328
133.943
340.77
766.589
552.136
904.791
557.24
263.082
290.962
200.036
301.634
860.224
649.284
994.803
596.394
254.127
171.492
189.441
319.293
938.119
705.169
316.51
337.413
202.821
169.378
143.437
231.538
300.432
357.651
643.928
463.392
184.514
169.636
213.46
353.358
612.591
531.165
590.414
569.343
310.072
144.714
198.418
277.488
552.586
598.788
402.91
338.015
204.163
135.597
146.404
329.103
390.461
350.013
317.976
225.45
180.353
159.997
140.107
195.914
315.026
246.002
432.657
377.502
169.174
160.688
104.99
238.362
409.803
411.316
581.112
401.717
187.594
190.14
121.761
234.912
561.959
448.186
496.941
289.874
197.223
129.762
119.977
208.145
481.534
329.163
397.343
328.266
180.46
247.409
213.604
206.909
369.846
364.822
793.149
418.662
143.681
207.04
118.173
247.386
762.265
509.256
354.029
287.315
134.443
115.13
104.169
218.587
332.606
317.989
446.544
349.917
165.989
155.761
161.464
215.834
406.778
391.834
564.695
405.301
199.249
246.512
223.736
274.444
531.316
465.163
541.035
301.635
164.764
201.093
161.38
224.3
526.157
357.705
436.165
362.165
185.41
130.209
114.235
171.725
408.12
394.945
706.173
523.434
265.382
189.802
150.624
226.824
660.573
583.558
901.935
557.575
183.861
168.166
194.709
437.978
880.449
650.283
729.035
511.954
238.083
162.448
105.788
261.925
696.59
568.64
855.404
550.895
179.229
214.05
181.834
355.415
818.916
643.779
796.355
519.496
173.365
173.678
220.859
338.595
764.257
603.404
439.358
446.073
250.637
155.163
150.932
201.51
403.99
468.621
227.931
353.497
347.645
236.415
253.322
231.267
212.964
327.533
684.494
486.818
190.353
177.429
177.572
308.101
649.902
551.032
728.742
628.722
279.591
190.368
185.233
243.437
664.357
678.43
348.07
386.143
233.216
210.808
182.775
293.898
329.706
404.819
319.925
353.019
304.305
253.818
225.907
251.722
301.818
364.656
481.755
307.535
197.849
163
211.325
277.074
457.122
356.652
418.645
393.759
210.797
169.207
135.249
192.483
383.786
421.504
568.283
359.928
103.993
85.8897
112.888
198.764
529.292
429.307
584.449
412.474
125.348
92.4053
96.362
223.58
538.729
475.517
303.754
225.681
105.112
115.523
107.062
140.028
286.274
255.026
430.696
420.243
173.332
169.832
194.996
263.414
389.929
459.738
523.643
399.281
211.118
203.455
220.584
235.894
485.168
451.098
325.883
265.918
172.704
215.172
186.433
282.216
322.558
287.037
408.166
228.404
157.344
223.557
220.175
226.434
409.248
261.587
762.67
546.874
203.497
139.3
143.446
292.189
723.971
621.418
811.649
551.568
221.455
161.938
178.17
359.388
783.617
624.958
922.902
483.075
148.773
132.46
137.648
386.617
905.081
585.214
776.365
432.198
189.026
165.059
162.935
463.794
788.182
495.716
667.378
564.433
246.113
161.967
166.928
303.694
627.434
613.106
293.218
352.023
302.777
196.748
195.537
162.98
272.448
351.554
371.967
387.508
313.412
188.119
184.607
193.072
343.162
394.846
374.966
356.705
254.66
152.144
150.879
200.386
359.372
369.353
626.589
495.203
207.887
116.867
94.0724
247.227
587.229
550.858
562.57
446.292
225.437
149.845
120.543
183.759
519.137
499.842
529.015
590.13
299.677
338.944
236.087
304.41
475.603
599.411
419.451
441.15
225.958
134.232
133.204
273.492
398.44
456.956
622.472
502.239
202.325
189.628
109.641
221.974
575.532
557.431
526.543
372.615
151.137
97.1198
156.63
190.251
486.226
429.7
566.39
315.155
188.672
173.057
118.232
270.739
543.074
380.612
297.143
191.536
130.454
199.388
168.079
160.004
282.058
220.664
541.678
416.836
170.977
107.713
123.159
233.238
513.772
461.417
442.637
329.669
161.568
207.655
139.782
154.553
409.823
371.321
726.204
411.022
136.48
151.32
136.909
327.719
704.606
491.067
580.427
392.704
192.419
109.864
195.164
317.407
565.736
442.036
737.852
444.301
191.002
231.021
165.421
359.955
725.342
518.156
910.896
526.114
218.17
127.063
144.542
311.985
879.063
612.848
975.276
614.184
192.391
152.179
146.79
415.372
944.763
717.114
1055.95
679.533
172.764
92.4936
116.52
458.149
1020.05
792.057
940.573
614.499
217.147
150.749
160.073
386.979
908.6
707.033
385.479
502.697
264.614
152.693
154.306
354.323
366.32
507.257
495.671
482.336
288.915
235.25
202.074
283.935
461.437
506.243
619.336
499.167
292.189
178.558
144.785
240.881
586.335
543.508
454.608
375.658
202.926
135.262
141.673
274.428
441.788
403.413
531.197
472.81
263.673
206.159
194.83
262.864
496.768
503.146
523.481
358.683
224.107
134.843
131.433
249.812
507.212
400.702
437.996
305.463
126.955
134.586
153.295
282.456
437.85
341.347
553.469
445.952
277.623
344.1
201.443
219.404
518.476
491.772
438.593
443.579
204.016
88.8268
87.6129
189.538
395.767
468.437
489.638
322.289
218.167
274.693
156.002
168.899
456.506
373.862
671.205
404.023
160.071
227.202
174.55
218.545
638.375
475.986
517.859
504.409
316.601
245.607
209.174
291.301
479.38
532.975
263.412
226.822
118.825
155.916
162.346
225.076
263.293
242.096
558.612
502.434
231.126
172.844
205.994
326.689
521.649
555.159
569.451
473.227
258.375
220.513
213.388
268.103
532.992
508.866
667.506
435.096
182.474
131.567
120.763
227.416
636.127
496.476
878.367
549.99
188.937
150.74
132.531
377.363
851.35
642.372
872.221
595.268
202.26
112.695
113.117
360.181
834.514
685.863
827.164
535.082
183.519
128.006
122.386
357.241
799.629
619.807
874.454
606.277
208.946
132.904
159.674
367.336
836.272
694.74
