312.441
518.282
502.572
331.358
283.61
251.845
283.843
493.497
423.582
692.363
603.189
360.334
333.505
376.405
384.333
663.075
403.448
628.758
594.626
327.15
301.532
308.095
363.001
597.692
297.158
599.972
616.294
411.749
271.13
287.824
257.444
553.709
443.64
645.297
775.522
619.833
451.604
372.88
420.636
616.025
240.034
505.007
776.18
745.94
386.723
290.804
238.698
441.765
269.151
419.18
710.137
764.14
361.857
193.591
249.58
377.234
211.309
260.66
570.24
864.073
469.83
191.459
208.13
236.869
125.884
162.972
410.767
693.258
434.157
179.895
131.901
140.097
143.523
169.61
343.232
574.093
406.084
181.718
140.686
160.425
183.261
155.223
425.375
893.429
607.754
245.575
182.103
153.919
180.047
190.026
354.104
795.307
760.099
388.153
190.133
178.661
259.265
303.242
380.204
695.181
786.887
517.123
279.038
268.092
342.982
261.277
410.208
639.706
941.038
644.234
377.061
272.685
445.873
279.68
308.948
424.107
589.65
586.14
475.157
289.249
454.788
331.038
330.917
477.409
718.762
684.389
503.169
345.844
574.477
349.77
215.32
255.469
485.17
729.266
627.089
365.631
610.509
452.641
246.557
342.162
624.252
885.926
679.774
474.745
588.042
472.243
340.718
324.474
662.021
957.774
662.439
481.683
537.75
401.036
455.373
450.913
501.341
731.205
577.607
416.507
464.701
631.684
403.462
187.454
169.976
232.564
408.959
633.654
462.031
504.959
402.761
268.443
268.425
320.258
435.267
506.595
466.489
698.816
556.407
290.849
279.23
350.7
408.344
678.729
593.375
673.664
508.092
382.38
287.325
357.633
538.152
687.405
498.389
688.348
595.883
391.014
293.432
341.839
452.795
680.873
213.033
552.219
733.571
660.679
304.624
268.412
183.882
483.596
193.433
364.593
725.191
851.372
403.688
200.207
181.105
317.936
243.616
258.017
601.43
887.144
488.766
215.535
247.894
244.002
123.085
170.368
468.937
831.225
481.561
171.93
122.712
154.892
147.384
160.5
293.787
411.205
301.652
158.47
148.617
152.774
226.1
157.436
393.263
889.55
673.177
294.231
228.5
162.399
168.665
170.8
387.364
858.026
683.186
284.852
178.558
169.673
181.396
258.138
315.717
714.029
780.588
464.506
192.548
232.92
333.612
318.16
391.507
539.094
813.174
613.833
334.91
332.632
293.741
302.271
325.39
515.937
769.104
722.402
343.193
278.427
538.989
327.724
301.825
483.242
634.562
669.228
582.343
348.119
480.574
348.414
390.069
509.02
721.026
720.308
532.837
361.369
572.988
284.929
275.523
316.558
540.203
726.304
624.497
312.521
637.313
291.538
317.791
301.444
624.048
852.487
704.293
319.969
609.89
449.463
294.84
248.567
550.287
867.469
679.519
455.02
493.285
711.266
468.116
242.624
175.579
349.065
447.146
706.412
451.93
677.636
648.364
404.502
290.467
292.139
404.206
659.382
659.849
726.694
644.572
436.538
399.26
321.176
604.212
738.549
415.504
679.62
632.34
391.859
273.662
280.477
368.414
654.401
416.498
645.077
648.096
435.006
308.98
266.164
371.328
621.18
275.609
451.559
580.508
622.075
280.941
269.991
263.744
408.721
221.492
433.537
623.373
648.47
346.837
243.764
200.71
389.47
185.724
289.243
603.713
736.317
352.813
191.282
175.857
259.889
190.766
206.071
500.132
878.203
516.244
200.467
192.786
191.876
143.153
191.553
385.383
644.162
415.426
149.607
136.837
175.452
249.21
167.421
362.143
708.884
453.694
196.123
249.988
180.058
255.755
160.536
419.368
896.897
677.368
225.634
242.489
185.766
246.925
181.255
377.238
917.918
874.688
386.207
255.956
183.246
247.567
304.782
331.789
506.617
710.568
564.969
268.905
276.755
286.523
306.574
305.363
352.453
685.536
729.946
329.113
295.227
457.796
413.6
347.525
329.256
625.622
782.83
516.688
405.97
501.722
376.479
355.263
334.827
611.23
725.693
545.08
376.108
584.178
416.579
317.808
320.838
627.103
776.336
634.381
427.993
617.653
450.532
400.659
430.419
693.517
803.025
670.23
467.789
738.737
352
302.065
312.007
496.893
783.57
790.376
402.661
398.914
594.232
501.17
223.291
286.697
350.413
386.534
570.226
438.275
665.783
574.185
345.092
270.141
275.292
385.08
646.729
546.565
689.069
613.481
379.517
262.02
234.66
488.442
683.842
460.579
708.674
597.88
304.951
248.108
266.287
403.174
686.57
279.235
574.344
603.202
348.254
335.905
309.716
244.874
522.147
320.723
515.225
678.789
535.184
298.319
304.584
307.437
479.553
193.334
366.322
600.39
621.605
308.868
204.595
184.318
322.832
170.443
221.523
556.049
740.949
391.225
202.754
167.878
200.718
107.924
223.016
475.566
724.245
391.127
162.557
103.013
195.024
171.371
140.663
259.359
652.304
367.274
156.119
168.245
141.676
150.98
173.44
349.554
620.105
346.888
223.819
157.048
155.848
217.744
193.714
351.255
821.703
613.141
255.628
220.434
191.767
247.995
278.732
335.574
677.193
713.728
416.122
240.342
280.317
335.736
260.739
329.181
539.946
706.791
617.696
379.543
259.093
330.882
251.195
280.666
314.946
627.485
565.836
342.684
269.034
468.848
275.21
387.963
336.85
498.484
639.034
517.799
293.153
532.859
293.661
291.212
317.493
642.83
793.41
591.851
316.562
593.598
434.618
347.48
281.454
577.38
759.72
645.444
444.521
792.839
441.154
348.989
283.291
558.313
899.382
859.313
477.904
762.21
507.283
247.001
239.834
519.223
985.396
842.307
527.712
573.84
654.032
512.403
285.177
320.556
346.743
528.395
660.441
442.545
687.679
565.487
412.001
306.329
350.481
389.048
667.348
454.972
711.856
706.425
360.334
359.192
352.824
401.689
665.138
407.534
683.958
593.934
222.194
368.879
381.267
354.028
646.109
329.82
666.274
752.098
404.919
311.927
348.371
299.256
602.168
370.217
483.143
676.622
570.258
376.387
291.484
376.949
445.38
251.514
411.499
652.986
767.436
358.503
244.731
236.164
365.613
220.586
299.553
526.825
626.653
299.887
200.314
217.104
279.217
253.707
271.839
397.886
549.196
353.771
235.206
244.672
270.428
261.228
174.356
240.995
410.685
342.901
187.348
257.44
190.508
307.087
195.549
308.656
528.317
548.159
343.863
317.877
205.876
254.218
201.129
312.879
510.297
585.352
391.572
259.992
205.593
255.624
301.999
296.358
460.954
633.549
456.426
272.807
300.575
290.246
200.822
276.214
404.962
496.726
411.666
312.578
201.18
433.877
420.298
369.953
465.433
672.182
608.005
467.917
425.451
372.673
340.225
266.276
266.31
555.218
669.759
413.138
339.775
526.069
371.708
303.011
262.152
473.19
773.335
587.763
376.469
620.866
375.468
372.137
303.577
452.032
708.209
666.262
395.587
800.221
332.541
226.858
241.901
496.416
779.437
853.122
403.299
713.171
388.691
330.76
254.152
369.957
669.549
750.715
435.423
531.812
645.122
490.865
210.854
176.012
234.661
477.86
651.009
575.78
591.313
338.093
230.442
304.664
423.312
542.379
609.432
476.269
617.901
486.929
237.476
228.766
349.844
435.477
614.259
517.896
764.523
448.349
197.783
214.557
407.288
465.046
757.568
352.589
617.526
553.806
231.442
282.644
332.269
311.976
578.45
383.192
602.952
646.479
430.191
319.726
342.129
374.111
575.053
278.64
262.261
302.938
423.157
269.99
216.553
266.121
270.988
169.612
201.941
392.66
553.882
339.839
192.164
172.047
190.878
138.764
135.774
351.009
666.851
366.816
118.302
142.102
129.7
210.353
130.023
353.201
789.08
577.248
188.047
210.77
141.12
219.629
182.949
380.471
699.789
450.214
165.1
217.764
180.138
268.186
178.452
295.619
674.698
573.403
278.294
274.158
192.807
247.954
227.757
279.291
462.083
542.766
481.257
269.746
212.42
355.155
368.321
370.077
417.37
613.317
611.084
392.005
357.311
502.828
278.915
214.639
255.493
536.506
708.351
556.35
303.449
609.801
574.689
332.269
390.281
614.301
809.803
664.269
588.361
683.856
449.645
288.669
312.496
460.307
664.734
715.36
471.593
810.432
425.495
214.967
230.058
427.848
752.194
855.977
478.129
612.019
406.944
367.929
285.531
611.969
845.529
674.251
411.689
725.844
361.182
311.799
264.616
466.883
731.845
777.193
414.373
540.936
711.966
493.899
286.692
244.042
355.724
490.249
714.511
556.786
719.518
529.908
320.97
317.954
374.716
503.98
720.917
438.02
694.33
549.897
254.385
275.835
402.973
393.795
674.557
479.018
716.848
497.28
256.721
212.958
303.14
424.651
702.184
434.784
656.56
517.77
328.822
196.888
273.921
388.927
642.678
259.806
310.146
353.951
296.172
238.408
225.895
245.228
303.178
217.782
290.873
339.237
313.269
283.217
261.284
211.43
283.293
258.557
244.106
420.223
479.669
289.414
178.909
250.995
250.279
160.405
222.227
467.419
860.686
448.08
177.345
161.484
213.503
125.547
108.452
319.001
718.958
572.199
237.773
133.944
98.3697
404.557
304.691
231.816
443.424
622.156
565.965
412.583
327.159
268.191
181.589
222.57
528.632
607.515
365.174
271.453
189.714
387.265
343.597
257.321
319.558
415.378
386.599
393.44
348.393
434.223
346.233
339.801
418.427
652.042
629.115
470.325
344.532
708.512
450.466
286.011
333.157
579.587
904.592
778.588
471.757
765.557
538.424
302.746
308.299
421.132
802.075
818.328
557.184
729.739
447.041
244.092
232.99
432.833
822.619
795.578
473.939
645.022
410.269
199.542
219.035
341.698
593.903
675.593
442.043
707.125
421.53
301.418
286.893
391.834
809.136
770.691
439.135
661.028
349.333
192.737
191.224
355.199
658.068
720.348
389.418
789.394
771.658
423.715
249.461
236.302
396.782
726.622
816.072
750.959
796.039
470.274
249.378
217.545
325.622
678.322
839.599
552.355
715.509
475.381
241.726
227.882
290.761
490.491
718.464
512.943
761.138
575.998
259.562
217.796
332.241
456.188
748.338
468.068
509.272
431.029
329.529
270.013
234.36
424.241
520.821
355.375
273.647
363.505
417.675
222.376
195.265
349.449
280.729
282.504
414.683
472.393
286.202
177.519
192.407
269.068
376.225
193.883
214.021
281.445
400.712
309.439
160.763
193.066
203.974
292.99
297.089
394.191
414.632
246.572
162.022
267.497
302.395
188.522
218.393
324.27
755.187
597.537
240.141
183.058
215.895
351.353
249.751
338.152
613.253
496.309
371.516
352.016
260.044
352.959
309.047
258.334
385.973
491.114
538.687
357.248
313.781
443.295
250.725
281.598
498.061
628.913
571.743
488.199
271.733
551.314
377.804
297.319
324.199
441.458
569.34
576.77
409.503
603.426
394.031
214.376
249.834
458.515
706.348
652.758
420.597
686.81
340.593
278.457
289.255
448.783
640.895
712.3
402.236
605.282
496.375
245.676
224.47
395.29
710.723
642.53
518.389
808.833
475.555
276.311
206.934
283.236
646.19
841.263
522.615
727.799
400.658
248.709
246.683
408.049
735.3
772.391
436.717
713.643
333.427
317.483
343.499
433.554
635.994
742.456
386.716
751.315
752.721
405.116
179.987
167.639
312.04
688.617
789.449
467.832
586.261
397.057
223.683
173.219
276.874
430.633
589.259
770.581
755.592
325.766
203.433
234.083
362.715
702.519
815.485
548.525
588.959
354.533
170.723
181.583
269.336
507.909
603.173
549.398
643.277
351.116
275.726
254.098
297.429
502.251
658.991
515.816
552.616
445.939
332.155
270.281
302.074
473.652
564.178
398.599
235.395
279.849
377.706
324.551
266.382
409.554
258.471
269.553
268.526
314.688
377.026
293.823
335.907
288.32
265.729
373.424
244.144
405.971
545.78
290.754
150.872
351.161
278.27
227.165
303.404
429.947
647.016
359.167
152.721
210.921
285.104
290.558
225.241
273.23
388.195
360.545
291.07
293.919
229.802
348.985
363.585
347.797
423.346
546.275
585.905
382.611
349.23
368.984
278.501
226.727
314.313
492.499
563.141
403.808
295.658
594.553
281.615
154.415
201.662
406.793
613.167
627.667
332.363
816.93
477.486
212.039
235.664
294.415
699.363
872.238
523.158
879.886
433.155
224.508
227.623
287.85
691.528
919.309
498.396
677.15
334.803
161.597
198.638
318.815
549.669
702.039
381.435
917.17
571.766
302.421
132.195
334.417
821.84
961.833
596.967
685.479
307.478
173.729
273.274
387.454
651.519
726.653
357.199
699.218
425.996
331.173
320.858
397.563
683.976
745.821
437.433
806.626
700.424
378.733
196.702
259.302
416.796
753.48
751.9
798.718
616.699
239.993
152.699
172.379
314.273
747.037
690.772
670.383
655.885
358.547
317.289
214.553
273.588
606.587
708.15
592.186
639.422
419.319
288.53
268.101
466.209
553.235
658.227
357.437
392.917
357.332
278.36
196.934
255.152
334.777
400.947
445.598
327.552
259.201
278.731
229.242
350.675
451.169
348.821
303.381
425.74
342.667
228.504
207.626
222.225
275.153
420.481
273.611
324.746
375.373
456.151
317.814
250.486
271.016
324.435
295.917
299.037
483.557
662.184
346.059
189.352
294.327
284.615
400.04
279.62
281.891
373.926
326.603
236.689
387.182
306.034
273.638
213.178
210.266
213.982
358.643
448.83
287.173
208.22
444.792
242.024
286.965
277.182
380.292
433.637
465.958
272.983
604.479
342.086
288.364
276.397
328.581
481.696
612.876
383.567
651.078
356.706
184.491
156.436
233.242
487.929
661.786
412.561
822.075
545.392
277.703
282.708
337.62
685.567
851.83
567.096
949.018
507.154
262.769
240.019
233.792
606.345
969.233
596.283
608.413
350.83
261.75
233.614
291.825
455.454
633.042
384.766
838.655
462.415
180.022
166.439
243.49
447.64
823.599
547.39
798.923
438.837
204.42
197.796
243.136
501.39
809.597
503.307
729.728
422.58
253.488
278.196
268.1
542.007
746.829
476.463
752.799
774.146
387.649
154.209
145.046
293.099
683.119
813.408
940.654
604.654
246.101
275.762
240.599
311.792
882.698
708.108
702.778
616.181
366.956
172.944
191.293
273.795
654.051
661.611
566.195
447.151
284.133
371.257
253.957
234.247
533.711
489.8
435.218
486.416
276.771
223.074
166.086
260.97
395.859
504.174
414.982
596.701
438.793
346.313
197.283
319.723
388.116
588.929
355.252
251.809
200.701
254.575
326.081
319.743
358.579
261.298
241.239
321.347
425.772
553.244
306.341
295.148
237.891
292.996
202.928
166.262
319.297
485.402
393.973
249.037
203.805
160.783
315.147
219.062
131.787
263.873
358.629
366.543
318.788
239.465
521.583
300.537
237.588
291.356
263.996
336.001
519.686
345.686
424.081
324.426
192.751
210.659
300.988
491.399
457.871
336.75
765.278
449.851
312.188
254.835
339.378
624.19
788.856
492.029
721.678
373.398
285.822
234.925
282.823
539.408
749.038
416.273
973.345
441.875
124.783
162.732
194.723
525.498
978.49
548.634
942.274
482.859
199.169
191.875
268.652
536.163
941.245
586.195
823.971
444.465
219.813
219.169
291.456
600.255
833.716
517.17
792.969
405.082
435.629
339.308
427.38
597.251
802.08
465.911
1055.88
474.09
231.709
166.831
336.159
794.263
1089.57
566.848
935.329
536.034
175.255
155.097
228.702
439.392
913.52
630.532
887.322
738.178
288.93
139.097
190.417
343.581
819.951
817.372
570.606
643.803
360.266
230.992
246.85
291.513
515.156
663.279
466.668
414.301
188.366
186.816
175.948
290.7
435.57
445.539
705.124
566.605
311.197
242.161
176.34
282.15
664.94
622.415
448.962
430.75
269.368
333.45
260.134
327.245
425.221
454.331
394.976
379.707
437.882
325.922
229.802
265.646
388.419
379.373
388.924
373.597
380.556
355.606
217.307
271.803
389.409
373.599
337.79
261.54
430.888
434.774
309.497
211.133
335.269
256.404
425.399
427.599
274.503
386.383
439.821
415.859
433.367
433.325
484.208
314.598
210.109
247.591
206.593
344.697
480.951
349.294
556.663
273.032
170.596
253.287
228.38
419.216
580.869
320.261
841.356
402.458
218.861
308.202
248.769
488.407
853.53
488.83
677.341
365.214
199.41
276.997
214.298
439.764
697.576
414.246
796.594
362.336
264.116
230.518
243.26
483.453
814.367
435.518
808.831
341.554
317.563
357.838
343.824
467.306
821.116
426.695
798.049
366.838
171.616
231.904
216.872
517.397
808.404
442.952
915.369
394.663
196.986
317.655
354.473
466.519
913.646
494.642
909.613
434.182
192.962
156.811
231.211
554.034
918.943
527.176
882.408
451.256
254.079
185.702
306.698
710.884
926.696
505.376
554.929
402.682
226.923
296.922
332.743
427.654
550.104
451.156
738.834
608.323
311.372
273.631
234.133
311.123
694.708
668.147
634.71
493.521
268.281
198.238
190.31
291.199
599.759
546.456
509.087
504.518
312.905
259.792
213.437
342.338
474.694
534.056
618.803
540.044
243.853
210.033
252.718
267.505
564.152
599.952
502.625
384.945
265.227
438.131
307.881
198.996
474.064
419.133
665.87
891.058
477.609
280.87
263.534
377.491
586.089
894.788
327.158
479.715
344.67
234.606
282.068
257.096
298.369
472.181
263.336
200.973
274.274
407.137
344.08
307.265
273.888
196.198
282.155
312.282
245.122
334.939
240.299
279.468
291.144
311.503
583.604
294.407
225.223
192.148
290.46
483.315
607.282
335.219
738.806
343.948
185.664
202.154
185.032
377.401
745.678
415.249
721.87
410.137
201.377
200.987
234.431
373.094
714.392
482.494
932.563
479.821
179.697
179.857
165.152
453.923
920.495
582.803
1011.15
528.974
204.363
160.435
238.163
572.192
1013.98
634.873
802.215
431.355
263.985
257.717
275.923
465.137
810.853
506.488
631.613
351.566
300.733
352.105
256.589
437.24
655.97
388.056
580.752
285.77
206.454
261.545
345.32
385.509
579.416
344.422
614.142
350.689
148.178
155.936
156.523
335.731
608.739
413.492
957.425
479.25
202.883
218.516
286.18
619.712
979.538
569.853
861.69
384.783
256.574
245.916
368.232
617.117
876.689
443.893
513.574
492.183
253.497
197.878
180.63
263.348
475.971
522.991
751.441
624.363
205.851
186.063
105.927
290.157
688.606
702.288
728.117
520.107
208.345
217.981
246.601
354.636
675.343
597.13
474.995
432.74
266.914
309.295
215.821
177.496
439.687
461.53
423.518
439.991
276.012
361.031
348.911
355.464
398.852
456.582
411.697
389.63
321.636
309.228
210.649
304.663
407.456
397.891
293.353
276.644
268.655
221.721
252.132
217.162
290.572
278.515
371.954
242.281
311.109
349.586
321.822
282.089
375.283
264.053
615.037
375.025
181.318
283.763
321.646
450.345
619.36
434.451
727.563
403.32
147.48
145.175
157.559
371.178
719.487
482.167
546.629
313.677
221.665
166.611
210.608
330.068
540.689
357.452
399.969
277.428
180.348
185.348
180.792
303.118
401.251
305.641
424.511
279.026
171.703
153.769
164.879
283.051
422.192
314.53
670.254
349.031
145.483
194.237
207.244
412.797
670.52
414.565
554.378
276.216
131.854
184.438
270.561
399.006
565.596
332.471
525.243
338.611
180.004
199.968
217.55
403.156
527.469
378.432
559.855
463.92
231.145
240.387
204.09
362.832
551.125
504.326
664.338
356.848
182.366
181.026
260.627
505.958
684.372
407.694
864.373
435.994
135.059
122.788
180.533
509.844
870.049
527.744
504.324
290.157
209.635
179.212
276.437
403.481
516.945
330.592
729.33
528.141
416.371
433.194
352.916
325.12
690.753
577.483
512.347
398.421
240.238
200.359
165.619
241.395
482.668
438.608
662.68
483.716
259.898
270.547
183.594
331.867
629.246
549.315
707.878
434.654
174.463
216.771
206.173
286.551
672.442
511.164
621.101
458.855
221.587
196.417
246.068
275.965
591.106
514.439
579.372
415.44
308.136
240.34
163.306
175.378
539.224
462.271
354.901
361.92
209.855
164.631
131.027
223.011
345.641
377.037
577.052
323.085
203.312
167.328
161.337
250.393
557.987
376.299
565.047
272.996
130.232
114.892
159.432
401.343
584.034
322.541
727.527
398.432
153.994
186.735
235.105
330.019
711.985
478.06
432.652
239.16
161.701
207.479
209.712
424.211
458.783
260.893
470.296
345.857
178.386
101.621
147.932
331.263
472.666
373.076
452.487
279.599
219.558
208.117
179.41
323.183
452.782
311.847
662.993
389.336
130.644
129.486
119.671
289.107
644.2
459.789
617.488
423.216
193.581
170.878
131.665
254.697
593.152
482.823
661.689
411.907
163.26
122.871
170.842
365.249
646.208
476.848
788.868
451.34
241.136
291.632
232.891
353.045
770.629
531.842
838.1
412.362
232.949
235.968
199.987
464.591
848.923
494.345
1022
666.662
296.62
135.572
126.555
337.468
974.961
765.094
672.178
456.254
230.734
227.725
218.103
387.689
658.066
516.906
651.543
481.13
250.667
208.041
218.168
373.506
628.984
533.405
630.909
472.088
261.516
242.119
225.317
295.384
600.977
524.163
408.076
377.88
169.416
165.123
141.438
298.14
389.128
416.457
659.973
389.485
256.212
265.249
198.194
310.655
644.67
452.206
597.864
419.74
196.131
191.644
157.602
244.36
567.918
479.016
571.562
356.631
191.179
209
201.115
263.752
553.513
411.722
520.393
366.481
325.914
245.208
247.876
281.856
511.807
394.538
648.935
358.641
208.677
266.442
189.301
234.293
627.073
430.128
550.665
289.524
199.61
362.682
253.398
220.834
535.251
347.864
601.648
387.772
174.816
173.137
165.651
239.95
575.791
446.359
490.125
380.254
179.708
142.528
183.807
339.169
477.662
416.598
493.186
297.458
132.269
99.4796
123.508
269.964
481.235
341.608
595.402
422.335
200.251
133.949
122.782
290.266
580.291
471.673
617.6
365.586
169.959
254.934
230.579
363.791
616.181
428.198
859.925
426.216
241.89
251.058
259.039
346.989
843.415
520.283
844.512
437.917
163.337
191.266
191.087
512.096
857.46
522.911
1024.66
486.072
145.158
168.238
273.589
388.997
997.735
613.639
1024.03
463.263
182.14
316.606
276.751
552.055
1023.49
572.865
863.659
467.964
331.323
311.398
304.803
504.435
867.595
544.642
739.35
411.961
323.263
384.839
378.028
527.157
766.242
461.114
869.459
630.46
210.113
192.453
215.268
365.343
821.135
719.835
699.969
503.47
216.097
181.587
250.204
335.142
663.058
569.117
734.148
438.995
182.545
145.48
134.338
188.171
687.067
525.39
864.6
499.913
168.388
189.08
158.203
322.965
823.501
602.765
542.296
361.796
139.854
132.691
193.091
309.962
526.245
414.918
673.576
314.947
160.413
128.143
164.068
258.82
656.851
396.509
612.952
340.545
205.496
189.597
156.283
202.706
589.164
403.835
299.269
309.65
292.829
203.567
176.07
184.17
281.069
317.19
573.169
389.019
169.127
202.626
174.964
221.955
548.467
446.432
873.496
484.832
169.002
140.712
124.848
290.489
837.217
580.746
583.929
434.657
295.756
333.326
263.917
308.989
566.888
475.15
570.024
429.065
215.986
139.906
183.625
279.625
553.394
474.031
516.514
367.978
231.221
250.821
234.753
342.61
506.787
410.677
702.859
555.468
344.146
243.292
218.344
294.458
664.58
601.312
670.215
480.221
284.751
325.538
360.901
377.139
638.291
549.477
917.002
549.495
140.024
141.264
136.42
396.64
888.028
650.777
995.914
466.203
178.137
305.546
222.456
333.781
968.196
589.007
935.541
407.601
213.262
202.435
270.621
584.446
947.051
502.366
956.301
509.835
206.079
254.729
242.336
530.871
959.104
610.405
1015.39
409.928
175.642
251.913
200.787
456.731
1010.61
537.938
851.713
434.226
199.712
298.339
217.528
264.475
815.868
541.385
489.352
328.068
262.906
165.918
188.361
222.708
468.199
376.695
507.966
251.956
139.316
159.934
141.328
206.087
492.674
300.601
483.184
341.989
242.484
195.962
172.955
289.812
462.301
377.001
699.755
376.434
181.157
196.415
159.841
364.64
696.892
451.602
664.617
301.213
181.3
279.957
197.908
322.626
665.863
368.96
641.643
301.183
160.65
133.456
132.342
263.595
629.771
370.22
341.026
218.662
109.235
138.927
108.7
162.196
323.441
257.56
413.169
286.977
151.836
168.622
122.749
200.394
393.977
327.042
510.321
330.794
127.07
113.972
104.272
230.353
493.548
381.997
712.289
449.05
235.095
164.476
143.231
248.822
680.712
518.962
430.881
239.212
126.156
158.925
161.564
260.458
428.133
274.217
703.835
374.434
156.821
152.21
174
325.354
691.976
448.456
975
582.971
197.595
201.043
178.7
421.858
946.499
688.121
854.21
514.76
297.751
258.996
264.669
365.568
826.364
606.699
822.377
388.761
184.518
245.971
235.079
490.589
820.581
475.031
1090.78
476.178
145.854
156.942
155.969
399.146
1073.89
610.594
961.244
481.454
189.426
203.892
214.827
490.359
957.791
583.938
875.241
459.11
158.161
134.53
205.236
371.19
854.365
551.856
994.697
509.071
185.965
262.098
212.604
473.782
983.63
617.034
889.867
450.492
140.831
169.152
150.526
354.371
870.449
551.435
555.378
397.662
224.581
247.256
214.523
241.803
516.611
451.002
578.961
316.365
204.803
213.68
177.581
184.731
556.848
376.386
550.727
260.827
117.536
171.349
148.439
335.047
562.111
317.698
608.973
345.702
162.001
135.348
120.22
311.69
608.24
404.66
481.191
273.023
153.308
204.248
246.291
288.697
467.435
313.797
371.396
341.458
205.055
292.531
313.398
307.187
347.551
364.42
554.632
488.507
224.591
238.021
200.772
223.602
508.753
531.638
249.82
247.398
196.444
181.321
169.634
151.413
233.535
256.229
320.954
399.896
283.694
218.534
177.031
280.417
298.312
405.021
952.636
443.504
121.944
115.364
90.6563
321.991
923.568
565.73
577.949
331.013
191.945
120.939
128.954
224.35
562.481
381.309
707.847
424.384
209.418
281.837
184.927
256.531
680.267
495.342
997.467
609.406
206.877
193.842
172.79
458.456
972.466
714.978
858.875
469.238
216.825
193.462
233.399
388.254
838.955
562.912
776.357
393.286
199.398
252.345
179.791
388.391
778.468
460.58
910.539
478.859
271.693
307.013
280.392
572.243
928.144
544.5
841.087
460.279
162.27
157.461
112.761
417.058
834.882
546.646
1042.27
432.376
291.843
235.894
300.635
578.571
1053.57
547.995
1021.75
483.264
195.996
246.834
219.108
589.908
1039.1
587.388
801.196
526.116
175.838
158.841
198.191
282.833
759.11
611.557
607.049
366.434
282.448
246.821
227.708
286.156
581.549
421.012
666.906
389.761
163.782
141.416
165.879
259.716
641.492
463.131
530.695
273.488
137.905
192.537
122.4
202.882
517.497
328.11
452.289
311.124
110.634
190.215
159.99
223.368
431.178
358.234
534.81
400.184
231.522
265.101
156.124
388.156
543.08
424.955
487.939
293.558
272.975
310.401
263.439
212.55
471.139
331.107
286.815
305.679
209.366
207.206
163.054
162.79
270.015
313.741
295.072
336.319
213.704
219.711
159.174
172.519
272.6
345.602
494.62
368.033
199.879
218.493
129.997
226.579
462.107
419.559
747.906
504.44
181.633
111.757
124.579
311.239
716.513
581.931
931.071
545.47
215.402
123.414
115.759
320.139
895.799
646.43
872.765
528.148
149.098
111.594
111.102
351.056
842.436
622.124
988.633
576.719
277.474
314.066
278.045
474.256
971.058
681.596
1191.35
557.189
119.617
125.04
128.251
419.459
1160.65
705.58
895.624
591.468
199.56
182.148
134.183
373.425
859.776
684.723
908.533
485.273
139.666
98.1646
99.7714
410.427
895.385
584.517
992.841
488.749
132.807
127.391
136.313
471.405
986.3
598.599
764.307
419.559
214.959
228.313
166.838
435.294
771.726
488.456
763.553
397.792
283.43
277.319
253.507
482.579
769.79
461.699
