366.519
610.596
504.46
244.428
220.036
351.425
353.205
581.589
425.979
645.67
497.842
383.626
235.985
285.697
375.056
635.19
551.952
773.013
564.796
357.376
226.212
386.673
499.858
768.912
346.844
547.44
577.387
412.586
280.684
244.39
313.892
519.293
388.951
701.921
732.399
355.508
342.739
407.337
349.228
643.296
291.251
508.736
879.714
748.848
422.297
293.227
285.459
450.552
296.933
556.663
785.944
666.242
354.261
230.777
266.113
506.49
188.722
326.755
611.513
742.702
345.393
172.55
184.318
289.212
216.126
246.784
439.294
720.547
447.421
227.284
208.888
234.588
122.943
193.604
386.952
480.186
324.271
189.032
123.442
171.78
140.224
190.315
333.942
624.465
483.239
222.658
140.835
172.954
175.849
150
400.763
860.434
659.803
236.75
175.488
146.656
233.763
214.434
330.708
762.468
817.235
435.001
240.955
207.532
408.564
373.13
419.273
674.861
876.736
681.618
447.644
382.601
369.868
265.991
291.16
458.517
682.435
665.3
406.707
256.315
479.459
348.187
406.111
541.283
836.837
778.577
536.217
364.571
479.604
296.218
198.7
374.372
478.958
465.081
486.995
332.429
622.345
495.804
320.671
361.111
554.409
748.172
669.064
510.464
645.816
589.49
362.34
397.089
690.925
916.326
707.099
608.686
642.667
447.851
269.83
363.21
574.615
813.075
703.058
468.967
474.745
717.131
521.964
271.803
256.648
363.872
425.722
702.048
420.341
590.039
502.447
225.561
221.671
231.517
367.912
577.285
494.682
544.78
439.244
242.694
277.256
281.421
456.407
548.543
369.314
582.949
581.564
285.892
266.4
411.868
342.961
546.515
411.44
627.043
627.212
403.569
294.58
250.669
373.166
606.656
390.488
464.864
678.661
508.727
407.722
269.878
375.521
439.734
170.206
362.975
654.274
714.75
404.01
210.448
154.64
318.474
286.633
347.61
658.582
797.917
381.05
225.621
284.591
314.35
217.426
274.884
551.816
906.411
529.947
186.251
215.563
251.313
166.841
180.166
348.445
477.528
335.418
226.309
170.749
168
150.301
155.371
303.132
530.379
461.224
247.159
154.799
150.112
129.403
147.833
464.478
1011
739.008
235.937
129.814
142.763
162.199
237.22
343.662
719.939
752.002
392.078
163.713
219.684
261.474
262.823
459.698
637.313
860.079
566.248
286.971
258.479
372.163
368.546
394.606
425.802
755.708
760.71
413.356
345.167
287.834
230.071
316.565
526.647
791.875
635.748
326.448
233.174
431.325
321.964
278.325
395.442
626.949
664.553
479.373
342.122
580.711
365.1
247.909
326.53
549.719
679.486
619.947
383.946
659.954
310.07
229.939
359.477
530.218
691.292
704.121
354.709
557.269
385.742
338.093
293.446
665.762
852.478
618.707
403.967
503.946
642.336
468.009
215.313
243.766
331.608
472.934
636.495
502.471
774.372
542.628
259.448
252.645
416.149
462.543
756.584
504.182
797.983
694.268
389.93
327.906
369.082
447.272
770.614
619.877
608.821
563.837
385.395
285.951
353.999
613.693
608.12
469.973
737.938
685.938
403.8
344.467
348.235
431.171
713.233
203.38
383.874
571.369
531.473
405.32
266.176
193.749
344.83
261.393
387.218
580.87
485.877
383.834
225.323
241.17
364.069
247.44
353.135
710.216
762.019
368.812
179.788
234.986
310.907
146.16
218.338
568.893
926.158
508.888
145.075
145.095
191.284
190.346
210.768
396.096
687.42
400.983
178.133
197.248
199.425
170.946
156.394
263.825
421.193
284.147
169.27
171.566
154.345
214.366
166.631
372.682
820.256
595.151
225.939
203.72
180.346
218.608
134.61
411.999
896.638
764.446
277.278
220.647
138.567
201.511
189.087
327.354
716.356
801.76
475.324
217.249
182.032
221.475
310.031
346.214
361.801
566.55
487.576
236.075
273.79
361.383
371.805
310.454
328.174
656.106
732.486
405.245
352.178
436.617
349.759
300.882
297.643
593.571
713.666
480.902
357.308
656.201
427.995
318.078
302.417
622.364
901.953
724.331
443.976
630.082
396.859
249.525
374.575
653.736
880.489
698.534
423.599
737.53
502.37
304.608
323.637
518.304
932.616
813.167
518.609
469.931
629.754
501.8
199.104
236.55
277.365
425.855
619.533
462.175
748.051
585.322
348.11
299.767
367.239
414.557
723.234
555.389
772.01
609.211
352.357
241.126
293.402
495.582
763.951
592.51
790.304
688.124
418.144
319.915
311.874
534.437
784.083
351.237
554.884
527.301
338.42
285.403
320.121
335.513
532.023
249.079
537.573
607.189
421.698
263.718
308.832
219.223
485.463
218.383
385.767
645.496
634.917
347.636
206.94
206.577
347.638
206.999
308.84
576.061
615.387
261.488
186.211
204.543
275.677
105.246
209.881
570.898
903.559
482.892
153.459
104.774
177.839
102.539
200.051
312.02
509.747
291.771
183.27
97.9825
178.158
206.95
150.399
252.795
523.791
361.559
215.298
218.105
149.389
165.305
171.458
315.936
737.178
545.918
239.182
161.904
169.674
209.631
224.63
341.528
780.441
674.389
327.677
206.702
226.725
269.847
213.086
278.921
446.833
598.929
494.104
299.401
214.536
318.415
304.788
451.046
504.855
748.654
547.603
332.674
310.146
267.092
212.406
249.162
374.363
458.283
373.122
278.504
224.158
585.545
277.882
245.748
308.411
570.462
739.999
642.494
310.034
532.614
308.347
261.887
248.923
542.078
759.293
588.255
311.866
759.201
369.097
294.329
248.112
535.345
805.175
807.621
407.871
674.27
445.952
365.793
241.526
592.007
896.83
741.975
451.356
495.356
721.543
506.783
225.232
224.957
294.652
435.053
711.482
617.535
735.793
477.718
223.692
194.708
275.949
551.996
748.04
391.858
679.467
775.319
572.704
383.034
469.072
368.752
607.939
440.722
691.876
628.815
244.632
331.269
386.113
390.608
654.159
431.473
673.661
636.805
398.759
249.637
328.167
396.914
637.168
354.987
593.238
675.751
461.242
270.137
322.609
332.864
543.58
314.406
390.238
738.926
656.825
506.94
325.939
303.551
362.845
259.388
358.863
647.479
649.779
298.479
180.386
248.252
325.005
268.089
273.079
429.457
776.074
458.577
245.467
256.95
276.852
190.265
191.406
267.413
395.591
283.584
151.283
181.958
189.422
201.894
132.239
284.275
569.277
417.789
206.858
201.468
137.362
281.996
182.651
252.716
456.477
596.873
431.119
292.735
183.556
205.381
234.231
245.791
523.177
612.377
419.311
219.628
231.749
255.011
217.065
297.965
426.701
425.678
369.692
268.943
212.123
396.405
327.143
276.986
375.869
710.432
730.478
448.134
333.897
350.443
237.478
235.694
397.315
585.204
590.488
375.513
246.445
474.079
356.373
225.876
328.962
428.277
506.962
501.389
372.202
575.362
524.702
342.493
258.702
480.376
744.493
624.455
528.728
699.482
369.935
319.392
239.915
416.718
662.371
738.21
419.699
702.128
290.064
217.921
220.614
465.577
688.096
747.184
344.778
423.126
485.876
346.116
167.532
132.232
197.877
386.751
494.18
521.091
664.454
494.568
272.647
304.112
361.412
472.391
661.38
570.761
496.956
336.591
310.171
224.038
298.815
536.991
532.018
612.436
761.656
440.56
197.627
161.997
294.287
546.95
773.331
458.734
645.387
515.577
238.472
200.146
279.192
410.275
633.437
332.09
474.68
541.543
474.136
241.012
355.664
328.089
445.542
391.891
478.143
494.635
423.133
239.945
263.852
361.346
475.566
224.051
268.666
381.776
370.879
262.247
165.337
218.986
255.675
194.065
185.249
485.266
672.959
357.083
224.925
206.912
177.041
85.2026
112.991
352.284
779.901
499.579
158.867
86.9305
103.032
231.89
150.297
357.648
763.557
566.68
237.458
233.451
160.416
395.966
265.863
422.434
745.019
496.024
332.577
418.3
267.565
233.899
193.772
274.909
541.247
665.63
445.363
260.148
199.859
450.365
458.47
403.995
400.8
509.478
584.526
469.705
466.402
291.105
239.622
237.728
367.598
503.97
525.266
323.06
246.169
537.344
443.823
275.993
359.538
625.376
775.036
588.874
456.445
727.178
491.411
273.936
266.02
550.472
932.549
799.665
511.611
662.339
354.959
221.854
209.325
432.081
784.767
722.535
388.034
625.541
315.806
275.543
252.599
402.344
774.033
686.578
333.1
858.25
373.43
276.046
271.51
511.262
851.376
922.416
446.929
527.295
686.357
440.182
230.476
197.674
353.373
482.282
689.386
586.479
795.648
578.002
373.595
379.437
392.744
524.191
788.253
506.318
719.079
523.249
254.045
249.824
363.366
457.16
711.549
596.986
773.885
501.414
239.037
281.905
329.572
533.061
778.789
553.526
677.196
575.254
364.292
309.719
376.564
505.907
682.481
441.4
543.294
419.067
268.61
260.948
278.244
402.027
547.128
200.993
438.588
502.215
414.939
258.818
221.38
179.241
392.905
208.16
216.457
337.969
503.689
328.355
178.932
194.158
222.838
216.023
281.825
572.127
607.738
277.739
254.274
226.431
255.621
197.938
214.871
372.937
795.451
589.905
225.593
207.156
210.163
158.125
169.969
283.868
565.802
572.918
299.617
165.078
157.846
310.75
254.415
357.408
560.768
665.697
485.558
320.74
246.225
326.14
323.404
255.853
289.639
482.444
472.247
320.637
320.952
301.385
293.225
280.393
309.092
648.413
716.083
340.925
267.329
548.595
346.921
256.841
369.159
546.506
765.999
611.388
363.757
596.27
528.47
263.677
397.759
480.555
681.991
637.567
537.999
789.045
445.134
269.031
247.45
397.741
794.158
835.86
484.146
624.611
531.953
276.327
255.098
455.391
756.772
661.672
552.219
914.665
441.784
284.658
283.777
435.502
736.1
945.355
517.364
626.981
419.277
228.243
232.714
401.789
678.294
671.601
444.051
795.597
757.565
401.755
203.063
210.975
369.088
734.428
807.131
703.875
721.509
432.715
244.861
177.068
289.034
645.841
756.516
674.756
709.707
435.291
231.355
200.841
246.954
610.8
745.527
519.738
643
481.799
288.117
327.791
338.661
469.402
641.602
517.465
691.751
495.162
198.668
183.102
285.002
462.698
682.795
351.964
515.649
405.573
264.734
173.563
179.484
317.262
502.721
353.038
395.945
395.443
396.56
350.726
371.573
353.049
393.503
201.397
241.989
337.038
335.075
273.096
150.194
189.284
236.255
272.056
362.148
369.153
357.6
243.167
211.505
263.389
352.912
173.987
180.289
425.078
695.072
424.163
159.544
171.244
165.824
236.657
196.187
351.236
545.283
595.544
343.275
243.749
195.705
310.168
304.314
295.912
390.518
547.226
433.553
317.173
310.757
441.701
320.028
272.713
288.179
494.038
543.646
460.807
321.34
384.55
234.365
304.044
316.125
504.146
545.033
409.095
247.161
572.702
385.317
203.457
255.739
424.856
731.762
629.108
405.932
749.043
332.899
258.423
230.996
453.722
809.832
808.82
375.094
679.194
542.551
308.239
312.25
412.45
778.747
736.772
569.81
780.363
390.525
186.214
210.087
322.681
662.226
824.282
451.789
693.416
393.092
206.101
186.784
355.489
686.665
737.962
429.933
812.966
335.329
247.489
236.462
352.353
704.242
854.609
396.881
620.285
689.82
500.285
237.939
212.426
382.837
573.897
705.097
726.895
730.717
404.838
215.691
207.856
311.69
661.084
783.354
551.03
695.114
434.656
217.27
218.135
410.516
511.627
702.31
565.534
527.419
381.052
384.805
267.112
313.715
541.241
546.963
598.388
564.034
393.1
242.587
219.406
311
554.296
598.286
452.151
471.897
345.27
238.475
252.321
419.582
436.915
486.161
579.783
514.272
401.587
366.426
404.821
327.634
545.122
538.058
288.09
205.82
260.744
195.578
266.408
324.228
302.77
212.218
353.198
318.348
431.181
485.489
421.914
310.958
351.372
320.164
488.477
352.915
346.257
542.193
403.013
301.779
468.072
369.473
238.599
197.693
252.908
437.086
414.289
240.266
240.955
194.158
328.823
324.156
281.366
257.956
547.287
601.325
358.443
300.946
407.194
343.667
299.399
425.76
489.513
563.741
442.199
356.714
470.132
291.058
260.089
295.832
352.33
517.927
504.142
303.601
688.856
368.931
206.497
185.427
262.888
547.195
721.255
414.674
713.381
426.775
191.304
251.494
406.756
677.561
745.108
464.805
656.413
425.135
215.447
198.779
326.325
614.448
686.348
447.946
662.418
529.997
225.582
148.856
350.219
718.436
705.862
561.353
681.761
551.493
263.934
197.337
334.791
684.623
721.351
559.994
783.26
370.764
207.109
226.994
339.008
716.927
826.789
424.266
771.505
646.515
320.315
239.74
195.689
356.926
731.332
687.994
900.43
666.739
208.513
93.566
107.663
318.961
842.237
760.823
774.038
757.882
360.072
250.318
122.112
292.322
697.334
820.845
706.582
666.061
295.368
124.248
173.21
410.021
653.085
712.089
445.399
531.842
378.781
278.427
243.902
398.797
445.864
532.849
419.538
474.197
285.456
182.398
204.251
274.346
387.672
476.005
299.659
332.314
352.562
338.632
274.865
266.954
295.365
314.324
218.115
252.095
453.096
401.231
303.061
196.198
213.466
231.311
338.277
325.62
590.549
515.59
344.373
235.02
341.903
297.78
423.32
353.988
335.629
554.554
350.477
294.419
397.708
389.203
226.258
188.757
211.066
323.491
380.766
262.512
238.127
191.709
314.639
214.221
256.396
245.832
284.924
341.356
330.012
223.896
439.349
260.234
187.035
280.667
342.857
607.488
488.724
270.024
570.313
269.678
209.409
181.779
331.636
626.405
613.441
298.556
861.828
456.999
272.49
307.587
307.365
606.312
887.952
514.902
704.199
434.703
219.133
174.725
238.819
622.83
753.509
460.527
906.229
414.327
160.18
157.68
276.909
631.364
934.212
505.403
840.401
514.853
258.113
162.547
184.349
417.265
818.85
593.248
1132.65
513.396
156.384
188.55
242.628
732.658
1166.17
632.99
493.051
339.734
279.163
230.884
284.342
499.2
529.666
365.105
930.238
789.432
375.608
183.433
232.978
346.973
856.184
853.117
743.191
716.381
340.416
269.84
224.84
303.786
674.806
776.032
674.634
583.1
282.237
202.524
193.423
287.184
625.136
638.64
700.906
570.835
235.675
157.616
131.14
249.416
649.818
634.772
640.946
610.859
352.523
319.034
230.398
257.522
594.498
643.138
369.649
491.84
425.897
386.575
267.796
275.419
360.277
488.024
421.386
255.45
209.911
225.938
231.767
273.429
412.298
288.975
285.431
331.813
277.225
347.44
192.932
193.798
267.894
338.967
200.239
283.849
324.787
476.851
334.436
278.681
206.807
261.539
208.516
199.137
237.045
419.56
360.681
278.263
217.641
199.434
483.263
283.917
165.444
283.216
261.557
227.592
465.637
330.109
676.658
336.794
151.574
196.984
300.962
582.466
701.989
396.846
719.153
376.311
227.331
130.574
247.047
566.227
743.858
425.503
579.083
398.408
292.006
301.016
290.748
491.718
601.164
407.211
694.762
412.374
280.282
267.776
241.107
413.01
697.256
469.184
955.201
503.029
218.107
159.191
229.701
577.826
966.152
589.228
759.72
348.787
274.121
229.855
270.572
582.547
791.916
417.42
772.708
405.941
247.423
214.21
354.319
598.292
794.366
468.248
914.314
436.183
340.102
282.334
360.407
589.182
933.245
526.081
721.336
524.831
251.195
102.005
180.78
445.607
711.019
572.546
1026.55
807.563
322.116
162.563
177.494
350.964
949.693
890.006
708.238
762.038
351.177
136.172
202.749
340.064
637.236
803.22
539.757
544.11
303.019
180.316
227.087
386.808
505.645
567.801
636.928
589.568
219.02
173.855
143.318
229.872
574.278
652.881
669.604
525.099
273.102
197.911
181.269
266.475
627.463
576.429
464.784
611.161
445.324
350.295
258.932
324.094
418.112
610.535
382.707
550.506
403.647
327.881
286.15
260.285
342.759
542.729
267.322
269.757
302.446
277.504
217.244
186.58
265.18
260.002
288.021
243.266
321.795
539.563
388.444
266.26
284.553
240.028
395.902
337.429
285.348
337.348
425.633
504.817
424.088
355.552
378.686
245.257
142.136
148.236
213.577
374.988
396.203
269.23
658.945
349.536
154.877
155.367
141.079
283.486
641.951
417.293
841.219
499.131
189.443
228.883
234.114
448.64
825.859
590.006
698.878
410.019
194.038
204.079
251.35
407.868
692.361
476.056
519.633
386.026
286.33
235.99
212.46
394.753
526.326
402.061
505.106
405.744
235.268
207.839
286.368
560.414
549.39
416.717
673.233
355.124
212.547
332.295
268.919
349.661
667.949
426.374
739.206
548.239
249.963
239.024
275.343
423.971
719.511
614.837
674.898
446.551
222.684
215.692
278.34
561.745
691.429
483.866
848.085
422.403
163.424
149.894
189.981
495.46
866.121
497.346
720.588
772.236
378.934
133.436
149.485
315.308
647.99
804.29
576.897
339.379
308.619
321.693
259.591
344.559
578.617
386.578
697.175
658.81
318.866
226.092
191.331
256.661
630.455
701.07
489.095
443.749
279.783
232.061
190.381
214.989
450.017
480.535
546.401
474.255
287.058
236.499
147.195
229.267
506.036
516.759
493.776
500.722
359.027
236.826
258.352
290.516
471.772
512.137
495.262
556.129
391.357
280.821
263.667
384.284
456.936
569.301
253.741
301.45
412.694
380.287
295.764
211.117
242.04
293.456
434.653
307.547
366.998
457.561
330.788
265.296
424.334
318.474
515.878
299.846
173.68
168.404
310.153
589.239
558.014
317.97
411.414
330.888
207.513
272.506
197.215
322.509
423.118
353.97
820.013
437.839
177.65
198.289
237.727
476.836
823.051
523.086
824.19
453.084
185.021
139.416
184.403
450.979
826.093
531.993
922.192
480.663
168.196
147.361
191.905
538.364
928.462
577.259
1037.47
575.002
202.513
149.595
184.971
469.059
1016.97
688.984
738.734
450.249
354.793
372.25
321.958
387.308
722.554
513.58
766.828
375.783
274.985
343.34
239.022
481.997
777.584
443.26
440.843
229.873
162.45
183.274
232.902
413.059
471.44
257.065
776.249
419.172
257.591
314.058
251.535
484.305
785.558
487.284
973.979
562.856
252.52
156.154
309.793
592.95
979.422
638.416
619.382
635.962
368.171
209.021
202.193
370.427
571.321
662.912
561.743
524.189
286.289
160.297
164.32
293.727
531.606
552.582
732.968
535.476
235.673
148.387
170.142
384.559
701.521
605.52
638.996
491.33
256.228
273.486
195.088
241.063
596.576
548.501
547.24
522.661
225.62
174.317
245.211
270.569
495.212
573.979
510.271
579.351
315.398
252.552
196.743
308.116
476.941
593.393
303.185
420.395
295.305
202.751
230.65
255.799
272.922
408.957
250.328
380.842
441.137
315.709
265.483
147.932
227.706
360.407
303.449
265.599
267.304
381
356.948
411.795
330.175
262.54
774.769
402.139
151.677
266.478
233.434
450.491
768.427
480.423
478.838
300.286
167.931
168.084
193.944
329.942
484.692
338.051
846.563
429.598
179.847
184.252
178.547
456.481
848.938
515.951
878.454
368.903
107.999
100.284
153.258
406.531
874.895
469.569
837.648
356.885
172.346
182.745
178.335
409.185
838.497
446.464
769.254
327.612
145.294
202.597
257.194
508.365
792.198
406.632
722.496
362.692
201.084
178.974
197.064
405.396
728.415
430.148
881.228
372.338
191.518
240.876
215.752
557.633
907.115
464.591
985.172
550.419
180.315
154.535
207.739
377.107
950.674
659.019
888.42
429.307
139.193
157.084
202.835
559.96
909.136
515.857
706.143
358.144
214.686
215.414
268.66
493.068
718.621
423.722
872.522
702.685
256.957
222.798
216.441
351.563
812.952
787.892
434.089
416.264
347.996
344.259
324.523
354.004
407.3
432.372
561.651
414.472
201.636
126.547
173.033
285.725
531.56
469.917
519.843
374.461
192.454
159.765
156.121
243.958
494.342
411.201
795.994
547.453
247.608
234.168
193.481
346.803
760.961
629.305
607.701
370.252
227.977
344.487
250.896
296.513
582.328
430.099
272.295
336.445
344.551
263.869
223.768
163.025
251.512
326.988
341.48
239.864
258.724
261.883
151.251
234.563
342.351
250.712
825.049
370.943
167.027
214.396
217.333
364.546
814.458
471.843
635.939
358.4
164.891
262.147
273.292
347.473
629.26
424.01
641.467
395.879
205.556
228.862
195.551
336.395
628.252
459.984
897.092
377.035
186.424
146.804
215.477
467.42
894.572
478.569
1006.43
424.247
186.917
209.904
132.354
407.34
996.857
541.029
811.452
380.865
151.907
122.715
163.455
410.067
806.753
470.657
914.321
425.262
162.416
155.508
173.71
379.66
897.882
532.476
881.116
377.461
156.613
142.224
177.721
411.646
882.615
470.612
1175.44
508.296
107.13
113.065
123.524
415.094
1152.39
657.059
700.441
427.575
243.321
242.88
249.615
406.061
701.609
478.568
923.482
490.485
203.497
214.193
189.681
412.317
899.062
588.526
874.24
548.943
289.819
225.093
200.414
468.925
863.776
613.874
988.24
585.424
194.088
159.705
125.398
319.027
939.542
693.32
676.811
508.325
221.864
283.528
186.138
310.406
637.138
575.628
626.766
482.852
235.187
214.459
169.204
231.164
582.204
540.956
655.191
325.622
187.339
201.771
195.218
349.951
663.664
382.924
841.789
551.331
236.92
229.988
205.374
325.45
800.222
630.117
701.623
488.467
214.676
242.456
163.826
278.623
667.313
560.003
444.524
285.777
173.247
231.267
142.377
176.752
418.662
331.545
692.948
471.605
287.282
197.625
218.678
254.351
652.291
532.976
771.395
348.928
256.126
369.789
270.486
297.358
757.948
443.115
490.766
322.399
202.138
187.509
201.257
272.675
484.771
357.623
360.262
272.034
165.639
164.575
150.033
233.353
352.991
296.732
926.855
441.324
188.259
169.85
165.617
339.17
905.356
549.048
831.616
477.757
170.044
98.5617
109.205
307.091
801.719
567.442
959.676
476.608
176.568
149.234
157.496
387.643
941.143
581.489
914.84
469.418
214.254
275.252
249.108
376.814
887.332
571.468
652.517
427.253
301.783
275.357
296.984
545.78
678.092
467.903
1039.49
493.424
199.222
198.333
221.545
404.986
1011.59
620.153
1220.17
538.65
158.419
145.487
157.896
450.225
1196.19
688.122
936.928
400.873
330.482
429.369
438.864
576.683
950.424
496.129
637.435
307.509
247.648
332.183
288.789
420.658
654.233
357.849
866.222
494.965
169.169
161.454
196.07
433.711
855.657
586.193
692.895
590.609
284.995
148.305
193.341
385.521
650.935
636.709
587.231
432.892
178.282
169.253
152.738
241.822
552.863
492.634
701.862
391.942
196.456
273.03
212.638
266.83
670.404
470.545
746.297
531.008
164.598
164.425
216.955
343.513
707.101
612.216
574.264
282.638
136.687
88.9483
127.19
229.389
558.291
346.018
506.361
390.017
192.416
140.925
171.879
233.905
477.676
429.272
215.077
177.01
129.553
273.166
286.99
209.624
209.928
192.176
634.071
351.676
207.302
215.313
191.789
202.208
610.492
415.639
516.359
306.144
177.278
263.362
178.72
249.61
508.961
356.03
471.601
366.142
232.04
196.374
188.193
231.155
449.863
404.326
663.696
370.06
168.374
143.686
165.03
282.517
643.313
436.593
974.966
482.798
191.861
186.045
192.795
330.036
942.037
600.234
746.864
491.612
213.719
135.873
150.23
293.595
716.172
553.096
642.121
531.52
282.977
195.019
223.064
308.885
596.083
581.135
1273.9
583.816
180.998
177.976
147.848
420.58
1242.12
741.211
933.765
478.318
164.638
168.065
177.58
462.888
929.275
578.368
659.292
317.511
171.747
137.924
196.261
429.88
682.368
359.191
980.075
446.95
158.189
169.908
207.541
569.051
1002.37
547.928
971.011
381.737
207.148
214.092
231.47
458.716
978.533
494.97
632.1
442.435
262.298
197.801
219.049
255.972
611.61
488.244
574.318
408.374
281.078
270.589
177.261
275.569
553.765
456.122
689.268
340.882
191.84
266.426
218.721
313.896
676.559
411.508
597.035
308.074
179.237
187.019
163.344
235.007
578.738
373.172
522.909
344.674
211.858
247.898
253.418
336.533
525.875
379.184
1038.84
468.438
118.225
197.69
201.948
365.962
1012.1
602.168
942.063
445.23
211.75
284.882
264.343
342.857
919.734
556.891
252.598
173.102
106.406
121.553
159.944
192.491
261.052
186.71
551.507
448.016
196.079
210.767
157.563
218.791
509.623
502.409
461.841
253.543
110.341
195.812
125.176
247.09
460.778
300.877
333.089
278.005
209.864
202.4
213.046
251.2
334.005
290.932
650.655
408.672
162.676
170.493
155.45
297.398
629.48
475.902
821.177
427.409
254.123
202.45
188.577
317.812
796.722
511.038
780.557
524.523
244.755
272.017
232.543
337.576
746.87
603.241
999.973
623.645
175.395
152.747
150.542
469.324
973.291
729.612
1012.44
448.903
229.541
374.357
275.279
404.829
995.462
566.524
635.941
300.663
212.73
340.076
357.171
390.674
649.217
358.932
973.978
527.097
158.34
188.767
153.111
397.874
945.298
635.411
962.903
423.39
165.356
191.296
197.194
410.94
952.844
533.119
912.079
533.297
162.096
138.442
153.114
449.09
895.069
632.468
1142.45
568.138
166.961
162.395
128.517
355.709
1100.59
711.924
723.398
499.627
206.861
153.234
219.14
388.456
696.93
566.287
441.065
340.865
279.061
209.221
260.344
293.43
417.091
369.424
420.325
246.377
136.926
247.175
143.095
200.755
410.368
292.46
486.765
260.677
185.716
216.029
185.137
359.837
513.644
290.164
677.515
337.925
117.747
239.378
221.095
298.531
660.437
417.594
581.94
300.689
179.451
254.586
302.972
359.221
581.98
359.015
295.242
214.07
130.679
182.83
163.446
200.428
296.238
232.608
381.1
393.993
258.57
188.799
183.017
248.307
356.193
409.733
635.217
496.748
245.324
141.017
117.492
196.14
583.51
551.298
400.462
233.63
217.027
281.09
207.121
215.716
391.24
265.385
619.874
425.015
242.127
219.311
139.316
305.654
598.736
481.62
619.992
366.698
136.105
125.057
121.72
284.983
603.987
429.025
876.607
570.357
170.87
113.224
120.407
372.025
843.244
661.713
1001.01
610.031
196.981
130.245
169.701
470.712
980.042
708.52
1015.21
419.207
127.549
149.683
158.905
404.842
1006.28
545.343
687.418
364.218
186.946
388.699
226.86
368.879
683.955
433.91
902.572
464.765
289.163
322.628
311.884
502.115
909.638
536.333
964.639
437.909
191.728
203.896
210.408
500.628
966.157
544.461
899.948
441.259
162.641
185.598
181.857
498.379
905.808
537.622
739.544
478.939
167.907
223.53
139.582
309.481
711.035
556.981
936.63
450.246
208.478
282.984
232.914
335.066
912.913
561.442
655.854
354.971
171.193
156.971
142.564
214.048
626.141
433.997
587.803
356.718
182.244
202.755
123.45
270.543
573.858
415.59
682.711
416.407
140.675
188.473
162.434
277.102
654.241
492.685
628.644
331.22
236.306
216.565
231.095
411.585
655.186
373.477
732.563
402.897
241.388
394.196
241.822
334.87
717.054
472.128
335.789
385.202
274.341
285.466
174.107
184.703
306.331
393.996
327.806
325.443
252.577
215.509
153.276
183.71
303.146
338.449
359.268
309.487
188.886
164.045
129.32
198.495
350.239
325.85
648.522
521.027
249.775
163.581
145.549
228.818
600.29
576.346
738.87
400.279
139.355
98.7832
137.947
390.943
740.48
472.576
753.346
528.716
162.908
88.9284
97.9095
308.542
716.568
606.577
1011.85
603.728
217.795
224.312
184.68
492.797
995.623
707.852
852.195
495.127
187.587
156.259
142.675
380.047
832.156
586.88
945.268
535.966
142.159
115.807
152.771
416.234
925.427
638.964
896.623
553.851
179.195
171.678
144.736
392.417
869.998
649.07
1013.73
473.537
212.419
167.026
169.384
345.955
987.231
597.49
794.299
448.521
170.511
178.463
233.79
421.306
784.582
532.688
979.091
431.339
142.689
148.625
159.215
416.203
963.462
552.197
