503.825
625.055
399.074
232.376
189.976
286.371
455.411
637.891
425.307
581.968
514.228
364.37
229.902
221.295
381.665
576.522
425.826
579.537
412.152
219.631
162.918
322.346
389.585
573.358
225.622
500.33
541.376
277.971
225.697
281.928
205.603
444.998
335.913
455.949
446.636
350.996
265.437
247.951
316.903
447.228
254.07
327.447
414.105
273.85
286.316
307.712
258.854
307.184
190.159
450.655
579.245
469.748
190.383
211.164
173.189
396.695
269.705
329.12
383.132
441.663
307.066
215.165
260.831
322.906
214.282
402.191
632.997
617.179
270.338
276.054
215.617
350.096
174.255
283.597
401.478
550.712
341.909
159.593
156.028
264.741
268.235
232.328
439.242
528.661
352.945
201.533
262.906
225.243
113.454
177.143
623.444
916.869
457.306
133.002
110.67
153.174
240.189
231.975
377.92
776.49
588.633
323.075
246.566
226.01
234.794
274.004
307.227
509.587
560.96
352.305
234.558
268.86
318.267
302.251
357.034
476.485
633.16
395.264
316.909
294.793
404.846
261.081
254.734
361.908
544.031
602.693
430.746
282.419
350.493
326.046
190.963
345.488
412.727
435.166
360.166
333.283
636.608
378.774
243.505
227.909
496.645
850.34
704.74
394.225
692.945
384.574
216.239
212.823
432.616
777.526
748.316
416.661
512.611
375.982
308.302
160.75
415.97
669.848
559.909
401.929
394.65
590.39
450.181
301.305
216.646
325.245
374.245
574.591
401.452
513.526
335.957
198.457
133.812
173.592
355.919
517.461
318.414
470.139
419.243
239.022
177.921
211.849
288.621
455.478
383.291
527.305
514.519
351.246
257.193
390.234
379.131
512.231
437.53
404.09
376.927
308.104
261.829
279.05
414.249
418.222
266.49
546.541
720.671
548.549
312.842
270.82
237.155
489.802
306.438
434.319
516.218
447.105
250.736
295.008
288.46
420.258
259.132
503.03
579.427
447.206
250.356
223.214
228.38
459.846
151.64
330.994
565.258
598.108
289.813
178.783
143.402
285.56
177.349
207.951
470.129
739.74
421.776
155.891
171.881
195.217
162.066
220.75
401.074
506.079
241.023
131.975
152.563
206.988
121.001
204.215
426.506
804.751
486.956
231.852
124.813
184.767
161.933
221.514
456.872
960.47
574.008
186.542
147.404
216.488
253.952
186.344
259.644
408.165
441.699
355.376
276.787
185.298
312.098
200.362
282.315
462.113
717.172
599.37
351.385
205.459
427.698
288.384
356.632
426.194
658.921
703.005
473.055
286.213
400.591
377.751
374.66
290.086
591.503
680.665
444.852
340.457
624.922
350.732
296.175
232.442
503.171
744.118
680.566
377.899
434.689
326.806
318.6
158.427
423.977
601.894
472.258
313.782
683.387
301.034
158.891
233.797
373.182
614.764
720.778
341.734
388.071
493.694
283.182
149.035
171.774
332.873
375.965
493.999
367.92
499.655
393.368
167.655
192.808
245.462
332.514
494.829
387.215
388.898
281.4
196.472
175.818
256.62
367.987
399.104
295.229
364.414
388.924
342.783
249.81
214.007
279.329
350.668
417.468
635.038
625.33
352.025
240.507
216.775
366.471
608.539
404.462
522.133
424.057
204.296
250.316
337.261
381.354
513.184
488.577
402.041
421.895
328.739
372.789
347.095
490.271
403.359
220.05
315.69
409.875
381.835
267.974
207.096
210.277
297.865
219.633
224.53
493.065
523.276
280.292
186.158
221.735
209.944
123.384
278.983
586.126
660.172
324.695
200.912
118.779
238.086
287.32
334.508
357.923
424.946
290.798
265.265
278.065
336.221
90.6366
116.288
392.043
790.558
470.676
147.88
95.8253
97.9479
287.815
278.842
370.476
564.293
491.262
232.375
268.521
284.984
219.449
214.051
320.533
509.508
436.66
317.995
227.496
211.336
509.544
291.8
189.521
309.399
429.876
576.093
536.291
327.378
404.335
269.605
217.929
293.831
516.599
635.404
454.23
283.956
642.645
478.708
301.826
341.566
552.271
798.495
697.502
496.554
722.331
586.223
254.612
212.234
438.868
833.502
765.808
609.009
751.449
364.406
239.552
240.044
381.359
721.735
788.365
410.214
640.498
353.368
173.661
208.587
281.271
594.801
691.686
397.742
475.864
526.902
287.339
179.473
158.483
269.668
437.52
556.706
363.146
363.272
208.423
159.913
207.693
227.678
334.359
382.183
418.056
598.522
391.898
257.14
169.174
277.833
372.155
595.847
425.713
597.517
537.801
251.745
205.049
246.315
388.253
572.501
392.853
422.783
411.355
363.106
238.514
248.236
375.377
423.984
337.948
571.693
564.665
323.188
234.996
290.58
298.256
527.642
389.888
416.351
510.262
482.425
396.987
259.934
376.448
408.073
225.065
416.322
454.311
408.22
217.428
177.964
202.963
382.045
164.745
339.921
514.118
447.115
237.968
172.735
152.148
297.883
177.056
308.658
457.902
610.365
338.688
200.739
166.001
275.41
152.365
191.638
274.917
393.567
274.582
206.188
152.921
184.592
153.038
139.697
240.953
372.699
300.368
165.35
151.956
133.995
266.043
217.9
301.326
517.667
424.31
228.584
266.042
229.779
293.223
298.006
371.795
471.161
722.601
590.817
325.809
281.576
445.419
221.857
194.234
359.688
468.58
497.386
473.44
254.239
422.52
344.334
250.717
234.396
357.166
509.046
454.133
348.488
485.618
325.36
223.955
220.328
320.259
527.032
519.744
340.294
750.079
377.429
233.199
198.823
413.885
810.032
804.648
419.024
750.357
432.197
232.528
153.834
333.812
715.959
791.088
472.487
675.924
396.886
183.293
174.181
281.984
629.802
715.055
449.953
361.704
453.642
245.201
191.504
148.069
280.393
332.642
461.836
464.831
576.206
364.541
205.862
145.834
303.55
424.549
585.665
413.908
513.252
342.286
224.931
220.145
290.517
378.25
521.198
490.627
377.343
298.356
249.384
209.83
305.813
483.48
401.224
434.441
612.259
525.633
360.762
231.315
231.575
387.957
603.628
398.616
484.655
475.707
353.074
218.553
241.752
375.241
480.91
257.155
337.906
396.459
417.773
250.125
219.045
249.027
317.231
251.191
211.893
302.997
377.074
233.759
183.823
247.127
221.488
206.107
289.428
519.474
641.664
298.773
153.011
198.456
262.207
206.211
288.481
538.046
642.228
294.627
139.405
189.546
268.755
265.893
224.383
355.429
694.615
324.658
163.645
258.196
232.868
167.877
145.129
231.176
350.528
231.003
177.316
166.04
140.695
226.931
198.066
309.553
614.839
598.194
305.715
223.415
194.783
269.771
317.778
264.405
397.427
557.541
524.478
294.809
301.558
631.268
511.301
266.284
237.244
335.108
757.478
690.401
520.066
723.872
405.031
266.411
227.148
401.028
788.732
782.64
423.609
757.962
421.947
273.41
245.191
431.483
763.384
804.507
455.457
727.11
439.44
187.277
176.146
351.544
686.675
765.329
484.694
743.905
481.68
229.961
162.414
330.035
740.943
787.621
511.73
666.876
345.134
190.782
116.354
274.489
568.309
695.275
376.254
633.034
627.682
317.749
144.497
160.879
356.546
587.226
660.874
535.02
512.925
385.459
266.941
281.612
286.583
499.374
540.178
533.319
632.889
375.718
212.768
256.504
272.663
478.473
648.957
635.271
625.145
474.794
262.264
232.678
250.837
583.11
649.47
336.584
422.205
386.704
317.691
231.995
197.219
306.385
423.625
330.998
525.77
526.032
322.011
250.246
249.25
298.026
487.064
361.24
425.844
445.735
317.83
241.434
311.313
362.858
402.86
259.801
293.636
389.233
570.232
313.665
197.942
251.918
298.3
193.863
211.881
325.904
294.068
224.477
157.361
187.159
203.132
179.723
365.015
574.851
622.882
303.535
151.754
160.613
327.266
156.41
238.307
539.741
710.578
337.588
123.281
146.14
211.888
208.121
242.727
396.748
750.522
518.496
206.426
197.827
240.457
159.752
201.565
244.768
536.513
537.616
269.539
162.714
192.974
375.304
280.444
225.252
389.033
319.003
309.928
381.641
299.698
590.626
266.082
174.88
166.378
218.79
439.471
605.457
318.573
565.943
393.135
261.822
212.929
288.78
525.498
590.985
415.232
515.343
367.547
310.091
278.371
353.863
566.945
549.141
378.554
418.583
370.561
222.591
177.187
292.3
503.801
457.392
375.38
591.759
282.215
228.39
190.549
301.377
560.879
624.78
325.812
410.321
243.177
247.368
247.412
313.808
411.49
431.331
267.024
416.037
525.585
303.38
200.337
188.583
254.463
373.327
534.553
582.099
638.874
333.36
155.37
191.14
344.832
532.802
663.823
356.151
398.625
292.349
204.591
214.165
189.969
324.861
409.277
461.875
370.968
306.962
206.542
241.879
282.29
452.219
395.089
473.36
565.908
355.11
250.976
162.598
250.114
429.469
578.827
447.712
451.78
320.268
168.006
276.302
296.829
430.23
460.588
332.866
436.369
309.467
271.202
198.656
195.829
301.035
437.342
327.28
434.471
514.297
463.544
375.754
216.691
311.405
409.342
177.275
289.905
424.581
558.963
291.46
176.848
169.094
265.93
174.455
182.122
364.992
450.063
253.679
178.357
179.179
165.254
219.498
250.249
487.526
637.681
469.395
316.758
217.085
221.62
207.008
164.13
426.301
794.258
484.847
159.628
201.006
164.232
227.553
196.319
312.397
598.547
499.037
243.86
230.244
195.316
340.472
233.994
296.294
395.765
415.686
390.367
354.007
246.827
550.967
349.943
258.131
292.791
347.486
570.271
585.639
368.727
950.425
444.734
236.512
182.713
356.98
819.943
1014.26
526.549
1024.84
449.192
157.601
168.541
225.311
702.17
1070.48
545.842
476.074
320.356
156.939
171.289
271.336
445.087
498.633
357.988
811.191
404.765
216.696
215.94
269.314
598.382
844.64
461.49
580.786
365.12
198.412
122.961
183.606
491.15
620.655
386.979
472.759
532.03
305.915
147.373
114.423
223.778
429.204
550.055
514.493
486.349
280.536
161.259
139.971
260.665
473.147
513.911
677.497
648.376
369.864
185.654
137.003
271.417
625.572
679.225
564.975
610.83
330.107
192.903
145.933
245.481
508.277
649.212
539.645
429.292
285.649
351.847
267.23
278.832
505.172
466.339
539.338
413.028
427.592
440.423
315.065
282.092
527.972
443.365
291.032
385.273
319.391
290.263
190.75
200.155
261.652
377.116
381.644
560.099
471.789
287.278
185.82
198.226
339.724
549.739
390.505
448.074
428.092
289.197
330.663
416.445
395.5
424.063
231.562
377.331
516.202
464.425
274.868
154.012
210.254
347.915
194.338
196.585
335.848
527.355
322.401
179.092
188.324
192.638
268.551
232.722
389.476
523.258
347.199
308.989
281.862
226.441
266.898
203.285
263.635
350.455
298.377
226.258
269.381
204.419
486.916
362.135
238.667
296.511
398.968
569.857
527.694
376.496
830.641
369.469
179.541
150.331
270.414
595.06
857.942
443.836
816.836
371.255
198.509
175.517
283.757
605.269
851.476
447.442
934.828
457.863
204.29
136.073
251.058
645.835
963.072
543.765
491.429
318.786
276.326
171.908
308.625
559.241
532.225
326.785
661.193
371.354
156.235
104.892
208.866
567.564
696.475
421.404
588.888
288.082
170.812
147.153
281.803
436.062
600.695
346.142
418.15
435.782
282.39
165.801
189.64
254.12
400.621
447.815
589.667
388.773
228.341
157.01
125.99
264.895
569.917
431.429
697.866
450.211
289.612
174.849
161.554
311.056
677.755
503.872
493.602
489.935
294.15
206.516
133.5
202.679
453.862
519.085
490.615
458.285
320.615
306.364
222.126
312.129
472.616
473.495
291.237
314.358
229.746
192.028
244.614
225.657
277.862
320.609
504.224
561.785
463.683
413.374
244.853
260.781
465.811
573.859
365.205
326.657
256.887
416.033
266.098
241.198
355.845
350.769
345.323
509.564
480.591
306.517
158.616
173.987
305.06
494.722
311.534
262.727
264.507
281.387
305.125
233.512
299.863
273.707
179.354
294.438
462.239
513.154
276.127
174.611
170.755
266.552
319.724
259.957
210.987
232.294
333.764
301.456
308.071
267.752
586.712
288.635
244.034
281.645
258.456
449.19
616.729
336.693
783.976
402.422
155.207
212.656
194.329
460.552
793.581
478.023
735.316
429.259
272.132
194.977
214.612
429.363
736.354
491.288
691.936
489.833
274.901
182.46
291.705
483.351
685.655
517.568
619.507
433.209
247.488
174.263
301.489
604.748
656.432
446.864
628.973
354.194
152.958
99.6144
169.021
484.98
664.808
401.348
611.508
324.934
134.601
79.289
166.967
427.875
627.849
374.994
526.073
433.217
195.953
146.852
165.924
403.515
522.244
465.076
772.595
635.973
261.882
182.224
128.436
265.714
715.425
708.189
668.779
640.5
396.64
243.974
167.922
278.043
625.06
668.833
590.831
562.463
299.595
197.501
164.445
283.334
549.791
599.74
381.579
448.224
246.245
136.151
181.287
230.566
347.236
457.755
540.834
629.01
381.477
233.432
166.155
295.676
491.586
645.403
315.509
355.043
314.054
302.1
279.964
218.55
291.072
363.827
551.807
429.042
280.605
236.029
231.751
330.208
539.737
462.567
488.308
601.65
400.904
247.352
218.083
282.89
440.409
607.143
255.803
245.436
284.121
292.916
280.696
185.03
245.784
255.04
504.254
567.154
448.511
280.083
240.429
207.378
461.657
574.477
315.865
305.26
309.555
405.801
357.323
236.524
324.053
300.557
228.706
330.088
396.42
334.151
302.133
332.246
235.904
295.849
394.257
227.867
229.504
261.227
297.021
364.745
411.704
255.213
767.807
389.486
171.041
191.02
156.345
381.704
763.663
470.297
751.588
381.84
150.096
203.678
224.57
380.937
749.262
465.067
762.422
375.994
207.818
215.595
148.824
358.906
755.883
443.282
884.549
391.654
165.352
89.9219
183.923
618.413
926.587
461.307
918.163
413.739
135.534
99.07
164.9
531.059
937.324
509.763
643.627
265.784
146.98
203.875
179.509
444.13
674.343
328.572
818.81
386.553
195.03
203.194
215.932
559.437
850.618
452.004
658.556
525.884
255.857
197.058
182.108
270.318
617.64
581.828
661.67
561.502
290.308
206.279
127.79
231.154
610.436
611.429
1075.03
828.828
295.942
180.989
134.972
406.213
1008.07
934.52
455.287
378.917
256.895
239.623
200.805
262.785
447.79
394.998
521.232
499.02
277.721
191.092
201.734
300.868
490.38
525.135
747.784
487.963
241.691
144.637
174.616
355.734
728.536
555.946
352.095
299.935
254.223
308.654
195.822
228.787
349.52
317.744
505.741
570.571
325.72
218.162
204.27
271.857
455.395
585.788
521.202
565.571
354.95
314.117
199.441
252.917
472.007
588.523
357.759
287.847
270.411
335.971
239.785
235.106
351.84
304.656
299.911
415.853
383.886
271.506
198.403
207.418
282.195
406.108
323.889
269.922
179.231
206.649
222.342
370.928
349.852
271.957
551.074
303.793
323.842
328.877
351.747
376.181
554.96
349.948
487.691
353.148
206.987
189.338
310.219
352.74
483.804
384.145
417.031
272.05
155.166
162.386
200.79
367.542
434.478
284.604
883.93
418.075
164.795
247.438
238.281
535.013
902.557
509.448
902.623
409.315
175.949
139.026
204.513
432.277
895.977
504.527
953.481
459.042
192.268
194.257
194.915
519.225
959.376
561.243
1112.7
440.121
143.554
106.058
148.376
497.29
1109.61
576.623
913.74
410.988
153.167
268.163
193.638
511.532
931.046
502.017
703.757
545.863
267.29
174.669
164.951
297.159
671.414
598.41
694.549
452.48
257.826
167.002
151.671
329.602
680.492
508.23
602.397
488.661
287.251
162.982
154.113
299.89
585.596
524.801
867.873
697.742
318.773
221.492
175.158
314.826
810.733
777.493
514.785
373.261
273.164
254.114
234.934
295.554
495.006
414.328
634.417
614.394
328.282
182.586
185.511
200.078
578.722
651.417
649.465
454.207
225.058
191.057
185.949
292.053
626.075
511.302
383.385
348.944
218.535
266.466
204.938
321.583
386.626
362.781
591.584
558.954
287.048
142.752
184.636
281.379
542.895
589.969
586.139
528.323
280.931
161.72
159.872
219.514
535.532
569.536
368.959
253.723
346.118
290.922
247.823
247.639
370.973
261.155
395.453
232.882
212.6
312.997
256.41
347.688
422.125
249.699
686.141
340.384
192.899
258.052
220
439.298
702.412
404.632
490.355
305.971
173.072
106.512
133.863
264.954
477.878
346.133
732.343
395.167
128.65
143.858
162.824
391.382
722.956
473.456
817.531
368.995
172.667
220.916
187.39
395.182
813.392
455.689
962.257
489.438
147.818
211.915
171.862
544.077
972.345
587.74
920.455
361.183
103.666
95.2176
193.633
525.032
934.244
461.291
723.063
318.477
104.305
106.633
114.902
436.9
742.282
391.896
999.063
426.714
121.167
180.362
151.605
418.482
989.086
543.457
718.889
512.325
219.766
151.94
135.967
330.061
696.413
568.269
544.232
463.898
244.374
182.775
187.406
298.759
514.504
505.687
795.125
573.275
192.648
126.205
164.236
325.003
749.947
654.978
603.985
450.918
365.543
350.509
226.568
327.839
592.6
475.613
446.931
373.24
247.591
287.215
190.2
196.892
421.38
407.757
762.042
551.771
317.504
267.166
240.32
320.089
732.389
615.452
781.843
632.756
277.03
137.556
153.166
278.392
727.173
693.112
617.319
435.868
223.678
248.324
150.295
252.101
587.027
490.67
633.618
407.678
176.945
115.141
136.656
298.598
617.635
468.435
487.306
413.896
236.626
214.258
194.032
200.305
459.077
444.493
223.489
277.931
190.183
217.691
178.816
231.847
224.603
267.913
417.687
310.643
247.783
207.024
166.029
261.161
404.017
344.548
532.215
276.423
158.249
119.873
187.636
345.44
539.638
317.556
576.632
405.376
213.496
163.276
181.696
291.225
558.556
454.641
641.021
406.145
173.957
118.504
128.277
280.641
621.694
464.293
634.882
350.606
170.663
163.374
127.093
238.807
613.23
415.911
1016.74
538.703
191.097
189.188
223.065
539.617
1014.23
645.241
1045.56
567.591
152.309
97.2576
136.651
510.521
1034.93
681.151
1047.92
501.05
118.194
102.228
107.824
429.968
1030.16
622.558
1154.81
480.869
139.424
138.793
159.269
502.156
1142.91
624.032
1001.02
670.783
251.562
228.237
178.559
402.466
961.268
772.385
613.508
409.425
212.622
148.417
191.186
316.709
599.927
457.832
405.783
355.463
265.865
296.428
204.239
224.375
379.429
375.456
759.883
624.076
285.821
169.747
177.471
279.675
706.363
689.618
801.626
573.187
349.909
243.693
176.258
383.42
773.165
634.403
419.304
377.688
209.918
146.463
131.327
229.727
398.872
402.96
715.83
708.992
336.537
132.193
172.239
374.086
658.755
746.539
586.692
566.771
347.194
276.108
221.968
250.579
536.994
599.36
338.248
265.307
203.563
250.231
221.838
236.974
333.342
293.811
610.77
454.654
291.219
265.58
184.821
308.067
582.711
509.571
311.98
378.239
262.867
186.12
203.459
185.384
289.981
379.211
274.039
263.535
187.614
167.88
143.04
148.107
254.056
279.465
406.633
297.149
143.087
95.0428
140.874
230.732
395.723
331.59
524.72
349.193
201.05
196.251
143.735
236.06
508.43
397.575
392.643
489.751
311.121
360.153
290.118
378.849
370.487
495.001
582.851
420.567
184.825
125.707
137.172
267.429
555.574
469.141
954.211
556.832
167.818
114.837
139.219
421.871
931.095
660.953
909.102
525.457
148.11
53.2845
102.187
437.089
895.358
621.445
1244.79
571.325
151.914
136.925
133.672
464.248
1218.9
725.628
1016.99
562.493
149.958
81.1358
124.219
533.805
1013.66
670.207
579.596
381.405
241.835
234.849
198.601
332.829
582.42
409.361
779.889
478.454
266.447
221.918
240.484
401.678
758.11
555.019
433.89
406.425
249.429
184.526
172.361
269.811
418.496
425.718
683.985
537.705
269.76
139.418
160.31
310.051
649.919
591.474
576.533
587.539
322.644
188.332
145.449
206.234
522.876
618.946
598.014
459.376
318.759
200.799
139.127
278.701
578.86
496.009
323.707
282.301
253.925
191.59
232.473
278.792
319.735
287.363
649.869
609.569
282.579
215.414
216.885
332.306
602.68
650.512
418.664
341.431
242.829
205.01
197.685
193.078
389.729
368.732
300.348
223.474
179.825
252.239
235.358
165.155
289.873
243.528
554.237
378.705
182.088
172.508
105.433
219.871
531.232
430.348
566.656
385.723
217.21
120.48
102.662
187.441
532.668
441.762
444.879
255.674
156.74
159.899
123.115
238.333
436.85
292.552
682.13
483.713
278.645
172.53
174.053
281.266
648.247
535.556
477.485
294.219
205.251
197.632
203.563
247.767
466.722
332.952
1016.47
596.531
231.428
140.147
191.166
376.276
974.937
699.655
1005.37
579.982
176.704
106.087
118.585
471.393
990.389
686.018
1038.99
606.532
156.808
103.516
129.67
480.314
1017.5
719.586
1171.71
556.942
120.586
110.298
108.644
428.857
1142.23
698.759
1133.22
686.394
192.479
154.042
178.025
545.369
1108.06
804.385
980.689
725.413
251.086
139.595
124.958
371.229
921.197
826.887
1069.16
715.338
225.198
150.854
176.072
373.82
1011.2
830.782
699.181
510.282
270.923
369.828
284.683
276.929
670.432
568.449
413.364
362.136
261.619
233.612
163.282
235.055
395.78
388.017
613.951
525.757
324.92
326.22
320.612
303.916
583.504
559.866
550.919
638.378
427.362
204.702
171.817
211.386
493.402
651.421
687.652
539.013
288.878
237.505
202.839
285.085
649.201
594.055
560.433
405.457
221.158
236.796
188.695
257.928
538.116
451.652
587.343
494.23
215.761
118.562
121.826
225.072
541.945
538.897
470.719
343.98
141.297
121.879
129.698
257.967
455.24
387.315
458.675
405.042
194.799
139.209
122.326
171.651
416.762
439.372
430.717
327.796
179.788
130.494
116.304
163.56
398.576
361.81
788.65
412.266
184.282
225.569
196.466
327.017
761.124
501.547
785.764
423.475
165.791
136.437
114.589
262.459
755.83
510.213
864.452
447.625
124.61
102.652
111.021
380.815
847.489
547.799
1067.1
573.617
142.392
89.8558
134.636
530.059
1058.98
688.96
1022.1
613.987
180.537
118.682
152.823
487.616
1000.51
721.717
1070.96
637.152
173.542
93.7145
121.904
471.762
1042.8
751.433
1148.07
517.591
130.19
120.038
134.744
408.922
1120.86
661.514
1087.3
616.253
188.07
107.503
142.31
562.697
1081.46
727.253
776.722
453.442
265.176
265.547
266.517
280.929
733.255
545.35
910.623
522.243
217.789
181.174
157.787
279.846
864.16
623.419
789.171
572.319
245.526
190.466
176.21
306.48
749.925
643.995
637.084
480.578
254.065
254.759
279.86
333.136
613.29
526.378
506.004
498.568
404.03
379.75
233.335
229.221
471.785
513.254
343.999
345.685
373.881
351.957
318.54
307.95
331.699
350.759
753.14
645.229
294.615
175.48
126.897
281.67
696.545
702.117
303.229
270.541
178.197
207.803
225.9
244.303
292.144
284.483
426.932
239.768
135.779
131.001
142.935
263.112
424.153
281.904
458.497
304.11
141.577
144.19
146.322
204.886
441.184
350.321
390.497
271.64
255.028
246.381
187.197
194.202
377.24
304.857
522.807
396.94
156.286
103.503
122.075
235.656
497.641
446.237
759.091
584.938
251.516
140.952
133.026
286.031
717.342
654.245
884.607
506.186
179.27
166.433
118.187
327.717
853.723
603.53
762.427
480.183
248.224
255.744
163.81
340.949
744.28
548.922
993.355
535.422
197.084
202.242
193.845
490.652
984.189
641.538
1063.19
618.349
172.518
97.0539
120.734
496.696
1044.08
731.95
1095.35
682.088
227.897
159.131
152.828
413.85
1052.68
797.728
1202.98
551.528
142.787
147.455
124.037
406.737
1171.81
699.945
1098.75
594.846
175.824
120.646
130.438
576.432
1098.13
706.229
810.987
532.103
232.064
205.434
198.893
359.186
785.278
605.766
846.858
587.398
227.688
139.369
171.76
361.593
814.596
668.677
611.529
643.03
309.556
149.785
116.847
316.385
561.578
686.82
346.86
346.079
320.149
369.57
227.509
249.009
334.582
354.505
426.176
500.621
383.468
246.699
160.124
275.613
408.936
494.38
371.924
321.762
279.316
256.409
199.426
278.32
378.896
330.655
451.525
480.357
291.482
146.681
148.097
310.09
420.478
497.188
463.994
498.696
266.24
118.341
118.917
173.8
421.281
518.813
279.688
267.312
190.439
201.478
144.029
199.64
268.777
278.932
313.088
277.813
335.37
293.372
224.49
149.822
296.03
288.047
212.372
267.724
198.907
236.298
185.113
215.992
201.561
262.016
359.517
356.102
185.343
105.318
114.882
204.59
336.525
374.662
658.87
457.62
223.649
160.966
122.668
232.562
625.674
510.268
746.688
474.644
286.249
257.671
239.383
356.202
723.555
537.539
920.72
610.84
225.137
130.442
138
387.026
887.29
704.067
1077.97
626.491
194.813
142.228
155.453
499.932
1057.01
739.138
1182.38
754.542
214.432
120.968
148.126
529.116
1146.51
880.576
905.19
542.407
191.26
108.183
116.555
374.269
879.373
631.391
1214.76
630.12
176.343
93.9154
116.89
430.406
1175.11
767.922
1144.05
737.08
179.78
78.5815
119.293
494.186
1102.07
859.951
686.009
490.636
294.064
280.481
183.318
289.985
657.693
543.611
882.748
583.987
246.304
192.964
190.582
404.303
853.49
667.265
652.276
387.316
221.516
245.255
201.233
276.375
631.301
446.821
443.471
591.239
520.935
316.108
247.515
292.206
423.576
570.044
475.668
403.555
390.194
349.385
240.092
228.58
453.678
421.36
293.175
421.483
458.155
404.92
266.085
238.353
276.676
409.218
359.086
285.99
367.629
309.349
310.091
335.835
381.478
283.592
403.696
386.409
195.783
241.029
222.206
299.807
380.179
408.387
256.32
204.35
217.021
271.325
248.802
224.987
267.671
208.307
254.178
211.387
139.057
152.009
169.487
234.708
262.427
219.099
604.545
525.346
194.152
179.03
139.629
226.338
554.423
583.285
625.117
361.124
228.039
202.074
213.637
314.161
619.926
421.534
386.859
272.532
208.849
240.913
168.567
190.643
377.618
299.559
969.662
462.687
190.303
124.446
105.795
320.797
941.646
582.639
708.95
454.778
207.171
308.831
224.329
326.659
688.966
525.508
1105.38
702.075
241.015
167.919
153.712
481.597
1074.77
813.724
977.312
624.672
198.738
121.944
143.944
418.839
942.739
726.801
1139.1
569.845
184.642
110.998
126.87
376.645
1103.9
706.629
1101.65
665.182
189.133
95.4589
101.267
457.916
1069.28
783.169
1134.13
698.803
191.305
104.002
120.364
509.128
1104.28
818.285
308.28
300.976
223.219
232.894
196.401
283.159
320.872
298.517
290.039
223.452
260.68
285.396
279.98
284.735
292.398
230.524
455.273
400.118
443.636
320.498
166.543
202.758
442.196
390.57
455.16
382.449
373.683
395.253
304.195
308.565
450.639
398.056
309.552
475.214
454.78
337.9
213.916
223.636
294.543
458.143
342.979
530.346
458.432
402.582
349.512
233.206
303.297
517.673
303.602
281.966
226.237
208.824
226.874
152.615
280.746
300.169
226.143
289.838
257.898
187.699
248.643
291.003
221.431
281.318
247.357
275.209
196.24
259.636
210.311
269.723
245.012
284.899
374.963
238.157
198.382
332.51
341.988
233.703
362.771
271.053
514.896
393.496
201.033
236.132
184.853
241.524
483.135
446.265
531.525
509.06
335.463
223.183
170.997
156.592
483.505
534.533
384.805
325.2
193.211
177.691
116.184
241.346
373.256
349.096
810.416
546.268
187.835
173.022
121.89
254.25
760.016
632.52
913.915
574.679
298.446
255.6
256.279
291.828
866.847
662.631
884.119
656.856
300.615
203.254
208.896
317.128
830.092
733.802
1106.53
696.202
280.824
170.103
128.837
366.887
1057.05
797.437
959.584
630.597
250.795
163.143
142.745
336.495
912.427
728.745
1092.8
671.276
194.483
120.182
130.19
490.22
1063.5
787.146
1081.61
598.861
179.784
132.872
151.66
491.293
1062.35
715.254
