422.369
595.161
511.613
332.105
317.198
328.761
404.386
579.539
528.384
710.542
488.976
283.245
172.386
290.298
471.832
709.917
409.541
556.738
432.217
337.891
271.889
229.555
366.932
550.821
264.055
419.004
402.252
278.184
191.363
194.117
234.13
394.047
398.224
474.726
521.323
438.351
263.54
247.994
373.801
457.755
276.96
385.998
467.308
389.329
305.672
275.771
266.099
360.284
232.931
477.808
605.848
459.405
343.739
216.657
206.14
429.53
226.124
318.88
511.891
569.331
366.424
209.422
215.658
293.934
169.314
298.485
613.439
670.03
337.721
195.475
163.335
259.497
214.415
342.441
603.004
625.672
330.46
226.494
219.191
309.378
174.109
183.032
274.589
575.284
379.089
172.503
167.654
187.798
206.509
206.718
359.605
438.617
285.438
190.083
207.85
195.452
164.174
150.241
335.977
734.966
543.715
285.896
173.785
147.856
234.725
304.862
335.33
474.966
695.07
560.711
240.135
278.777
411.964
311.269
229.215
285.553
323.524
453.727
425.084
326.831
370.271
313.097
302.46
474.388
694.058
607.069
390.649
322.067
504.703
341.921
309.876
211.346
478.216
757.389
560.012
333.185
469.83
311.015
363.681
234.696
554.663
776.513
531.856
302.413
585.873
410.033
227.4
241.596
469.43
772.112
647.953
424.518
457.502
248.969
217.941
190.989
346.962
495.679
487.641
273.531
385.133
556.257
489.335
257.319
176.217
202.709
339.616
540.608
534.01
550.786
277.528
151.812
137.966
232.63
484.943
577.644
359.858
527.64
458.579
311.471
195.529
178.056
320.516
514.297
367.704
410.332
491.908
396.907
262.969
184.903
345.713
403.18
509.699
472.454
399.321
408.577
237.943
214.995
475.265
499.433
361.99
623.77
757.019
492.25
413.529
325.08
343.866
577.065
329.991
486.224
605.305
467.266
382.294
252.548
299.691
467.859
187.667
419.878
591.854
548.891
293.698
224.484
175.122
367.524
192.44
365.551
665.22
707.846
331.009
174.024
174.406
322.253
144.859
221.829
462.483
520.407
295.295
192.385
136.367
203.353
155.143
174.365
268.137
515.583
270.764
182.471
147.527
174.276
173.577
161.404
297.109
502.305
368.469
206.747
171.663
160.717
162.431
202.704
382.761
627.068
462.262
230.221
165.364
190.986
246.894
216.089
400.506
644.051
878.627
569.342
278.073
204.734
395.528
228.701
253.983
464.474
648.165
652.176
439.316
238.152
488.036
365.724
350.124
414.622
727.408
794.653
546.212
370.992
566.913
541.081
366.823
378.161
618.644
769.728
614.665
555.94
687.742
414.369
268.081
304.134
541.636
881.493
756.348
454.149
531.762
328.609
322.704
235.261
381.047
525.274
559.427
352.746
507.425
438.368
286.583
238.711
385.758
626.327
541.498
454.407
393.88
532.411
311.876
167.416
153.209
227.883
344.004
536.272
384.475
540.185
451.114
241.614
271.871
307.602
356.033
525.708
333.093
411.579
397.496
321.885
274.436
279.611
323.922
406.774
463.376
439.048
387.473
400.658
277.292
297.733
437.449
453.578
463.149
706.322
591.228
388.88
251.691
342.825
425.387
687.756
310.854
448.447
365.231
249.9
225.999
204.123
287.933
432.21
346.339
494.772
498.87
502.845
312.331
292.34
321.906
483.787
236.349
317.888
446.058
461.243
258.916
232.811
239.52
286.304
169.188
298.554
589.076
621.581
322.409
190.509
168.704
254.698
212.393
263.779
581.177
707.312
307.375
158.613
206.709
233.024
225.821
197.696
276.05
487.388
289.615
213.376
220.135
204.621
193.243
166.089
397.079
635.16
423.374
220.918
191.974
163.876
165.006
169.942
308.219
729.75
593.012
275.39
170.506
169.43
342.145
284.332
300.213
579.817
789.497
731.036
388.028
252.593
530.556
406.867
316.948
419.856
679.655
743.054
577.898
424.461
538.297
351.509
290.473
270.598
532.567
636.256
562.241
361.521
742.003
364.712
316.365
241.751
594.268
853.528
806.831
403.527
538.039
316.172
274.236
255.498
545.998
683.133
576.601
335.133
495.87
497.415
261.744
233.472
302.217
571.461
507.229
515.931
556.56
410.214
271.305
257.986
374.61
609.13
593.471
456.131
457.177
584.933
401.381
172.556
230.34
331.442
421.838
578.718
355.072
355.29
265.198
224.234
197.442
298.725
341.093
365.128
641.159
650.247
428.019
249.681
317.083
301.629
591.923
680.133
421.425
655.467
644.463
334.688
258.699
294.895
375.903
622.04
422.056
621.44
602.636
420.74
355.573
295.419
383.029
605.644
492.491
507.413
436.292
418.896
231.047
303.832
486.341
507.755
281.988
417.04
541.481
404.894
294.054
237.225
260.883
399.503
190.525
374.35
479.133
414.745
302.114
253.535
179.897
335.071
214.157
270.827
552.49
588.709
300.346
238.55
212.374
243.841
267.096
268.591
423.315
549.166
351.226
225.692
253.594
281.655
108.375
179.231
396.709
761.512
526.605
164.007
105.5
160.948
100.403
133.596
390.958
731.384
445.313
124.182
98.5664
122.928
252.284
281.827
278.442
573.965
733.996
493.66
271.99
270.523
421.693
496.33
459.093
391.185
510.694
600.016
449.738
485.422
501.873
323.328
222.038
221.545
434.491
679.922
552.378
337.759
764.321
366.019
360.035
422.466
584.097
806.355
824.379
416.516
729.575
498.439
279.823
245.445
395.748
869.082
803.28
508.908
726.255
428.507
289.146
221.884
501.297
836.383
785.958
448.177
793.992
368.385
184.242
179.092
431.538
798.174
861.867
435.299
521.061
369.423
220.317
115.789
269.695
629.743
573.626
374.78
499.407
574.819
357.244
194.157
147.818
231.493
449.651
587.462
532.636
648.296
449.886
183.515
193.544
212.96
471.675
661.073
588.063
601.487
434.289
277.474
220.432
239.191
540.378
619.554
463.815
545.863
447.728
289.639
241.442
352.718
430.447
549.427
534.691
527.762
432.415
330.7
238.01
277.606
498.061
541.835
410.745
639.618
603.975
422.064
256.037
219.916
358.774
609.749
406.712
335.677
356.239
400.939
321.051
290.651
401.705
350.665
230.329
266.098
461.891
447.046
298.257
215.252
225.344
242.555
149.409
316.699
665.878
843.743
388.016
206.919
150.957
271.704
144.372
232.857
534.701
769.023
365.627
162.292
141.655
210.112
199.3
157.509
493.847
858.91
494.72
192.254
199.774
146.904
171.385
181.469
397.496
731.934
695.567
279.194
172.949
177.004
244.586
244.202
371.701
807.028
865.113
518.689
255.958
226.604
483.254
351.993
377.548
240.413
565.261
713.826
525.189
327.577
618.019
302.865
276.059
287.274
406.673
545.486
636.678
352.561
700.572
380.841
258.286
238.994
376.672
623.434
731.108
426.822
742.202
422.846
255.54
254.054
447.842
684.155
778.046
479
757.288
410.005
250.672
214.388
419.149
714.096
797.561
455.161
683.674
377.122
194.949
186.991
317.448
482.44
690.81
439.322
563.319
329.377
249.182
209.65
349.175
559.092
600.417
362.556
515.65
585.988
459.828
205.674
209.231
256.754
466.443
592.2
445.029
487.835
314.357
167.257
119.369
218.65
405.933
503.749
432.174
410.553
285.17
263.987
215.83
241.294
404.592
426.673
498.485
680.626
487.565
298.237
264.596
389.189
452.239
678.784
527.174
655.504
496.795
264.333
197.853
345.352
493.171
654.858
452.401
380.182
394.354
412.117
278.653
291.57
455.644
389.43
355.389
568.559
669.869
421.908
302.103
310.116
329.476
529.435
137.644
292.342
490.28
633.858
378.821
214.388
125.057
262.454
216.957
308.492
542.704
517.318
309.608
239.679
220.749
277.895
221.347
257.653
623.459
949.436
507.253
218.716
219.221
233.983
220.466
206.736
382.351
867.185
449.262
208.973
225.776
212.068
208.87
229.927
341.218
854.28
556.141
276.098
208.982
235.016
289.582
326.567
449.971
565.705
659.604
423.097
287.198
313.235
443.417
480.018
419.672
486.295
484.326
589.272
469.149
486.499
880.015
383.494
236.416
324.029
325.031
685.841
930.441
465.138
753.896
375.889
235.351
359.808
523.406
775.887
812.551
426.771
949.023
453.759
147.729
178.99
323.147
806.398
1019.87
521.932
890.692
401.339
202.862
223.47
388.246
817.755
951.165
472.254
676.986
317.571
131.529
152.695
297.939
569.524
721.158
368.72
788.837
337.699
119.135
117.028
287.209
660.334
840.964
409.933
687.951
605.708
232.229
170.113
169.018
288.018
627.433
670.511
701.849
716.171
409.726
186.771
189.952
333.607
635.324
759.58
556.419
593.604
340.058
191.323
198.404
268.303
510.98
617.505
445.995
555.97
421.465
348.04
206.733
334.027
408.831
564.589
565.322
476.69
317.664
227.07
193.503
272.294
542.366
501.897
290.6
446.071
471.761
416.015
361.068
261.107
290.229
425.648
545.503
511.526
325.536
276.091
173.5
226.548
501.447
542.365
350.605
558.37
620.849
376.929
242.396
277.711
344.429
505.04
186.839
359.564
535.177
520.776
386.998
248.652
176.628
319.762
302.817
243.602
380.102
599.06
333.527
250.964
312.119
251.389
290.383
337.029
531.77
877.402
519.998
268.579
276.968
325.168
150.732
172.439
475.152
1052
665.997
257.647
156.682
158.666
299.11
264.147
289.347
341.226
382.444
372.053
318.768
266.496
335.311
213.366
260.207
464.231
725.352
659.386
381.977
220.828
831.269
385.466
221.683
221.296
351.244
578.404
854.663
471.65
830.276
436.057
274.438
301.875
420.282
576.133
837.125
517.363
730.067
417.793
225.122
172.981
244.001
434.634
722.13
493.724
666.259
337.326
207.795
216.892
395.419
678.593
710.419
389.976
599.855
304.874
244.189
139.073
297.065
504.916
624.576
339.749
518.27
309.9
265.425
160.238
264.781
437.021
533.448
329.244
753.688
561.813
320.365
191.178
187.011
308.684
720.025
623.694
530.398
459.585
306.152
211.121
205.681
244.413
497.16
493.677
531.695
510.801
347.015
212.244
237.523
466.325
516.497
528.153
514.912
539.822
370.843
189.679
163.687
297.271
474.4
560.558
517.897
481.704
374.886
503.04
334.591
231.667
480.302
508.619
311.809
426.104
549.704
376.82
278.587
247.486
316.274
387.66
510.119
693.531
595.317
478.244
277.758
317.573
463.893
683.116
503.729
519.192
389.397
243.794
249.326
308.367
479.729
525.956
342.214
488.53
489.989
519.755
393.447
222.458
310.411
461.436
191.159
337.358
526.504
625.118
351.031
184.375
184.47
298.899
264.91
322.447
334.673
381.853
371.625
400.197
279.322
310.424
136.146
130.103
339.505
778.297
600.2
258.631
141.127
123.642
265.568
221.174
310.952
417.419
471.265
489.436
299.806
205.99
386.062
312.113
223.226
295.205
265.337
386.243
412.611
315.651
457.337
302.634
158.273
196.896
212.518
405.446
478.679
333.655
785.391
418.303
178.216
177.909
357.352
740.832
826.51
476.058
908.112
407.68
180.287
154.495
260.422
720.77
960.961
476.068
996.939
420.492
271.559
123.937
312.499
717.957
1023.03
500.695
547.78
323.609
190.679
224.425
235.223
414.219
573.456
362.019
715.891
323.242
123.519
115.535
231.265
533.19
746.758
390.319
550.823
516.872
316.446
132.696
144.002
212.146
505.947
544.812
776.407
571.837
320.012
174.077
131.981
246.007
731.173
628.964
561.185
613.783
339.39
176.74
148.413
261.701
510.742
637.157
494.849
442.113
285.691
234.796
216.096
258.789
472.577
467.927
857.042
702.683
325.553
192.134
191.616
334.387
796.211
765.054
459.059
544.025
488.331
532.822
394.964
319.37
416.861
550.95
637.616
621.959
461.246
337.381
268.59
274.892
592.994
643.253
477.89
603.022
664.788
612.83
319.742
271.91
443.256
580.766
426.198
408.936
366.822
537.157
394.875
313.027
423.57
417.297
211.824
346.945
538.788
554.022
273.952
173.5
202.612
313.542
371.933
254.775
346.358
365.706
472.357
320.054
377.855
270.939
221.906
205.608
417.737
379.667
389.728
240.069
223.67
194.895
538.895
285.263
217.338
225.895
221.276
406.688
544.107
331.662
803.578
468.419
338.614
411.017
235.167
415.79
790.099
546.688
712.719
470.757
157.627
277.426
253.336
389.673
683.607
545.977
1071.76
480.109
244.853
133.399
294.924
822.003
1118.83
551.505
1040.71
474.278
211.078
153.833
259.685
754.694
1090.86
555.78
638.423
352.079
186.749
204.944
257.485
582.059
669.269
383.638
504.922
275.212
148.856
136.781
207.647
400.887
522.273
318.789
467.85
330.742
189.078
170.442
174.099
369.996
479.696
338.547
656.268
557.039
301.158
208.395
245.044
269.56
609.307
609.712
560.069
649.003
350.431
188.969
139.405
264.635
504.524
666.048
1043.38
806.219
397.579
217.732
196.73
358.091
976.464
896.721
547.306
439.16
229.055
179.782
155.902
244.451
522.124
477.989
558.934
495.575
369.703
368.467
218.037
256.938
528.328
526.794
615.544
651.473
437.249
351.8
272.091
256.377
565.686
669.774
447.772
425.685
385.934
401.651
336.702
281.977
432.24
438.372
503.464
560.425
385.289
228.152
241.205
273.93
461.452
567.41
457.303
496.953
402.398
488.498
349.387
220.154
417.859
512.578
291.596
221.643
340.928
399.682
263.89
232.583
301.398
231.841
270.35
325.962
478.881
685.046
517.705
300.566
285.555
308.632
464.185
316.383
288.764
316.826
350.682
597.11
514.505
314.198
748.419
377.777
222.034
257.722
227.144
429.959
757.724
432.004
748.324
435.924
183.145
219.816
294.412
440.956
746.393
507.481
811.793
455.431
193.227
187.435
195.274
534.77
837.375
522.886
572.903
407.795
216.08
164.834
250.709
517.266
592.918
431.571
951.521
452.272
245.53
171.261
380.807
725.84
987.646
538.333
825.462
333.902
167.88
152.11
212.104
509.186
855.73
402.556
816.773
330.505
218.69
267.052
262.958
569.445
835.234
414.228
719.052
398.428
163.801
124.599
185.544
504.849
743.423
460.63
563.643
522.995
268.026
119.149
140.333
276.467
530.117
557.774
608.336
464.565
260.289
250.722
174.248
392.374
604.043
519.018
898.073
643.948
232.27
151.343
118.888
333.356
850.763
734.19
475.091
451.841
402.156
327.03
248.681
221.675
442.792
476.929
490.118
352.001
264.051
306.778
240.353
298.535
485.971
388.345
888.996
727.256
357.407
187.155
172.089
310.971
831.456
803.024
646.948
729.977
452.949
270.589
231.516
385.312
589.205
755.619
337.069
422.067
505.002
404.313
282.316
331.053
324.126
397.69
549.754
560.946
308.38
193.827
172.164
305.722
514.823
586.482
456.342
677.246
632.173
419.848
342.709
352.807
422.28
660.281
333.282
262.53
188.086
232.066
262.223
355.881
342.548
267.796
374.441
240.895
262.029
397.468
278.435
303.413
384.788
259.14
444.812
270.371
198.575
261.779
294.267
531.41
469.782
295.421
511.294
333.37
282.922
189.584
284.32
404.037
515.947
356.858
1226.38
480.222
174.111
155.194
187.173
574.896
1231.91
624.548
1007.02
545.198
161.398
149.141
225.591
574.368
1008.22
651.551
1216.73
526.753
168.572
209.49
195.092
583.153
1205.85
666.916
1058.27
552.003
169.518
124.635
179.475
609.387
1072.29
658.399
1124.71
457.809
157.086
156.485
217.132
545.933
1122.39
590.723
950.26
417.221
170.991
195.482
183.879
523.586
961.354
521.077
921.446
746.577
361.799
201.921
149.612
346.163
863.34
822.823
548.018
636.547
349.967
222.553
169.303
299.311
502.471
655.284
821.816
491.22
245.052
181.001
199.546
401.601
812.299
567.586
858.152
729.49
418.037
236.607
224.923
328.598
803.533
791.536
694.31
462.465
356.913
304.361
241.655
254.939
667.561
515.939
480.23
470.904
320.955
356.147
197.967
283.779
458.471
491.546
971.288
799.448
329.964
194.649
172.078
335.58
902.159
888.44
599.117
691.025
414.989
338.667
279.559
350.518
541.479
709.926
386.278
324.315
258.204
331.593
280.777
263.58
372.525
342.818
459.957
441.405
357.359
402.255
278.589
256.827
431.93
457.845
343.07
380.306
365.67
359.266
313.703
361.487
342.919
376.24
671.85
326.729
238.902
442.367
337.907
394.18
672.041
400.47
519.639
395.792
235.499
275.001
213.105
345.62
509.757
432.204
943.281
467.747
189.072
190.698
247.013
541.541
951.312
566.814
1079.04
478.377
170.938
233.58
221.092
407.512
1057.67
613.581
1012.84
479.951
141.504
119.821
160.931
607.676
1033.41
583.723
1190.47
586.941
173.945
147.93
194.351
633.106
1196.45
712.442
1035.75
433.519
215.398
172.271
298.38
625.991
1044.35
548.356
994.343
493.111
165.781
130.855
192.603
595.221
1010.62
590.39
822.536
337.787
197.847
267.969
246.46
510.057
841.533
425.724
1065.06
616.383
232.591
238.189
220.97
348.502
1012.53
735.965
1056.4
794.475
330.362
167.057
149.371
448.08
1005.16
889.169
371.7
328.805
303.523
270.945
229.607
327.186
362.724
336.303
1037.97
553.513
253.042
221.408
228.805
328.51
994.721
678.339
860.973
728.326
387.866
270.883
248.697
312.04
802.33
796.832
697.983
510.392
309.116
296.516
238.82
349.486
680.383
557.526
584.316
606.329
370.748
368.041
413.063
372.058
528.093
634.017
926.912
729.029
318.021
271.301
262.702
360.504
865.098
819.246
427.322
444.107
316.935
230.602
232.639
298.126
409.77
457.058
373.443
316.496
224.668
273.258
213.11
246.912
361.738
332.827
432.777
390.468
403.733
309.942
223.466
283.523
427.895
393.954
385.927
319.703
359.471
315.3
347.178
319.856
379.871
314.281
546.035
303.896
184.812
189.997
231.756
356.226
549.557
349.67
853.351
497.055
242.904
188.09
175.842
370.892
834.116
583.443
931.44
513.218
201.738
207.723
214.377
425.487
917.839
611.616
1336.12
562.342
175.107
200.705
182.794
514.574
1317.31
728.571
1254.39
656.524
155.538
103.129
176.77
699.857
1262.27
788.956
1253.67
667.229
164.084
143.442
157.045
583.064
1237.05
807.944
1109.96
560.284
227.09
223.16
231.833
610.172
1115.72
676.823
1087.89
472.777
212.98
211.425
207.895
551.117
1079.89
597.098
802.035
584.951
275.088
184.176
141.517
265.203
753.613
659.143
994.45
674.595
276.688
152.297
135.383
339.983
946.649
770.006
767.433
666.265
377.952
286.43
184.302
335.074
714.536
716.313
721.904
510.588
208.828
165.851
193.889
310.441
672.649
584.031
857.446
778.106
411.534
228.894
207.95
320.428
791.77
836.468
621.297
630.313
339.746
226.732
199.756
280.332
568.536
666.706
501.081
399.65
380.488
351.235
208.719
350.679
496.854
409.318
511.636
488.724
298.537
461.928
261.105
247.793
476.499
517.765
692.801
546.564
236.276
229.84
153.76
285.416
650.416
606.374
386.365
427.775
305.439
370.685
276.048
246.814
359.299
447.883
456.818
357.329
223.422
222.02
240.474
229.654
424.2
393.225
308.76
271.813
237.482
322.15
185.181
167.475
290.368
290.706
700.029
341.674
186.919
211.24
213.527
324.528
690
416.3
820.05
488.337
185.553
140.605
109.896
289.819
786.338
572.558
644.982
745.564
460.862
343.963
340.568
623.781
625.021
767.626
1161.06
571.734
244.799
197.571
170.459
412.187
1132.49
707.121
1093.78
629.275
159.359
119.528
136.529
502.122
1070.09
750.027
1214.91
675.482
161.651
80.8761
136.674
579.571
1197.64
806.418
1174.11
510.046
131.178
122.197
174.724
492.077
1158.4
652.28
986.723
508.564
191.807
148.421
217.124
594.927
1004.35
605.875
649.427
319.608
287.206
252.186
267.334
376.328
668.482
358.463
753.402
488.455
212.381
242.657
181.187
324.642
727.825
563.544
806.771
601.164
292.298
247.245
236.048
325.243
767.669
670.964
388.047
329.322
292.386
254.513
227.095
265.612
376.74
343.906
677.391
635.45
372.822
228.411
219.202
316.965
639.546
670.54
872.828
691.011
353.682
378.877
274.799
354.994
818.426
772.797
658.461
693.787
358.727
177.721
186.424
297.46
600.093
723.8
430.623
237.527
197.22
337.035
279.494
254.313
432.155
275.595
456.462
428.892
277.383
232.439
263.458
233.379
426.648
453.771
687.216
492.63
197.035
265.093
185.327
257.779
649.397
562.564
384.485
323.021
187.903
215.6
165.327
189.376
365.322
356.793
482.436
343.272
212.932
291.008
183.822
199.863
463.658
391.309
623.714
407.596
200.392
120.455
165.992
267.779
597.41
461.47
798.427
391.34
184.281
180.471
131.514
295.944
774.601
482.045
537.804
328.716
260.1
299.977
331.093
336.361
528.823
368.592
1121.77
680.386
207.771
141.806
140.227
401.958
1068.58
806.218
1135.83
625.389
225.182
206.913
168.154
535.089
1124.8
744.1
1258.12
764.632
227.138
151.302
159.957
567.702
1225.88
897.452
1094.72
513.064
177.113
149.315
170.931
409.737
1069.29
649.807
1017.68
634.053
216.8
150.039
156.58
469.214
990.024
739.711
1001.86
694.456
263.466
135.184
154.624
413.219
957.35
795.841
955.083
594.857
267.036
223.542
224.924
443.685
932.883
687.767
701.572
626.266
334.07
306.962
222.941
296.112
648.841
674.972
453.389
609.305
579.229
504.586
258.205
215.985
406.129
599.62
684.542
682.758
417.136
266.803
240.347
365.369
641.673
704.027
381.817
369.199
272.154
277.947
193.892
243.083
362.691
394.148
909.35
699.964
377.514
319.316
218.099
354.038
861.912
774.027
535.529
499.408
278.788
134.914
185.158
266.898
504.865
527.387
358.349
325.44
296.588
220.472
186.997
275.817
361.272
318.65
458.204
451.962
261.993
246.074
187.375
256.25
423.266
482.061
245.276
258.637
162.361
154.538
126.598
188.147
236.011
270.664
413.989
289.719
172.386
150.828
160.817
187.326
397.44
320.702
591.924
405.37
194.388
152.149
128.41
232.996
564.854
458.259
819.529
460.805
188.115
185.363
157.193
308.42
790.387
548.986
1053.5
624.704
204.123
134.495
140.515
422.27
1018.2
738.603
922.575
561.51
203.513
221.612
196.414
450.421
903.947
654.059
1185.95
675.403
184.435
146.667
182.312
583.433
1173.76
797.95
1201.14
671.449
177.89
138.856
143.759
581.801
1184.08
801.207
1199.89
517.127
119.954
126.388
153.751
477.796
1179.96
668.041
1032.74
557.904
159.085
135.405
159.548
536.088
1028.21
667.316
853.921
524.075
209.659
133.458
136.245
393.368
834.235
609.043
627.275
443.447
266.727
253.884
254.431
356.849
609.661
494.309
950.17
689.958
360.335
216.494
194.593
383.39
904.517
776.194
688.544
473.073
322.935
308.467
222.856
314.959
670.016
527.261
681.157
726.823
570.191
291.498
254.032
273.053
619.039
744.336
588.37
577.914
428.579
318.078
246.487
288.448
540.262
601.155
400.974
388.531
243.672
281.949
194.7
255.431
379.242
403.429
818.803
593.21
176.914
135.928
145.459
334.879
774.546
678.787
307.582
223.698
168.519
160.924
189.721
217.006
293.535
242.484
435.733
329.655
214.119
256.12
160.459
232.715
422.842
362.493
471.736
363.335
169.664
298.248
209.313
208.683
443.53
408.836
616.169
435.35
252.101
208.81
194.448
266.342
593.857
486.588
600.804
364.747
170.101
156.054
123.033
308.345
593.863
421.012
776.922
626.607
269.064
163.264
143.951
291.138
722.383
701.751
831.498
456.648
162.195
106.731
173.126
444.97
825.754
542.129
1087.77
642.618
212.121
129.466
157.685
503.077
1062.55
759.603
1198.85
722.921
201.428
117.579
132.151
540.827
1169.73
848.307
1227.08
736.384
208.652
110.788
152.594
582.695
1204.82
865.148
1050.48
518.64
178.286
133.489
146.885
386.479
1021.86
638.135
949.812
538.28
170.84
108.951
157.243
474.828
938.522
634.012
781.869
591.472
307.083
239.485
194.671
333.864
739.921
648.444
630.126
680.313
356.872
172.832
186.34
355.008
588.85
706.216
459.884
352.894
308.187
264.635
251.549
300.825
458.121
374.899
478.149
640.999
513.728
336.52
195.497
271.962
431.681
639.929
462.619
382.989
264.048
265.422
315.855
350.583
451.655
408.449
623.556
634.892
503.456
247.688
222.81
243.569
575.429
646.324
465.013
438.527
329.093
210.956
193.854
240.457
435.559
454.142
407.766
450.728
276.518
198.55
160.981
208.779
372.059
468.476
469.713
391.504
231.522
225.859
170.999
170.393
437.929
429.793
193.899
216.123
282.056
258.003
237.036
157.308
186.672
206.313
283.016
249.929
156.421
264.48
242.353
223.592
262.353
270.096
598.034
537.269
292.905
187.041
140.188
233.713
556.875
573.953
421.884
311.184
262.264
185.023
126.563
187.5
399.67
330.624
851.905
466.693
199.3
220.62
182.249
475.232
855.069
549.486
1071.67
695.107
363.541
280.467
176.191
478.798
1041.11
800.417
1121.7
639.471
213.467
149.869
142.488
524.871
1106.55
756.319
1181.31
730.29
187.027
146.993
155.227
543.921
1148.15
856.743
1240.82
717.968
209.139
126.987
158.312
562.07
1216.26
850.841
1004.81
536.888
190.452
112.978
128.159
374.855
979.211
643.571
1093.05
639.309
189.072
171.547
144.489
466.707
1064.67
757.263
832.594
646.127
349.85
204.104
190.644
304.715
789.523
715.896
690.434
386.68
286.303
216.438
238.96
434.348
702.027
438.223
511.133
659.416
535.768
366.804
268.459
318.886
470.671
659.104
379.871
405.77
257.047
227.686
183.31
342.653
375.953
408.914
410.587
593.675
624.389
450.206
219.735
247.868
376.224
569.858
305.712
420.606
418.489
406.394
287.137
270.315
286.181
407.864
756.961
580.984
252.796
174.801
137.515
267.202
705.626
653.395
387.894
326.174
231.417
271.81
234.973
248.847
389.056
347.176
284.941
289.195
234.368
198.061
182.79
196.881
266.673
302.466
538.783
399.01
182.715
166.927
151.51
244.265
516.161
448.633
461.671
419.035
224.611
281.42
166.392
227.575
431.083
445.59
584.063
462.49
159.636
184.037
166.582
260.374
541.794
522.167
482.786
307.918
236.411
271.43
263.98
227.63
462.856
356.191
630.358
370.549
250.656
353.741
200.828
296.764
619.367
431.662
928.786
572.533
229.145
225.176
178.669
439.726
906.043
671.733
1053.72
724.044
239.917
180.683
147.514
447.408
1010.23
829.788
1154.66
683.523
246.707
229.606
191.354
555.86
1133.91
801.92
1130.88
685.586
217.412
121.65
153.118
447.604
1090.79
808.282
1026.5
551.597
215.795
133.351
134.557
365.426
995.125
659.716
1178.68
764.397
215.286
107.418
128.715
497.874
1136.1
889.13
356.577
219.085
233.138
303.134
287.179
255.746
353.133
247.939
401.876
486.299
526.233
471.602
316.979
330.524
389.434
476.204
607.583
424.668
304.413
282.392
266.003
301.208
584.863
466.333
455.804
682.876
661.979
442.763
304.554
317.264
413.368
661.717
392.618
459.917
327.443
316.879
219.69
225.787
359.854
469.649
337.016
366.073
359.077
373.666
256.197
223.019
314.138
372.291
419.756
404.945
300.917
251.131
194.033
253.038
400.799
416.629
436.183
542.915
396.178
155.925
165.922
236.368
399.974
541.02
390.765
340.193
183.069
264.467
316.828
313.544
384.204
365.28
257.441
235.277
340.999
296.556
336.339
244.008
247.501
232.463
292.108
276.459
296.478
285.772
201.813
164.384
285.135
281.488
389.729
335.828
303.19
233.112
161.546
166.275
369.344
362.259
404.399
410.076
239.256
203.299
179.074
265.862
375.821
431.305
856.131
577.699
229.987
115.334
123.486
333.236
818.318
663.515
640.888
397.495
277.203
237.605
224.175
388.776
628.112
440.148
885.613
684.82
284.599
129.422
163.006
383.385
839.388
763.413
1034.18
706.822
269.581
177.254
129.274
378.455
984.227
807.305
995.908
609.34
240.734
159.893
136.829
355.578
957.437
706.896
1046.64
628.785
234.14
206.362
166.106
435.942
1015.35
740.878
1177.14
709.059
221.18
151.546
172.465
546.008
1153.78
831.175
