599.488
463.5
374.604
343.873
303.337
295.787
575.552
503.424
464.451
474.541
407.002
333.216
201.467
273.059
437.423
485.309
424.585
567.307
510.704
392.196
359.85
407.21
403.863
558.502
414.825
650.033
635.269
293.386
232.913
278.18
366.213
606.947
320.316
378.157
424.307
363.538
263.284
245.177
308.635
361.221
279.221
513.328
741.703
607.194
353.946
224.857
250.964
472.772
369.501
438.855
604.479
528.269
315.307
239.44
363.563
419.613
221.662
390.108
640.004
688.455
324.885
251.329
216.812
356.365
203.528
330.813
432.568
457.934
250.396
143.5
180.829
312.213
245.919
278.932
595.833
698.732
314.287
245.484
243.959
257.368
221.63
252.228
636.478
1038.39
476.451
162.302
216.2
229.483
130.869
155.559
345.876
705.623
534.219
223.994
133.638
139.395
370.004
273.543
384.891
829.914
862.72
443.322
382.527
276.449
357.191
315.438
338.099
551.534
664.372
497.886
360.01
321.46
384.54
306.644
429.767
487.637
707.783
692.751
432.163
297.454
305.898
425.684
409.215
500.694
737.049
698.774
332.346
368.852
664.014
467.44
274.29
300.163
573.346
957.377
742.914
481.956
817.006
358.23
210.745
207.905
415.178
795.868
882.495
419.133
582.005
370.538
323.047
185.095
391.707
754.388
646.877
365.907
519.769
395.413
150.221
174.945
235.785
505.85
531.824
439.934
426.393
586.299
376.351
198.655
202.013
380.848
424.845
578.36
410.815
499.707
474.961
321.82
254.413
323.421
411.514
487.379
338.318
632.875
655.014
321.848
261.526
328.441
309.813
573.85
417.901
587.387
518.678
337.509
267.51
317.745
380.554
580.027
326.061
547.241
609.286
441.437
261.267
298.331
294.227
497.555
255.182
615.259
740.083
646.85
431.93
389.079
231.716
540.066
369.278
564.671
648.8
577.559
413.045
333.021
348.401
541.058
159.437
311.644
656.793
633.702
297.679
192.272
159.409
269.885
195.627
235.315
422.043
477.829
314.289
185.764
190.589
223.556
154.44
316.473
716.279
870.827
366.901
196.991
160.459
267.677
208.416
258.451
457.245
1058.26
518.937
174.202
190.7
263.076
150.416
126.484
376.844
964.473
600.66
217.222
162.478
120.501
255.35
222.648
390.826
874.508
778.808
409.553
273.987
212.053
323.317
263.578
280.448
425.324
599.042
586.204
356.298
254.217
554.896
405.439
387.743
524.388
724.894
771.296
609.994
417.459
594.036
454.247
241.252
341.873
594.786
784.993
641.29
481.126
695.805
427.224
266.009
234.545
551.545
938.794
769.551
450.595
515.484
325.856
265.315
278.394
469.773
703.442
570.151
351.539
467.309
425.478
290.061
247.233
419.916
668.183
496.254
443.955
584.951
488.83
238.413
113.254
263.539
611.845
626.775
499.997
390.157
624.941
524.682
201.196
248.575
311.597
358.573
595.066
493.524
616.16
409.989
245.001
158.995
250.465
460.328
619.983
397.44
448.173
398.703
336.055
244.304
283.551
371.666
449.97
465.742
621.297
590.155
382.985
333.893
267.912
424.362
608.361
500.418
777.578
726.338
358.924
310.862
357.624
444.855
737.418
404.594
269.181
324.588
333.903
324.543
351.234
421.571
284.934
310.927
353.375
564.878
476.638
459.369
323.785
324.207
329.217
153.153
245.649
555.525
533.762
331.426
215.109
156.178
203.353
239.055
361.161
549.002
595.361
463.049
251.699
235.339
334.755
192.842
281.394
559.114
807.702
446.052
204.615
180.388
258.698
136.74
175.458
437.201
802.755
413.174
121.627
127.267
163.49
360.455
231.874
301.186
644.142
630.005
315.182
356.985
260.608
347.956
331.618
299.32
340.783
388.2
419.369
355.077
339.235
521.245
326.075
309.231
343.37
540.781
706.399
569.825
335.721
336.462
211.639
277.088
303.096
467.402
507.548
367.282
210.239
650.638
339.883
206.071
300.906
459.532
598.453
673.411
398.425
704.417
342.949
259.632
246.461
453.08
695.454
753.016
400.517
802.33
366.19
230.723
178.678
408.584
708.12
845.339
436.535
628.675
421.796
246.935
222.97
384.281
670.171
672.96
430.524
533.352
326.636
349.289
261.602
368.877
594.901
575.191
328.196
493.936
397.449
244.628
191.409
219.986
271.61
479.07
427.024
470.858
477.307
421.674
301.123
251.906
300.77
444.828
485.615
488.411
703.131
552.807
373.007
248.312
289.387
434.043
696.622
551.72
667.182
598.844
453.595
263.794
353.112
531.803
657.771
415.997
518.769
470.497
442.015
351.226
333.746
403.823
508.665
334.619
550.685
708.826
623.48
369.02
248.005
314.664
495.482
308.145
401.779
474.46
484.283
304.187
224.649
287.82
393.29
179.87
356.361
652.046
524.209
351.368
186.594
168.01
310.865
235.147
303.964
430.384
446.167
326.986
234.904
230.934
288.124
130.319
234.59
267.771
535.567
300.892
190.112
118.939
224.716
165.882
177.674
467.964
960.638
583.208
162.539
153.69
174.703
232.648
310.171
346.837
505.246
423.404
308.217
237.643
286.388
237.058
213.198
331.203
452.098
650.241
548.288
271.186
185.937
571.271
333.298
400.686
397.448
557.928
673.638
609.43
368.916
657.307
346.798
174.444
253.564
382.541
656.445
690.578
400.106
900.665
407.387
198.222
322.412
416.525
705.476
935.486
501.411
947.794
389.397
199.188
166.123
423.227
832.988
1008.86
477.724
1001.1
422.831
137.657
122.971
300.76
728.527
1046.05
525.689
672.369
321.877
326.603
193.78
357.17
641.124
711.845
350.413
596.77
378.971
164.683
264.83
232.519
581.626
643.127
419.918
636.831
694.086
460.202
198.606
230.098
300.68
582.118
708.696
518.312
620.687
456.924
245.409
184.486
286.139
472.721
634.417
477.842
575.869
427.61
273.679
309.646
284.618
433.165
584.489
459.394
461.355
386.505
283.475
282.945
300.463
439.262
459.445
357.115
560.428
637.129
499.342
283.579
238.75
328.727
518.75
371.922
346.269
356.265
364.671
278.432
285.742
361.792
358.233
200.823
279.308
566.351
758.788
405.383
209.145
197.801
251.632
211.375
346.383
638.328
611.429
293.023
159.911
195.753
305.216
334.514
277.382
478.683
679.96
402.941
246.026
327.385
281.894
300.377
202.083
293.523
433.072
321.963
228.908
300.972
207.307
189.206
154.72
202.749
323.376
349.841
221.869
187.133
160.893
168.909
322.144
395.532
454.983
504.375
368.784
175.557
277.959
390.805
326.394
352.041
515.303
802.8
554.078
411.97
320.991
689.648
418.568
376.524
402.357
509.253
808.615
747.193
439.183
965.611
441.13
198.924
218.591
408.706
731.12
1001.67
532.603
946.921
426.623
251.615
216.987
407.931
685.21
969.744
527.322
717.782
386.696
231.045
185.107
369.162
546.892
727.352
442.805
736.138
382.763
290.57
245.854
404.75
683.258
783.647
438.955
659.814
368.137
318.733
152.569
358.863
608.286
690.038
400.285
799.722
409.018
209.221
191.151
236.856
536.337
819.234
473.138
648.937
595.629
418.729
244.253
183.687
352.505
611.178
620.828
618.219
459.765
298.968
222.54
191.618
303.439
602.808
498.495
678.81
762.657
437.813
246.15
178.385
401.68
631.077
784.084
511.107
635.74
602.918
449.511
316.905
247.223
461.54
627.555
409.917
494.205
457.106
317.378
282.527
341.116
383.829
498.757
409.821
475.978
570.183
458.124
337.834
356.791
408.232
439.761
349.235
353.773
324.88
361.311
235.542
259.649
335.492
367.356
262.447
337.381
498.119
466.57
324.618
205.629
253.809
313.435
181.374
348.341
633.67
614.43
339.224
170.028
167.345
308.25
112.95
229.775
640.531
926.049
468.005
137.703
104.544
201.557
217.274
266.139
410.971
987.381
569.214
224.918
201.911
264.578
117.972
169.82
354.202
749.717
686.601
277.514
125.684
151.988
377.468
341.027
355.956
490.294
526.741
498.029
389.786
326.677
473.795
329.286
287.991
325.606
231.431
334.917
483.531
353.407
709.169
433.711
193.713
170.333
329.375
690.535
749.624
482.754
861.295
471.411
224.92
275.882
320.239
640.241
874.126
548.461
578.413
283.988
256.648
209.933
405.909
622.707
614.369
321.603
822.483
397.02
164.631
182.267
272.703
658.312
871.362
459.443
610.479
393.224
208.73
150.293
225.427
498.984
642.813
424.751
619.672
360.472
178.426
91.3117
203.645
549.719
653.175
396.651
841.704
764.027
486.307
232.824
238.899
320.653
774.751
820.14
636.741
736.07
471.272
327.151
245.712
296.765
579.335
744.296
423.313
438.799
310.362
203.488
261.763
268.58
391.669
455.699
655.827
526.929
381.496
302.64
245.09
268.234
620.578
567.389
405.539
548.447
513.948
384.118
390.486
423.424
379.49
520.667
309.945
401.281
310.908
321.1
224.66
155.296
280.446
400.066
390.994
570.733
601.651
463.386
357.641
271.842
361.023
547.039
308.968
361.768
378.986
386.809
258.954
307.72
308.203
350.951
219.853
237.453
483.505
511.539
314.363
209.224
217.199
225.345
334.626
267.803
498.882
641.07
355.339
255.573
336.39
271.582
144.706
177.592
349.005
765.216
421.529
168.669
135.649
176.589
129.292
197.964
316.76
507.293
487.611
230.607
127.183
176.485
284.976
256.37
258.156
303.247
331.022
355.888
303.486
255.882
734.333
373.652
267.625
287.018
405.346
686.739
779.921
422.381
855.015
376.407
178.211
161.773
323.185
766.845
910.333
434.973
1160.9
456.203
149.002
126.657
246.139
627.205
1178.49
583.356
598.693
327.643
187.526
166.921
241.013
463.794
606.575
363.453
756.594
388.318
292.879
239.318
362.697
602.625
784.446
443.368
511.954
329.484
217.701
209.795
235.304
457.214
543
353.801
588.095
284.085
127.386
107.226
243.494
466.618
617.287
335.407
657.033
453.378
278.469
183.083
187.719
361.299
648.257
497.466
724.669
619.196
306.779
223.318
136.78
301.069
672.388
681.858
597.346
591.63
337.477
199.567
219.208
363.669
567.31
614.631
694.516
500.088
227.831
327.409
243.288
295.068
650.022
566.646
512.584
465.484
529.131
443.265
276.06
348.127
500.224
471.846
499.559
557.076
437.552
547.633
403.028
309.011
467.803
569.117
399.385
539.354
499.096
365.35
226.258
247.07
371.253
515.447
409.837
416.183
588.453
459.815
397.185
321.785
416.67
402.598
295.961
480.849
539.023
417.768
213.44
192.763
268.7
447.315
226.734
174.307
223.44
383.192
356.568
275.237
234.269
170.092
222.099
221.552
466.289
621.005
445.861
274.4
224.829
202.996
219.041
188.368
200.683
273.738
336.885
266.696
232.257
184.533
599.042
378.774
269.598
260.078
384.254
612.317
635.257
390.059
946.827
468.242
188.561
162.693
235.206
565.967
956.63
566.379
816.993
462.325
169.655
183.513
264.241
521.881
811.573
545.019
1066.3
522.079
138.221
121.403
234.025
640.581
1081.26
636.124
778.12
476.994
256.938
136.247
254.834
647.568
811.821
499.872
657.077
310.025
204.334
133.692
310.796
620.392
690.536
350.771
638.465
334.927
204.104
224.406
300.828
459.234
646.011
401.379
552.255
325.643
210.635
164.371
152.971
408.751
579.686
362.637
535.159
502.793
266.849
207.681
178.854
310.169
506.868
527.823
592.489
524.931
267.138
172.679
164.6
300.341
554.733
568.13
664.155
496.806
281.965
254.739
210.495
320.596
637.171
550.954
633.184
591.763
452.259
419.975
242.191
246.635
590.909
620.541
474.084
294.4
219.906
283.5
241.856
250.095
465.008
337.217
483.663
656.034
488.168
550.334
276.596
245.033
428.837
655.749
429.882
363.721
259.176
366.59
270.828
309.801
424.195
392.562
390.34
558.126
524.225
301.032
194.116
200.348
346.484
544.145
278.855
295.504
264.741
291.68
237.886
209.191
258.502
304.232
246.887
290.905
444.824
603.755
356.375
194.095
238.476
281.501
369.643
347.457
315.608
330.102
426.842
484.403
373.197
336.585
573.189
292.088
275.955
260.757
232.36
450.274
597.431
328.38
935.31
479.829
157.156
201.436
221.962
504.536
933.745
583.587
846.205
450.378
187.551
188.819
198.97
452.184
846.024
541.742
946.298
538.276
316.337
271.872
289.498
364.787
907.89
640.463
723.826
351.849
193.264
158.128
271.212
577.227
748.488
416.135
606.436
360.728
221.872
175.203
266.782
611.885
651.196
378.986
698.023
345.319
215.291
184.349
245.262
551.361
724.016
385.038
792.088
467.894
194.935
127.041
162.214
430.976
781.343
542.821
867.406
390.211
134.603
111.894
237.614
586.008
895.33
471.354
848.429
883.872
518.899
244.228
237.522
375.966
777.673
918.495
1088.08
834.291
355.952
187.946
165.996
418.28
1024.77
932.488
609.323
434.913
232.213
221.596
182.236
264.502
563.74
497.563
795.081
693.394
402.996
254.135
168.033
320.799
745.134
743.925
505.172
448.095
327.138
307.236
304.748
306.192
473.638
475.796
424.333
405.229
218.431
153.505
183.03
270.574
415.126
425.232
495.25
646.739
375.179
237.081
234.728
359.068
445.659
655.795
269.488
362.01
330.066
305.65
280.444
269.324
261.177
358.077
502.365
532.248
389.553
312.516
245.338
276.618
482.592
540.229
349.084
315.975
350.264
315.405
223.457
202.362
342.468
304.975
129.74
174.562
327.627
359.276
233.837
224.816
148.064
146.137
344.981
225.212
258.26
225.556
253.324
331
355.898
233.822
817.359
392.586
188.105
303.301
193.593
390.975
812.318
483.873
692.408
324.37
125.562
223.224
246.26
379.738
694.373
400.974
787.04
433.036
226.781
293.481
211.418
389.909
774.376
510.072
929.422
332.7
181.934
141.369
203.456
531.993
964.605
426.315
911.006
391.339
134.474
116.543
181.636
596.32
946.549
481.001
903.543
356.153
219.418
237.685
231.973
450.371
909.733
461.088
890.172
353.746
249.842
218.611
302.519
554.397
901.488
448.385
924.426
448.351
134.817
185.705
181.079
489.25
928.775
549.333
762.931
593.295
244.604
191.882
178.098
306.156
714.134
666.62
1054.54
860.798
415.896
217.727
175.316
378.696
986.77
945.104
726.34
465.451
334.902
525.403
355.827
395.155
711.28
518.952
445.012
468.725
309.795
262.392
176.929
313.282
426.07
483.307
674.397
525.014
215.344
163.028
164.552
300.35
638.474
580.433
441.81
345.345
270.705
331.608
254.989
283.259
440.997
366.611
461.158
523.438
325.354
215.139
215.028
269.718
418.899
539.703
538.621
622.115
393.679
246.074
176.454
233.456
483.354
638.258
388.168
300.555
258.047
235.48
187.209
208.172
376.297
320.055
272.351
362.876
344.961
241.889
243.34
271.029
256.053
355.892
373.522
358.548
235.733
345.374
265.935
441.237
401.868
362.884
778.687
401.099
296.329
241.461
274.491
436.581
776.429
479.373
458.447
338.967
192.537
158.361
302.666
451.945
484.235
347.913
576.162
456.868
295.173
255.523
297.135
397.484
568.189
487.003
1064.09
470.406
148.504
168.042
228.67
585.411
1079.25
584.171
1017.48
525.733
154.204
169.951
201.129
558.241
1021.29
634.682
1060.74
450.501
132.195
186.22
184.309
515.155
1058.81
571.256
1027.64
453.358
166.102
139.474
176.66
543.606
1037.23
563.426
920.174
421.582
176.585
217.541
219.939
625.645
963.661
488.766
945.034
386.725
151.616
114.694
224.563
575.127
961.23
488.037
499.931
379.949
306.134
246.524
211.524
310.745
488.669
414.786
714.655
519.14
246.494
212.414
254.892
397.746
677.527
585.104
868.044
755.768
337.22
222.215
170.746
331.561
800.293
826.68
635.136
464.013
311.921
311.851
422.313
410.743
613.072
499.481
782.243
687.822
325.438
207.907
187.011
264.949
718.128
751.991
590.618
484.264
224.022
129.586
122.585
239.321
555.458
530.384
494.916
380.481
280.417
268.735
217.113
366.247
507.049
405.784
646.69
613.751
284.48
146.999
190.786
333.298
597.559
651.666
657.225
573.854
297.005
187.796
210.66
253.209
605.126
626.794
503.256
374.958
547.697
520.408
530.243
398.045
498.503
383.908
423.151
306.782
312.592
277.984
282.256
335.762
437.128
309.001
747.4
396.492
206.009
209.136
209.248
478.007
764.483
456.429
536.226
336.885
178.272
125.047
140.832
316.279
522.731
378.628
828.749
419.501
194.428
197.921
233.76
457.687
826.947
508.83
852.312
367.995
190.441
228.671
210.855
476.754
861.102
452.354
1088.65
588.607
153.146
139.533
149.117
568.11
1087.4
703.294
948.76
481.85
187.012
147.665
237.373
578.95
963.608
569.002
929.318
423.324
178.3
209.735
171.573
470.349
940.286
513.846
1261.03
521.186
122.374
143.09
153.947
477.004
1244.02
679.786
1042.43
579.312
245.288
222.964
264.023
566.184
1034.2
692.338
666.901
614.306
344.374
227.672
201.761
273.062
621.688
650.42
660.371
511.609
244.138
237.891
213.629
371.564
639.309
563.761
956.157
561.914
338.174
353.295
285.435
424.943
926.765
655.646
385.124
343.544
199.475
269.884
196.159
222.153
371.705
363.011
636.772
575.717
316.531
265.946
204.11
381.467
606.953
611.259
927.953
783.003
300.369
180.719
167.787
317.975
851.628
874.102
609.214
433.438
230.033
299.102
207.113
270.804
582.054
491.216
724.439
483.992
204.789
217.772
225.215
369.967
705.853
549.517
480.032
502.126
270.946
181.216
164.269
261.591
443.047
524.235
254.525
280.753
269.173
275.37
251.602
284.49
242.945
276.165
526.154
367.376
249.572
215.833
184.912
274.05
502.866
415.038
541.544
254.934
143.837
111.238
189.53
370.71
551.748
300.158
601.016
438.833
237.214
193.104
195.381
316.677
582.186
484.144
755.824
463.626
201.845
155.419
131.346
322.211
735.347
536.53
669.523
383.073
163.033
177.763
167.154
300.22
655.779
448.064
1042.98
559.075
206.59
172.942
204.55
493.945
1027.3
677.139
1141.41
622.344
197.09
131.718
155.138
597.313
1140.09
737.522
1265.04
563.554
115.579
141.105
128.769
487.796
1242.39
722.859
1162.44
523.038
156.526
172.426
186.182
628.614
1174.95
648.856
732.756
379.072
181.765
166.181
198.657
442.784
737.383
449.508
1131.42
748.338
257.179
176.767
207.19
496.834
1092.85
860.891
469.716
404.44
297.271
358.951
297.061
350.723
452.787
422.721
903.185
680.265
283.558
211.47
201.703
368.359
849.391
768.087
869.314
587.235
300.371
231.249
163.977
370.294
838.658
668.646
462.972
349.195
200.052
196.276
201.663
281.807
453.802
383.019
624.393
682.185
336.651
142.801
230.666
486.294
577.806
710.766
693.502
625.643
364.171
287.692
233.864
240.939
639.064
673.45
295.79
292.895
176.838
192.098
218.141
225.343
273.219
315.155
576.81
411.392
250.266
270.698
233.757
263.548
551.332
465.295
379.135
395.328
247.948
206.007
189.214
185.931
352.495
410.234
290.262
317.314
203.339
129.385
105.274
129.105
265.155
327.719
474.473
328.738
160.042
141.101
182.87
237.782
458.092
370.117
594.184
374.67
201.335
175.509
156.07
275.688
576.459
432.792
405.942
476.846
477.751
636.272
493.264
417.348
387.43
478.805
610.674
425.232
195.56
151.806
158.875
337.682
590.012
474.75
1089.61
645.763
204.694
157.746
140.409
459.465
1060.15
762.818
989.578
566.292
149.662
83.3994
120.626
491.995
977.216
670.973
1411.47
645.064
174.285
144.592
132.02
505.861
1378.94
820.87
1157.61
662.011
193.026
119.559
154.054
596.608
1147.01
780.669
1191.99
591.272
190.216
140.898
144.448
406.551
1151.09
737.987
846.513
620.119
297.547
238.715
185.32
434.513
813.261
687.954
693.463
479.665
242.016
218.937
201.65
338.936
673.555
537.407
518.501
498.113
273.737
147.561
182.693
360.391
504.173
515.326
875.278
741.046
362.35
167.112
134.835
329.106
812.446
809.81
583.34
522.846
298.68
211.976
130.942
236.478
546.904
562.554
493.885
371.216
298.2
283.865
266.622
358.44
490.323
389.819
661.951
605.631
296.241
291.838
284.518
426.002
617.159
648.899
532.486
438.559
256.793
216.777
236.118
278.37
496.387
486.397
430.492
275.176
157.836
241.906
209.735
195.014
408.7
320.07
541.917
424.656
190.356
153.38
108.645
202.316
509.175
472.07
530.444
453.437
356.059
302.254
235.898
192.102
486.901
497.739
550.211
293.366
165.45
148.665
126.406
257.752
539.479
343.2
686.559
495.337
236.279
158.511
110.051
229.857
646.409
551.148
549.945
342.167
197.842
203.821
218.748
253.548
531.396
395.324
1095.09
706.994
248.689
149.622
176.072
391.204
1042.35
819.037
1045.34
605.978
209.895
141.527
162.221
490.179
1027.92
712.369
1152.73
703.042
194.757
125.648
126.573
521.412
1122.62
825.215
1250.58
569.727
146.307
160.165
162.83
491.661
1231.7
721.515
1317.54
797.184
207.818
120.564
154.385
611.026
1287.66
937.215
1091.85
593.822
169.436
86.4009
157.713
526.401
1080.23
707.428
975.087
681.833
294.598
229.652
229.239
342.922
920.654
773.356
689.201
540.443
279.322
324.945
275.704
319.265
655.852
595.619
638.205
485.589
418.611
359.752
230.484
360.332
630.792
529.306
541.016
562.531
285.432
152.738
223.38
356.098
507.909
586.938
577.248
659.416
484.179
232.34
210.575
256.157
519.02
670.259
637.43
602.059
284.997
227.168
203.957
299.702
589.303
644.323
466.772
306.02
369.85
452.021
431.943
296.464
459.773
336.221
464.586
445.532
230.274
110.157
124.077
200.484
429.86
469.218
500.54
352.584
156.089
131.018
134.64
223.967
477.261
405.462
579.09
537.034
239.114
199.415
162.171
262.789
528.078
583.651
479.657
381.362
203.849
184.658
124.217
182.273
444.932
424.961
872.079
543.247
208.778
114.181
103.106
262.707
825.76
630.941
864.823
529.935
211.472
164.146
119.22
267.533
826.006
619.767
945.578
519.971
179.997
144.847
124.607
408.815
923.976
624.435
1151.46
610.695
145.519
93.3649
143.376
575.374
1144.86
735.311
1175.68
714.457
198.619
112.577
146.364
530.02
1143.03
842.181
1210.36
685.536
187.989
133.686
157.639
577.796
1192.47
813.681
1215.63
602.144
182.324
122.635
128.738
412.942
1179.51
749.801
1186.08
699.228
190.353
97.5904
163.847
566.961
1165.45
824.086
1393.4
663.856
135.762
60.6149
102.368
490.831
1356.47
836.907
946.345
631.102
217.162
128.831
165.049
433.533
909.575
721.109
812.159
632.651
278.423
117.832
131.294
318.796
767.527
695.598
595.628
418.164
308.571
315.683
350.645
300.917
577.457
451.877
471.273
540.63
489.004
381.384
248.634
274.281
429.96
548.828
513.821
407.554
209.608
282.408
216.663
331.383
499.964
450.593
786.479
685.276
342.167
236.053
191.241
259.487
723.931
752.714
367.405
334.703
234.827
165.057
264.936
343.403
351.195
346.659
562.437
322.359
109.532
107.927
159.05
335.19
560.501
377.599
374.58
239.598
140.22
193.313
182.493
226.851
373.34
272.762
340.233
310.131
297.287
237.802
160.235
269.91
333.453
317.158
598.312
439.978
218.746
200.175
150.187
269.768
567.321
492.54
832.728
635.508
255.065
113.072
103.756
309.038
784.62
713.256
997.474
594.281
309.681
285.605
216.231
372.756
962.932
692.088
817.77
531.867
327.392
292.026
224.98
429.904
800.699
593.98
1148.9
688.003
191.443
166.536
180.192
501.098
1117.23
812.612
1173.89
718.348
211.815
146.056
121.511
527.255
1145.92
840.629
1189.48
698.672
293.831
313.698
255.242
510.123
1157.22
821.258
1332.17
627.615
196.498
166.998
171.506
445.023
1297.48
786.816
1223.41
636.436
189.035
151.587
141.864
640.38
1227.54
763.677
1357.32
738.074
178.074
93.9302
104.185
490.556
1315.34
891.404
811.542
538.385
255.301
175.147
168.256
343.77
784.909
611.348
680.073
641.561
369.167
189.538
224.052
404.442
648.323
659.603
351.604
403.804
417.465
371.1
269.035
205.475
324.988
396.502
389.542
400.584
340.343
301.161
250.402
261.347
389.739
404.396
341.623
409.454
383.067
231.437
295.415
318.698
332.827
383.798
415.754
386.502
212.988
166.03
184.172
352.26
397.748
411.697
533.395
562.947
302.153
186.194
147.441
209.966
486.429
584.872
312.161
318.541
190.012
307.214
208.205
228.386
291.52
337.793
510.764
407.092
257.356
241.53
166.142
238.618
487.787
443.719
277.431
303.675
242.37
228.357
221.087
230.149
273.481
303.412
472.294
421.586
227.017
182.449
208.819
282.11
442.198
449.836
665.907
515.27
293.179
217.609
162.511
259.65
625.88
565.445
795.389
552.495
355.077
296.171
250.159
482.383
792.22
596.108
966.267
657.544
266.763
261.843
216.05
418.995
931.728
752.368
1190.38
671.228
210.119
134.199
151.518
577.108
1178.69
793.504
1284.02
821.669
253.477
159.448
175.653
566.297
1242.11
955.474
1011.53
609.109
233.169
152.702
144.349
392.043
974.456
711.055
1287.45
709.147
209.289
115.199
137.632
461.746
1241.16
847.823
1243.19
786.958
199.411
86.1579
129.092
546.57
1204.51
918.514
1607.46
795.942
204.925
146.463
141.534
495.932
1555.99
990.894
553.658
453.528
230.082
224.924
173.46
320.683
531.199
500.347
509.115
387.285
286.105
293.082
245.63
288.355
491.207
420.405
534.387
530.054
450.364
394.025
300.307
380.549
546.941
534.396
402.99
470.592
441.763
345.676
245.418
196.591
368.976
468.895
312.781
377.709
408.227
393.181
294.808
241.474
296.073
372.858
350.364
271.812
298.59
362.11
198.005
224.922
347.831
270.353
340.19
335.278
184.377
274.276
297.352
394.195
330.249
354.469
236.735
170.136
254.757
338.826
237.686
174.788
239.855
170.788
348.823
288.603
196.302
190.528
243.932
318.588
360.508
310.837
648.022
549.564
229.922
168.381
174.123
266.4
599.579
605.769
594.166
445.32
264.616
205.184
211.157
323.403
580.085
490.873
460.084
358.773
288.329
291.892
168.388
256.037
447.03
383.473
942.231
477.399
210.938
150.96
136.796
336.267
915.962
586.658
729.06
487.436
199.867
213.342
152.451
303.789
702.16
560.673
1142.57
727.446
236.197
101.251
115.917
500.901
1111.53
841.994
1063.54
656.402
204.597
156.89
182.756
456.047
1028.57
771.178
1183.22
609.799
243.214
170.65
156.667
394.179
1144.16
751.472
1216.61
750.994
204.752
86.7562
125.807
516.488
1178.75
879.756
1305.8
802.97
238.919
133.5
145.317
561.73
1270.38
937.812
1052.67
512.378
182.165
129.41
157.854
395.563
1020.72
641.555
425.614
329.734
401.372
373.779
242.764
356.977
429.017
341.669
477.052
382.136
437.85
318.543
258.895
284.493
457.108
392.193
347.949
420.379
403.347
294.277
262.208
298.726
322.975
412.48
338.117
370.243
343.391
340.775
314.809
238.863
317.916
388.338
390.615
512.051
447.719
296.396
306.641
222.937
344.784
506.849
255.77
327.458
234.21
210.168
287.255
211.284
232.046
328.951
270.144
291.106
315.649
354.12
385.967
271.6
274.225
285.413
182.467
222.472
206.226
298.48
219.827
238.844
189.079
216.256
410.354
385.131
247.196
366.783
324.724
366.267
407.563
397.814
660.293
482.249
219.727
216.981
204.345
274.887
621.684
554.749
666.962
614.116
349.594
199.25
144.754
202.261
605.996
660.343
632.45
451.702
213.237
195.455
139.609
301.419
612.314
501.676
783.476
618.132
305.986
246.863
182.088
254.29
724.482
690.203
1087.63
693.429
276.075
253.036
204.049
339.17
1028.99
800.557
1057.21
775.94
335.451
201.058
222.084
365.79
997.829
862.148
1247
751.363
290.627
233.359
151.666
403.1
1190.49
877.329
1080.91
732.455
267.173
128.78
129.136
407.861
1030.11
840.776
1223.49
730.371
191.802
119.389
152.604
575.988
1198.92
860.565
1125.28
598.278
157.014
94.0029
121.318
512.542
1110.01
721.193
1010.07
563.181
210.564
149.055
136.423
376.393
980.434
660.876
