563.781
719.979
496.26
307.402
208.53
317.27
512.357
726.774
414.424
548.419
437.575
310.595
244.165
222.364
375.264
541.489
368.59
453.064
446.095
260.627
191.252
214.32
333.069
449.815
384.155
388.772
417.936
391.694
280.311
226.439
365.964
388.052
264.017
470.174
672.65
485.196
324.643
261.856
247.657
422.28
322.53
499.313
600.839
482.995
412.578
337.075
305.081
467.499
278.704
465.235
619.879
610.756
278.878
266.971
268.407
419.132
223.452
322.949
522.064
486.968
322.356
237.637
211.179
302.989
199.774
404.512
797.363
808.813
389.135
239.989
205.261
347.814
209.516
201.618
398.445
820.445
509.127
155.627
199.87
204.301
254.3
259.885
396.013
624.212
408.338
206.904
255.395
252.325
186.715
152.411
364.851
711.368
650.947
342.212
191.826
145.551
162.075
218.802
392.946
621.266
747.181
380.621
159.525
191.129
341.634
348.831
304.395
291.167
400.953
555.858
373.911
327.985
298.222
308.855
375.004
363.624
735.744
712.368
348.565
272.464
417.974
341.075
379.012
346.975
465.785
554.385
445.804
342.168
631.312
341.453
252.46
239.485
540.81
763.791
683.969
376.136
592.62
484.17
283.15
291.65
517.633
835.651
659.807
495.32
509.417
312.076
361.742
182.219
449.859
682.979
563.083
292.243
377.743
291.31
107.808
95.9464
113.452
305.757
391.951
319.274
532.812
588.923
328.904
201.61
160.157
238.198
482.445
608.65
406.71
562.308
496.364
352.521
269.884
190.478
360.374
556.041
398.361
405.15
408.016
418.85
241.789
201.82
371.876
412.538
407.083
518.941
535.127
447.617
332.751
271.567
371.552
505.634
301.037
654.906
738.003
495.201
246.657
271.502
258.538
591
386.543
406.691
484.115
474.772
320.787
241.279
365.296
409.601
251.443
501.848
849.993
607.725
424.192
210.731
224.768
444.894
270.95
414.4
569.353
588.832
357.584
279.042
261.166
392.659
206.428
311.243
669.731
850.892
420.692
180.711
192.053
285.475
161.255
198.998
518.39
837.016
400.81
167.841
165.72
177.854
193.096
237.844
374.824
597.349
403.996
284.77
195.287
215.683
133.893
147.419
417.391
694.829
436.558
173.606
138.513
130.628
256.908
299.908
412.933
632.473
870.442
594.75
285.568
289.273
525.234
423.542
337.82
565.4
790.456
747.718
576.377
438.005
534.047
285.816
252.328
339.006
666.191
809.655
598.478
296.764
429.876
459.102
306.926
344.562
596.985
701.394
440.042
469.769
854.537
439.156
294.845
287.355
596.106
994.154
925.857
478.302
574.173
400.003
213.411
187.258
381.812
633.048
626.482
435.111
641.609
313.375
134.874
153.274
325.128
689.356
692.057
349.543
432.95
320.989
218.137
196.907
252.93
403.02
452.261
330.028
371.786
585.71
497.899
256.781
341.232
366.307
347.348
554.86
233.295
303.446
326.986
330.19
221.791
217.964
227.32
290.33
412.51
513.576
456.04
297.81
227.024
262.79
378.294
508.4
505.159
808.542
720.173
311.514
270.654
326.809
441.722
767.083
408.758
466.145
361.302
306.777
237.373
342.294
382.849
476.204
301.92
567.359
627.74
529.419
253.093
212.352
260.708
523.243
147.883
367.794
682.429
509.916
307.319
197.694
137.076
307.417
246.632
311.647
455.424
488.058
336.307
213.976
237.178
296.672
122.356
224.819
716.299
936.755
484.881
175.615
120.915
185.341
166.533
225.61
542.638
631.678
355.697
226.845
175.47
202.117
134.728
144.566
429.801
868.159
539.174
254.681
147.936
123.093
268.457
250.73
488.586
912.08
637.793
265.838
257.101
263.477
256.49
199.657
336.275
633.23
794.267
522.766
284.403
201.023
375.351
256.266
265.972
408.837
557.064
566.353
410.537
254.472
524.199
358.941
384.919
392.011
589.018
732.84
578.882
367.42
708.749
338.501
288.678
322.894
628.726
892.632
772.019
377.962
697.639
426.029
344.569
338.83
647.791
843.206
750.181
444.397
601.823
533.762
256.734
243.996
407.78
772.682
649.29
555.947
574.985
450.395
283.196
291.982
401.48
644.447
613.908
487.306
612.026
352.108
163.189
125.346
234.717
544.533
655.236
390.587
326.616
436.681
354.171
209.142
180.927
320.973
307.707
429.636
615.656
772.148
402.752
161.387
140.954
347.901
554.241
778.784
507.263
731.831
652.911
393.068
275.711
318.139
456.42
711.075
450.853
448.023
435.17
361.414
321.862
280.967
434.785
454.494
497.084
688.084
705.059
523.483
322.984
306.3
455.276
667.643
315.702
355.289
314.326
245.889
239.098
295.826
303.903
346.704
295.989
390.517
750.273
537.757
379.323
242.683
288.363
346.252
193.252
296.992
495.556
489.856
449.915
260.997
185.217
273.712
240.152
291.853
515.478
623.999
360.252
264.233
239.153
275.033
222.834
235.376
552.911
804.128
412.888
151.167
212.999
223.428
136.976
141.19
425.282
790.093
493.801
167.358
138.612
132.626
247.273
200.417
321.245
633.341
691.665
343.414
259.397
200.066
395.63
319.395
532.947
614.646
674.648
522.979
407.086
309.512
521.264
383.189
208.434
276.437
518.101
747.335
578.779
398.346
444.591
383.525
338.219
287.814
509.824
585.571
477.55
372.95
716.31
357.806
251.295
251.912
455.428
647.917
735.43
417.374
786.057
388.989
277.827
250.81
453.47
646.108
807.305
454.706
714.274
422.573
287.061
230.886
463.4
756.624
767.853
454.871
521.03
367.931
225.11
212.029
282.095
551.642
557.973
376.654
527.294
265.334
152.986
155.043
247.617
535.844
568.481
289.003
578.511
699.692
384.71
217.158
188.358
268.502
518.533
712.899
533.256
672.067
483.153
343.008
241.763
269.661
481.037
679.576
597.871
496.422
392.713
304.352
229.921
328.796
583.35
521.774
582.371
771.647
631.099
436.861
244.493
322.644
525.433
771.747
414.385
501.323
488.16
399.896
310.458
291.856
388.653
499.975
338.539
461.542
553.947
495.768
306.531
194.185
310.148
441.408
369.087
274.275
354.418
449.748
235.481
228.18
373.288
285.869
175.424
256.361
503.895
565.911
384.188
208.919
170.552
230.437
189.463
197.965
555.682
825.569
438.846
193.878
198.299
183.298
217.133
206.509
524.156
995.803
500.306
194.811
208.808
202.386
207.285
224.777
419.075
913.384
486.951
190.596
189.132
231.418
132.871
148.553
371.487
861.599
749.692
304.726
143.795
141.785
390.279
284.85
280.693
364.917
432.17
469.022
420.622
287.086
556.928
412.555
314.718
312.777
438.533
662.767
604.21
422.19
724.964
358.271
271.62
287.131
415.223
752.092
767.423
404.654
851.182
371.852
208.008
306.655
501.74
868.635
911.456
436.941
954.591
383.632
266.547
202.323
451.235
810.128
1008.23
475.272
927.249
353.381
140.784
164.878
342.458
711.177
968.219
452.155
613.565
386.278
204.996
119.573
283.159
624.744
660.297
396.672
567.605
246.472
233.14
308.916
265.184
434.101
593.659
291.437
584.498
486.028
277.987
155.463
154.679
249.807
549.059
530.912
427.939
670.355
528.404
265.921
251.568
277.168
374.262
651.544
601.369
750.507
583.882
287.608
218.957
292.444
536.804
756.934
425.893
573.901
478.783
371.932
284.363
374.592
403.184
569.098
390.703
527.76
534.93
407.949
245.224
206.758
356.633
506.766
298.098
473.304
658.04
529.467
412.437
226.413
272.647
441.167
251.721
351.202
559.129
630.12
320.442
232
241.095
329.231
266.519
335.384
614.175
598.103
419.914
256.173
261.478
304.044
207.254
247.787
494.154
645.594
364.574
202.61
198.953
233.332
248.011
207.905
421.472
735.867
450.587
198.407
247.171
209.345
143.308
203.719
455.723
877.473
577.743
177.962
134.898
193.759
352.1
339.24
398.644
549.912
292.52
290.378
342.034
344.892
247.024
222.229
254.897
542.781
537.535
501.948
272.805
223.622
745.774
344.51
175.994
220.176
299.208
722.75
811.263
392.961
697.759
297.121
186.037
208.937
375.378
647.166
742.896
358.167
655.257
320.335
235.196
234.739
431.095
662.119
702.369
361.11
621.286
358.38
189.36
170.925
288.256
485.03
635.908
405.389
699.064
373.458
235.504
202.621
320.195
541.297
717.681
425.905
723.471
419.927
185.199
175.66
296.633
629.379
752.456
474.152
739.242
336.441
253.2
127.689
299.894
599.673
781.078
384.767
747.177
772.121
496.829
232.576
274.916
318.032
684.363
793.457
406.155
509.296
428.579
284.84
382.894
302.834
375.353
508.764
565.296
530.004
451.714
372.896
208.412
289.167
538.319
551.82
523.344
767.932
621.397
401.077
235.119
383.279
472.038
755.663
342.828
391.157
347.945
455.603
364.887
296.168
326.828
387.531
481.648
434.833
345.687
383.956
315.807
292.709
452.848
462.292
326.855
384.897
417.348
315.168
326.011
228.997
303.875
376.804
230.547
401.854
676.602
617.599
311.547
241.819
216.953
354.895
154.384
279.75
610.461
621.152
381.934
238.814
157.904
234.537
310.435
356.718
443.692
403.507
335.594
264.244
311.415
337.043
249.839
253.162
318.791
499.859
361.423
233.132
244.581
248.75
186.125
165.194
250.153
368.525
354.729
208.478
191.186
166.831
337.281
297.943
330.932
470.609
715.939
619.654
375.406
302.958
593.038
428.959
248.507
248.402
283.197
382.447
577.972
482.428
615.347
370.183
248.297
211.84
380.435
659.486
661.623
394.119
827.026
387.474
221.855
328.416
403.395
656.663
846.084
472.147
476.797
292.565
217.035
185.349
404.417
645.591
527.238
318.348
616.605
309.974
249.809
173.8
370.354
628.645
649.564
342.882
708.306
312.047
194.266
222.55
268.479
468.766
714.352
382.79
592.92
300.311
220.948
136.757
222.437
485.343
624.808
346.363
545.476
489.577
320.125
249.861
194.37
280.338
509.905
523.738
556.716
739.173
431.631
235.224
219.177
449.032
505.617
746.305
674.698
669.316
526.976
254.884
194.654
229.769
620.94
689.433
495.709
396.964
391.718
442.923
283.677
297.583
483.342
420.257
502.163
502.665
531.465
439.73
295.943
322.341
476.461
513.192
405.411
379.352
351.894
390.741
282.406
243.759
386.733
387.092
535.708
737.361
566.903
383.974
237.158
388.093
489.887
732.677
298.537
352.24
270.561
516.715
303.823
258.115
283.752
342.289
271.404
399.605
603.658
619.194
310.293
256.805
263.961
368.863
210.131
288.281
579.083
831.543
413.218
222.969
204.802
262.581
262.147
264.645
242.968
336.997
302.647
315.831
265.052
270.857
210.358
243.603
230.905
485.274
557.563
425.059
221.461
235.073
328.33
238.799
340.223
473.157
406.443
377.177
345.557
247.095
922.391
423.084
201.951
249.903
313.474
714.725
974.393
499.769
1083.99
439.651
178.636
158.098
377.645
848.109
1135.68
537.066
1098.35
464.295
167.854
125.799
247.539
724.782
1140.62
569.821
775.421
371.48
278.653
194.298
331.189
625.142
812.561
429.716
845.121
486.722
274.179
237.173
261.218
630.671
875.306
544.886
762.562
323.627
149.332
131.605
254.687
540.957
783.226
390.522
486.711
223.945
122.371
105.682
225.895
386.819
512.081
266.5
719.403
640.79
348.451
217.115
158.328
288.548
672.433
685.063
727.789
600.818
367.524
247.528
210.869
354.111
694.262
652.418
765.693
510.817
288.505
178.766
157.456
346.669
744.848
567.664
875.166
690.86
418.092
317.507
235.071
375.704
821.568
747.452
486.494
503.008
405.5
298.543
317.703
306.557
455.289
523.439
578.348
706.056
584.237
400.941
346.72
276.609
519.82
712.723
209.242
240.321
313.316
415.964
269.47
148.46
198.221
235.796
373.544
539.327
511.44
381.193
261.837
173.764
330.43
528.881
344.136
311.863
345.986
478.811
275.495
206.919
325.538
331.895
180.789
236.643
485.723
564.943
360.057
227.468
188.844
204.095
235.734
255.761
330.4
389.771
394.613
215.282
228.621
257.085
602.102
272.886
229.232
227.093
349.086
529.27
629
321.03
670.283
299.592
201.052
287.021
271.849
509.211
698.751
352.645
901.018
372.92
223.867
229.376
258.439
437.417
897.103
479.956
741.339
421.391
258.521
158.906
348.406
720.184
794.37
462.103
935.628
430.934
259.285
207.847
327.735
660.064
966.126
523.502
690.778
290.017
200.135
135.818
162.138
432.324
706.787
348.776
526.22
356.091
191.568
119.251
265.395
540.256
564.731
362.533
557.179
371.917
130.195
147.83
170.91
376.186
557.811
411.386
773.085
347.92
184.392
124.546
189.031
364.937
767.102
432.126
744.695
715.803
357.403
308.671
207.315
295.174
679.555
776.759
977.583
771.032
348.773
280.184
197.827
400.68
921.839
852.438
600.612
416.137
276.691
258.785
205.466
305.467
581.058
473.088
684.109
782.75
455.12
302.564
197.479
311.324
616.726
806.518
576.166
554.519
412.487
368.85
325.8
361.338
554.987
578.117
604.891
633.972
449.019
542.376
300.028
301.115
567.468
653.104
562.225
599.602
451.354
403.932
294.247
242.787
512.188
619.103
445.513
283.233
176.537
196.14
203.709
263.48
443.425
317.742
331.907
581.088
607.917
371.432
209.696
224.055
293.464
534.586
266.162
165.905
257.051
328.847
294.219
335.132
289.595
167.321
313.756
262.966
262.899
237.148
322.867
449.851
340.437
249.745
630.642
304.584
189.198
223.044
211.928
438.687
651.956
363.572
875.395
433.581
192.612
203.32
245.466
521.47
885.12
527.641
1028.13
433.469
155.492
143.016
157.64
495.506
1033.6
549.136
616.152
420.749
256.519
200.744
209.352
429.845
630.908
453.705
672.319
322.626
162.836
134.821
268.973
596.623
704.834
376.865
769.192
374.976
231.863
203.763
331.092
508.822
781.912
454.675
876.004
416.981
216.124
278.781
188.265
513.619
891.722
493.087
828.834
384.381
227.541
185.552
203.945
549.674
859.168
449.22
800.102
328.379
113.36
120.562
184.284
501.535
816.724
417.238
736.711
554.276
279.231
254.348
212.733
334.303
700.693
616.005
1187.13
824.935
345.749
229.943
195.414
402.312
1125.16
936.419
572.065
655.905
373.757
200.704
263.667
389.87
538.891
669.192
608.566
545.569
282.71
185.4
152.876
250.791
570.924
582.446
578.485
496.131
294.473
191.08
190.987
271.856
544.426
535.258
333.297
395.119
386.766
317.761
339.508
294.933
314.376
390.482
516.021
573.762
384.678
223.48
193.845
305.617
494.906
579.151
522.571
662.903
427.322
246.329
244.945
325.094
471.321
672.364
242.614
216.857
204.863
245.988
336.255
371.142
249.162
218.75
318.667
488.72
484.962
382.17
184.065
192.542
282.876
469.997
265.799
271.191
351.012
329.168
305.185
185.123
256.476
273.887
514.48
283.666
218.912
286.952
345.691
501.312
540.6
316.626
867.798
522.136
171.873
172.178
179.355
406.717
850.387
610.437
896.146
440.274
185.45
198.631
202.561
546.252
915.466
530.651
1072.23
445.235
207.375
228.944
174.073
509.403
1084.1
554.539
1144.01
533.808
183.265
114.036
185.684
519.339
1137.83
658.824
999.819
463.089
155.307
214.146
198.632
554.008
1009.7
570.235
1043.64
541.036
227.459
173.775
214.214
599.163
1057.26
645.267
1127.16
509.101
161.588
166.474
145.483
550.414
1128.06
634.871
871.321
474.514
167.876
144.636
154.458
396.921
851.142
571.464
494.166
395.066
228.056
146.749
145.54
255.829
469.386
430.936
937.266
719.261
377.465
252.641
237.184
380.593
887.708
796.952
652.053
725.077
465.104
267.895
216.58
287.477
597.21
742.994
322.452
361.855
339.799
569.793
333.922
331.939
324.966
352.333
953.916
724.499
279.412
156.764
145.357
355.289
898.652
816.093
571.475
559.619
305.444
219.278
172.558
254.531
526.789
596.055
465.334
364.034
340.543
267.94
261.122
359.486
463.366
379.274
491.182
626.86
380.292
220.043
191.719
275.151
441.988
635.696
528.247
623.053
417.57
230.61
166.254
202.683
474.912
631.236
299.922
275.462
238.488
300.322
272.833
356.566
314.21
281.983
348.216
194.734
179.122
353.302
345.752
360.824
367.157
217.046
627.387
437.752
290.695
274.234
199.642
448.065
627.65
481.769
578.208
307.934
160.689
152.89
189.055
375.449
585.326
358.653
711.535
413.262
205.176
218.678
163.799
353.456
701.445
478.714
1038.16
503.066
226.767
248.806
206.133
534.792
1037.08
616.593
1301.12
542.386
178.449
151.482
167.415
566.501
1295.08
700.205
1110.19
552.619
143.354
167.358
204.22
651.881
1124.81
669.843
1095.04
468.067
158.778
128.911
194.026
573.158
1101.51
588.572
959.072
474.62
198.718
191.66
211.344
594.522
978.896
560.002
955.047
415.95
112.49
131.786
184.292
606.777
985.752
511.74
844.379
537.362
294.657
245.747
197.963
377.468
816.026
620.439
540.824
548.509
314.811
200.429
248.674
314.937
514.073
568.036
955.079
646.942
330.256
231.949
203.005
446.392
930.122
728.409
422.723
540.479
453.959
323.153
298.881
285.923
385.02
538.668
607.708
497.163
262.378
225.753
179.722
314.685
579.019
540.697
965.625
814.696
316.481
154.18
144.062
342.111
890.569
904.619
679.236
495.202
245.587
244.106
210.26
338.902
649.108
555.766
708.581
481.836
223.955
219.058
202.958
258.759
674.357
545.813
399.301
445.215
253.739
128.997
192.083
237.812
369.097
457.267
508.646
371.068
371.404
294.025
261.987
398.505
522.875
386.198
396.593
307.869
316.722
378.735
209.344
214.655
388.154
329.346
841.034
434.444
152.76
135.576
145.071
481.247
848.641
522.58
579.156
397.785
210.641
173.11
160.026
250.842
553.328
445.185
749.169
408.733
180.848
207.186
204.09
286.604
724.047
488.98
1019.72
564.708
255.944
220.904
206.286
525.537
1016.52
666.579
1188.15
514.09
180.388
176.381
246.026
624.935
1193.84
650.408
1319.47
614.304
159.536
97.4324
139.18
512.787
1293.56
773.326
1116.73
528.578
219.878
240.592
193.006
525.019
1107.9
648.949
1208.81
648.816
188.199
169.608
173.687
644.745
1209.62
775.619
1175.17
520.752
186.213
169.892
195.948
494.234
1152.73
662.887
1182.65
795.606
333.972
276.567
291.195
510.522
1139.02
912.122
535.761
433.993
330.211
323.266
285.953
305.921
515.662
448.906
1104.61
766.324
338.502
215.158
248.831
357.437
1035.5
875.998
653.674
593.929
326.336
256.908
259.012
322.054
607.409
639.292
600.087
454.308
270.422
231.53
230.967
300.558
580.35
493.096
647.377
543.957
293.048
291.574
235.121
280.875
607.433
587.875
827.662
668.503
338.619
300.147
217.662
305.226
772.012
734.255
396.628
428.389
307.939
248.204
213.864
304.383
372.645
442.585
356.027
378.76
313.775
311.879
237.816
254.95
337.584
387.862
362.913
447.845
388.996
373.269
398.454
309.966
330.492
444.57
370.526
216.087
209.655
242.209
236.342
221.019
374.661
245.097
892.402
458.873
137.64
146.205
177.665
461.138
889.309
557.606
817.295
522.354
219.793
161.177
117.05
321.475
788.025
602.799
687.424
473.205
267.917
350.45
306.393
336.359
654.747
533.953
1066.17
652.694
218.932
140.446
149.9
489.884
1040.49
765.754
1038.26
564.892
163.507
143.832
154.804
503.708
1027.61
675.417
1352.93
618.067
157.981
122.296
128.146
482.72
1323.18
788.143
1194.86
683.135
168.109
56.9141
126.562
571.004
1176.49
811.59
945.138
382.954
171.881
166.958
265.941
570.954
959.511
484.31
915.988
501.395
185.5
154.841
185.304
506.155
917.563
594.281
824.981
637.203
340.074
202.755
160.912
298.699
774.242
698.777
769.007
561.852
296.21
264.757
257.009
359.319
737.273
625.865
456.451
392.738
305.418
233.416
215.373
277.095
439.927
418.324
958.467
728.95
298.435
196.719
162.929
327.975
894.398
815.553
606.06
574.27
300.635
200.415
150.659
261.169
561.063
614.263
574.61
291.49
185.407
213.11
216.435
434.067
606.951
331.121
638.486
692.391
472.739
371.463
341.445
374.827
584.157
713.434
525.129
395.037
292.66
229.893
241.517
225.649
491.685
437.087
348.076
275.754
145.741
217.435
178.071
169.302
320.012
318.107
494.039
451.346
238.166
226.43
120.645
219.151
455.072
486.723
635.984
446.339
251.865
176.188
180.869
206.484
597.558
505.243
820.694
465.235
150.344
132.931
110.422
385.878
807.279
553.474
962.81
564.363
159.715
113.063
145.746
446.176
939.248
669.937
622.867
401.634
270.481
439.857
378.646
561.497
666.051
433.323
1106
703.593
199.144
149.872
169.4
502.623
1070.69
823.643
1098.83
619.283
206.661
151.385
148.005
494.206
1081.31
732.111
1261.45
582.933
171.702
148.354
161.957
449.421
1226.64
738.787
1303.94
799.015
206.18
107.341
150.134
582.357
1268.48
939.021
1146.25
588.226
171.386
111.245
139.303
437.947
1111.87
717.548
663.781
437.826
257.926
203.553
234.627
414.866
657.068
483.636
796.442
688.049
346.177
243.298
224.416
296.47
738.196
746.407
723.741
558.925
261.166
181.247
183.135
306.174
684.579
622.695
562.137
324.546
270.93
300.768
248.643
286.457
547.221
367.253
597.485
489.781
266.11
167.285
163.514
307.693
577.555
525.177
754.573
681.857
385.668
239.469
273.491
334.108
699.949
738.738
629.221
597.808
316.08
234.723
159.187
282.651
581.391
635.037
436.16
390.529
286.675
312.624
216.988
307.014
428.91
410.224
500.546
532.003
334.982
196.328
230.784
243.875
459.766
550.585
398.827
384.052
162.262
137.845
123.866
221.877
361.52
419.937
436.357
347.599
199.489
203.886
150.704
164.882
408.648
386.456
793.922
465.539
196.175
259.328
149.745
266.697
756.599
551.416
957.724
591.608
165.664
99.9873
127.939
421.987
929.651
693.6
980.516
587.158
206.696
215.225
159.138
463.752
962.355
688.046
921.812
584.872
172.757
158.88
133.541
423.783
895.555
682.287
1041.49
615.975
212.992
130.21
133.536
427.236
1011.76
722.752
1086.54
595.587
194.601
163.669
192.614
424.324
1045.91
718.863
1396.92
668.269
197.472
126.904
154.196
494.493
1358.64
842.392
1195.18
649.937
160.609
93.1887
163.041
633.451
1193.46
776.743
1089.8
520.833
180.67
168.427
192.407
514.092
1079.87
640.662
624.16
430.921
199.748
126.823
146.463
305.748
600.548
484.002
1042.77
637.618
312.752
181.822
213.104
462.337
1021.89
730.933
887.872
660.224
290.044
264.469
179.4
345.185
841.017
741.845
608.917
748.34
433.011
442.076
271.518
353.927
546.927
764.347
613.377
513.852
371.792
196.058
228.496
321.685
581.953
548.592
542.781
417.089
276.387
226.982
209.391
314.651
515.005
450.31
967.296
711.315
281.059
216.204
192.581
381.476
916.959
805.984
497.768
365.161
246.856
254.267
167.073
218.953
467.251
408.821
514.361
375.905
190.243
195.654
260.862
335.662
495.141
421.504
453.968
359.86
214.959
189.052
120.608
153.843
419.063
394.883
465.029
352.643
182.762
156.546
106.796
204.093
442.057
384.855
543.521
407.013
242.295
215.643
163.745
214.769
516.729
449.024
820.121
618.261
258.387
178.481
165.735
316.587
773.112
692.31
1009.07
687.382
237.291
148.507
205.209
415.552
960.792
793.278
961.262
632.787
257.023
182.055
167.244
449.844
942.527
711.574
1115.37
611.061
184.579
165.721
178.143
565.179
1107.04
728.152
1008.37
520.331
186.652
142.347
136.7
430.769
988.194
621.555
1368.02
687.07
172.363
115.807
134.246
498.02
1327.02
845.345
1142.94
740.841
231.89
150.251
148.612
506.503
1102.8
861.529
1100.54
602.103
171.578
107.064
133.54
461.632
1075.2
725.92
791.31
442.248
142.2
98.2803
148.395
422.591
780.59
527.872
580.597
371.799
226.955
194.147
172.094
304.621
565.175
422.043
966.384
618.783
301.021
274.96
210.641
433.565
935.278
711.42
388.618
466.787
418.177
450.545
269.74
394.811
392.615
462.047
425.286
590.471
483.423
347.671
199.077
261.325
384.779
578.186
473.314
438.72
303.601
224.025
210.447
290.32
442.029
462.206
460.149
374.97
386.44
463.998
394.241
332.061
447.686
389.221
626.828
517.719
256.501
126.815
125.4
224.322
585.148
568.443
311.244
326.952
211.2
203.939
205.863
153.325
279.585
344.668
447.581
337.425
215.006
286.26
262.432
276.65
427.989
373.818
306.517
213.522
175.559
198.226
246.949
239.083
295.935
238.176
603.856
430.535
296.979
257.224
213.954
291.727
591.125
464.901
515.975
499.762
310.863
292.018
244.989
259.194
479.97
525.288
1048.21
504.569
196.192
223.53
174.38
402.715
1020.63
625.55
754.156
538.824
257.265
147.292
142.384
314.842
717.374
605.223
928.034
569.506
222.467
180.178
166.619
453.028
911.967
654.098
1335.56
661.932
183.439
147.269
150.671
418.674
1285.7
829.346
1124.88
644.617
237.31
179.7
169.631
494.51
1105.57
753.28
1337.38
778.648
204.206
102.363
139.315
633.875
1314.55
921.994
1234.01
694.003
211.119
93.0455
143.383
527.001
1205.37
827.079
954.383
584.615
193.638
107.041
106.328
413.132
928.194
681.7
861.249
657.989
348.2
171.487
184.794
352.479
819.569
728.04
537.147
346.464
218.535
293.672
239.35
301.798
527.972
392.229
468.068
602.772
571.558
342.533
246.665
250.971
433.936
581.942
362.504
347.322
297.896
348.413
288.057
324.952
342.763
361.915
223.159
425.805
488.016
401.293
262.857
281.269
212.924
385.884
318.606
226.415
249.71
214.761
203.941
351.94
343.172
229.098
366.075
417.21
323.486
190.12
265.886
321.215
338.524
422.171
339.39
270.948
260.536
263.046
196.332
228.442
315.32
300.09
303.686
298.814
159.912
167.479
174.235
154.583
281.654
315.958
551.093
591.998
326.442
186.85
200.443
227.343
494.608
613.291
518.868
437.022
232.859
223.73
189.628
231.099
487.729
473.665
538.608
385.54
266.733
235.136
208.037
212.92
513.842
427.384
740.704
392.086
259.627
208.367
207.552
276.14
714
472.093
596.709
378.13
182.234
349.351
299.51
265.543
577.377
433.089
929.955
691.255
283.035
130.004
173.873
341.683
871.685
772.948
1086.91
612.575
224.091
159.927
150.726
406.63
1050.8
728.63
1315.38
842.516
222.137
152.787
173.601
579.342
1270.79
981.814
1352.68
795.379
201.874
69.2352
130.932
621.011
1324.78
938.88
1052.49
655.815
256.122
118.565
132.854
353.062
1006.11
751.68
1181.96
754.039
222.435
144.439
168.163
475.701
1130.64
881.313
525.922
364.236
249.611
252.123
199.284
261.086
512.207
408.644
478.899
504.255
495.999
255.159
164.956
250.104
464.636
477.713
277.573
334.312
349.611
337.472
310.164
354.796
272.414
327.456
521.676
545.488
454.554
399.406
290.142
310.253
506.246
547.046
429.082
571.907
363.422
286.708
257.551
357.17
392.141
575.54
444.052
497.549
304.021
292.117
141.49
238.043
397.879
515.825
362.636
324.486
208.413
330.468
307.72
367.873
373.896
341.643
249.183
405.349
358.254
223.18
290.569
286.388
232.038
382.099
354.53
217.738
213.307
194.79
198.372
232.335
354.472
241.812
561.771
473.074
242.363
315.174
184.174
228.459
528.235
513.837
749.888
673.34
307.024
279.059
207.504
323.028
683.776
742.231
657.885
491.788
230.65
203.962
145.402
241.314
620.125
557.103
1054.26
572.106
262.614
147.86
158.704
356.319
1009.95
686.486
775.982
650.894
297.087
272.518
163.626
357.837
726.589
725.619
906.811
636.521
259.555
166.865
197.229
374.838
862.53
724.525
1176.54
757.35
281.442
214.294
158.463
498.882
1137.23
879.149
1264.69
810.836
215.494
114.226
145.154
564.725
1225.8
943.442
1173.15
693.197
222.802
123.99
122.3
477.858
1137.55
819.06
1081.93
671.676
245.705
165.007
138.842
398.965
1038.35
785.227
846.592
468.253
208.799
131.932
142.308
408.617
834.56
548.707
