339.97
397.195
352.317
212.674
155.18
239.483
327.15
398.637
377.567
511.85
511.664
315.617
255.296
344.757
388.828
489.269
256.901
419.869
492.83
344.043
313.703
286.298
258.831
376.88
266.359
414.167
654.246
680.365
386.642
308.703
258.866
377.117
196.381
353.59
666.436
596.825
363.676
198.121
180.382
305.748
227
416.635
709.697
620.738
419.624
216.094
217.272
373.952
266.511
180.58
483.36
862.815
453.286
169.288
263.071
186.755
239.928
274.125
546.316
802.27
429.206
206.137
246.256
265.995
196.269
231.319
519.566
937.436
593.23
199.96
188.155
228.503
174.877
185.153
444.842
944.104
747.166
258.554
184.9
172.436
154.94
234.781
359.049
1001.11
722.928
244.898
151.167
215.579
195.107
223.607
418.767
733.939
851.131
444
193.794
210.854
263.597
263.15
342.366
773.967
807.807
441.007
253.536
266.755
213.342
181.166
408.289
581.784
746.674
459.767
239.844
160.942
275.474
325.425
385.909
692.004
796.655
553.897
293.237
314.118
314.046
273.81
372.562
537.198
789.644
659.149
355.354
257.414
370.582
333.901
340.743
479.677
746.218
758.561
416.821
319.556
400.729
334.274
414.818
465.013
738.434
682.912
443.366
347.313
576.125
356.966
234.095
229.55
496.359
788.624
640.561
372.97
503.931
313.178
275.694
290.454
567.43
698.9
550.76
321.35
287.824
404.693
332.752
175.872
175.549
273.109
283.615
392.156
372.881
469.527
477.966
353.59
270.326
345.803
364.389
443.542
250.285
413.928
540.598
354.768
271.939
340.549
253.31
361.428
342.102
463.042
572.168
460.404
380.98
280.181
335.004
447.639
173.789
316.894
590.209
681.465
296.157
213.359
179.464
272.082
329.592
411.285
687.744
672.852
411.901
303.261
318.263
367.599
229.484
251.534
559.579
740.846
387.514
147.655
219.407
237.606
265.843
289.096
521.718
814.581
428.272
183.706
249.936
274.986
193.614
237.264
473.019
525.485
542.832
312.106
193.035
207.732
183.326
169.497
443.189
854.112
532.447
174.376
179.324
168.221
207.869
158.105
404.743
895.034
694.387
231.565
219.149
166.921
161.268
198.542
402.717
642.568
402.493
161.208
159.183
179.553
212.387
191.228
345.744
692.488
782.802
432.309
222.398
193.194
217.035
240.317
329.277
588.395
560.474
336.307
228.392
239.507
218.686
212.679
347.406
636.027
801.736
537.082
248.471
207.793
313.285
332.774
396.513
432.365
785.725
776.963
365.921
296.551
383.922
309.208
338.587
436
740.508
740.438
434.176
293.519
406.289
331.109
350.581
443.613
722.677
692.84
453.683
341.008
548.444
407.733
298.672
212.107
549.861
835.148
616.598
412.615
528.685
381.123
337.38
266.644
641.796
859.194
592.444
381.363
257.611
454.484
467.502
231.955
286.384
341.344
261.38
410.404
303.829
410.371
440.815
246.729
198.011
282.123
301.095
384.257
298.262
462.701
487.113
234.583
227.644
274.881
269.774
424.838
248.191
384.318
573.646
503.856
355.869
201.603
223.558
362.113
378.784
395.234
638.863
646.861
318.034
243.264
378.568
365.497
363.875
444.745
724.61
612.785
359.383
308.051
356.466
409.707
188.438
305.523
703.605
765.746
455.162
267.64
195.981
255.705
418.944
312.238
574.223
838.116
451.823
255.288
410.012
314.186
147.528
311.497
712.83
843.601
414.737
161.041
138.155
263.781
238.949
231.156
486.465
975.607
595.862
240.24
243.427
243.805
151.955
149.627
516.672
1080.55
675.613
201.801
162.849
135.109
152.021
146.913
521.124
1092.57
811.8
244.436
148.717
143.328
184.13
208.271
335.294
562.648
675.249
412.021
199.957
192.555
273.967
233.007
429.72
562.179
672.893
461.889
295.574
225.399
342.337
224.809
326.535
558.05
724.04
638.313
383.074
219.543
432.417
397.088
379.629
447.128
752.118
758.537
480.33
397.739
386.271
326.582
334.63
329.902
691.125
765.343
438.157
297.957
417.635
263.524
250.788
274.841
524.776
631.878
463.887
262.491
569.033
363.802
365.341
282.252
636.214
855.099
631.918
366.643
506.179
426.883
379.637
283.941
609.804
834.488
566.373
415.149
362.673
566.672
501.466
228.039
214.71
217.367
315.386
541.088
314.496
517.169
532.142
315.887
191.121
242.588
288.288
480.293
430.724
503.476
558.042
402.067
227.618
254.085
418.797
485.219
449.91
643.118
583.907
410.944
292.162
363.056
430.363
627.081
200.907
446.765
578.003
429.475
282.246
254.927
186.049
394.015
265.615
409.726
662.971
587.756
370.791
354.025
270.88
357.52
219.667
304.128
598.766
637.394
423.641
225.012
215.792
272.272
199.762
251.014
581.812
961.823
563.862
203.401
188.921
240.414
222.604
355.21
736.834
922.679
492.15
279.149
215.487
316.062
273.2
283.109
524.711
799.217
440.729
257.607
284.178
259.617
153.923
141.687
305.85
738.149
555.991
235.489
153.205
141.828
198.565
200.716
457.743
990.653
718.022
247.14
189.312
196.992
151.481
202.316
380.119
785.649
751.991
376.992
153.343
184.201
258.455
225.196
404.68
641.834
740.318
496.089
288.995
223.993
359.555
246.47
248.604
429.993
635.051
651.918
398.494
247.064
488.615
355.834
318.274
412.251
664.912
753.927
546.397
367.436
547.859
363.782
218.283
200.439
384.465
723.533
607.419
373.426
667.234
488.724
256.515
317.781
602.289
877.135
731.671
507.394
682.463
464.217
239.767
191.199
399.877
760.105
735.773
484.541
760.224
451.984
276.504
258.427
491.064
892.095
826.498
479.499
313.57
527.865
441.698
200.767
246.37
281.817
286.123
505.391
289.763
424.482
460.835
315.805
346.974
223.964
269.649
406.989
391.313
466.04
368.02
280.627
207.748
368.775
405.783
453.923
341.44
445.43
471.069
427.777
270.233
243.577
311.067
435.842
356.113
474.097
495.1
391.044
270.976
246.94
338.204
458.934
371.928
524.506
595.174
384.541
343.742
353.852
350.772
482.817
297.287
529.201
687.09
561.923
332.164
312.507
272.543
487.695
418.032
657.112
681.739
515.497
453.346
320.802
401.796
630.017
171.143
310.585
659.551
794.296
446.594
253.372
167.903
261.379
173.392
204.508
519.928
876.12
488.327
162.115
163.418
189.315
144.753
204.514
292.025
522.693
367.295
222.802
148.778
191.102
138.746
125.613
299.431
676.681
518.293
220.614
145.345
116.374
308.801
268.182
325.762
577.575
712.499
517.662
325.357
277.907
324.748
238.711
345.332
484.837
590.731
401.585
328.519
257.654
428.477
432.245
328.067
361.535
603.819
683.004
433.354
436.391
382.846
334.58
314.627
396.832
757.399
785.163
439.074
334.896
475.627
290.979
301.609
288.721
602.358
746.535
530.147
294.892
634.484
291.777
208.568
267.406
495.442
753.939
687.752
333.276
817.73
332.087
190.311
202.936
398.461
735.21
868.252
405.803
671.293
431
238.765
184.353
485.199
820.882
733.237
449.494
555.346
717.717
460.658
226.675
249.565
352.883
499.32
721.663
495.118
646.316
530.245
314.745
265.216
286.627
447.274
643.224
373.853
669.19
563.882
288.839
211.686
336.691
347.631
635.074
583.286
646.062
419.682
217.919
200.898
366.948
541.372
663.806
396.675
580.836
564.785
337.592
265.192
307.061
360.833
555.784
471.962
617.702
498.859
308.354
236.504
258.562
426.644
609.769
424.545
637.864
616.325
450.25
373.212
352.798
395.666
619.384
409.07
562.681
541.15
426.04
395.833
309.415
380.132
550.765
241.935
340.509
615.629
571.285
466.435
156.872
217.197
315.018
193.148
262.476
522.965
821.757
441.372
148.438
184.765
247.216
256.315
245.982
363.017
539.14
322.329
244.291
255.523
244.617
260.943
153.121
285.301
630.792
573.541
310.268
271.557
164.168
143.274
175.874
316.58
650.644
673.365
352.138
149.395
155.492
280.907
244.889
298.8
509.572
668.084
528.374
313.231
234.289
548.051
290.719
254.921
344.229
464.678
574.101
579.976
319.859
347.57
278.072
286.579
375.395
624.985
679.745
395.882
265.03
545.599
317.81
220.871
309.964
443.683
456.348
551.793
368.152
774.482
393.674
194.243
183.204
371.402
651.535
811.388
453.771
751.266
333.708
247.384
218.941
428.758
672.759
793.166
398.481
757.569
349.714
199.923
193.856
430.142
671.137
796.479
413.863
468.703
553.5
320.405
264.251
264.946
332.196
435.163
563.353
675.242
804.663
566.562
208.974
339.714
454.775
617.476
821.719
532.561
657.919
473.29
317.9
272.953
280.103
482.933
662.185
702.813
741.601
453.488
320.505
290.464
401.712
649.388
768.175
437.242
536.269
342.192
256.037
223.544
373.38
403.476
547.501
429.726
581.876
549.899
481.39
308.111
274.343
391.429
567.169
707.263
716.994
535.669
384.359
274.497
398.284
661.921
723.276
336.107
587.962
575.174
385.68
284.326
239.29
294.875
544.095
253.304
439.194
509.775
422.586
231.883
270.877
226.619
408.386
234.8
236.064
563.094
832.335
446.127
149.29
213.663
236.252
181.061
190.896
414.576
982.878
522.406
123.6
169.102
190.426
222.28
167.945
390.256
1010.06
617.316
297.493
239.558
166.37
318.11
213.924
259.056
524.729
635.783
391.547
320.808
225.101
329.096
228.869
327.842
425.18
586.16
485.03
360.403
235.585
616.808
317.964
183.077
202.52
470.935
783.248
677.802
353.369
422.382
396.694
220.687
381.576
437.871
503.57
451.963
406.602
692.322
367.834
218.99
247.877
449.009
720.633
728.528
411.235
697.461
369.999
260.647
255.336
469.26
724.5
729.054
414.165
897.747
401.502
181.114
181.119
421.798
794.438
958.349
483.045
814.854
332.714
167.014
164.994
409.853
763.286
873.953
409.095
570.604
685.764
380.391
183.313
169.305
370.577
522.369
700.645
642.482
581.909
291.216
256.533
171.52
216.285
588.698
632.875
699.709
597.783
299.283
204.564
144.811
239.82
645.562
640.292
625.57
664.743
435.15
269.209
195.36
245.132
569.061
685.728
426.656
569.278
336.968
345.975
226.517
291.447
400.738
566.233
528.981
629.723
424.917
501.195
309.315
253.1
476.886
638.658
506.472
575.442
454.585
357.958
315.417
307.338
466.395
578.944
585.078
590.332
361.346
243.101
173.292
323.202
557.514
602.934
411.054
434.076
451.089
419.502
362.402
275.173
385.121
444.215
333.963
222.55
309.061
665.459
370.698
193.884
322.383
239.211
216.355
176.975
414.866
801.564
534.451
182.258
211.203
173.289
296.448
250.29
237.186
605.582
627.472
429.212
299.397
254.362
202.52
217.28
260.088
520.645
678.176
531.794
237.511
198.727
359.505
312.351
388.848
289.801
436.389
537.311
392.868
288.567
399.98
279.901
320.635
330.512
518.853
606.566
441.674
271.753
431.598
313.32
253.072
285.545
367.664
550.503
471.573
319.512
494.612
232.638
218.457
215.122
478.009
641.556
541.356
265.246
706.399
338.044
206.894
206.904
348.067
610.125
732.085
397.493
727.323
352.127
190.346
207.228
349.614
625.989
756.465
415.272
716.384
422.091
219.46
322.429
331.412
512.728
721.038
484.799
520.249
583.474
343.801
228.072
199.341
300.709
476.268
602.023
780.747
666.428
338.969
170.812
122.305
275.888
722.298
729.588
651.272
695.07
431.514
284.247
226.586
315.292
595.156
722.276
589.241
551.002
289.094
231.061
156.414
264.933
550.13
585.313
452.457
513.752
443.648
355.442
356.208
484.352
430.399
513.091
378.186
439.876
305.642
279.74
170.26
286.792
350.228
449.417
632.549
552.339
349.598
306.695
258.81
432.263
595.629
591.244
675.615
498.717
201.75
186.337
177.016
316.23
646.092
562.392
502.011
529.723
318.656
265.736
255.96
280.185
463.868
545.479
496.106
503.282
428.909
395.54
343.573
263.848
453.124
522.273
300.806
379.364
443.35
380.049
309.775
299.387
291.186
360.4
257.007
271.59
382.022
745.868
536.565
264.042
258.267
262.769
230.352
228.386
258.284
416.561
552.606
557.892
265.096
202.16
403.136
276.793
239.423
438.361
401.671
335.297
405.493
306.16
546.514
309.727
179.98
294.97
446.355
618.334
593.001
333.603
464.889
339.781
283.743
357.349
360.598
615.008
515.868
341.106
420.813
291.821
171.789
226.237
197.09
297.207
418.433
321.802
768.313
434.977
217.574
191.953
344.986
585.367
780.724
491.492
946.799
453.214
152.582
151.05
271.902
632.223
966.017
555.149
981.535
387.193
217.128
170.693
276.518
710.016
1020.91
471.745
569.638
531.149
268.69
146.737
141.984
238.586
528.72
563.219
875.953
621.684
354.035
215.923
211.879
345.932
837.967
696.46
887.279
701.091
289.274
210.419
173.047
331.279
828.448
784.274
876.703
720.388
338.802
324.42
191.814
337.3
813.103
801.606
647.67
561.542
226.7
187.46
168.121
311.549
594.842
625.232
501.096
358.018
269.792
270.33
193.356
236.719
485.255
390.504
557.08
470.729
388.183
256.767
214.054
276.895
538.811
490.847
487.838
520.678
302.896
174.743
166.696
277.628
455.35
539.947
469.883
426.911
263.663
300.653
269.486
234.687
445.646
447.198
611.898
448.805
278.454
274.872
256.815
213.416
567.003
511.379
491.436
362.29
185.227
294.011
208.36
299.54
461.784
414.613
258.138
248.879
271.669
502.528
421.387
250.008
251.058
254.484
462.354
313.925
280.83
333.774
360.68
379.806
460.254
335.236
332.248
261.76
336.221
439.931
435.458
297.557
320.472
271.877
726.792
360.868
198.213
174.83
308.517
597.519
754.926
414.928
447.659
264.632
192.722
231.548
321.635
464.091
480.43
286.367
886.258
370.313
162.231
258.719
287.009
702.605
943.59
450.438
628.7
321.92
203.892
265.477
177.235
529.924
680.677
360.042
1099.95
439.548
179.71
153.113
240.367
688.54
1131.04
546.377
747.056
425.469
219.317
255.674
304.342
577.594
790.683
455.757
809.256
597.432
287.536
168.954
180.075
278.113
762.047
659.437
769.703
597.952
243.162
153.651
233.79
332.598
718.777
664.97
738.785
446.935
174.601
334.518
201.224
330.634
700.076
542.304
629.447
448.964
272.022
412.9
285.178
289.456
602.701
504.597
664.773
559.021
261.125
231.593
237.797
289.142
612.904
618.621
525.003
519.204
355.082
256.022
152.725
226.656
479.075
542.892
546.364
312.058
166.35
230.91
185.045
237.374
524.914
368.111
371.953
344.885
256.82
280.277
201.644
216.94
361.884
358.406
464.349
353.918
175.825
243.74
227.823
247.03
438.36
391.12
346.073
231.057
236.152
378.606
296.515
190.612
325.642
259.099
305.276
306.173
247.459
292.117
256.881
210.639
282.434
315.992
379.577
222.35
182.348
293.506
330.45
281.407
379.987
253.293
518.429
234.462
180.608
212.133
372.82
528.532
555.245
273.254
457.465
259.856
212.567
225.163
312.827
477.813
491.231
282.531
515.915
296.881
226.17
357.357
383.014
399.533
529.441
334.82
539.651
286.561
164.652
190.799
202.316
341.438
540.936
334.223
757.622
339.078
141.993
130.218
192.518
526.443
787.833
411.034
678.586
287.53
132.84
158.911
135.684
400.785
696.304
349.44
1019.35
490.972
120.187
85.4552
215.722
635.435
1040.74
598.788
1126.84
491.234
264.81
360.224
387.742
721.291
1148.97
592.45
630.405
505.842
251.665
306.793
201.794
253.08
590.93
562.834
709.651
546.208
243.259
175.645
158.595
275.868
669.911
610.89
683.547
447.959
297.449
411.862
283.73
327.617
668.362
507.767
698.718
566.651
262.662
199.476
236.142
287.853
647.251
634.44
534.407
415.674
224.466
235.49
171.735
182.908
499.691
459.685
665.866
581.84
257.098
254.234
195.468
270.825
615.971
641.651
426.623
277.294
200.775
205.071
203.092
236.204
419.256
317.238
434.405
286.635
190.69
164.42
202.573
254.317
424.489
321.062
549.903
375.501
226.788
350.28
272.147
264.566
528.807
429.098
337.162
320.155
352.424
345.746
245.431
319.503
343.544
315.256
362.176
226.503
228.946
375.996
287.418
356.78
390.56
240.01
343.348
235.426
213.908
130.48
260.032
397.786
360.94
236.511
550.686
290.501
144.06
248.485
325.481
458.093
574.655
330.64
733.706
368.532
123.485
162.528
181.426
453.009
745.176
443.295
761.307
425.068
182.827
206.13
142.262
338.442
744.929
502.432
789.175
457.174
174.732
227.236
172.693
393.983
776.473
544.327
974.435
399.503
145.052
129.007
183.545
473.772
971.323
515.504
865.007
360.393
200.735
221.74
210.614
500.582
884.902
438.659
964.425
396.983
156.601
166.881
302.061
699.955
995.667
501.199
1065.19
508.786
190.262
185.083
349.392
753.619
1092.9
608.19
515.966
426.888
243.085
177.689
183.862
224.556
485.91
459.795
357.978
375.31
271.975
257.219
201.323
207.827
333.776
386.833
462.252
353.366
185.606
232.984
186.234
259.07
452.942
389.591
377.085
359.622
255.6
218.269
170.642
169.461
347.049
386.36
607.455
377.16
251.16
304.096
292.619
296.94
592.8
423.759
690.455
443.252
181.368
193.653
167.48
291.543
668.075
512.038
273.337
274.322
252.621
357.199
186.403
247.989
268.731
275.13
194.192
166.039
269.411
469.229
371.352
247.05
200.029
163.773
635.967
430.152
299.795
227.37
229.985
385.193
615.215
478.714
876.35
432.891
260.211
297.147
205.925
449.824
874.035
524.27
573.109
307.834
167.39
204.439
183.222
350.921
583.911
357.135
443.983
299.259
184.351
236.805
247.438
321.227
439.938
331.189
536.709
277.896
245.484
290.485
406.576
496.374
555.095
307.839
502.967
304.816
213.429
206.792
142.274
278.913
502.389
345.266
431.35
330.128
204.066
217.938
310.469
324.857
421.888
361.051
320.577
213.474
256.106
272.053
376.471
285.167
320.196
222.38
637.83
380.04
306.533
324.357
299.12
506.566
669.359
401.9
758.044
358.742
146.957
124.782
165.178
444.574
769.654
437.342
858.438
361.387
179.109
147.194
158.037
454.319
870.144
445.259
845.528
423.554
236.017
257.922
297.143
492.178
847.521
510.696
640.685
448.461
228.699
200.397
127.426
275.46
616.048
505.812
808.692
463.721
174.318
151.24
126.928
352.654
791.173
548.374
810.363
597.877
239.455
277.456
138.16
336.339
765.047
679.238
348.498
245.108
164.912
163.106
178.698
278.705
358.681
259.537
497.907
372.325
219.191
259.596
212.47
255.147
476.581
414.948
487.922
294.661
260.165
329.867
203.743
284.34
484.783
330.047
345.897
284.359
192.088
216.815
247.35
268.199
328.858
303.436
333.423
244.048
190.409
417.344
335.494
268.089
313.507
283.046
530.989
297.342
219.185
212.569
161.823
241.233
533.777
338.373
722.178
397.338
315.771
282.298
326.069
459.511
731.242
461.666
547.442
324.778
298.654
210.934
346.646
476.514
574.217
330.417
605.606
373.804
445.091
564.923
550.519
698.523
640.431
402.334
693.561
350.914
230.223
251.754
254.555
427.951
705.533
417.499
373.145
310.709
226.468
239.72
235.721
259.816
365.949
335.188
530.107
279.611
164.324
221.091
255.284
486.913
552.183
326.106
273.959
231.433
241.77
316.473
280.121
220.858
277.221
238.682
591.701
335.814
160.556
144.021
181.844
344.453
596.367
392.409
632.518
270.013
174.56
291.446
262.072
311.264
627.373
344.17
997.927
412.068
171.028
205.036
220.766
526.564
1007.58
523.679
945.035
515.298
147.558
118.761
197.382
496.518
938.078
616.913
861.16
515.066
159.771
171.606
99.6964
345.352
832.571
607.175
926.173
586.567
222.18
260.334
158.832
320.42
875.824
688.167
638.841
405.977
182.795
167.716
213.713
312.148
619.292
469.92
796.871
481.811
262.211
246.246
141.905
363.577
776.427
558.656
521.877
316.888
206.867
319.672
196.43
249.043
513.088
366.315
616.418
390.534
235.853
323.043
243.364
309.126
604.114
438.339
457.979
268.394
212.582
260.18
290.332
344.402
458.041
304.843
441.879
333.796
295.255
451.982
289.616
260.465
421.844
346.739
600.24
279.206
203.198
230.846
175.726
337.304
610.331
328.376
433.146
350.516
188.865
165.732
183.155
412.459
454.967
362.989
421.221
324.974
321.388
250.22
509.227
633.762
437.197
341.77
473.101
252.931
183.798
204.345
307.925
548.49
512.709
272.385
397.419
245.14
386.423
503.735
644.786
446.472
409.544
274.814
202.631
193.725
222.511
356.458
339.032
275.696
213.355
186.811
403.223
294.467
204.024
432.546
292.823
307.087
418.334
314.769
714.503
331.461
235.424
196.875
221.965
365.441
712.685
402.202
584.31
409.091
194.808
237.673
235.577
289.089
555.386
469.232
548.198
320.223
221.569
395.256
305.498
257.716
518.888
381.507
781.132
391.531
198.399
272.674
291.841
461.571
787.345
473.941
1259.82
460.918
146.582
172.02
224.259
621.06
1277.5
613.872
527.224
397.67
196.647
260.146
174.469
214.301
478.369
460.766
859.539
466.873
194.033
314.836
292.334
280.399
820.893
568.539
550.756
495.96
322.099
370.28
200.727
343.144
536.454
527
562.833
399.942
289.424
551.735
341.059
254.759
536.137
454.225
444.625
251.075
232.366
366.558
245.55
180.182
432.808
291.143
626.91
338.874
325.491
309.539
236.043
340.785
620.355
394.138
345.904
170.993
170.644
335.476
268.586
319.155
359.343
199.827
552.222
352.949
282.531
442.218
222.227
308.629
549.609
392.485
502.903
245.894
299.709
517.814
278.566
266.131
506.603
292.078
499.161
371.694
221.068
303.21
181.844
334.897
511.278
409.243
694.679
316.47
180.726
188.867
298.631
449.687
699.336
388.282
479.807
354.762
219.743
280.944
592.162
788.953
542.263
369.266
170.493
225.377
232.867
491.44
488.262
325.723
177.442
208.021
156.602
226.575
450.065
665.044
355.932
199.118
156.508
211.297
398.03
411.725
322.24
235.383
183.886
228.827
374.193
419.887
551.007
414.23
200.098
158.591
156.813
271.252
533.823
448.902
469.575
325.309
299.574
339.283
308.845
187.518
441.041
366.357
366.796
311.498
193.887
255.444
330.572
434.064
380.231
321.541
549.339
447.309
199.89
275.266
344.748
340.938
526.944
495.849
918.173
388.572
134.499
154.566
246.995
676.064
967.601
473.389
463.078
451.239
402.289
284.344
212.683
234.477
442.772
463.033
647.727
509.652
369.763
465.291
360.116
296.165
597.899
572.983
539.361
320.809
256.458
234.091
190.825
234.703
512.191
378.837
623.697
358.034
196.785
262.653
180.828
313.451
616.533
418.965
542.448
364.943
208.773
262.844
221.17
246.915
525.205
414.852
525.887
416.118
251.278
222.491
186.824
265.33
495.444
456.955
275.385
204.018
235.608
382.017
267.395
212.557
269.783
217.904
499.893
313.533
268.894
194.106
168.425
285.765
494.484
346.433
642.58
337.987
194.29
354.599
235.285
354.337
649.834
391.269
519.015
445.773
304.126
241.807
224.747
395.168
537.806
463.018
510.411
220.015
219.752
311.416
343.088
434.77
532.703
265.165
454.754
231.614
200.246
323.709
342.192
412.349
473.775
265.04
293.31
251.477
217.286
332.026
379.992
301.322
297.769
254.181
256.885
314.701
493.53
378.413
259.982
254.848
258.939
294.177
402.395
291.547
369.851
411.997
408.735
227.729
398.093
299.123
397.375
360.219
279.826
525.925
328.854
303.404
365.059
396.259
583.816
343.904
191.608
262.862
201.206
304.936
579.492
399.162
375.03
344.22
324.064
360.484
362.503
262.897
357.003
359.798
886.824
391.891
112.189
179.763
189.702
339.145
867.881
503.102
1238.06
543.182
143.518
206.667
176.94
423.733
1210.3
702.107
648.392
419.861
224.965
361.343
262.73
236.682
613.044
489.254
636.606
437.066
332.443
358.618
187.894
277.395
610.192
494.389
639.033
526.012
239.273
244.93
193.332
338.447
600.575
572.342
798.301
437.404
188.049
241.012
207.337
434.351
793.347
522.912
465.093
382.801
212.686
104.732
125.711
256.36
458.266
407.535
444.454
265.169
215.375
357.219
262.672
381.945
475.049
291.806
352.376
271.723
218.988
279.153
205.145
337.985
377.666
291.273
439.584
273.441
269.606
304.483
239.148
282.72
449.098
295.655
404.146
238.467
141.626
194.759
196.848
287.822
401.192
273.415
381.556
214.634
182.248
279.722
193.959
264.368
386.156
243.843
372.937
205.307
173.136
293.542
309.688
336.99
387.077
227.949
551.335
372.135
226.536
170.868
301.528
643.256
601.544
382.524
325.635
221.599
214.07
265.161
267.614
297.78
339.707
220.884
512.147
361.204
255.008
238.121
165.489
267.605
511.074
382.011
326.28
382.704
385.117
333.738
313.486
251.126
306.351
378.447
323.431
281.38
308.928
252.42
275.686
242.991
322.252
286.409
293.846
249.116
282.428
399.991
289.083
195.481
284.815
265.311
587.183
357.477
180.721
263.734
291.964
258.685
566.934
418.503
641.5
489.631
194.433
179.4
120.093
256.156
606.063
552.122
960.889
463.689
216.365
312.85
193.707
324.48
930.509
581.664
686.566
485.355
236.804
245.04
206.898
283.848
655.53
551.93
529.464
399.438
222.045
176.18
200.045
248.668
500.022
442.093
448.894
269.814
186.127
332.572
272.638
202.477
434.501
313.35
771.362
405.174
194.591
223.298
152.9
356.308
759.551
489.94
434.493
322.189
255.066
312.307
230.697
287.995
428.828
346.985
413.68
263.146
236.815
247.121
180.477
240.579
411.288
296.768
284.383
207.841
219.685
188.756
252.349
365.767
308.396
212.387
281.501
253.574
291.779
260.666
186.42
271.213
285.513
249.998
206.176
214.257
320.464
536.123
372.101
253.285
213.792
201.384
502.569
281.791
238.715
201.911
228.434
440.942
540.182
305.854
493.721
210.828
222.481
350.999
438.416
462.107
515.528
258.764
319.718
263.401
304.931
339.211
328.043
413.255
348.206
266.978
171.469
247.69
354.921
440.719
519.238
289.346
169.823
222.404
181.813
192.635
410.869
641.261
350.466
216.251
191.866
177.966
345.692
271.95
263.726
319.977
239.164
176.193
330.237
288.483
375.916
215.733
200.527
353.425
258.923
285.769
387.556
233.275
442.734
313.601
189.872
448.831
308.51
259.252
422.524
358.8
517.192
323.949
169.213
157.849
178.292
303.631
512.791
359.704
407.273
190.747
123.936
178.756
235.194
284.366
416.963
226.303
636.568
384.308
143.246
169.165
138.878
288.176
618.361
451.538
670.418
410.14
185.901
224.891
166.621
242.216
646.05
476.107
306.375
206.195
151.369
154.767
127.372
240.736
302.954
228.978
663.293
363.331
199.346
201.554
138.108
342.161
657.79
430.146
368.177
299.409
162.067
190.608
171.843
235.996
353.792
326.823
466.144
296.503
157.805
147.631
142.084
286.136
459.551
330.348
708.292
299.867
188.636
206.803
170.904
369.17
716.261
370.901
448.868
216.37
307.089
448.624
266.477
229.273
443.173
250.701
446.814
284.411
199.974
201.455
231.025
330.018
447.79
320.093
469.564
320.356
316.86
318.474
295.328
493.453
498.06
346.422
407.413
232.848
177.485
187.137
255.588
415.852
437.925
260.99
551.069
348.127
200.712
263.78
226.23
348.294
542.921
398.104
377.038
205.772
261.97
330.677
414.478
504.356
415.779
219.432
319.427
184.935
222.741
394.805
378.808
307.225
326.244
198.278
240.813
249.256
378.124
433.077
241.711
223.424
241.14
247.453
428.787
339.866
442.226
494.624
297.743
231.687
416.478
360.355
468.29
397.936
261.6
310.686
229.061
307.462
451.556
426.193
346.568
225.514
206.764
282.938
188.164
188.626
338.231
255.94
503.622
321.142
198.173
245.929
170.04
208.952
481.73
373.399
363.284
281.519
200.154
185.771
233.814
306.413
365.435
290.187
621.883
398.533
139.121
131.066
89.7047
267.051
599.41
464.731
