236
407.449
385.836
183.198
177.221
237.875
221.319
379.115
204.171
322.579
481.038
331.506
326.639
200.956
194.064
288.614
215.358
396.116
500.578
433.43
292.826
356.902
221.052
347.669
161.481
307.292
588.866
617.193
305.721
172.759
154.208
265.759
327.223
467.669
637.693
536.603
294.575
365.235
338.919
435.458
518.278
551.405
588.84
578.139
374.573
424.992
487.539
560.448
260.44
317.288
599.543
757.062
408.588
259.382
249.655
299.853
99.0837
168.7
586.869
908.41
506.113
188.545
98.9975
138.851
205.182
243.454
455.518
813.335
448.9
164.819
194.362
236.946
108.335
105.699
479.817
1116.15
606.463
148.78
110.487
95.3551
151.6
134.591
391.563
865.81
656.122
230.699
156.983
129.499
192.147
169.455
364.264
837.432
627.586
299.268
201.052
156.166
191.728
207.418
349.892
767.674
872.274
490.819
210.88
201.533
244.989
237.935
362.017
690.595
719.124
464.932
257.736
231.323
261.524
298.297
386.73
753.096
865.826
528.532
263.547
302.426
323.096
366.102
370.656
594.413
788.692
579.146
320.382
346.284
377.97
345.346
387.47
626.72
830.298
637.168
412.074
359.711
333.017
265.305
289.751
418.655
720.666
699.842
383.045
250.942
394.404
313.066
435.855
487.863
754.235
594.561
411.88
294.716
489.516
439.037
235.832
305.944
518.955
729.174
541.481
453.035
320.467
449.815
314.27
182.715
202.666
253.247
300.587
440.727
358.14
393.981
480.1
318.122
301.725
235.174
355.138
366.16
270.371
422.11
483.66
403.546
221.165
296.415
277.323
387.736
164.06
238.185
577.116
616.131
423.939
241.639
164.251
195.249
178.521
293.773
602.236
565.224
341.826
264.335
175.389
246.248
354.41
432.352
576.051
522.22
350.869
227.578
325.202
421.924
196.54
343.81
634.498
716.614
349.193
259.344
201.146
302.344
225.239
153.107
550.261
924.24
522.033
222.947
233.419
147.556
176.487
165.093
394.345
908.261
717.133
305.295
176.435
161.905
215.498
214.477
384.136
869.106
760.731
287.968
209.354
222.221
183.432
146.663
388.469
1040.3
712.153
291.031
191.877
148.019
184.024
160.702
400.01
967.434
796.212
386.51
196.535
154.87
200.5
174.233
379.968
907.386
870.279
348.47
195.095
180.237
218.835
207.935
322.315
636.342
790.458
546.942
256.001
179.792
200.545
196.691
358.641
689.342
831.789
493.888
224.34
178.857
335.356
302.63
392.879
583.862
753.845
563.773
361.924
313.248
253.226
372.647
413.011
463.74
807.075
737.568
294.779
322.392
296.816
381.877
407.414
415.857
751.836
753.129
341.039
321.745
317.269
360.774
336.233
293.922
577.109
630.374
337.111
347.091
492.601
311.872
302.371
282.454
563.783
730.457
548.584
312.097
245.34
372.995
384.061
197.973
210.318
267.716
247.653
342.161
340.621
419.275
493.796
320.457
312.689
209.682
310.19
396.542
301.957
301.943
488.438
435.716
343.437
287.432
294.858
290.294
328.504
519.3
680.271
530.217
471.698
266.447
309.499
492.529
288.018
380.289
702.35
794.257
383.648
165.149
275.388
346.872
202.032
273.516
504.22
476.017
281.938
188.842
196.43
241.092
292.281
249.648
683.063
894.078
450.72
174.976
292.084
230.227
246.953
241.804
492.077
844.853
439.388
181.875
239.75
233.703
117.47
113.614
360.743
989.769
625.481
217.74
122.837
106.404
165.61
152.074
351.114
773.821
495.947
200.978
169.949
146.119
194.821
241.048
446.764
908.18
685.474
199.036
177.983
237.375
222.298
260.367
370.905
1055.16
791.097
326.863
217.686
264.382
301.747
305.062
443.869
803.795
831.493
513.651
306.684
305.152
250.481
236.45
320.551
605.231
772.748
597.46
287.64
227.51
298.536
234.28
253.726
541.896
687.214
549.374
320.688
252.147
365.497
285.05
482.916
597.306
878.287
678.001
407.065
286.828
259.957
241.343
268.837
493.529
740.26
662.651
303.066
213.24
422.128
385.292
339.098
460.362
748.286
759.75
472.168
385.647
529.345
356.461
306.487
260.674
578.525
781.418
580.824
364.559
498.904
298.761
268.656
272.565
588.121
768.141
562.777
298.421
338.374
413.079
347.243
193.796
194.065
186.559
314.373
411.481
315.043
430.579
433.751
370.379
313.481
263.449
319.262
408.788
339.984
465.265
495.023
331.876
184.072
254.455
338.911
429.546
368.802
530.666
613.227
529.885
353.273
285.093
335.208
513.258
169.028
360.014
651.758
616.551
300.475
223.96
168.56
307.769
342.32
502.208
692.437
615.077
314.55
341.837
350.082
452.378
245.704
281.219
502.644
680.457
367.595
220.613
253.431
255.337
189.499
238.977
593.425
823.89
432.545
159.074
183.604
214.414
230.884
275.95
585.863
944.544
486.281
264.094
235.437
249.523
311.332
261.875
327.567
507.532
378.321
222.855
304.349
269.577
208.508
208.422
336.779
609.125
489.093
258.609
206.022
213.736
170.09
188.197
398.495
823.429
529.025
212.581
166.347
185.217
244.466
248.586
406.771
776.654
675.145
513.86
274.686
234.876
233.045
214.286
371.008
757.376
757.19
484.743
256.601
203.871
240.493
230.306
235.526
499.798
624.57
540.678
272.08
219.149
368.636
300.783
469.821
561.826
840.769
692.243
413.134
310.371
401.24
264.364
316.237
561.599
727.948
705.907
446.598
261.344
381.552
328.704
334.575
389.06
729.867
785.862
435.012
323.129
494.297
382.4
342.176
293.042
622.439
814.008
548.395
395.535
543.505
432.98
294.553
258.628
603.61
918.116
619.863
433.724
392.403
455.472
424.185
236.831
210.452
249.613
390.913
440.119
281.607
508.168
541.791
274.921
276.427
342.102
279.818
456.882
324.885
435.568
489.9
314.997
188.214
251.425
332.78
405.975
336.486
494.721
580.583
453.721
323.453
271.604
310.62
481.118
371.034
459.772
608.66
527.654
264.175
265.688
360.734
418.71
371.198
476.569
668.717
563.336
317.477
304.365
370.681
432.384
237.572
279.064
630.376
799.643
447.938
204.734
236.976
237.754
233.382
313.512
609.086
826.838
418.291
195.563
231.665
288.773
249.412
261.054
541.005
709.408
379.933
237.682
248.941
256.805
149.302
222.687
484.32
670.03
351.497
161.936
146.616
196.193
205.833
166.188
469.404
943.201
589.962
241.472
216.546
161.265
206.435
173.415
325.902
867.427
624.679
279.925
194.998
185.144
148.142
136.159
382.134
884.451
800.042
331.363
158.58
131.465
237.034
147.828
268.559
606.291
717.135
465.883
258.115
156.07
264.871
282.846
308.337
561.848
753.743
664.945
309.131
240.986
466.689
362.356
416.78
563.729
788.076
727.34
518.254
374.336
386.443
382.9
456.922
432.411
712.289
770.461
442.49
339.634
432.011
293.13
287.003
309.439
667.244
811.398
493.906
282.074
455.482
348.917
393.639
283.455
697.481
862.309
516.443
308.908
522.361
334.867
300.447
333.954
582.085
873.319
602.408
331.016
356.409
540.852
482.193
245.417
221.931
223.488
315.573
522.549
430.306
588.726
551.552
290.35
289.631
336.193
386.216
568.594
514.548
681.865
633.863
393.322
317.617
330.255
464.134
667.996
388.439
564.702
549.616
425.904
286.261
207.439
340.943
554.362
612.45
570.068
583.951
350.8
338.584
504.166
598.681
548.625
216.799
394.12
550.245
488.978
369.75
278.357
214.743
356.892
366.346
587.266
662.812
528.65
394.716
264.748
328.46
562.363
300.5
285.435
589.465
941.866
412.38
295.045
316.207
263.995
184.705
301.907
584.018
713.081
355.716
191.439
176.342
277.521
223.258
279.975
450.495
510.504
310.245
167.621
210.385
265.553
150.983
218.358
501.032
863.394
546.935
185.463
149.786
198.841
158.796
174.724
441.121
784.702
466.752
186.241
159.229
172.879
203.225
174.45
418.822
951.453
786.678
332.569
210.607
165.604
284.562
303.547
364.849
695.286
817.247
538.882
294.323
304.467
271.614
274.17
291.254
465.464
735.35
693.686
317.402
248.736
424.422
368.464
372.668
453.213
720.643
710.032
469.698
380.011
578.906
389.287
324.996
311.119
481.087
691.568
627.971
398.968
593.247
406.529
359.255
374.006
545.953
681.511
633.399
426.388
584.19
352.738
298.269
301.655
441.891
720.815
638.765
373.304
785.725
421.522
200.553
237.806
495.696
904.691
858.103
465.046
522.136
700.611
502.826
295.252
235.962
336.403
470.852
698.795
410.663
549.087
430.252
285.206
152.686
268.815
370.647
548.963
433.642
462.326
524.266
388.197
422.416
274.729
406.743
464.486
366.315
354.305
426.928
370.89
389.776
403.04
365.435
351.49
421.229
589.803
574.569
414.464
306.01
362.426
398.914
576.305
449.07
616.62
602.115
377.873
235.248
243.678
406.065
592.945
334.297
508.695
653.705
541.211
391.248
252.329
300.93
477.834
366.566
553.078
721.556
655.666
328.381
337.889
366.781
514.517
173.797
422.527
713.884
537.754
369.923
230.952
157.169
364.569
166.271
253.158
505.116
624.207
358.542
195.162
166.558
220.766
190.5
241.979
450.436
707.469
406.334
210.41
188.074
228.374
176.411
218.667
378.132
740.455
526.892
269.07
176.069
209.59
182.042
199.286
273.325
532.878
576.999
356.609
193.197
198.219
314.588
354.678
412.965
466.024
669.838
531.802
326.382
343.862
265.986
190.703
244.617
510.399
608.235
509.668
289.802
191.459
506.772
356.98
283.291
445.471
656.057
643.382
538.634
382.317
451.134
410.545
451.939
271.295
689.086
871.745
509.364
383.294
763.772
511.179
264.68
242.104
506.166
929.069
836.809
529.354
836.297
449.984
225.858
198.796
405.539
793.983
891.043
498.637
741.382
490.385
313.286
269.055
483.013
812.054
793.715
510.448
520.532
619.21
470.847
233.036
171.592
260.459
477.766
627.908
480.202
626.239
498.611
250.888
209.316
269.504
431.672
624.419
545.794
748.784
515.295
344.634
259.215
340.206
484.426
746.873
582.786
693.736
373.011
178.61
170.615
371.575
531.23
711.442
493.627
554.644
503.111
322.915
254.543
288.16
458.912
554.838
516.004
624.683
491.5
373.399
316.29
417.509
480.151
631.255
435.767
653.549
639.873
459.784
348.232
337.158
395.458
633.713
445.282
566.78
621.766
449.738
270.985
223.753
423.345
547.81
479.711
385.651
705.082
711.329
374.28
193.779
464.52
369.908
193.021
249.942
460.009
545.014
322.199
161.327
189.747
227.923
174.737
164.116
293.649
572.724
421.8
230.453
183.019
157.558
257.68
195.167
298.817
529.051
398.579
292.039
262.97
204.921
163.864
165.588
297.428
567.292
447.627
203.984
159.477
160.906
325.424
279.122
317.934
477.329
620.162
453.378
332.06
285.379
510.745
356.026
279.291
310.174
625.284
825.917
575.288
370.924
376.717
242.002
229.327
390.76
478.156
508.061
395.84
260.451
484.418
376.5
351.2
356.304
642.553
731.48
533.102
386.36
817.817
399.125
164.572
150.843
274.831
556.819
834.768
478.554
625.978
359.421
243.87
227.482
470.001
777.28
682.365
376.709
695.077
351.329
259.7
256.782
477.003
786.685
748.371
386.557
684.654
578.233
339.511
202.915
157.282
292.599
650.291
628.219
758.78
769.138
509.457
323.204
311.972
380.277
700.169
784.541
628.655
690.466
540.784
347.133
215
208.19
562.113
714.919
466.714
617.936
531.568
340.1
243.561
273.086
414.727
611.97
481.321
619.026
483.7
261.206
295.14
260.826
430.821
613.796
575.854
736.136
599.808
269.531
339.152
315.477
523.765
728.455
466.566
678.303
500.784
438.232
278.321
288.367
419.968
671.579
564.961
688.792
535.992
362.01
280.767
285.218
511.368
690.246
440.8
536.887
660.452
525.869
304.517
408.58
438.744
489.859
258.285
401.646
491.566
510.57
281.973
287.311
256.561
370.038
158.272
159.702
391.766
576.34
314.828
161.012
155.926
151.623
235.144
171.077
348.636
788.259
447.537
163.32
232.414
172.562
187.657
169.435
308.696
596.04
664.228
348.657
196.335
153.037
399.361
292.501
350.398
504.408
671.422
516.594
418.918
290.069
409.504
404.234
309.127
300.231
373.811
593.455
439.065
399.265
484.904
345.991
311.928
333.485
550.619
654.824
528.346
371.068
712.912
365.214
268.238
227.046
514.253
866.804
778.7
396.675
787.803
342.652
343.473
322.417
575.466
793.204
841.299
403.769
842.128
410.306
244.297
217.738
432.637
737.41
891.459
479.084
858.155
471.398
282.939
208.355
450.388
803.365
909.587
520.932
482.237
568.707
420.242
254.312
295.237
233.699
436.571
575.656
656.57
588.242
259.194
145.542
132.96
293.272
608.815
633.992
799.506
661.675
333.259
235.184
241.311
338.422
748.33
726.999
625.264
669.926
484.485
403.901
319.81
369.604
578.297
699.966
624.915
466.449
280.939
294.988
265.228
296.69
598.164
518.447
426.062
457.449
413.449
426.118
239.418
227.93
390.699
469.798
494.958
437.482
253.313
187.705
150.938
263.179
475.107
465.944
383.542
376.183
348.48
290.628
272.802
300.32
359.086
386.132
457.273
561.995
373.612
273.29
200.882
370.118
442.719
561.697
294.029
370.713
593.383
559.612
319.254
190.856
269.073
361.979
243.517
271.292
445.709
690.955
405.398
271.458
244.29
264.199
321.648
244.963
389.324
835.68
727.085
414.996
339.692
246.511
249.473
202.472
312.918
733.748
744.102
538.566
284.172
183.129
399.065
258.549
234.926
299.642
340.706
404.69
412.69
278.2
491.549
283.48
206.668
263.743
400.112
568.618
532.462
309.535
592.084
311.875
282.904
273.052
322.304
554.698
635.343
320.891
458.094
283.232
165.672
261.955
256.146
335.249
460.195
323.005
630.579
365.886
266.222
263.16
375.249
604.016
655.244
405.666
775.405
343.517
188.786
208.94
381.812
747.845
826.446
404.796
760.846
402.536
258.046
208.63
290.54
661.657
799.102
443.258
779.814
692.137
377.436
224.947
195.853
312.87
718.992
736.369
887.407
762.82
352.534
139.115
149.108
340.333
823.27
823.476
697.626
595.79
318.178
326.978
215.859
309.841
649.44
650.25
776.508
636.544
341.463
257.724
177.294
284.169
727.54
698.743
608.541
463.495
280.613
244.456
217.347
246.35
578.339
510.928
648.758
580.827
294.277
363.277
397.262
411.063
604.692
634.403
678.328
560.376
300.467
181.322
171.747
271.158
637.047
608.248
502.454
522.749
299.884
249.334
266.062
335.802
469.613
546.888
557.822
434.389
288.387
364.234
309.458
235.018
525.881
480.927
511.492
358.714
202.232
232.145
199.456
278.765
495.99
400.399
439.478
255.011
198.579
261.908
172.512
280.147
445.837
289.415
196.064
251.221
429.826
744.051
393.157
217.498
194.443
235.624
340.018
267.372
258.863
329.505
358.468
278.653
343.277
285.329
368.433
237.947
375.087
521.896
754.827
622.743
416.269
239.61
611.678
297.917
219.32
241.074
385.518
564.503
638.302
355.229
531.961
277.393
187.622
271.65
244.458
422.201
567.259
311.63
815.02
353.917
167.169
208.338
295.052
629.015
852.595
428.855
680.792
450.28
210.632
218.523
388.765
663.838
708.867
518.638
1089.61
474.829
164.121
110.45
254.952
742.301
1128.31
573.883
1199.48
461.478
184.166
176.299
250.659
721.977
1235.14
579.766
603.703
514.563
273.429
173.561
113.261
233.246
563.816
558.498
599.381
586.355
299.975
150.66
155.076
332.482
563.377
615.498
633.276
509.195
286.276
363.896
261.529
267.994
596.962
551.494
449.857
409.642
286.113
297.429
304.598
249.793
429.024
430.648
380.453
289.267
199.1
318.24
209.545
224.329
371.01
318.245
460.786
407.338
211.326
136.498
224.12
312.357
436.571
441.189
552.096
470.671
390.483
284.651
233.135
259.712
517.818
499.111
767.247
566.035
334.458
425.521
241.513
275.179
721.677
639.137
667.996
411.392
190.26
224.48
289.563
333.805
639.255
480.819
501.374
293.738
200.026
394.46
304.443
236.305
490.254
343.789
671.604
415.796
280.876
226.652
216.098
382.135
667.643
469.579
291.869
334.5
308.086
239.003
211.183
266.7
307.856
332.521
429.582
187.964
226.762
364.173
521.572
463.723
455.54
217.087
301.476
254.045
270.31
475.152
383.494
261.683
304.373
250.605
482.132
259.479
180.645
304.194
221.865
274.029
479.64
302.98
558.965
334.512
196.649
236.342
231.047
473.351
595.34
372.377
915.935
384.208
166.205
204.709
275.434
650.702
956.236
467.163
731.277
340.844
166.011
167.048
171.003
423.883
742.637
399.388
911.762
414.203
226.174
218.734
325.597
702.85
944.13
490.223
891.162
507.583
247.256
305.128
275.059
522.579
896.387
590.107
745.176
555.195
213.071
216.277
214.429
320.748
705.697
628.314
814.448
563.257
257.941
145.021
109.596
331.674
785.519
634.538
751.911
557.38
236.62
262.026
181.122
295.338
710.062
631.865
786.189
516.963
263.682
276.116
192.489
413.807
772.771
579.977
652.295
560.499
320.68
389.874
404.685
340.673
608.617
605.453
572.959
545.056
331.804
239.228
206.589
306.346
544.814
565.78
491.598
295.598
310.211
255.369
256.803
384.326
503.901
306.911
604.235
419.715
234.175
171.251
139.927
232.651
581.84
474.381
601.652
393.868
372.665
431.649
346.673
290.726
578.691
455.162
532.259
365.199
290.135
321.351
282.791
311.972
500.956
407.684
495.156
288.734
254.446
335.242
253.948
188.416
470.721
337.891
281.605
247.464
316.486
335.335
484.035
343.214
280.36
240.777
565.091
273.253
156.708
263.858
266.141
385.821
576.746
330.183
500.197
266.573
225.697
206.153
226.716
331.258
503.193
309.678
312.414
283.553
263.731
432.367
381.724
313.029
325.473
282.071
756.349
318.831
251.297
211.649
226.134
485.552
775.223
390.907
802.547
366.568
171.32
147.241
171.939
501.983
824.932
448.482
639.712
284.113
145.61
138.967
175.795
420.854
667.099
336.031
1015.26
447.312
121.624
118.93
253.237
726.629
1061.51
544.951
1084.35
497.493
265.688
229.09
271.795
622.997
1086.91
605.583
626.806
508.958
273.062
224.146
200.152
232.577
585.969
551.34
540.087
478.048
318.481
352.353
284.277
239.003
499.404
512.673
853.648
571.393
256.52
317.681
201.576
260.009
796.794
657.953
907.116
494.533
291.954
427.345
239.157
276.053
863.492
602.402
738.232
524.63
233.682
192.238
173.534
270.714
694.096
596.904
483.041
415.061
277.758
450.421
350.639
249.25
446.532
458.385
596.413
292.7
196.873
420.183
253.432
268.515
588.022
354.235
417.563
429.68
223.481
183.595
147.943
185.158
382.913
451.943
610.243
454.186
327.662
379.346
230.619
275.967
579.641
505.846
462.964
285.819
212.084
268.33
235.269
305.483
460.974
328.656
446.954
235.184
241.69
388.102
251.816
322.39
458.113
251.73
310.526
232.127
215.378
275.191
275.017
280.726
315.665
251.093
553.351
260.496
172.531
250.375
264.16
478.618
582.8
299.489
688.875
347.781
317.1
408.804
247.557
409.562
703.748
408.429
843.248
407.155
125.879
149.061
181.085
475.446
847.978
497.24
786.664
404.844
186.593
252.389
182.083
459.771
798.303
479.354
1069.55
444.157
154.279
172.741
163.021
452.339
1071.54
565.807
819.911
432.907
118.869
181.285
213.59
506.428
836.841
519.206
1159.09
459.55
153.683
135.39
276.206
699.216
1185.45
575.415
1064.24
506.758
183.898
190.923
286.452
734.022
1107.85
596.367
568.847
379.645
180.842
177.334
163.122
264.583
546.308
437.302
675.107
427.052
244.145
253.401
227.958
375.79
666.734
485.468
607.727
469.546
226.95
190.862
241.857
405.185
594.817
507.187
805.153
573.427
262.596
170.996
185.672
333.91
766.854
652.065
835.236
513.652
188.293
180.259
127.03
322.233
798.226
603.295
555.131
387.195
221.109
364.065
245.578
341.853
545.761
429.979
722.095
352.739
190.363
301.58
191.871
336.094
719.342
425.38
387.296
245.787
291.131
387.479
345.547
332.846
379.088
264.876
521.907
302.167
229.778
288.071
170.305
287.514
524.405
335.231
477.398
253.316
142.717
226.024
164.725
307.676
481.092
299.54
419.64
308.908
244.388
369.163
286.614
328.023
430.011
319.902
534.509
358.596
241.847
411.837
309.5
498.002
559.783
379.779
562.01
349.666
295.161
289.378
361.708
583.613
594.366
384.82
407.283
320.172
157.856
177.091
139.376
293.187
400.948
354.399
490.435
340.227
287.236
297.603
276.274
349.381
494.141
358.735
541.78
371.043
146.333
246.385
303.724
307.651
521.222
426.207
566.821
297.283
166.729
305.545
275.59
294.637
558.501
358.187
763.977
378.393
129.301
109.476
158.252
462.54
777.701
453.48
1227.55
496.352
126.121
139.178
167.1
557.339
1229.46
638.781
1011.97
420.35
221.346
245.939
262.054
489.261
1013.24
533.305
779.116
485.524
319.354
276.785
200.79
325.871
754.938
560.214
521.821
364.729
234.436
213.155
155.023
274.917
509.216
405.196
463.971
403.259
236.247
183.182
192.133
208.873
435.994
428.956
578.258
402.189
270.905
243.301
186.182
273.177
563.073
436.83
670.492
457.114
204.565
296.228
258.255
284.807
638.503
528.594
540.022
329.286
276.765
390.423
310.333
282.476
524.631
382.187
775.732
435.37
279.369
205.763
179.014
284.958
751.114
503.847
304.668
248.134
218.726
450.299
389.408
223.419
295.349
263.693
718.943
308.924
225.617
218.752
192.772
346.075
725.044
381.897
557.956
357.809
233.681
191.519
349.097
326.403
541.859
406.707
817.986
468.985
262.94
351.852
375.042
539.662
832.563
538.614
714.47
373.527
306.979
371.762
343.284
567.687
746.373
423.006
457.324
297.452
287.106
296.334
657.583
752.518
496.705
291.579
394.647
288.927
254.057
227.085
291.099
274.766
386.259
305.663
473.609
288.385
176.838
232.367
217.598
271.735
465.875
336.671
495.694
298.343
230.215
141.494
236.959
365.485
503.993
324.957
387.158
302.254
247.689
256.879
320.142
343.15
375.585
324.876
648.4
286.553
125.623
182.459
222.911
337.583
645.116
363.263
1006.06
428.589
178.184
106.391
154.366
500.635
1007.95
541.174
951.995
410.173
139.236
164.696
246.394
602.243
981.155
507.418
566.535
346.601
220.063
244.855
173.6
263.043
560.072
389.564
729.191
533.553
256.138
192.902
135.26
287.529
691.279
599.599
551.435
338.506
173.278
161.706
181.468
338.249
547.808
387.352
354.662
374.1
389.531
434.775
268.781
227.507
344.457
378.789
597.966
461.098
289.339
237.514
200.764
254.241
560.731
502.286
863.313
587.785
233.172
209.14
258.913
411.235
819.568
675.58
811.592
396.127
168.703
254.865
225.702
323.228
790.101
492.883
640.922
378.598
208.263
339.091
236.569
297.152
629.094
441.256
706.706
299.724
232.515
357.483
372.564
304.289
698.109
382.615
458.849
172.822
243.649
308.263
232.423
408.698
491.712
195.354
448.856
226.579
193.244
292.982
236.535
334.468
463.641
260.942
576.12
412.056
284.189
293.223
531.49
734.231
626.649
425.107
464.535
368.205
396.922
284.854
388.092
407.522
455.518
381.673
249.621
242.1
375.901
343.07
370.138
263.313
257.433
229.012
386.266
226.965
297.227
303.428
396.701
484.212
416.175
231.063
541.351
389.357
325.878
173.024
255.907
391.386
529.915
402.323
488.209
277.383
174.754
241.474
192.067
243.418
484.651
320.761
378.307
282.25
323.923
266.786
233.711
340.804
386.895
276.007
782.178
355.024
203.836
225.564
299.224
589.561
815.43
423.334
1121.1
485.757
180.726
244.389
295.092
593.825
1125.89
611.639
794.598
638.403
385.097
204.174
257.753
360.765
753.602
694.249
840.593
512.756
213.478
374.009
292.038
376.584
814.229
600.513
564.419
389.221
295.436
551.612
249.28
231.547
533.638
450.698
402.281
238.009
274.606
434.933
286.996
328.09
410.439
268.379
528.149
401.936
230.145
248.284
277.721
370.025
518.352
441.7
699.129
511.274
336.472
394.78
400.452
390.436
659.159
564.992
651.976
395.383
203.128
328.778
283.677
390.502
638.063
456.65
549.898
344.721
291.813
412.883
269.929
339.425
554.798
378.684
444.473
310.729
244.287
331.363
275.654
387.419
461.265
322.049
426.905
183.112
175.232
339.273
274.45
266.265
433.873
224.301
578.06
283.505
188.628
155.237
269.459
473.185
603.841
329.138
323.43
301.054
247.017
426.57
396.081
426.433
354.627
296.42
339.251
212.31
285.973
614.254
620.863
322.257
341.078
229.452
193.174
350.408
655.157
531.696
388.706
293.735
192.608
294.119
294.201
253.959
312.376
345.056
283.184
211.076
283.73
255.353
283.881
323.093
280.026
378.388
298.738
452.72
301.4
304.759
440.914
375.381
267.497
461.478
291.197
301.68
412.57
412.19
565.665
290.741
255.66
330.702
373.456
470.19
588.826
326.446
451.317
381.779
214.564
284.395
223.087
258.64
424.681
422.509
666.343
317.009
210.953
163.699
317.713
587.763
710.633
360.684
423.818
470.333
331.731
200.59
192.981
314.043
416.469
477.054
696.315
510.568
286.365
209.38
180.783
312.365
652.634
579.395
720.922
480.918
339.739
380.14
317.976
246.427
672.969
555.553
582.226
330.295
263.214
365.739
227.395
241.898
564.327
390.941
345.505
335.281
275.634
218.791
234.402
246.011
323.286
343.752
526.512
354.476
307.383
270.088
232.899
268.447
514.755
383.353
553.686
501.222
265.328
267.97
173.622
251.768
513.866
538.153
429.572
257.549
244.072
207.562
162.754
253.503
439.13
283.618
337.579
258.803
226.881
376.591
338.78
349.227
352.106
278.741
349.403
230.285
335.774
265.873
275.362
324.966
357.99
246.173
450.058
268.762
223.519
320.318
346.678
347.697
456.623
296.416
666.201
455.235
256.712
229.318
287.15
659.334
710.744
466.262
486.614
281.591
298.555
402.28
515.649
618.541
526.893
307.012
275.911
289.396
384.234
470.071
220.816
168.15
259.791
295.355
309.948
302.877
344.908
361.652
294.938
377.497
320.114
287.976
276.843
292.927
328.358
341.643
253.801
312.001
267.606
291.292
451.24
385.879
339.718
350.859
420.648
252.091
413.512
418.791
573.497
401.807
200.412
184.321
125.73
190.546
538.075
454.063
568.505
356.752
242.069
256.176
315.162
409.156
564.231
404.227
1099.42
487.421
142.411
220.013
199.227
420.492
1080.2
625.492
648.045
485.781
193.121
284.409
186.198
242.456
610.149
548.507
796.67
422.564
253.932
230.659
145.071
238.734
764.939
513.639
640.018
390.464
207.129
334.175
289.181
322.742
609.443
456.52
600.258
449.924
301.2
275.139
206.903
246.105
565.97
506.913
509.173
227.844
313.848
380.062
225.941
223.846
506.671
263.197
292.807
210.3
272.829
278.437
301.185
264.61
291.531
215.437
307.801
258.718
268.067
321.106
279.805
340.981
308.314
270.869
382.901
241.121
180.41
274.219
213.377
243.38
378.686
272.133
610.651
403.619
188.194
214.962
250.449
362.598
596.487
459.372
599.18
262.57
154.368
195.079
181.582
468.846
632.878
314.127
530.448
272.441
192.761
347.571
323.66
519.466
556.036
312.141
434.745
270.532
170.913
202.799
301.327
440.957
459.006
292.25
300.382
193.473
171.588
333.406
487.774
433.778
329.422
208.966
302.315
213.218
316.093
561.03
357.434
222.473
295.012
225.227
317.109
335.904
520.185
425.2
339.5
257.159
310.195
317.651
298.999
311.922
321.189
299.065
163.769
217.862
300.633
306.036
490.726
303.818
169.318
264.843
208.616
270.85
484.892
344.065
524.157
412.141
221.946
181.211
186.779
262.091
489.893
463.672
754.523
428.576
211.615
209.43
208.616
235.041
723.389
506.793
713.774
469.377
236.319
346.859
214.805
277.613
680
541.354
