352.335
400.542
396.196
282.884
200.369
269.268
349.658
378.288
306.277
527.535
577.408
340.386
271.163
234.18
273.051
486.112
211.954
321.483
573.472
537.129
343.453
261.134
219.918
286.5
297.207
398.88
681.152
629.85
380.358
179.582
270.749
378.221
234.939
340.282
572.388
697.096
332.684
218.924
238.002
311.569
199.367
295.477
606.162
920.058
511.223
182.102
182.862
266.061
418.393
291.842
483.103
788.478
406.533
368.977
447.147
309.089
224.267
258.482
470.805
913.341
631.971
250.808
210.579
253.704
186.93
169.972
432.56
860.747
613.256
222.017
184.239
168.233
164.064
182.171
359.506
1024.69
732.928
338.843
173.234
181.802
192.09
163.507
411.648
917.134
759.8
300.242
197.553
166.41
146.576
245.153
349.906
860.278
785.487
394.178
151.023
223.124
236.855
246.266
389.44
716.973
803.487
473.812
245.248
250.056
161.066
175.695
328.943
731.738
777.79
449.106
185.514
159.401
202.243
233.343
277.643
636.518
772.399
564.207
237.15
205.145
321.171
277.799
396.972
493.891
792.002
617.145
353.087
284.379
360.925
267.074
374.758
498.517
789.485
648.823
389.939
257.532
353.092
332.835
335.891
375.233
643.366
650.249
372.644
334.081
386.376
269.132
324.04
335.59
609.037
692.355
432.04
263.784
427.77
353.355
387.276
298.614
634.389
757.654
478.174
319.054
314.526
594.404
585.906
264.627
279.94
346.178
288.427
543.987
311.15
580.294
618.051
328.787
251.726
346.018
300.386
521.214
259.264
526.477
638.913
448.317
275.754
273.235
241.159
475.188
232.938
371.73
735.437
874.56
440.232
200.455
220.655
329.321
204.231
314.493
599.024
711.299
378.653
233.401
214.517
279.349
304.338
461.871
841.532
798.299
420.739
333.526
315.531
405.159
284.476
194.937
486.159
843.516
515.423
184.561
279.805
204.957
294.157
188.097
456.589
1059.51
565.078
210.784
284.114
202.023
183.853
161.801
374.525
820.377
556.054
209.834
182.102
155.854
251.244
225.234
389.359
835.307
601.924
250.619
244.281
245.853
189.037
210.888
417.472
1067.02
770.741
248.923
185.735
206.05
231.61
225.173
397.96
579.31
748.564
441.121
229.751
228.576
192.913
230.495
463.951
711.149
862.402
505.226
211.929
195.845
291.25
254.115
287.119
607.313
755.873
521.878
316.58
268.804
259.376
320.762
336.586
571.341
837.505
736.961
304.994
278.832
388.893
380.273
384.586
590.99
825.107
646.557
411.813
393.165
356.926
283.979
299.817
447.07
717.326
724.085
402.221
259.02
388.126
353.665
374.551
244.713
651.426
803.983
441.224
321.744
476.438
371.673
372.464
331.898
655.872
843.061
546.625
364.639
593.773
449.672
271.518
299.72
541.9
805.782
652.737
465.115
341.388
476.34
463.576
239.022
261.508
284.405
335.087
443.101
330.574
502.31
587.796
445.339
354.609
309.161
329.622
460.654
333.147
542.318
735.763
538.175
391.027
383.936
348.447
486.814
315.987
476.064
627.07
612.216
324.349
368.884
329.331
443.166
250.836
457.13
890.68
681.775
506.273
274.074
246.177
384.821
271.716
342.069
701.962
813.409
453.88
261.57
280.863
300.868
265.568
289.223
583.944
733.23
369.759
164.56
249.832
266.657
197.938
219.834
584.885
1067.08
478.208
168.776
191.372
208.424
197.219
266.782
429.504
480.976
305.741
178.419
188.209
252.267
284.353
290.951
340.537
456.137
410.642
215.125
265.661
285.569
179.371
171.675
381.468
816.813
461.628
199.311
188.415
172.106
217.199
197.523
392.736
684.593
555.82
316.998
223.901
191.814
203.855
282.448
408.299
702.069
881.341
522.205
209.485
269.472
263.547
282.692
425.249
624.058
696.57
479.326
289.184
274.859
315.674
337.307
289.872
580.011
753.049
651.052
346.396
336.869
515.818
481.981
358.27
599.503
832.367
752.059
554.568
508.327
447.396
326.945
314.578
402.082
654.171
743.987
490.218
321.321
423.056
350.537
363.356
288.343
645.183
784.25
476.071
330.114
472.23
417.001
343.124
318.285
621.54
851.497
536.315
416.112
502.533
338.903
332.162
382.816
638.365
776.244
558.397
341.726
341.946
550.523
584.716
321.511
306.191
362.442
315.9
503.676
397.179
480.124
561.234
415.836
227.22
297.933
398.744
441.307
279.189
559.916
720.361
461.031
399.209
344.105
279.172
497.192
221.694
511.494
821.717
641.437
437.927
311.286
214.831
440.871
332.603
571.283
762.843
704.21
390.225
337.022
331.807
522.506
302.863
332.229
669.199
780.684
456.633
306.891
301.268
313.261
200.61
373.897
634.041
891.737
471.37
230.856
194.621
330.705
186.625
289.543
525.46
692.634
394.277
189.361
169.904
276.597
195.82
339.417
622.93
690.219
371.709
205.428
184.266
301.924
212.346
259.505
557.921
958.16
564.38
230.912
212.951
237.807
211.135
181.482
362.874
807.07
576.467
226.009
200.247
192.014
209.821
237.613
356.602
863.159
727.939
361.571
212.823
238.411
192.734
234.651
368.596
707.852
754.362
428.823
205.4
217.946
306.163
251.895
452.735
665.864
815.308
532.955
328.861
252.751
304.422
295.027
302.595
593.265
753.33
650.398
343.281
286.942
400.35
364.166
330.077
533.843
719.792
654.322
440.995
380.218
450.84
367.139
353.883
438.361
738.132
747.338
503.525
383.913
478.447
339.548
365.272
354.529
608.03
687.531
521.72
342.82
639.773
522.658
291.634
323.22
538.66
865.085
705.801
541.566
715.862
469.287
300.282
240.828
501.744
870.493
786.439
494.682
558.678
732.25
596.079
247.889
235.57
372.861
505.044
719.031
474.786
726.91
687.731
355.143
262.137
345.903
438.173
687.634
474.638
641.417
758.06
478.547
323.275
383.96
457.4
613.332
322.247
577.199
668.822
518.365
336.016
382.656
323.88
527.163
245.036
477.475
541.904
381.242
256.99
352.103
242.819
430.417
373.527
647.778
740.934
522.982
365.864
405.591
345.629
597.105
176.106
303.628
688.214
897.046
378.955
209.307
166.284
267.313
254.389
374.206
605.527
739.033
355.143
238.851
255.407
350.968
310.734
373.753
587.963
595.635
311.513
229.034
292.946
349.276
261.98
262.689
575.425
864.58
470.32
171.949
254.884
246.489
110.746
144.344
522.75
958.219
622.287
179.69
113.272
122.821
200.455
182.716
348.897
843.092
715.614
304.175
202.264
183.023
180.816
210.892
355.227
802.424
821.631
464.378
200.215
198.828
316.456
326.719
529.503
640.65
855.104
603.93
348.116
322.476
292.194
367.071
338.065
445.737
715.779
670.31
316.516
352.995
589.931
379.762
261.096
260.447
526.581
723.798
639.422
400.827
693.94
353.563
343.133
263.043
454.521
678.866
731.261
394.837
669.268
394.667
272.469
274.106
459.577
720.827
716.622
425.518
781.548
352.038
305.555
251.414
498.004
821.475
840.336
403.384
742.29
383.354
294.121
175.543
531.732
900.763
816.167
417.063
465.951
531.73
490.678
358.66
342.734
297.986
443.543
531.886
497.424
608.275
393.327
201.133
195.502
434.553
470.715
613.248
253.457
503.172
562.252
308.115
324.546
326.326
236.751
461.813
490.302
547.096
452.387
348.852
203.029
225.256
450.549
556.147
598.597
795.021
719.95
477.984
373.056
461.198
552.413
788.391
347.623
501.087
618.967
456.351
251.661
286.876
332.301
468.339
290.433
562.232
778.169
551.088
412.656
291.869
281.081
494.192
342.724
509.826
797.816
565.611
395.185
279.474
330.482
467.098
193.339
227.14
520.79
664.516
364.353
176.582
195.722
200.831
225.258
217.321
505.676
892.037
534.656
254.573
234.144
211.013
221.926
221.736
446.492
842.274
533.735
197.886
209.482
225.385
204.758
170.781
289.658
557.115
488.729
279.3
213.542
171.133
328.622
244.978
292.379
593.944
713.918
522.378
348.826
263.476
276.197
212.146
379.872
494.21
617.898
426.902
295.756
206.293
425.338
443.04
492.805
504.276
704.478
764.074
447.811
393.847
432.683
388.729
427.703
369.641
729.847
836.245
478.377
377.172
601.052
496.026
306.483
241.96
473.516
789.229
663.055
500.88
661.361
383.907
240.788
247.257
412.32
679.206
702.183
419.579
659.994
379.766
209.107
293.326
439.5
727.778
711.182
419.188
676.22
378.24
239.689
205.092
463.78
778.269
735.312
412.988
654.41
695.265
460.488
255.992
279.501
440.439
624.28
714.995
539.74
833.75
555.355
281.186
269.622
403.514
478.32
816.188
557.212
696.999
523.503
329.946
300.865
282.061
502.677
708.983
516.802
692.745
614.108
377.854
311.292
221.456
459.08
682.887
456.787
632.033
593.796
339.979
240.666
285.245
412.853
606.777
437.903
723.032
681.958
329.187
235.449
365.738
394.23
682.344
461.763
669.148
719.269
439.754
315.744
385.238
453.58
623.02
404.137
466.598
675.853
690.132
318.969
249.106
377.433
445.12
162.104
239.063
473.983
500.634
305.424
186.685
163.23
207.028
242.712
220.017
453.197
777.596
487.929
234.14
235.262
225.07
349.434
248.597
474.463
734.764
406.689
179.03
340.857
260.588
129.624
140.447
305.076
582.09
475.625
235.352
135.034
128.576
259.478
293.794
290.526
589.278
628.836
432.345
256.594
295.232
516.013
353.461
294.142
358.8
692.723
840.262
581.692
365.762
388.8
343.455
283.717
313.324
423.893
458.682
412.773
349.455
534.704
242.522
278.843
298.201
581.906
703.578
583.951
263.19
619.584
339.602
283.303
236.098
494.792
678.687
657.89
348.783
643.111
389.485
221.585
317.167
521.319
868.844
715.853
406.716
836.326
484.936
218.51
203.617
437.969
912.009
903.182
519.722
716.849
377.194
221.242
203.439
372.354
795.843
775.814
409.828
580.079
737.92
393.185
137.776
168.811
327.952
518.873
747.086
682.069
850.489
689.194
311.114
345.795
372.632
606.345
846.912
564.508
738.614
471.262
342.883
226.038
350.577
508.705
739.268
716.314
813.718
457.02
422.372
262.996
469.46
661.705
831.197
591.492
741.653
570.482
523.282
380.96
314.067
538.888
749.18
610.396
750.365
543.186
280.803
290.575
437.309
563.899
757.405
616.934
650.877
485.512
279.911
279.881
360.053
569.746
673.951
328.582
388.197
423.322
401.301
295.873
267.537
308.138
385.721
282.107
458.521
600.917
527.866
278.87
224.009
268.056
417.291
167.059
155.948
354.804
595.793
300.79
152.471
162.6
155.381
353.338
225.063
350.854
749.369
422.859
169.679
338.707
246.857
194.197
235.112
351.841
721.757
606.964
326.261
192.693
221.766
307.131
223.73
272.493
526.227
685.608
496.671
326.889
220.95
446.773
350.009
294.513
372.757
466.947
625.539
492.09
356.832
568.85
363.452
363.642
282.682
622.776
802.681
618.615
371.944
578.492
343.805
312.738
391.397
505.11
608.682
604.016
392.351
660.405
440.42
280.948
303.894
491.758
689.952
697.941
465.429
595.776
434.364
255.704
274.987
434.501
687.042
640.271
449.853
741.828
446.565
306.66
274.942
464.642
817.606
797.463
478.069
711.648
417.508
203.892
194.362
394.878
763.441
764.277
454.227
716.138
692.32
396.617
239.2
267.739
368.22
660.436
739.204
768.748
728.37
422.457
305.159
229.612
360.294
709.34
772.817
677.609
736.118
383.673
256.214
193.124
414.646
622.135
765.529
683.488
720.782
542.253
357.94
267.313
311.84
634.284
742.255
453.273
558.527
384.45
329.265
217.56
355.902
421.723
564.277
533.196
571.855
342.114
234.606
256.615
398.475
503.717
589.984
448.732
578.316
366.646
207.406
144.969
201.501
404.148
579.984
558.677
662.975
452.975
239.623
257.663
295.603
501.448
675.415
487.773
723.015
581.945
420.283
288.503
315.917
435.12
711.111
410.843
521.489
398.33
523.178
319.023
385.102
384.601
524.682
276.826
229.321
310.676
721.767
554.878
356.198
287.48
237.512
252.202
199.927
310.719
593.076
738.85
451.367
275.186
197.85
221.523
424.241
475.016
367.218
437.282
511.35
241.888
367.063
375.778
415.034
354.209
294.666
331.54
445.93
393.401
415.227
520.114
322.349
256.25
240.385
291.819
542.035
555.269
322.698
462.281
309.212
375.303
448.61
421.79
393.991
469.111
325.281
810.148
357.028
345.887
244.968
346.69
723.373
859.012
412.508
895.348
492.799
230.785
207.146
390.089
855.392
961.428
548.515
935.198
378.273
253.538
219.296
296.419
703.697
983.916
455.067
651.944
505.535
235.066
195.395
340.17
626.454
650.409
573.375
814.737
790.024
402.939
156.911
197.857
391.541
750.974
832.599
787.214
719.567
344.747
193.794
152.11
262.936
719.397
785.698
773.333
755.015
382.866
212.96
197.131
350.36
708.943
798.25
832.267
690.022
307.586
166.394
198.683
294.196
765.567
749.2
807.471
808.165
379.442
185.936
257.228
494.187
740.708
852.324
806.36
705.76
368.937
194.373
181.495
283.576
744.206
769.935
583.942
547.781
344.813
238.311
243.302
269.054
542.912
575.517
691.412
526.724
293.017
317.247
241.697
335.408
672.022
573.479
385.099
352.347
276.823
207.837
254.441
251.464
369.187
363.903
567.383
422.508
217.618
168.446
184.401
242.75
537.88
471.826
353.347
444.51
420.445
378.468
304.291
274.46
328.392
444.472
376.396
466.533
317.598
404.194
360.509
295.251
345.125
470.367
352.434
208.528
274.369
384.848
569.69
505.959
380.223
219.104
477.075
275.986
226.02
239.049
381.767
439.357
493.138
312.286
574.831
305.697
191.082
299.326
350.565
398.108
589.502
358.246
815.81
372.191
268.15
229.099
432.944
725.739
863.86
435.124
636.933
502.628
235.715
262.189
351.76
509.409
619.76
563.3
754.004
369.167
157.563
156.645
288.987
635.143
784.592
431.238
826.612
376.446
178.218
192.291
319.362
672.737
857.974
452.169
1108.71
441.435
175.239
104.924
231.334
690.679
1135.69
542.118
783.105
713.39
318.33
128.602
164.684
331.717
719.975
762.952
962.903
693.762
272.275
332.642
217.782
364.143
910.45
788.269
959.846
629.477
325.889
388.39
282.364
417.135
931.045
722.31
759.993
565.889
297.057
332.204
239.032
301.719
722.149
632.802
852.523
576.439
177.579
173.221
235.404
363.054
809.041
668.328
671.58
544.851
314.671
214.423
230.522
256.339
626.674
601.235
829.842
465.585
317.637
315.829
201.985
338.408
809.139
543.912
516.177
413.901
262.5
275.004
275.334
326.889
493.974
454.445
556.78
366.338
189.715
269.762
221.09
304.766
536.138
422.105
778.922
493.47
235.789
163.052
150.277
331.679
749.518
568.706
427.549
414.358
298.264
347.345
328.218
305.185
413.752
447.803
376.506
285.753
218.589
299.939
428.032
470.049
405.324
290.375
310.753
267.253
426.044
537.641
380.716
312.851
317.142
272.373
340.574
214.312
326.741
509.565
342.133
240.52
348.839
217.342
690.756
440.932
252.719
230.785
256.083
503.087
705.035
476.166
652.866
317.702
252.79
298.425
270.059
492.398
682.434
354.245
652.229
272.863
166.194
196.288
242.024
517.393
676.489
328.602
887.022
391.072
200.031
225.723
198.291
484.403
895.999
479.624
805.455
413.103
175.871
160.714
254.825
568.363
819.783
493.796
984.436
464.569
210.728
212.009
280.858
516.694
976.999
572.584
770.934
616.918
312.292
188.42
154.06
321.095
732.831
669.108
801.266
629.597
373.837
277.004
201.645
308.59
757.663
687.656
542.958
353.297
223.109
229.621
192.063
419.949
559.81
382.631
455.924
483.032
330.98
288.234
349.486
246.138
420.637
495.323
441.597
452.843
311.646
227.118
301.093
264.311
411.869
467.928
723.274
513.251
588.368
452.123
449.012
517.639
742.346
539.931
739.295
394.633
181.016
182.905
183.606
299.667
719.741
475.268
505.8
436.814
285.185
287.596
169.149
209.122
473.404
459.26
622.945
458.356
193.515
264.821
253.715
311.963
588.844
519.678
547.173
249.234
196.735
368.461
250.344
259.004
539.132
302.989
420.295
243.232
337.968
354.315
409.891
330.015
431.552
248.232
297.173
235.617
233.784
300.313
300.68
354.633
322.194
239.834
671.215
359.747
185.071
241.887
276.754
424.941
670.671
425.699
831.254
464.077
252.973
306.475
269.284
421.832
823.707
544.978
637.953
291.462
151.847
225.561
248.989
379.913
646.409
358.233
585.75
234.402
108.773
202.767
164.266
398.958
608.545
292.612
654.216
301.551
141.745
180.228
202.821
461.463
686.786
357.316
812.217
355.307
189.647
182.717
270.017
643.143
864.354
417.73
1215.05
510.521
216.453
203.302
249.046
686.497
1234.18
648.359
1021.26
452.566
279.967
605.58
559.279
696.727
1059.59
552.754
834.698
622.25
302.747
281.242
161.781
345.068
795.373
694.185
1019.4
750.979
319.216
169.489
161.536
390.501
966.763
844.334
927.604
590.78
295.381
465.683
233.388
422.717
905.421
682.076
687.622
474.097
277.922
185.81
186.49
330.549
665.673
533.105
642.775
480.311
170.745
218.337
186.891
260.631
597.755
549.17
795.535
372.906
236.335
549.744
330.052
327.427
786.884
463.631
651.76
418.94
324.368
312.041
315.484
263.497
626.26
482.102
875.238
456.558
210.615
236.612
179.147
297.202
843.722
557.47
503.321
412.452
306.543
284.942
278.347
328.074
502.531
431.936
800.546
541.1
252.607
225.945
248.253
371.22
770.508
620.634
532.193
355.756
230.22
381.877
226.306
273.146
514.667
403.283
822.089
397.496
202.425
289.085
297.359
554.388
837.714
483.55
714.922
355.027
280.711
383.656
265.241
530.132
737.351
402.084
801.114
423.363
120.881
136.12
221.045
473.313
801.24
509.096
557.455
302.146
186.545
290.558
249.562
449.282
580.077
332.555
743.893
308.754
157.015
282.775
202.071
389.608
751.198
388.968
855.362
371.399
144.754
150.872
169.003
417.161
856.543
467.966
953.272
404.151
244.232
154.973
266.896
644.653
982.068
495.425
921.215
422.94
152.359
178.332
221.93
632.096
960.039
509.835
868.968
339.36
274.926
262.358
347.22
632.022
896.474
422.849
799.302
502.392
250.162
271.138
226.372
326.176
769.671
579.951
672.748
479.343
247.248
229.498
238.046
300.479
643.753
533.457
910.108
671.396
296.324
255.439
191.364
347.119
856.822
745.012
701.777
472.615
221.832
338.561
200.876
312.461
673.323
545.15
850.059
399.908
179.58
308.472
290.164
295.62
824.881
504.478
589.051
310.995
241.038
251.572
214.182
314.977
591.207
353.551
615.971
314.173
238.468
314.585
255.673
333.304
615.341
377.895
812.894
369.96
239.391
261.221
208.627
329.781
797.995
462.187
694.207
383.435
209.158
221.586
216.972
324.713
681.306
453.098
650.87
300.839
292.241
405.345
317.587
502.785
677.977
359.38
472.675
359.05
395.892
283.357
372.42
661.713
525.285
351.034
534.443
365.258
188.018
188.81
219.463
461.53
560.76
393.798
369.457
367.419
292.453
249.837
269.279
316.887
382.907
363.488
401.724
301.832
227.282
329.829
256.082
366.004
408.785
327.043
347.669
281.561
225.864
217.885
271.35
305.927
343.103
291.466
720.668
348.691
131.148
271.835
221.693
339.406
711.01
428.204
751.449
344.786
146.575
141.418
182.95
491.384
777.21
415.07
975.028
417.793
172.36
289.508
249.329
467.251
969.971
531.49
931.824
420.11
179.493
199.646
231.036
480.186
928.057
523.163
805.323
425.144
211.539
195.867
192.206
461.882
816.999
496.336
491.122
400.568
201.08
203.478
152.115
192.797
458.565
441.946
818.27
539.685
242.673
164.722
168.047
322.443
783.336
615.456
575.473
452.228
248.191
309.795
187.261
233.918
536.012
502.456
750.245
475.649
219.629
223.862
192.934
226.774
703.384
560.386
714.238
328.121
263.835
318.22
303.893
316.6
697.503
413.513
732.654
429.157
255.653
270.247
211.804
288.384
704.707
500.823
524.752
358.898
258.07
436.381
417.855
290.102
501.156
406.388
599.48
333.827
214.999
317.294
285.155
388.613
613.116
381.062
588.026
265.386
166.77
376.14
241.975
291.389
593.248
321.323
852.805
428.286
213.323
327.276
240.856
344.813
834.033
517.655
710.239
392.708
221.219
270.933
327.12
464.375
702.999
459.602
338.95
276.026
474.579
496.263
648.42
597.535
380.454
273.933
242.762
275.062
359.738
223.687
389.675
377.87
236.58
269.892
240.533
237.769
274.196
447.876
340.561
218.107
247.241
239.275
330.929
239.928
150.282
129.166
194.97
311.155
335.178
252.275
438.169
333.916
244.242
285.249
299.389
315.803
415.208
375.393
644.548
387.315
180.923
300.064
248.535
315.409
628.083
455.353
860.856
348.648
268.091
373.364
318.582
459.217
866.408
443.097
966.235
454.309
217.605
234.997
246.311
606.809
990.254
541.024
828.381
444.566
189.416
241.982
273.224
470.284
830.786
527.043
964.048
609.239
229.455
267.196
186.957
403.723
932.402
707.81
1009.65
615.091
233.36
185.584
196.32
468.275
985.582
717.504
913.59
623.354
339.683
289.497
247.912
434.207
876.167
711.282
649.044
442.318
351.232
394.773
343.131
278.931
623.518
497.535
753.001
448.865
245.147
360.303
378.734
281.22
719.132
526.122
691.356
363.035
119.859
195.153
222.574
377.161
689.354
437.634
687.747
361.604
169.014
262.468
266.746
327.856
679.4
427.99
681.934
425.783
157.736
242.309
286.598
358.784
666.567
496.96
592.279
216.653
246.94
432.673
290.576
387.371
611.544
277.505
756.79
386.781
296.621
281.904
296.665
505.032
782.182
448.904
458.13
335.264
224.256
173.372
457.88
735.38
518.5
346.285
354.299
236.037
242.538
216.785
330.487
409.289
379.596
237.854
325.079
239.853
260.347
385.163
255.254
203.12
307.773
259.162
304.137
279.038
307.671
485.05
379.045
383.221
330.582
271.219
510.605
489.933
315.508
212.383
188.614
262.807
484.964
510.611
628.535
511.69
305.38
398.555
343.234
282.678
588.271
562.495
665.045
456.812
239.992
293.123
283.148
467.59
657.229
514.437
811.722
364.974
194.397
311.1
388.378
559.881
831.166
453.866
990.391
588.293
223.182
295.951
320.258
518.791
971.136
692.246
1001.25
425.942
234.78
208.013
267.596
629.706
1019.99
530.102
599.277
418.096
217.509
293.064
253.765
311.494
578.872
465.822
456.105
345.601
253.975
449.912
243.954
241.753
439.802
378.98
711.277
363.79
282.187
351.905
234.923
523.08
742.324
419.809
668.378
399.626
226.242
287.538
279.701
339.672
652.241
467.621
632.579
444.085
242.877
252.492
232.676
309.077
605.183
496.82
639.977
447.742
231.498
306.982
234.407
283.268
604.41
513.037
496.658
287.137
222.276
259.02
221.475
377.402
510.134
324.506
765.902
428.174
281.099
354.522
221.503
382.436
754.123
508.976
959.103
578.676
185.522
276.159
241.68
437.917
934.752
679.647
454.927
256.801
199.396
190.423
286.775
387.95
469.788
292.221
305.319
379.648
309.678
382.256
392.058
398.083
309.941
372.791
352.597
174.182
346.464
646.319
466.682
252.599
357.07
198.11
270.3
225.52
466.88
538.684
480.009
219.899
262.86
218.944
336.509
289.594
413.194
465.893
311.769
289.415
330.745
297.649
398.064
609.238
488.011
303.438
427.01
404.461
369.11
582.846
809.57
589.402
246.091
280.678
224.282
399.136
769.993
668.61
477.258
257.594
182.6
242.514
205.513
264.416
461.861
298.043
639
492.745
268.865
213.762
330.046
455.13
602.905
551.524
577.36
282.467
175.701
226.887
318.711
526.146
615.922
327.637
1046.96
495.459
174.607
160.213
211.348
641.865
1070.84
591.292
484.335
330.161
246.74
238.83
167.075
293.393
484.438
356.31
585.867
577.6
362.903
315.169
238.492
389.948
561.591
606.669
920.101
446.807
231.531
290.846
203.355
328.911
891.768
561.27
834.261
510.355
214.219
210.239
220.386
408.234
812.615
597.641
827.563
577.836
312.918
225.352
239.848
355.711
791.14
656.356
638.257
502.649
335.604
299.767
217.518
301.77
595.154
564.697
347.111
280.629
370.278
462.494
249.239
233.085
340.394
288.217
605.074
309.067
221.906
416.797
460.173
512.003
619.29
352.927
647.262
409.614
252.799
264.823
217.711
491.804
676.577
429.59
705.636
339.678
229.333
337.997
306.499
403.04
719.458
402.37
561.327
277.455
217.982
221.762
269.406
562.235
597.605
311.418
492.388
306.429
239.309
353.586
318.133
528.244
516.22
335.744
164.189
159.112
354.227
669.621
417.588
193.898
165.346
144.777
263.031
193.328
284.826
236.724
275.075
329.494
278.404
181.881
289.167
323.076
313.667
290.581
205.341
185.012
271.751
319.583
637.233
467.875
213.674
393.954
450.17
389.326
606.151
530.6
669.596
411.888
275.834
439.387
317.945
302.798
648.057
477.776
506.972
350.318
184.657
331.722
372.236
462.304
534.313
379.817
741.566
435.795
196.804
352.615
270.356
326.237
716.857
514.938
1163.99
545.344
184.217
157.746
194.035
439.58
1137.8
688.936
811.691
508.012
216.261
199.444
152.339
340.013
786.474
592.747
582.894
453.597
242.606
376.75
231.978
315.325
543.214
513.57
871.14
437.456
227.635
195.105
189.497
302.071
835.301
547.625
609.007
330.672
271.229
387.089
246.446
301.346
609.698
374.259
628.214
372.773
259.417
289.667
221.283
357.691
633.637
415.037
704.8
399.552
229.433
215.798
249.404
339.085
685.19
477.18
591.868
265.555
168.429
252.81
213.086
319.852
594.912
320.606
394.228
220.086
229.202
339.329
325.466
319.964
402.977
252.61
500.623
230.647
185.99
259.807
250.736
396.96
519.977
278.959
485.977
245.014
173.685
222.987
248.304
375.574
501.338
290.73
381.514
231.414
218.377
333.297
322.487
333.361
393.71
250.038
339.725
275.371
355.037
430.14
478.556
488.117
372.712
283.397
222.38
234.668
303.264
500.458
352.839
231.886
212.082
234.21
218.48
287.93
499.185
593.265
289.73
193.167
206.289
274.157
297.923
265.821
363.955
369.627
253.084
251.863
304.918
263.599
503.626
336.117
243.252
210.158
192.931
254.462
495.496
376.453
477.513
367.818
288.801
310.034
263.588
188.513
448.048
404.615
549.357
472.973
198.761
206.402
230.895
273.784
509.857
523.445
313.855
338.442
240.991
281.789
277.349
297.631
310.662
343.679
999.372
448.343
122.413
211.226
216.527
363.443
981.028
572.287
796.897
522.984
162.668
220.779
167.194
351.391
768.01
605.344
389.621
363.777
333.772
264.482
254.369
222.198
366.137
380.318
827.42
507.55
301.618
436.041
227.317
294.107
784.268
599.735
631.395
367.253
151.106
176.172
141.637
278.098
612.112
437.443
562.597
329.46
249.78
397.209
339.418
294.054
554.84
382.207
646.336
345.066
273.712
388.94
309.604
364.162
649.347
402.252
661.429
390.588
313.646
380.114
376.903
475.83
676.913
425.318
455.518
282.2
287.243
288.639
377.994
384.958
463.449
309.107
264.649
295.097
320.414
489.59
380.194
325.964
276.325
284.767
341.902
213.606
243.675
212.316
249.921
358.13
359.999
226.641
645.307
369.342
278.788
264.851
266.463
473.15
665.804
407.641
454.858
282.183
164.634
253.231
338.784
561.139
500.009
293.623
241.472
252.885
403.737
461.145
279.33
176.344
234.304
248.106
288.646
264.966
346.467
524.793
368.882
263.974
287.197
267.036
444.101
613.125
328.417
110.806
170.203
381.997
419.113
610.146
598.479
520.777
370.811
415.63
292.813
319.622
556.852
559.714
344.709
270.059
187.108
191.635
164.618
205.391
333.387
292.013
248.2
281.265
181.415
148.419
163.438
257.703
244.93
286.22
649.84
324.72
185.34
191.945
248.899
275.39
634.076
392.322
602.632
395.381
148.667
124.141
102.03
270.247
581.727
457.393
