340.899
417.459
312.659
141.765
186.958
242.496
324.094
414.795
360.972
473.266
411.468
209.361
211.706
262.56
334.621
459.482
260.1
583.493
584.684
285.722
351.822
418.763
245.754
520.357
232.541
522.623
651.877
433.566
334.761
310.063
218.198
455.408
268.023
504.605
662.885
447.51
377.494
232.094
246.374
452.202
284.902
485.282
650.566
489.309
310.84
280.95
266.179
444.862
142.612
241.361
549.963
536.47
313.393
235.572
141.79
199.083
217.722
215.288
377.387
534.894
399.854
248.847
233.194
205.526
298.648
192.125
303.879
509.169
372.805
253.405
306.747
194.196
177.283
172.923
325.222
633.251
428.122
193.975
178.942
172.404
248.953
223.662
341.436
629.408
649.052
350.199
255.059
225.023
178.977
191.666
295.023
688.244
708.526
472.727
204.105
178.219
210.53
216.311
277.203
581.078
589.761
434.534
232.57
209.901
323.76
168.293
298.943
483.73
699.707
531.806
356.092
177.917
462.123
293.138
328.677
325.422
501.506
554.058
493.165
302.652
540.301
346.635
273.071
280.895
409.017
373.453
529.734
391.506
541.588
425.538
288.913
270.613
554.694
807.865
605.744
435.596
674.753
420.123
288.831
202.626
501.068
873.796
745.037
428.687
632.544
401.656
256.53
197.625
468.297
859.74
705.317
405.686
640.786
321.084
215.631
192.19
388.68
670.143
699.49
365.686
341.368
449.413
378.686
221.73
210.974
227.607
314.652
438.075
367.616
546.872
427.061
262.39
175.752
338.866
350.369
533.396
331.094
533.746
493.144
229.613
233.252
280.899
332.083
500.676
300.707
515.468
557.776
374.514
355.532
258.706
268.759
477.416
259.349
482.313
580.253
374.834
252.913
264.414
229.114
436.506
275.303
388.008
494.231
425.278
253.486
226.834
255.854
368.273
244.373
273.247
517.552
489.304
339.73
284.543
249.992
245.072
199.488
320.484
487.07
557.284
259.107
185.194
193.358
299.85
269.739
196.343
275.415
578.923
343.326
123.784
256.708
212.756
323.699
182.685
280.339
580.747
439.201
223.565
314.85
209.386
219.356
202.24
355.459
701.911
757.775
414.986
237.69
195.034
221.368
237.788
304.156
670.783
703.859
398.317
232.741
231.497
370.301
280.975
264.323
446.623
658.998
565.318
401.427
288.111
415.506
273.783
231.038
373.717
470.338
477.341
442.435
289.585
541.232
323.762
188.384
328.669
526.173
639.637
582.365
347.941
629.746
309.348
262.799
290.535
543.458
722.68
675.799
342.376
599.086
357.061
238.61
244.991
383.177
653.395
646.1
382.036
723.203
336.17
239.434
185.096
409.041
732.021
782.301
382.013
759.633
463.751
193.143
149.918
377.55
849.462
837.015
513.586
893.603
419.648
179.362
150.241
288.606
718.747
936.894
497.062
465.966
558.667
329.712
143.563
150.182
246.217
427.541
571.815
387.852
575.937
408.383
263.851
247.054
268.297
351.827
564.508
253.243
362.34
321.72
202.969
233.83
263.44
253.815
345.84
279.596
499.759
463.081
262.425
153.388
200.139
245.815
474.946
265.143
384.69
458.87
333.85
295.056
250.625
257.887
359.665
287.622
365.381
445.647
353.798
179.353
183.746
272.862
342.652
342.016
384.92
573.269
391.509
284.974
267.7
351.576
361.018
309.16
262.365
522.464
594.779
452.488
297.059
311.875
242.077
203.289
197.333
397.511
762.239
443.92
156.361
191.593
199.481
177.977
111.055
266.969
687.538
434.905
168.916
182.286
114.866
353.9
202.329
286.627
502.521
711.043
552.181
381.346
204.19
304.589
207.802
325.898
505.93
576.542
402.9
320.227
211.218
331.272
227.649
317.206
481.121
773.245
585.682
358.294
248.701
296.395
244.989
333.672
431.91
667.305
671.589
338.508
221.565
413.296
294.492
293.828
315.99
520.633
594.165
452.879
303.371
576.196
352.357
333.259
321.38
521.501
701.162
623.743
372.121
689.931
404.543
275.24
282.778
470.637
754.129
740.746
440.776
751.067
354.546
282.462
228.199
468.745
770.291
808.262
396.054
794.951
429.108
272.716
174.132
368.522
828.738
853.262
441.929
881.759
370.135
196.877
121.004
256.154
714.895
924.71
423.848
450.955
563.068
290.496
130.285
113.064
221.63
399.519
573.375
462.337
573.786
404.132
237.702
227.906
251.533
410.046
584.422
329.002
439.543
361.018
276.987
219.512
211.988
303.778
433.166
358.902
457.804
355.71
172.404
171.285
233.236
329.964
457.224
319.82
424.192
451.479
366.34
369.018
261.403
309.243
408.031
375.052
403.205
433.663
323.523
266.464
220.83
373.803
395.277
278.64
376.501
470.317
423.022
376.992
328.309
270.694
353.872
285.977
288.693
439.423
392.095
376.414
262.214
298.173
276.308
643.573
467.879
496.006
756.721
352.597
251.047
609.544
525.309
199.083
172.11
345.654
648.622
393.09
184.311
196.824
171.47
167.069
138.87
273.187
622.472
682.891
369.866
178.025
140.524
419.55
290.76
304.144
406.374
477.356
445.071
443.455
305.065
348.517
274.215
178.556
377.647
619.402
605.135
363.328
285.759
456.238
301.318
327.017
427.647
646.08
756.291
518.046
312.468
522.962
358.024
293.304
326.004
574.197
715.734
572.977
376.691
569.061
326.871
311.388
283.62
566.553
710.426
601.666
342.424
659.563
488.373
302.459
196.973
472.756
824.039
720.068
501.845
723.373
386.33
269.621
255.748
304.911
657.72
755.875
427.511
712.359
376.297
244.138
247.876
363.34
737.039
777.202
418.7
710.205
490.404
223.371
192.003
240.591
636.695
755.667
545.799
580.861
416.569
176.494
208.173
184.289
258.062
540.193
474.139
589.885
358.843
164.695
152.03
148.84
303.29
578.702
413.247
489.997
555.782
352.266
199.496
154.223
247.091
441.269
576.287
518.438
547.96
378.971
218.419
230.711
274.968
474.588
568.851
413.297
538.238
349.865
218.399
266.991
336.901
371.667
536.477
352.414
526.166
451.929
397.742
226.778
276.098
332.879
507.288
466.884
389.61
367.605
352.352
287.142
332.891
478.417
387.965
285.474
293.846
432.13
409.569
356.641
201.783
277.719
275.445
656.833
457.884
411.983
427.819
290.423
247.187
617.723
519.934
213.214
179.577
375.636
742.545
374.435
182.521
216.013
172.608
214.297
187.406
337.469
704.097
639.223
253.737
212.236
184.812
299.131
209.27
356.88
456.267
536.786
444.105
328.697
209.343
454.383
240.014
257.319
328.725
542.727
626.097
495.746
263.743
530.995
272.585
220.792
250.817
483.391
619.031
565.684
304.671
575.779
313.315
262.18
247.027
518.325
742.199
634.831
333.419
551.35
325.457
248.348
194.833
426.873
725.343
609.424
339.501
626.333
343.426
192.425
180.272
334.334
634.656
681.676
383.185
831.289
496.268
247.584
204.229
409.159
835.073
885.188
523.332
797.995
345.706
154.703
151.947
328.348
685.278
852.231
412.691
798.711
390.523
189.601
124.03
291.701
710.898
858.734
446.171
687.855
594.088
238.623
192.782
115.375
251.419
633.789
656.668
576.316
572.517
316.539
208.196
136.089
285.611
532.92
598.142
445.18
547.823
374.527
292.603
234.61
240.113
402.181
552.94
543.955
425.481
286.083
235.608
150.327
263.204
522.15
462.604
580.186
449.996
336.574
315.676
210.726
290.56
554.205
482.482
341.603
397.749
318.247
252.27
229.638
301.714
336.724
391.345
522.813
639.615
384.199
258.781
198.703
325.544
473.347
650.479
268.802
305.395
289.805
319.6
231.993
219.795
270.867
300.85
702.661
434.943
208.459
190.25
194.27
291.419
677.134
503.977
147.144
137.111
409.806
763.633
491.114
187.292
144.375
131.091
151.841
161.185
354.844
682.222
512.643
257.146
168.752
141.826
382.34
246.795
250.292
382.535
317.991
276.532
388.651
253.068
414.695
282.301
226.446
280.993
385.866
496.716
435.902
302.748
528.397
399.136
367.224
374.137
557.671
632.845
566.262
411.708
555.896
496.337
409.189
457.567
677.398
749.048
593.881
516.165
547.133
324.345
217.686
218.018
333.268
528.33
571.469
355.878
757.612
397.903
235.645
264.885
432.775
773.551
805.657
445.531
797.981
431.745
264.758
237.884
399.21
834.901
863.04
469.751
848.133
385.582
287.387
159.799
332.436
756.226
914.281
442.913
897.207
453.89
217.904
125.369
319.79
781.378
942.302
529.108
477.886
330.77
188.072
199.049
173.97
263.79
460.922
376.025
694.294
517.23
246.192
322.774
223.79
262.514
642.679
577.729
901.405
693.832
360.4
211.807
218.384
326.744
837.03
760.834
818.411
453.581
236.692
274.289
225.236
305.764
787.252
538.531
545.474
475.957
267.317
361.496
204.379
252.293
500.093
526.418
526.804
389.196
231.373
327.574
287.352
176.136
489.027
430.01
424.637
356.63
249.063
271.245
205.287
248.644
402.625
391.089
259.682
254.729
171.953
402.105
411.439
306.711
257.203
267.569
646.048
376.38
205.834
268.991
233.858
280.282
630.235
438.865
400.824
183.17
238.318
331.733
201.687
183.384
399.59
223.912
256.487
192.864
241.517
383.632
348.503
230.767
252.806
203.698
240.506
142.778
197.562
332.608
273.749
158.292
236.632
161.977
369.464
228.462
186.901
238.931
398.791
505.04
400.821
241.352
644.992
311.744
221.583
248.129
478.369
759.972
704.055
357.507
752.711
383.609
261.482
223.084
435.832
691.229
798.852
445.074
763.198
396.962
215.159
224.659
436.789
743.619
809.528
455.392
806.202
517.063
306.982
261.215
453.259
855.761
866.216
542.869
837.19
517.679
164.28
120.51
252.342
758.53
905.473
579.63
770.271
400.061
188.089
210.31
253.563
638.958
826.147
459.704
879.643
446.071
208.848
167.481
336.907
770.695
932.14
498.628
749.215
446.468
134.892
151.245
160.076
252.879
707.154
534.39
854.596
625.166
284.906
277.538
201.725
256.628
799.303
704.293
609.419
417.427
213.768
301.641
200.317
257.135
583.367
472.29
587.139
400.648
180.268
150.065
137.881
234.658
559.992
460.069
551.216
378.96
171.628
135.243
126.826
266.634
521.628
436.07
506.101
246.607
271.88
318.096
250.164
383.462
517.517
286.1
351.496
447.964
326.212
279.433
303.789
309.031
324.454
446.782
322.2
193.719
244.148
322.567
271.564
323.467
328.16
204.012
564.839
390.931
197.259
249.179
232.866
310.021
542.987
437.474
185.864
302.874
471.123
444.029
213.49
149.165
177.011
277.039
199.534
171.58
329.425
673.883
484.186
237.001
205.217
171.747
239.248
209.554
282.1
550.874
515.632
294.45
252.29
215.066
373.063
287.972
243.957
333.31
313.312
391.191
395.444
289.153
533.063
256.396
143.816
287.544
377.496
490.564
556.087
308.583
701.357
366.636
237.2
221.487
393.892
666.68
725.063
415.725
780.914
343.755
152.022
187.743
360.122
672.582
817.688
419.901
693.767
379.726
223.037
209.283
368.449
708.557
739.41
426.189
787.994
343.556
195.188
288.154
343.677
716.841
837.882
392.243
738.002
421.34
190.339
148.541
238.919
667.038
796.603
469.462
835.613
375.753
192.118
148.92
296.031
684.946
874.399
444.832
455.103
400.981
252.385
293.517
243.854
225.244
414.473
442.651
762.38
544.579
241.628
210.798
134.844
256.786
711.845
625.464
934.667
601.572
264.877
288.534
243.367
306.335
882.326
702.083
325.787
322.124
226.778
280.604
325.822
288.887
312.678
324.811
578.797
284.565
190.603
192.887
217.39
249.9
574.547
341.431
371.113
288.78
216.212
307.275
283.746
265.623
366.301
312.644
721.576
456.489
194.348
235.705
163.25
272.1
689.644
532.959
650.373
294.721
149.222
186.228
143.414
295.72
648.494
362.602
660.586
469.376
280.486
235.048
224.81
320.803
644.993
516.058
253.25
141.032
150.617
379.953
266.994
177.874
254.487
161.903
249.307
186.94
235.77
379.434
378.655
269.165
246.646
196.571
317.956
206.311
219.911
308.286
331.958
260.355
322.96
216.592
635.66
301.104
202.093
210.022
429.297
710.064
691.855
339.956
458.026
278.674
218.355
306.99
436.493
461.249
472.16
312.237
700.941
333.723
208.185
277.305
380.487
643.683
751.297
388.611
936.562
445.481
185.218
150.417
351.829
733.211
983.128
525.779
887.036
418.032
226.702
195.531
354.594
750.875
932.096
486.322
574.18
384.458
157.806
186.051
180.655
315.317
540.498
445.076
910.125
457.694
259.809
288.043
265.283
437.827
881.781
557.863
928.884
432.767
149.112
149.541
216.252
644.393
970.575
517.796
547.908
441.514
225.757
224.296
175.919
228.743
509.706
488.421
991.462
613.983
243.193
198.643
174.553
291.358
938.335
716.838
794.822
533.911
195.105
191.227
127.337
297.083
757.736
616.296
460.236
371.397
198.97
241.497
184.588
219.33
433.859
404.794
610.98
354.992
190.918
193.479
211.084
362.794
606.321
411.322
529.469
357.692
261.77
378.403
270.697
309.299
519.2
397.77
862.347
476.924
204.722
261.43
228.123
282.059
825.433
570.683
502.588
313.484
152.053
246.103
197.918
274.153
490.692
364.717
439.723
358.873
234.776
311.185
310.872
248.871
423.911
387.098
247.432
269.848
318.665
377.018
279.938
207.277
231.467
276.056
369.34
236.238
219.777
250.656
262.15
323.641
375.011
254.15
269.938
235.416
198.619
352.807
430.554
362.893
282.933
248.261
631.84
344.949
256.009
389.491
345.39
496.59
639.769
399.262
407.05
225.827
148.66
195.707
281.684
422.292
430.637
253.81
518.4
318.367
172.559
143.238
228.001
418.264
537.205
349.769
688.168
544.228
236.272
194.553
356.57
628.329
704.33
575.228
977.369
460.732
230.432
103.911
219.113
628.477
995.838
541.104
1184.57
430.504
146.126
133.37
214.458
596.116
1201.97
566.086
917.558
423.061
181.93
162.072
332.266
800.607
969.925
486.852
1056.07
468.037
183.601
166.929
276.833
717.423
1091.4
564.427
790.129
510.194
204.977
265.176
226.79
325.767
749.095
597.007
774.502
514.798
214.533
209.055
197.551
276.802
731.11
599.118
515.242
429.848
208.468
133.676
153.406
258.293
480.544
466.615
574.849
384.136
230.499
281.267
192.198
206.569
542.421
441.761
443.255
337.946
252.176
361.799
262.487
290.224
433.858
368.569
640.814
360.831
155.357
165.674
188.946
380.829
638.798
425.495
455.985
367.151
176.264
228.125
207
237.249
426.612
411.425
652.69
387.25
276.912
421.345
273.796
269.494
638.41
452.547
578.414
399.131
210.694
228.242
216.357
283.22
554.72
440.715
208.102
211.762
275.292
406.772
220.289
187.551
200.282
214.428
373.649
280.627
325.923
370.548
254.888
344.616
386.352
285.764
317.299
196.755
174.683
238.091
296.487
303.617
322.551
222.497
643.157
314.629
208.016
210.12
419.642
582.801
667.002
363.256
749.142
345.307
167.371
273.44
341.158
641.066
790.7
405.252
848.238
362.496
163.448
154.958
349.679
723.111
894.824
433.797
770.09
427.502
281.303
326.172
312.808
667.838
816.406
448.204
821.006
382.53
337.229
178.515
359.693
745.461
881.75
423.331
875.864
390.36
265.731
311.422
292.622
616.904
916.444
470.262
1043.09
516.429
190.424
215.767
215.872
724.67
1095.49
587.239
964.089
411.564
118.237
120.786
211.274
555.72
968.182
516.259
626.686
342.87
265.515
277.627
210.371
210.701
597.514
417.622
309.095
286.184
267.469
266.462
302.976
347.179
311.229
275.988
521.658
342.521
253.469
181.932
182.195
251.214
507.655
371.93
470.691
347.045
192.71
221.816
190.318
271.766
458.765
379.246
567.985
332.628
219.241
248.743
244.627
382.817
574.773
380.875
577.495
380.049
166.809
145.497
134.996
294.978
562.614
435.736
861.712
393.862
226.757
214.966
183.672
330.676
849.024
494.384
718.793
332.413
180.09
358.125
301.491
329.733
706.884
412.587
491.475
304.869
203.561
307.236
243.353
250.242
480.291
341.381
546.426
279.811
211.902
345.837
250.697
254.731
539.445
334.462
771.531
473.884
162.031
269.517
209.816
333.49
746.506
554.635
564.648
388.736
190.578
215.792
400.38
643.801
612.167
431.02
644.872
285.295
179.868
200.433
346.46
606.258
694.181
333.976
810.413
351.673
244.906
299.881
333.026
594.819
843.785
430.976
990.265
469.765
191.756
250.703
269.725
647.968
1018.21
574.148
1081.07
557.221
163.062
136.86
223.222
629.867
1088.23
672.764
1334.55
580.757
230.995
258.468
224.544
488.518
1312.25
742.421
951.904
400.396
222.937
333.23
262.653
503.755
957.573
507.35
905.566
468.327
179.861
111.161
182.913
584.632
931.486
537.762
904.366
407.156
166.124
135.57
219.804
602.092
930.747
499.803
688.246
427.952
205.313
177.269
171.684
302.861
663.953
500.42
452.588
350.612
208.894
236.935
197.897
266.003
430.312
385.686
437.606
282.097
234.314
368.397
292.269
232.933
425.009
306.324
587.013
376.609
165.633
275.76
187.539
265.217
565.842
436.193
517.799
227.2
265.91
531.639
292.283
295.824
519.889
272.851
764.872
334.749
184.536
281.544
232.848
424.664
783.354
405.585
434.541
219.91
114.231
199.883
211.909
267.901
436.443
265.383
586.351
290.873
166.24
146.931
153.869
361.577
598.234
343.82
466.451
271.112
142.467
169.183
160.608
328.228
473.595
309.958
738.521
350.368
111.722
154.273
166.109
378.039
731.723
435.31
720.013
357.242
168.971
220.608
188.884
455.46
731.833
431.592
644.439
340.743
347.334
377.883
342.768
449.872
651.105
392.092
620.541
354.884
246.186
199.588
238.005
445.896
627.925
404.982
656.769
336.77
281.112
173.376
398.183
608.227
684.059
374.151
796.47
394.895
187.586
156.404
230.553
505.356
797.175
479.18
875.102
441.266
181.755
162.636
225.649
487.823
876.378
529.258
1065.03
458.134
205.909
124.568
163.62
536.623
1073.21
573.796
1139.14
552.125
138.643
144.131
211.752
674.115
1158.75
672.5
929.305
407.737
149.915
218.051
282.477
591.655
945.054
506.68
1015.17
437.104
152.419
80.3869
184.499
614.05
1041.2
533.666
601.502
305.514
165.734
314.094
191.983
261.908
589.87
370.87
465.461
363.016
283.788
383.358
257.578
292.748
452.907
389.006
511.08
376.269
203.885
251.052
224.082
325.211
498.028
412.258
689.605
410.618
222.102
229.433
166.258
398.083
692.109
467.332
705.724
337.423
200.641
205.081
228.112
317.563
701.497
406.827
623.298
253.684
211.5
340.379
294.933
278.839
624.375
323.4
456.023
205.632
158.89
219.14
194.558
245.02
451.262
248.415
542.34
287.471
199.314
178.143
255.8
317.464
543.231
332.423
501.66
309.468
174.713
224.091
210.214
278.364
495.56
355.028
398.533
298.304
206.999
164.54
182.993
242.763
393.065
324.967
634.66
290.172
126.26
186.241
209.786
437.117
648.321
353.239
799.807
379.863
250.922
235.446
244.43
364.897
790.043
468.741
629.679
288.527
192.178
204.44
369.312
628.529
683.268
334.142
493.837
311.362
267.697
320.914
432.187
463.033
488.977
355.704
611.291
458.655
237.156
274.408
295.592
501.105
637.314
486.628
413.173
246.851
146.954
178.363
216.993
300.336
415.635
277.658
924.91
500.394
264.529
169.467
160.82
481.939
926.3
589.581
768.555
416.719
182.033
216.827
229.499
441.452
773.737
486.04
1032.3
450.49
155.09
142.943
210.606
607.045
1045.13
560.182
867.894
459.703
242.955
238.763
200.056
488.254
876.289
546.003
675.651
419.917
186.928
168.253
134.788
313.309
656.717
488.513
545.771
368.141
192.135
261.473
138.203
197.649
519.212
419.609
412.226
333.201
187.407
308.435
202.201
283.473
389.396
373.62
721.384
355.487
165.723
204.552
161.514
324.922
710.41
437.019
498.677
289.755
210.727
253.913
237.911
291.512
487.439
342.709
506.272
218.884
169.665
261.456
275.636
245.821
500.38
270.458
731.226
306.144
152.441
185.199
125.683
352.019
737.932
384.578
738.677
342.506
203.129
179.361
140.288
349.57
737.611
412.644
613.627
333.554
252.031
349.968
305.277
397.093
624.937
388.001
446.706
212.322
122.402
154.787
201.72
365.73
471.015
251.58
661.321
293.084
152.384
229.493
232.859
441.64
683.248
361.574
751.046
380.25
246.637
209.756
359.382
737.106
805.704
432.292
423.218
297.608
426.265
367.532
445.766
386.789
434.348
292.64
500.263
382.157
332.629
456.841
503.049
466.793
515.942
382.34
547.457
399.671
202.544
341.941
292.193
324.577
523.801
451.207
699.254
386.129
156.983
259.311
256.871
354.847
674.923
463.217
1101.6
492.813
188.089
218.189
222.811
449.977
1086.02
626.172
1033.66
411.696
179.663
207.493
267.557
538.988
1037.04
526.486
1044.88
556.643
200.29
226.915
218.751
581.682
1052.45
660.732
1081.17
444.969
154.392
179.965
221.074
542.65
1078.42
576.162
556.713
366.418
240.633
290.191
200.782
256.567
533.163
425.731
505.878
348.425
232.003
336.632
201.947
192.741
476.236
391.169
618.061
261.446
217.548
308.556
219.508
297.361
615.972
330.456
752.99
413.357
175.973
147.156
142.546
383.144
743.968
492.023
486.459
316.808
197.402
165.452
185.902
278.726
481.429
345.058
519.743
252.623
174.349
204.151
168.321
386.617
552.752
279.089
579.925
213.542
152.55
270.121
212.629
329.917
587.122
277.198
523.53
242.458
150.923
110.734
137.193
350.092
544.562
281.551
660.593
291.574
140.064
147.906
139.379
298.165
648.671
367.206
630.871
314.88
113.756
198.012
232.216
404.098
642.631
372.221
609.89
302.5
234.762
239.939
217.097
430.481
630.375
357.844
545.973
359.023
246.926
173.884
194.925
377.714
554.654
385.505
540.716
310.985
181.372
252.866
327.868
524.027
577.458
342.433
626.569
322.66
231.184
362.328
431.822
486.59
635.254
380.036
1010.52
458.863
139.725
240.448
227.347
529.364
1011.77
571.394
651.126
512.325
187.81
135.93
134.432
274.562
609.876
574.771
1101.72
470.113
158.311
166.483
186.541
487.741
1095.33
596.516
1238
585.984
203.732
223.178
203.459
427.531
1206.78
738.486
966.851
530.644
146.211
180.231
186.269
492.343
959.651
633.268
1009.12
463.297
302.947
281.856
285.842
519.883
1002.59
571.996
611.889
328.3
173.77
246.786
164.19
187.48
583.253
401.764
431.869
307.803
250.307
293.644
193.48
247.411
420.914
334.812
734.671
310.922
157.315
236.831
207.163
362.968
733.167
388.768
544.028
291.233
146.878
108.68
168.288
340.512
551.444
338.755
317.486
186.134
166.453
170.877
122.49
170.74
311.378
211.9
552.371
322.066
262.066
335.357
265.744
290.837
547.021
369.747
519.179
290.663
113.386
139.529
149.814
294.382
522.111
345.87
459.311
226.635
169.797
254.975
232.064
249.359
460.296
273.325
640.003
349.428
235.742
176.558
232.687
397.345
652.39
392.641
791.459
374.786
334.132
416.823
316.265
429.271
782.209
453.48
482.916
290.192
135.622
131.997
187.547
377.077
488.484
326.891
623.109
308.22
217.546
197.492
286.384
576.667
666.572
345.396
422.662
342.2
237.994
338.524
345.645
490.106
440.285
363.599
499.509
394.262
209.323
248.09
309.28
447.468
501.854
426.18
781.028
485.338
291.88
267.979
168.409
410.489
771.718
557.142
508.746
446.712
276.875
194.841
162.296
355.407
505.5
466.471
722.093
434.208
201.597
193.043
147.914
278.605
698.034
506.696
970.688
477.018
196.757
168.261
185.679
423.023
952.457
581.404
738.96
409.929
177.329
256.142
209.908
425.504
739.249
477.764
893.335
419.451
149.782
135.737
134.638
516.827
908.318
513.156
374.855
195.684
175.56
184.536
129.871
149.883
362.287
234.591
591.978
248.516
131.477
206.611
173.059
305.161
598.432
314.151
771.722
384.384
288.403
213.913
178.718
333.219
764.63
453.735
667.32
284.193
142.588
103.91
120.855
301.568
663.706
358.102
516.409
266.586
180.125
226.918
168.622
319.671
526.855
312.83
265.744
203.256
228.226
220.963
254.406
212.771
259.511
223.416
796.204
423.44
142.681
158.025
149.89
348.833
781.038
507.021
664.281
353.496
236.869
317.87
282.918
336.589
662.13
419.041
414.051
212.872
130.197
151.426
183.977
396.902
439.429
237.605
551.858
234.481
179.217
206.68
211.661
477.388
590.954
280.631
716.257
276.526
197.392
134.736
212.883
439.274
731.931
351.55
459.647
342.371
247.332
282.264
262.01
296.096
440.045
376.239
333.8
251.46
285.894
353.351
504.407
526.799
366.462
240.558
598.688
291.464
269.938
257.98
400.383
682.467
649.211
320.53
349.452
261.841
328.8
337.028
399.459
434.64
354.447
270.749
407.899
302.185
239.969
358.407
252.784
272.931
409.524
321.975
638.215
527.232
198.594
170.43
180.504
293.378
593.089
589.688
745.285
421.825
224.528
345.896
244.032
362.792
734.423
497.032
819.602
396.52
248.463
204.739
197.453
407
816.76
482.388
899.142
407.979
172.487
203.801
157.653
470.722
902.901
506.787
369.378
203.928
129.379
183.289
163.041
210.041
370.595
235.537
559.142
299.2
140.759
233.124
189.816
278.938
547.316
355.737
501.168
225.161
148.257
190.208
228.952
295.763
502.589
279.96
656.088
270.865
111.87
151.57
170.909
345.73
663.484
343.707
532.697
196.088
107.052
200.48
152.526
252.308
538.957
258.899
509.386
242.354
150.709
140.062
209.772
290.912
514.549
292.373
377.646
145.614
149.778
171.798
159.151
183.713
378.808
177.605
371.397
246.531
185.707
209.63
209.098
240.981
370.592
272.012
471.293
245.874
165.342
309.31
205.854
303.479
481.117
287.037
479.835
259.254
167.712
263.386
206.029
392.2
501.972
291.295
628.469
306.945
162.841
188.888
181.098
434.557
643.034
360.711
488.411
342.54
227.394
237.128
235.623
420.977
500.87
372.962
387.848
236.635
238.588
278.625
423.303
488.29
418.82
250.195
319.99
243.824
308.745
401.273
470.702
397.387
336.388
242.241
292.317
194.528
222.426
441.28
516.994
385.935
303.662
209.769
130.741
172.386
284.162
337.357
218.841
134.575
129.97
156.197
418.13
370.742
215.753
106.455
161.593
172.029
390.205
395.086
834.458
527.46
219.412
118.266
124.001
262.834
789.47
608.756
670.376
367.487
178.19
171.329
160.8
379.536
673.049
428.525
1010.43
536.119
128.639
142.228
122.111
364.507
978.468
653.012
565.307
332.748
248.629
194.135
198.049
237.161
543.049
380.987
584.791
363.709
190.585
209.064
239.197
291.305
570.326
425.358
565.001
338.566
127.086
152.463
176.683
335.067
565.211
384.66
483.769
237.968
187.257
293.587
271.173
252.017
478.085
283.103
606.24
364.39
154.148
138.386
180.211
235.964
581.921
425.692
439.911
202.415
137.81
169.19
96.5184
246.81
447.574
242.569
591.155
328.738
106.798
91.1184
77.4603
220.888
570.224
393.119
713.16
375.881
191.598
178.789
220.586
435.922
715.342
450.934
747.25
339.335
123.837
219.776
193.197
516.44
783.255
409.579
673.311
236.046
147.956
172.867
161.774
370.357
692.245
311.034
392.596
263.123
161.42
253.75
291.429
378.601
429.02
288.663
467.437
273.531
256.314
245.896
290.957
484.373
499.129
301.348
536.053
272.907
232.016
256.115
338.363
595.003
582.641
302.838
586.805
280.827
226.202
228.057
269.945
439.847
600.773
334.514
335.199
318.773
288.462
344.368
344.819
359.46
335.087
328.057
422.436
268.625
229.934
287.314
305.858
304.048
423.015
304.319
461.756
433.191
173.174
155.68
154.013
268.555
424.843
472.987
575.784
384.567
152.325
180.71
110.889
215.328
552.27
442.055
559.204
394.906
225.949
312.359
165.028
169.602
520.133
451.23
648.777
506.013
170.115
186.867
192.949
310.102
603.244
571.432
