251.127
301.706
212.232
99.5712
159.982
172.435
243.43
296.118
349.478
329.15
244.014
115.764
201.828
200.484
346.6
334.899
240.856
394.902
412.18
219.665
189.765
189.181
231.851
358.943
254.701
405.062
425.603
236.816
231.647
274.576
251.772
369.778
274.828
421.86
512.635
261.159
229.56
206.246
271.881
393.616
171.307
410.12
657.864
548.23
331.87
253.004
162.13
349.381
213.843
365.888
618.916
488.962
381.991
346.561
219.901
304.958
122.59
207.312
566.423
686.964
410.305
173.579
118.988
169.459
178.995
332.743
568.529
590.844
336.753
200.13
170.509
296.862
203.998
138.595
475.828
833.12
493.239
193.389
209.913
135.797
132.865
135.572
522.075
873.343
423.596
125.335
127.203
117.671
235.553
162.156
315.568
676.922
521.838
199.917
227.736
175.762
180.614
215.222
304.712
722.754
633.479
309.682
187.004
207.001
279.925
201.283
324.048
648.84
646.277
332.109
286.586
208.753
240.312
302.047
379.248
476.843
675.801
444.241
245.105
271.288
356.906
217.369
318.941
529.53
526.377
549.081
388.426
208.14
343.224
321.137
298.248
270.256
527.079
605.765
360
310.247
508.098
317.348
309.477
352.528
640.295
786.19
570.06
341.023
508.291
431.899
334.467
407.839
727.574
846.154
570.179
442.536
625.181
433.699
262.423
248.758
516.619
815.253
687.901
449.4
238.815
307.15
190.35
94.9454
127.741
203.737
218.185
302.316
247.669
423.781
319.627
120.873
181.345
224.728
225.046
402.071
245.644
281.378
229.68
189.935
159.28
219.98
243.617
270.244
365.588
433.67
388.963
249.477
201.327
259.442
347.927
427.506
320.305
476.025
557.425
373.823
267.997
257.652
294.349
436.333
180.389
398.559
602.807
416.421
348.897
285.244
164.958
345.072
183.099
392.172
635.773
465.709
373.427
205.158
176.937
342.924
223.417
322.349
657.524
747.998
350.25
222.967
212.324
285.014
198.01
266.25
626.93
793.026
388.185
226.197
197.607
232.419
186.212
140.926
379.269
1051.6
652.578
201.098
193.271
140.417
185.372
155.916
500.058
994.667
614.919
162.242
177.104
154.864
76.9893
136.236
409.752
826.42
610.949
172.152
78.0941
115.04
297.099
227.515
237.679
483.733
532.867
397.644
315.586
234.822
218.908
262.043
338.548
673.906
717.337
419.968
237.588
259.758
202.102
216.682
431.255
574.785
781.948
474.06
221.203
203.866
369.123
307.843
303.102
483.755
479.557
422.39
389.372
310.887
381.283
308.712
200.592
347.36
436.696
473.955
400.601
308.391
430.873
312.629
245.576
296.653
438.175
597.374
460.55
340.162
553.64
349.601
224.124
339.462
596.944
772.543
612.119
374.81
621.412
375.623
310.462
185.618
554.756
857.857
693.289
394.834
359.276
422.098
236.125
134.023
211.943
241.749
322.95
434.029
294.094
332.725
185.107
100.115
128.419
194.489
290.686
340.418
391.211
489.358
277.962
100.4
164.753
246.954
358.176
492.501
389.769
596.203
433.866
176.162
199.837
259.698
340.69
584.388
296.426
548.599
507.827
222.009
301.945
318.488
267.768
505.686
314.981
570.44
634.424
399.873
338.579
303.981
296.472
524.002
254.834
426.632
616.41
575.746
372.879
208.523
242.061
389.218
200.687
371.872
634.347
504.88
371.894
266.969
196.001
318.84
214.283
302.133
404.853
387.355
225.374
231.077
208.837
275.705
209.469
177.619
474.442
778.07
443.2
200.669
210.463
169.715
201.596
186.103
473.875
984.851
509.49
168.719
195.997
190.638
259.412
206.772
413.347
911.325
718.957
236.485
247.358
219.555
259.743
195.116
299.834
534.779
591.687
386.319
282.16
199.563
230.575
161.636
325.553
650.434
752.441
420.717
237.785
162.177
336.987
305.148
276.448
461.028
578.987
505.246
360.463
306.42
327.372
256.749
236.811
374.137
631.957
650.7
368.172
256.576
439.19
425.158
329.172
311.987
503.277
646.833
479.468
436.527
465.94
245.489
213.371
291.172
441.719
540.208
499.568
268.044
552.873
312.567
288.116
245.511
540.574
758.036
613.276
339.857
525.185
420.472
264.385
244.788
467.655
811.057
591.067
425.974
234.403
332.399
187.991
101.235
169.249
221.27
215.765
326.758
282.809
344.034
213.401
102.208
167.266
208.822
265.34
350.613
395.885
531.657
364.84
262.468
226.372
234.082
360.487
531.258
369.737
550.89
401.189
169.93
184.012
239.148
326.715
538.588
419.101
447.605
429.848
230.231
223.334
241.923
396.082
433.948
279.994
424.087
420.912
367.982
286.43
216.925
266.717
400.613
263.112
303.158
426.747
328.069
256.089
256.492
266.466
287.276
286.846
319.478
515.974
406.628
261.234
219.924
287.423
292.765
239.046
273.805
545.446
513.229
371.989
268.368
235.812
238.083
173.469
239.468
529.002
789.404
361.146
148.342
177.318
212.422
225.994
123.574
357.286
889.004
495.646
166.03
227.217
134.174
183.731
229.303
339.817
764.201
615.22
238.306
168.25
230.938
225.622
246.033
298.684
401.559
482.012
344.75
223.977
251.967
246.793
173.336
326.311
510.429
821.55
548.314
277.441
184.281
329.402
240.648
252.644
448.284
541.412
497.316
356.389
243.087
399.346
289.932
312.188
429.894
612.427
565.906
431.663
304.668
430.267
239.431
281.482
263.839
483.592
618.581
475.416
254.549
561.319
350.164
277.14
297.358
550.839
747.506
615.795
367.856
732.042
397.839
241.042
182.084
400.937
764.925
783.393
421.756
755.07
350.305
247.243
221.352
379.847
735.538
821.303
404.04
347.178
253.964
150.152
165.771
168.337
254.176
352.545
270.862
492.937
545.402
277.012
136.116
164.21
239.968
444.948
577.366
569.019
583.473
279.147
91.4708
200.616
295.911
514.128
617.895
415.024
597.653
381.526
162.939
191.571
299.21
369.325
592.018
354.068
399.096
387.751
291.502
288.124
296.66
352.303
386.92
294.571
429.697
380.742
202.914
214.321
264.657
282.246
403.366
201.909
393.07
472.495
347.483
242.418
279.515
195.236
352.748
377.279
356.772
566.861
437.28
297.969
345.518
390.466
327.946
449.487
320.739
412.796
526.978
323.193
380.332
460.033
333.899
404.632
358.096
528.242
686.195
379.651
292.75
402.495
366.423
558.412
396.218
386.593
547.773
319.305
259.353
543.449
430.925
254.535
145.118
234.475
540.595
316.114
184.823
263.406
160.765
316.523
270.52
305.489
481.185
476.455
404.859
330.786
279.021
249.317
238.656
247.664
642.628
744.877
500.073
264.361
246.124
340.329
336.967
291.543
389.714
621.404
632.155
372.051
321.553
498.532
404.702
381.504
362.583
588.596
664.816
535.347
410.515
594.463
362.32
391.014
392.296
572.634
720.903
640.579
384.556
583.22
324.497
293.115
333.651
546.185
734.673
637.449
348.467
664.203
443.807
278.662
265.323
459.859
761.585
715.726
467.078
808.361
486.95
247.57
210.956
419.981
833.164
865.824
525.677
465.728
453.419
157.672
98.456
109.269
270.443
436.214
493.871
550.336
508.894
243.693
167.603
149.072
196.799
501.063
552.042
539.015
519.44
218.359
119.437
135.544
264.367
495.288
562.768
433.407
509.717
247.277
156.513
113.646
235.405
388.934
533.714
406.425
508.681
320.467
159.579
199.273
347.181
386.663
509.577
561.604
613.817
320.652
243.54
214.026
292.945
509.832
636.233
290.63
520.687
499.776
352.03
269.256
227.188
261.736
486.772
281.696
456.352
615.814
405.057
317.416
247.058
259.743
409.568
385.884
354.271
433.803
545.432
354.186
349.019
403.087
350.821
360.059
389.512
706.63
513.067
394.76
224.928
348.579
349.226
623.234
391.801
379.911
427.582
334.496
228.136
593.798
445.332
202.279
184.145
254.816
439.334
321.979
191.714
204.577
179.321
201.223
167.845
286.894
608.542
504.5
328.185
207.487
167.468
200.264
219.975
254.027
549.932
680.918
455.954
215.156
206.868
536.342
344.248
247.574
354.744
585.954
706.962
586.384
371.35
403.619
310.454
284.75
338.925
668.024
741.394
440.076
306.195
435.199
239.067
184.578
278.488
479.228
603.945
482.172
255.546
418.79
278.004
304.459
280.729
468.333
599.621
456.092
259.806
729.759
341.155
209.482
197.932
385.355
697.835
777.785
391.476
763.304
410.211
251.2
261.198
430.126
764.994
810.368
463.263
302.453
335.25
202.841
153.018
167.622
169.195
283.084
344.095
757.784
622.469
279.147
128.253
134.068
315.632
706.813
684.651
555.417
472.228
203.365
174.426
164.022
244.921
513.732
524.027
300.429
291.71
244.99
220.967
220.886
221.746
286.016
302.709
437.999
533.03
415.073
229.148
205.037
214.835
396.594
535.22
664.401
625.627
382.772
198.421
242.352
290.292
615.715
655.652
351.213
401.815
320.908
184.64
201.175
264.623
339.948
397.349
379.967
372.311
294.516
313.615
265.254
229.702
363.75
382.101
442.805
545.362
341.811
206.502
211.394
275.706
406.418
555.443
400.97
273.035
246.452
413.522
274.613
274.664
403.15
293.79
435.615
332.966
322.774
375.022
219.267
242.234
418.572
367.662
203.057
179.589
252.022
409.132
298.569
194.321
203.026
180.83
155.328
165.267
296.294
575.029
397.239
217.291
156.191
155.33
305.034
221.758
230.89
311.054
363.792
350.558
325.432
222.06
369.038
296.733
286.565
289.255
570.853
672.537
403.631
278.197
564.351
404.445
296.25
285.331
517.088
815.812
630.03
409.697
556.1
377.809
304.093
303.093
448.272
701.646
603.072
398.945
569.123
401.022
210.35
215.564
413.109
769.018
632.425
412.416
697.559
340.557
239.262
275.135
392.323
709.666
741.66
400.726
893.939
472.88
220.666
192.449
349.346
823.215
947.231
516.783
384.362
329.37
130.65
80.6479
91.1525
198.229
363.771
362.251
638.883
517.889
179.92
120.35
105.164
265
592.698
581.841
665.584
559.771
192.932
139.472
102.937
241.601
609.364
629.513
796.878
632.091
310.07
238.74
239.307
303.75
739.538
694.72
737.001
560.777
200.998
144.027
159.756
302.639
682.128
631.127
765.955
458.428
219.576
208.895
199.125
261.803
727.489
539.783
641.105
483.311
219.083
197.8
212.584
299.489
607.859
543.492
427.341
489.127
358.262
244.974
339.734
339.873
390.118
492.304
415.34
432.308
260.114
237.52
311.41
409.934
397.904
451.86
340.544
363.734
242.937
232.611
246.664
317.263
333.143
368.32
604.787
411.466
329.27
331.643
239.075
300.151
589.452
456.335
104.057
122.031
373.883
723.521
473.612
173.463
109.601
113.099
162.376
118.676
267.708
575.527
601.105
287.206
174.389
116.503
237.402
252.311
329.131
497.147
394.865
270.438
228.587
241.546
408.514
329.261
260.789
330.464
376.411
453.385
433.039
334.481
509.569
401.092
325.017
303.989
456.244
600.388
539.328
416.746
687.931
340.949
228.359
259.109
409.64
683.22
729.959
392.981
528.313
376.193
226.739
212.534
375.225
637.275
571.67
393.692
777.465
513.88
245.438
222.065
472.434
875.316
837.72
539.603
767.214
398.72
345.564
172.585
388.269
766.467
828.968
425.353
659.335
400.516
135.207
146.523
130.207
210.055
620.672
478.895
663.39
572.59
213.699
136.254
117.669
251.413
606.491
636.197
618.633
381.796
243.459
281.85
235.758
309.964
592.693
443.411
748.845
551.94
258.793
342.252
258.652
253.365
699.903
625.058
558.243
523.409
417.822
381.712
279.198
255.528
520.825
546.371
549.375
439.391
199.292
285.649
188.383
218.226
509.244
494.334
562.639
324.064
219.685
173.289
175.827
268.609
545.196
376.442
532.634
401.161
277.268
277.43
246.477
251.615
496.276
445.5
269.04
401.366
365.748
276.794
180.918
177.119
243.881
387.738
483.009
315.391
285.805
257.043
198.217
258.397
471.594
352.613
591.197
383.378
249.723
299.939
377.617
456.15
585.641
428.738
210.45
267.11
439.508
466.202
278.448
223.348
209.077
246.838
195.971
175.412
334.655
723.662
560.817
381.874
214.651
163.459
378.821
267.44
253.005
285.531
253.232
273.488
380.85
279.773
499.182
326.97
210.987
344.713
457.529
667.654
551.72
344.349
667.436
331.645
242.204
230.143
471.407
712.988
718.908
371.114
609.09
290.203
217.762
212.614
412.911
621.905
651.259
336.127
715.624
408.413
203.858
232.187
320.977
658.718
762.022
459.501
757.913
356.294
200.348
170.964
376.491
702.043
797.556
423.7
885.148
387.223
259.177
206.477
296.674
744.929
951.858
448.018
692.723
491.865
188.295
157.089
159.23
202.457
636.146
560.493
426.448
420.641
161.563
111.053
116.393
247.362
386.844
459.623
485.111
367.827
246.919
230.268
245.455
225.337
453.797
414.788
752.936
658.535
203.509
199.64
154.197
291.077
683.379
736.571
754.854
474.527
231.083
188.742
209.193
269.213
715.033
550.997
484.139
316.664
202.922
193.848
191.558
212.897
463.873
362.662
324.293
283.123
164.978
197.308
152.854
218.982
308.893
305.706
496.585
413.05
242.628
309.304
307.615
329.1
486.218
436.573
584.275
364.493
161.762
206.774
175.941
232.471
554.636
431.981
601.806
313.303
307.335
300.569
269.891
249.5
593.505
359.997
410.104
353.269
296.413
241.596
276.639
366.058
403.447
364.406
216.533
247.536
329.571
336.571
224.244
226.792
212.163
235.629
242.037
150.528
176.788
355.765
418.857
282.523
249.438
160.279
217.365
265.27
259.833
329.315
354.384
414.614
244.663
243.141
421.191
285.025
169.053
194.138
260.088
366.613
433.746
308.393
559.475
329.143
191.686
291.969
245.886
478.001
591.325
372.887
669.327
303.485
227.035
190.462
419.046
638.377
699.957
359.221
807.718
340.787
151.707
166.967
367.083
691.766
854.684
416.786
795.45
381.732
168.63
198.767
366.827
692.081
829.696
445.996
507.869
393.13
233.2
205.785
265.746
523.77
543.939
403.457
729.076
520.49
199.543
139.286
158.233
245.695
671.181
599.467
517.078
415.977
151.277
227.857
169.576
302.083
480.279
471.424
627.926
391.695
208.362
199.154
183.827
233.878
591.598
462.666
1000.12
596.258
199.921
128.558
122.58
314.384
949.348
709.587
828.205
576.198
263.858
229.045
159.081
278.079
780.607
655.377
410.844
269.556
193.926
240.716
264.922
264.349
415.447
285.73
460.385
325.345
205.402
388.258
377.519
266.67
442.628
371.178
531.815
479.816
234.074
146.193
119.35
236.62
495.623
519.369
725.592
516.046
197.568
106.151
154.007
346.213
698.172
583.767
565.503
405.325
285.436
241.7
220.816
287.905
531.044
450.11
250.189
233.422
234.391
352.882
268.174
176.884
235.511
242.215
257.737
243.621
294.286
368.085
266.218
160.269
249.874
240.15
289.323
202.961
203.519
289.035
231.15
208.619
292.391
212.018
349.39
242.633
188.831
196.497
162.171
255.112
353.315
263.006
641.338
315.581
185.863
230.91
375.947
678.416
688.735
349.261
668.237
387.036
255.114
156.281
250.743
543.596
695.112
438.868
775.092
326.639
137.355
142.32
340.867
660.423
813.254
404.939
722.688
369.976
180.785
217.982
333.342
642.518
773.084
422.719
1047.43
448.845
227.763
115.225
233.913
634.465
1062.96
544.018
876.641
391.957
285.903
360.777
346.543
578.502
896.93
467.752
699.188
505.146
174.785
106.492
104.154
183.539
639.822
577.797
571.405
414.023
195.131
209.864
164.69
187.474
525.85
472.574
664.842
343.137
108.985
148.477
111.895
227.558
641.779
423.427
679.579
551.456
225.22
206.1
259.128
330.511
628.993
618.133
393.848
360.036
182.876
215.02
174.539
200.902
368.647
385.326
605.172
345.347
215.452
288.978
160.715
270.741
593.666
406.856
737.65
404.445
164.999
236.729
199.997
378.392
729.303
483.229
647.534
388.104
188.271
286.119
231.236
315.396
637.138
451.907
877.752
517.922
241.308
384.728
274.611
423.581
864.298
606.127
481.429
327.225
270.545
394.143
293.408
333.843
468.48
367.342
312.879
295.628
225.666
286.158
217.428
188.435
295.308
312.673
256.545
241.96
296.085
301.771
261.644
239.933
256.525
243.218
444.337
264.732
303.808
426.671
415.988
459.189
465.059
288.378
496.146
254.474
177.503
263.822
346.257
443.959
512.771
290.542
549.794
304.184
186.937
260.595
354.353
538.232
573.211
347.94
528.973
368.361
214.07
222.054
270.117
475.772
550.611
388.637
519.363
328.102
164.978
171.916
268.646
472.939
537.242
366.67
686.84
353.142
219.33
307.13
339.093
472.109
690.437
420.791
863.165
446.718
179.447
152.44
185.101
541.536
885.166
516.884
1040.33
457.291
250.034
179.784
238.83
709.555
1080.53
556.438
755.864
505.227
189.979
136.409
163.659
306.216
708.489
582.057
688.642
452.386
246.383
209.334
165.966
239.631
636.69
529.775
839.471
510.259
261.28
244.76
245.667
318.05
796.201
596.593
714.324
422.319
215.349
154.48
184.452
321.396
697.392
491.775
523.03
319.273
175.639
189.813
196.352
306.59
519.657
362.266
581.298
387.167
253.487
219.585
167.885
341.611
584.991
422.878
616.793
348.648
203.669
254.903
168.473
275.67
603.556
409.321
723.43
451.726
165.427
202.042
151.97
314.258
703.94
525.38
391.444
258.97
150.506
199.115
158.084
208.401
368.564
300.24
671.437
364.245
262.182
373.545
371.538
462.095
674.664
422.964
629.944
407.745
221.21
174.823
208.279
346.236
621.66
459.038
409.325
487.93
298.638
292.708
305.707
450.714
412.834
492.473
365.661
216.291
186.566
253.603
231.474
261.255
370.134
241.639
540.972
373.974
199.176
234.31
312.572
492.576
548.675
407.076
696.546
336.705
254.998
272.087
364.88
556.835
717.338
395.632
727.721
398.324
229.559
322.778
370.79
677.876
770.509
451.079
870.275
385.374
185.193
203.65
256.054
640.014
908.785
468.743
848.409
376.845
163.321
229.158
329.399
641.507
879.151
448.683
981.314
470.069
231.615
309.052
330.143
465.002
982.898
561.065
993.292
429.744
191.855
242.268
281.964
509.165
993.995
543.793
551.229
443.035
158.721
151.713
155.907
267.524
511.121
499.978
680.782
418.935
266.598
259.699
153.51
216.109
646.712
485.566
508.126
314.039
119.063
167.003
172.235
230.804
485.966
372.454
809.716
492.593
219.246
220.755
146.938
342.841
785.095
577.705
643.071
342.559
176.975
428.589
271.677
380.675
645.573
407.641
599.9
375.25
185.419
254.233
203.28
290.818
580.995
434.518
745.942
369.165
140.392
149.779
186.081
493.328
769.65
438.638
749.577
424.3
213.636
332.114
206.593
314.889
730.674
501.022
439.138
205.938
193.911
241.567
248.254
328.091
464.908
233.314
682.7
307.298
145.949
178.679
170.81
403.488
697.696
372.454
887.411
505.321
211.331
303.524
252.849
479.65
886.457
596.076
606.84
407.255
281.633
284.777
227.297
412.623
597.9
453.63
609.342
321.296
245.169
206.419
229.107
403.286
619.723
366.147
745.347
363.557
223.521
212.801
385.683
722.452
808.203
420.97
628.886
316.106
234.641
225.883
395.427
627.097
663.012
355.586
763.064
331.909
202.109
231.052
349.703
650.489
810.906
400.536
780.461
333.089
188.382
248.356
381.961
661.048
825.324
403.925
991.077
479.179
160.953
144.26
219.277
575.887
999.178
588.447
788.421
359.457
105.831
66.4269
134.699
495.72
818.103
425.093
867.691
421.741
260.44
231.845
240.286
492.131
871.526
514.842
645.583
408.377
194.82
198.588
125.573
230.33
615.434
477.454
668.026
505.254
237.455
292.209
264.154
284.705
624.651
573.287
735.677
532.223
229.957
196.519
144.12
305.567
688.597
600.304
605.95
386.6
207.47
218.873
133.244
319.015
601.106
441.886
455.508
416.234
276.594
242.328
286.379
284.094
427.512
445.595
697.216
336.993
130.149
200.217
168.655
244.927
674.051
422.604
792.919
325.755
191.662
223.479
161.763
361.194
797.686
411.874
606.988
362.06
179.156
164.207
176.345
421.584
622.301
395.117
576.222
256.962
147.422
154.783
119.229
232.247
564.325
327.541
727.424
282.759
191.371
157.978
204.586
368.073
727.49
370.236
744.963
346.74
140.517
240.212
215.593
406.424
750.382
426.761
848.578
415.27
119.351
149.929
171.615
477.084
856.656
507.553
758.394
362.554
166.853
213.075
247.069
508.267
776.056
437.37
652.384
402.723
223.938
218.215
314.782
502.663
668.406
431.612
739.132
396.496
291.802
305.515
470.253
652.881
762.468
456.552
763.021
334.134
232.576
199.363
389.153
668.135
809.418
399.221
1037.44
472.543
142.086
183.926
184.377
523.374
1035.88
592.926
953.032
501.47
144.707
121.301
221.583
540.764
954.796
603.48
1336.6
536.607
156.833
153.058
182.292
542.825
1325.19
707.135
892.064
421.875
183.999
216.531
191.154
425.328
882.637
530.621
821.302
511.238
227.483
165.519
140.032
289.479
772.202
605.275
710.309
394.855
163.061
174.759
117.14
226.26
679.395
473.991
801.157
495.355
211.113
215.375
165.762
346.695
778.076
578.115
522.635
377.522
273.386
391.947
249.1
232.159
496.309
424.59
444.334
247.267
291.282
307.034
265.524
402.738
468.783
269.988
502.527
273.725
194.397
210.957
182.103
228.02
491.965
316.159
588.254
270.085
238.802
201.818
193.332
343.53
598.495
312.414
576.588
287.767
187.703
274.481
251.609
260.853
570.917
338.915
626.475
326.221
132.743
150.516
200.065
376.182
633.59
389.877
398.87
250.448
219.512
277.897
212.912
256.046
402.66
279.865
569.2
305.133
154.994
203.796
237.333
296.978
560.924
367.853
372.38
281.185
190.204
146.055
179.31
315.757
384.861
291.285
635.593
314.938
144.237
158.767
243.553
534.46
664.398
363.475
509.162
287.886
261.642
306.474
434.823
578.849
552.255
308.873
525.65
337.095
274.178
374.455
568.665
519.797
514.403
382.965
347.034
241.884
334.215
556.717
342.52
295.596
348.956
262.11
510.079
294.41
240.059
241.983
233.228
293.593
496.337
341.004
777.028
385.827
181.545
311.078
288.435
465.417
786.925
464.326
1182.4
514.912
203.731
207.73
207.543
475.905
1162.95
661.747
934.064
464.745
160.877
186.082
204.698
558.476
946.309
561.601
731.687
549.394
181.554
95.7462
114.167
283.535
687.3
623.615
539.126
372.135
249.99
276.909
202.54
213.981
513.043
423.39
569.145
329.604
231.712
381.848
175.642
205.928
546.828
389.031
723.475
408.354
182.818
223.528
151.517
238.27
691.552
492.148
683.604
407.416
224.866
219.904
167.792
378.261
671.108
475.042
407.654
246.372
239.704
310.078
228.101
199.738
394.281
281.02
517.568
394.262
303.088
200.665
142.877
232.599
499.565
425.971
691.883
311.122
167.398
162.277
142.262
319.09
690.333
382.514
606.605
286.992
107.194
92.9211
119.508
322.453
608.901
348.508
622.685
263.22
161.823
223.845
146.84
296.206
623.876
330.231
589.351
319.545
117.998
115.416
136.144
336.931
592.504
379.062
412.407
208.522
116.472
160.362
207.243
369.912
441.902
229.754
629.381
284.521
139.15
235.247
276.425
494.619
660.341
342.904
682.527
349.687
201.089
227.183
344.32
591.396
708.109
405.635
345.367
211.459
185.926
234.058
329.299
437.265
371.711
227.232
535.008
400.44
197.867
343.462
277.758
247.794
510.186
450.866
718.866
485.009
280.174
338.834
258.155
321.9
688.53
554.734
565.091
241.453
102.541
97.5524
133.894
226.24
550.241
306.104
995.622
491.444
188.774
210.557
201.808
531.191
998.54
598.247
867.001
420.864
204.751
236.173
230.666
408.314
862.333
509.948
440.789
321.431
183.759
174.795
182.396
324.803
455.174
343.056
595.64
392.816
270.66
253.641
271.92
392.777
583.543
434.299
704.405
401.92
228.334
274.213
217.562
234.49
671.901
480.495
480.696
270.755
205.931
162.767
121.72
241.604
474.057
307.298
490.839
307.94
201.397
293.56
157.503
308.201
489.639
343.825
625.035
323.724
166.028
189.732
179.896
361.765
624.798
383.257
376.443
216.828
255.826
236.397
261.441
200.314
375.602
228.254
419.567
235.025
191.333
262.452
220.679
233.426
425.44
257.887
700.377
279.726
167.017
219.83
164.715
318.217
710.851
353.549
508.976
231.02
167.459
135.389
118.181
318.335
524.871
270.151
581.081
263.775
241.63
281.221
272.278
409.166
597.068
321.311
512.248
430.319
309.025
291.144
222.635
462.507
542.88
446.452
578.462
304.968
183.637
232.952
270.538
393.299
580.665
364.134
580.024
327.308
200.708
250.093
304.37
375.934
576.145
384.602
418.105
218.725
200.935
292.92
433.664
584.342
467.653
236.959
556.523
373.635
256.719
336.434
314.105
440.518
576.698
395.604
429.344
232.866
173.894
179.5
233.637
365.17
445.96
265.818
859.007
417.12
139.321
124.519
132.79
330.933
839.502
520.099
850.225
534.717
203.56
150.259
176.692
404.971
824.972
624.351
1066.61
453.765
131.943
213.832
201.192
473.788
1062.42
578.23
516.325
313.075
198.613
179.389
175.509
249.173
495.312
370.531
671.283
367.887
192.211
136.035
99.354
353.301
671.922
435.697
501.709
275.056
171.827
179.489
123.088
247.148
500.325
322.321
561.485
261.411
150.59
186.546
137.248
260.988
562.025
316.771
620.535
383.051
220.347
252.804
260.061
215.744
589.267
443.474
602.116
324.201
166.798
162.294
157.039
386.66
612.286
375.559
533.551
268.521
242.893
275.912
217.106
284.631
529.274
308.028
624.365
358.522
223.105
170.346
197.318
353.46
621.738
410.551
521.946
252.229
157.515
183.772
150.079
331.22
526.381
301.107
434.489
253.389
157.832
176.557
160.384
332.826
449.973
268.836
561.292
240.446
141.334
214.3
227.189
420.113
587.968
295.346
563.551
317.053
229.311
234.825
252.264
448.905
588.532
340.788
482.781
262.559
122.671
151.229
189.39
363.185
490.33
306.338
605.381
308.28
197.681
203.285
393.493
610.96
637.7
352.629
374.752
235.072
251.054
317.163
281.088
327.003
383.372
259.732
735.724
385.67
188.709
228.986
313.231
523.449
745.11
455.58
560.463
395.712
239.529
266.174
188.562
416.274
585.82
430.33
440.718
258.119
171.406
304.982
271.546
219.809
423.901
304.451
663.975
428.359
203.185
174.937
225.54
312.338
637.457
499.377
945.412
404.016
201.614
235.096
191.769
398.26
933.444
519.084
767.296
488.509
147.932
125.208
121.174
243.049
722.19
572.799
759.601
406.994
125.417
102.194
114.629
399.017
760.77
483.72
470.724
254.389
154.222
169.253
155.588
242.331
464.148
295.437
544.898
272.04
122.999
168.591
159.388
224.446
525.017
330.795
694.091
339.489
228.411
208.545
135.156
263.905
687.142
408.382
758.243
404.463
184.268
237.618
226.557
376.534
770.726
462.318
428.545
214.993
151.266
197.235
151.195
263.283
438.555
256.428
383.793
238.654
151.441
174.808
231.507
317.786
397.874
251.991
552.56
299.854
117.187
124.353
134.018
273.83
546.167
357.492
524.328
276.845
158.339
197.578
196.774
328.657
533.653
321.194
448.34
240.741
116.609
143.332
182.969
335.662
456.604
280.702
596.036
296.539
164.465
219.057
171.736
427.929
619.878
347.757
569.177
326.491
187.723
195.17
342.417
668.31
621.318
345.412
358.093
191.919
226.477
305.813
332.836
376.636
375.367
192.888
335.314
251.583
272.203
303.101
539.035
640.466
384.487
240.246
346.893
346.094
279.109
204.098
441.011
595.067
386.559
340.605
318.718
264.734
289.041
564.105
406.405
211.431
294.734
294.207
206.749
214.465
284.048
383.812
303.113
208.443
202.189
218
542.29
430.389
184.521
179.268
137.965
226.781
509.03
478.812
846.363
486.004
165.501
162.829
131.441
300.463
810.951
576.276
