550.567
688.312
693.705
395.929
334.055
411.727
517.205
659.404
626.466
869.154
676.016
410.821
345.274
462.759
617.453
843.512
617.614
585.117
392.196
486.867
394.543
407.466
576.147
602.947
420.268
669.186
724.283
526.161
363.411
312.105
391.216
640.33
385.329
617.995
704.092
557.791
302.964
255.42
352.444
573.943
407.211
410.886
633.811
643.147
516.232
335.279
402.035
392.475
322.468
441.888
805.938
874.309
423.408
328.52
341.869
396.98
329.513
380.521
683.128
727.694
412.429
213.552
323.838
349.413
353.253
277.399
501.086
831.261
452.273
148.404
333.749
292.213
189.534
183.877
346.07
989.038
614.28
210.471
183.113
186.88
419.7
279.619
461.017
848.316
547.531
294.729
410.699
304.892
319.6
178.334
247.28
624.161
682.032
557.951
358.241
192.352
335.041
294.963
252.441
282.802
524.993
567.896
347.873
298.925
451.194
377.958
328.246
268.864
613.383
834.362
518.448
369.086
714.532
339.955
386.295
415.376
583.464
719.84
769.558
374.427
527.531
281.623
368.64
340.212
466.907
644.195
574.443
284.931
664.006
313.387
329.001
307.523
605.093
783.695
717.668
340.697
759.741
327.735
309.798
293.212
515.491
781.734
819.325
382.674
782.794
448.186
319.839
260.848
509.389
892.671
853.516
489.971
1009.1
424.353
301.094
256.298
597.982
971.697
1083.15
509.939
754.198
724.479
414.736
305.343
322.265
398.599
700.158
766.008
470.969
575.862
530.414
377.679
356.359
339.066
431.813
559.157
494.832
733.997
660.408
297.968
263.511
303.361
442.065
704.734
392.486
667.243
778.531
534.715
517.702
306.952
363.114
605.58
577.214
620.495
753.356
629.529
350.527
328.451
569.239
581.18
316.548
446.674
591.531
524.858
410.927
270.163
288.71
433.585
346.171
450.282
758.338
795.178
377.582
287.06
333.019
407.84
305.475
414.378
662.91
738.186
394.396
279.153
296.492
367.88
283.631
362.264
656.922
1016.83
465.687
241.667
260.304
357.135
422.586
377.744
528.678
840.952
480.026
266.947
400.253
402.578
426.841
546.763
448.815
683.14
503.551
329.313
398.682
543.633
297.396
297.075
477.409
718.52
858.992
599.007
309.961
302.654
485.853
422.778
401.022
337.244
638.296
835.783
532.248
420.114
451.491
325.473
405.393
452.96
622.946
725.147
493.745
335.313
758.757
457.005
291.899
233.467
460.544
871.294
820.339
490.079
651.187
435.102
358.131
338.234
540.534
836.379
713.151
447.726
850.992
650.247
388.664
344.702
515.443
929.55
906.294
669.04
736.642
523.245
332.367
281.796
533.632
863.856
793.864
537.994
912.591
443.567
309.59
257.083
598.003
946.759
988.386
511.827
1047.71
452.481
292.089
189.767
420.174
927.599
1105.36
513.176
436.803
758.05
580.923
321.986
401.898
433.304
376.076
729.71
538.53
764.237
637.343
361.017
360.551
444.448
488.696
745.206
634.191
901.363
701.771
384.525
359.724
492.532
570.693
886.828
511.552
694.037
481.549
289.991
256.237
416.123
467.318
691.125
828.616
738.335
684.842
524.951
553.552
696.065
830.883
740.588
570.203
800.61
698.126
445.268
403.727
440.382
546.717
784.161
519.251
605.38
606.334
383.157
235.153
257.582
485.367
584.049
303.107
445.085
692.601
738.175
375.742
248.09
290.833
410.109
221.614
402.839
759.881
897.912
419.826
196.005
200.149
365.148
443.162
301.683
560.859
798.646
448.864
241.959
434.226
320.866
483.448
466.087
323.372
477.909
433.056
500.604
484.84
472.67
549.395
400.933
369.982
484.393
390.872
378.788
530.478
447.394
654.878
409.501
281.895
365.42
465.079
766.906
707.275
433.585
366.942
223.607
237.764
338.352
617.781
668.464
399.681
233.839
800.473
462.689
250.199
317.1
453.523
737.317
844.871
508.616
776.62
576.743
300.64
269.371
548.725
995.908
855.864
592.161
746.194
631.261
331.686
325.166
587.347
1009.64
822.919
643.367
769.715
525.733
393.22
446.833
614.171
997.72
849.099
540.384
999.909
434.222
281.864
258.291
475.25
939.044
1063.72
505.777
1114.9
572.476
304.371
219.015
396.417
1059.14
1179.6
611.934
886.899
930.663
575.743
318.228
400.437
335.917
798.92
971.596
677.335
658.524
430.909
220.748
283.888
377.863
623.285
687.878
435.562
709.468
551.008
304.966
296.995
376.561
390.85
684.195
623.219
590.409
555.118
392.511
324.652
284.671
589.142
611.309
450.4
622.416
517.256
309.996
210.43
307.997
429.91
603.179
348.448
663.869
715.824
550.06
300.217
309.477
318.488
608.126
278.937
634.308
705.346
461.728
314.021
296.963
245.184
560.415
613.093
556.623
553.018
437.47
337.316
279.224
571.731
587.952
366.402
371.993
576.142
616.83
398.825
341.369
347.706
359.999
309.586
241.441
383.488
513.454
353.178
225.968
306.608
250.129
474.186
321.026
241.486
309.192
229.877
243.946
463.651
359.97
369.379
195.812
215.891
397.457
638.732
658.272
417.155
199.748
642.521
313.531
239.971
211.514
344.161
603.277
684.233
357.459
607.163
548.028
498.276
232.465
503.849
912.202
663.846
548.843
683.932
449.534
380.317
364.335
708.763
887.464
734.59
466.094
878.104
406.405
332.527
246.313
586.756
922.406
940.059
455.632
730.477
447.572
444.125
428.791
657.681
869.314
790.092
475.512
1094.9
581.62
347.144
378.086
513.324
1010.73
1153.11
657.093
1017.61
609.04
347.32
288.23
508.682
1021.34
1080.18
651.189
830.256
430.162
351.991
194.84
475.663
850.495
899.764
472.67
839.683
788.475
422.839
224.936
215.134
371.116
780.56
832.354
834.336
775.348
319.345
201.022
283.545
487.639
770.318
839.476
769.769
714.108
344.452
293.639
229.808
270.039
694.234
777.993
586.641
752.308
525.513
416.818
352.809
359.736
527.274
760.988
526.799
685.027
583.503
233.445
318.832
324.823
491.38
655.733
661.452
900.27
654.463
323.414
309.428
357.305
589.586
895.584
389.101
655.289
763.974
540.656
333.573
350.543
354.276
595.977
552.876
771.374
781.352
423.495
331.833
396.509
507.875
735.882
351.83
606.802
660.998
417.439
370.277
317.343
308.772
572.165
275.165
307.315
354.791
513.003
378.184
252.8
258.189
311.658
399.07
297.995
368.142
620.228
733.226
568.234
404.982
301.362
553.857
322.485
262.003
413.733
564.422
711.506
608.038
339.255
516.813
310.608
280.765
303.294
471.439
676.235
571.083
335.389
819.613
482.94
353.02
310.91
632.26
1014.49
895.959
509.2
808.133
651.25
447.542
427.853
746.849
1173.43
900.623
654.833
917.739
441.318
379.189
297.406
707.761
1015.09
992.671
492.867
1061.08
454.361
260.402
199.236
386.297
843.252
1112.78
555.887
846.717
501.741
302.06
296.827
557.63
1034.57
927.563
536.796
970.698
452.648
366.064
349.512
439.981
917.393
1031.2
512.276
983.28
491.929
275.227
252.551
406.473
782.834
1025.57
578.675
1052.99
634.363
465.784
547.854
331.917
612.097
1066.2
698.508
798.321
545.663
415.946
594.496
404.37
537.017
815.519
575.923
824.615
621.574
435.709
475.29
386.109
517.957
844.6
648.064
444.537
566.767
443.122
609.701
485.551
362.748
438.08
566.657
481.705
569.126
448.244
577.432
460.373
391.202
486.689
564.958
807.467
783
409.325
332.476
297.669
398.182
748.255
822.822
743.197
865.266
465.755
211.418
283.561
557.58
684.144
889.302
671.613
849.761
538.782
396.488
365.354
464.875
608.481
855.335
471.544
747.223
809.042
527.455
445.983
448.79
461.135
691.923
361.176
347.468
312.669
473.604
376.024
257.833
335.459
366.799
405.504
232.216
361.085
474.1
680.824
587.413
443.075
248.434
348.442
271.549
359.541
334.751
426.291
479.661
370.307
268.498
542.596
377.497
400.056
277.021
615.64
778.415
585.753
361.746
719.903
352.114
340.395
467.359
548.919
809.115
787.406
394.289
766.06
450.685
464.309
378.927
620.034
911.204
835.359
470.156
535.068
446.926
269.767
283.649
329.957
593.453
566.524
455.552
825.44
379.516
292.615
223.223
498.024
863.442
891.193
424.354
705.679
496.082
375.46
322.814
531.295
798.452
759.035
518.396
709.966
697.833
424.329
392.778
402.515
710.437
751.239
701.624
1161.84
545.793
354.031
281.561
581.952
903.484
1192.8
657.936
587.768
753.187
466.094
467.384
471.999
435.476
525.528
759.933
681.948
760.661
512.494
269.934
237.011
340.059
616.408
791.778
978.267
676.925
305.677
228.976
211.932
576.633
956.251
757.877
685.982
650.009
333.343
219.211
223.956
252.93
623.149
688.681
525.659
574.703
368.46
453.93
375.957
335.129
483.64
598.404
472.741
495.611
334.853
285.955
361.362
337.436
453.797
509.879
608.019
765.77
637.488
397.899
339.277
396.638
562.994
763.975
828.129
722.15
405.971
273.825
248.552
384.266
769.462
783.067
539.273
416.776
670.685
649.728
466.414
291.032
532.361
418.195
373.104
315.749
421.979
527.432
510.202
254.003
349.869
337.546
194.071
218.323
295.417
409.137
400.208
258.378
195.043
208.368
434.837
385.741
348.516
484.931
700.968
739.537
482.671
401.192
652.672
434.91
347.903
357.591
581.999
864.275
718.142
448.722
798.875
478.712
275.005
295.661
491.531
880.866
858.325
526.479
965.337
479.62
292.353
221.035
507.237
878.852
1026.46
557.439
1060.01
492.156
235.723
150.944
366.858
917.608
1120.47
560.302
1059.61
498.907
282.254
223.319
435.001
832.401
1108.43
583.91
1072.52
521.821
224.769
205.881
344.06
838.409
1128.99
604.664
937.975
535.57
326.812
282.992
407.017
892.11
990.069
563.898
959.518
438.836
301.448
238.803
437.619
802.976
1012.6
511.042
654.603
672.572
496.798
272.343
271.454
302.762
598.214
689.733
802.588
726.398
440.135
378.746
402.822
539.74
769.381
789.979
535.166
614.656
404.95
189.519
258.729
508.433
507.6
624.47
631.082
658.045
364.34
141.522
194.304
413.134
584.874
685.344
617.519
628.648
418.273
337.781
301.895
289.983
561.138
652.297
590.498
671.565
486.895
407.849
339.581
339.533
537.333
677.448
667.346
732.398
525.288
273.886
304.288
306.192
599.188
766.798
679.145
715.576
556.58
351.02
269.479
391.842
626.925
733.62
742.932
606.976
441.923
348.797
317.779
279.63
698.917
662.443
296.767
428.758
633.316
620.418
402.864
289.519
282.153
388.633
276.65
182.606
288.811
521.837
460.487
264.818
281.778
198.773
480.28
376.338
234.677
337.906
590.038
724.822
526.853
392.576
527.233
380.905
356.481
377.819
440.502
680.749
577.271
395.779
714.814
504.5
282.893
354.201
560.926
887.494
780.978
521.954
703.685
402.083
232.988
205.867
420.46
686.01
742.758
425.868
787.772
348.401
301.592
267.182
435.769
774.06
848.275
398.336
642.554
457.594
374.556
344.118
417.102
548.367
675.755
494.615
840.454
514.445
340.446
249.836
536.971
936.499
902.242
535.839
843.652
511.125
259.698
260.578
488.224
874.29
898.281
543.209
1073.96
427.173
240.54
220.41
329.473
810.683
1134.2
529.986
881.508
685.068
414.767
341.673
338.313
328.814
816.504
761.401
596.071
595.279
289.251
320.273
226.258
283.097
545.715
642.45
681.343
825.486
425.971
250.377
286.927
519.371
619.646
844.734
724.197
596.451
341.085
378.198
265.319
405.146
707.106
646.506
805.419
611.553
353.558
185.389
210.05
301.417
763.069
664.871
753.68
652.093
280.349
305.878
314.001
338.379
698.7
721.187
658.577
503.875
384.935
428.091
320.822
310.575
632.731
551.875
758.444
692.488
390.109
229.785
196.972
364.913
706.397
729.778
493.195
540.141
505.27
346.458
337.196
345.756
451.89
556.515
524.044
590.013
626.353
414.137
273.24
359.238
518.815
584.196
353.528
381.325
517.425
628.808
525.803
396.925
349.282
388.88
301.873
352.34
388.484
483.511
404.815
320.71
298.794
340.822
451.253
311.232
246.327
408.641
522.297
593.814
488.345
316.09
619.721
428.827
218.329
129.372
314.392
660.144
664.104
441.104
627.366
360.722
268.495
320.479
466.52
739.349
682.758
381.742
843.211
406.77
302.019
147.839
280.801
631.065
882.426
458.69
859.677
393.168
342.41
387.135
584.77
848.754
901.261
446.707
849.992
439.244
265.874
274.855
446.931
786.63
909.007
505.653
974.351
390.428
225.861
318.619
435.815
789.578
1022.02
486.684
1163.9
468.87
249.643
301.067
293.781
671.943
1191.83
584.227
496.716
519.529
431.152
202.231
232.304
277.496
461.626
520.012
564.181
586.498
419.203
351.218
321.037
539.123
550.7
611.943
489.738
578.567
399.919
375.162
237.956
466.588
467.292
588.665
726.176
626.039
413.164
429.134
339.15
388.431
696.408
668.759
662.78
529.477
374.112
291.268
255.852
349.686
629.828
571.482
749.155
587.591
421.961
317.561
223.901
345.007
717.618
633.569
665.942
504.156
364.789
266.978
326.848
330.72
632.719
555.461
554.243
556.934
398.492
320.215
259.882
272.978
510.994
586.521
712.369
528.526
315.008
394.969
289.992
283.854
678.592
590.205
304.794
302.243
506.569
608.494
561.793
326.969
314.225
273.589
297.361
378.245
493.158
409.023
254.934
213.155
276.228
359.423
238.52
316.603
361.014
405.746
436.376
307.474
227.522
296.032
496.81
390.295
292.439
351.791
638.676
720.337
538.45
407.678
535.347
301.425
322.18
361.695
437.817
593.665
572.957
328.315
689.152
371.816
210.175
386.412
470.596
610.576
719.532
430.734
596.643
375.757
229.55
246.757
283.928
577.401
642.297
421.173
757.941
347.975
215.614
249.687
339.976
704.972
808.644
406.015
755.194
386.332
242.189
253.092
428.466
708.915
807.547
444.397
882.823
445.388
251.047
205.08
244.293
615.858
896.386
508.81
659.609
497.411
276.067
268.463
229.829
393.649
655.077
550.243
553.26
597.421
308.792
236.557
333.176
327.284
502.295
634.158
604.387
787.654
480.608
306.16
297.736
403
540.413
794.214
572.649
623.69
368.428
248.053
295.69
445.965
538.66
629.128
511.999
511.366
340.646
268.653
332.282
350.133
480.856
534.314
941.154
680.847
280.178
341.538
229.725
344.374
879.059
768.627
525.832
379.492
177.613
211.129
188.665
240.524
498.211
427.057
680.321
572.434
347.495
337.567
271.493
235.772
629.96
624.962
451.491
243.919
222.571
266.944
234.275
286.618
431.961
286.261
753.418
523.362
315.852
321.126
271.144
325.686
710.036
589.246
767.166
521.883
275.091
177.513
145.327
329.134
731.107
597.754
454.257
376.769
352.917
345.538
326.384
413.219
470.799
390.339
235.912
324.659
452.404
790.017
538.697
216.304
233.071
309.816
325.27
312.615
368.513
243.276
413.636
508.684
345.935
271.856
464.316
281.317
214.837
222.074
358.468
520.154
498.04
299.375
582.316
326.151
275.239
288.374
439.723
684.991
624.696
358.007
529.261
312.074
178.804
129.807
291.805
676.273
590.224
314.104
555.456
344.957
256.023
198.337
324.995
560.805
585.486
370.069
600.874
557.035
400.957
484.317
414.916
539.36
602.953
570.009
811.407
425.801
309.453
367.03
331.525
687.321
855.705
458.293
729.234
361.412
269.096
243.855
368.741
578.639
752.774
426.225
627.876
629.589
481.966
570.048
442.622
409.159
579.136
663.862
467.911
731.605
473.208
427.446
302.728
296.334
401.393
720.018
534.684
645.357
422.174
342.921
259.879
354.969
499.415
661.972
453.563
502.574
375.419
277.704
227.11
494.758
456.355
508.407
496.363
480.354
325.405
308.57
304.421
221.152
460.936
501.685
454.463
524.237
447.25
324.348
231.508
348.167
424.201
531.233
631.598
645.656
388.305
405.16
434.053
309.934
573.292
684.356
865.611
583.346
319.885
234.472
283.509
315.503
811.606
670.958
884.367
670.322
299.203
216.163
185.265
333.376
835.001
739.161
740.252
542.512
211.024
169.179
171.456
294.729
701.346
613.354
634.683
568.4
261.668
196.801
229.411
428.007
590.975
607.683
592.853
339.574
226.914
310.887
407.885
518.08
606.769
369.518
515.309
360.181
252.983
220.49
267.76
552.783
559.951
400.995
453.502
433.047
276.062
444.215
348.591
448.44
436.281
456.754
627.161
272.927
181.037
196.982
379.572
590.297
668.095
320.142
562.585
397.329
263.546
294.236
412.886
622.279
602.206
410.521
693.726
385.405
365.878
333.463
385.553
707.107
755.787
397.847
744.786
472.818
312.365
399.854
453.804
825.409
802.904
516.087
894.752
396.499
218.673
234.15
289.528
684.983
944.703
456.993
882.637
391.054
240.829
165.171
218.053
624.252
921.714
450.643
589.909
519.569
579.126
534.018
422.565
438.875
570.127
509.231
507.516
486.727
384.644
235.134
275.187
272.87
478.687
500.654
408.96
531.421
539.4
538.464
295.15
299.575
384.34
513.999
546.462
663.884
414.829
312.092
273.097
363.028
512.036
673.773
541.248
604.441
412.528
318.765
434.669
324.026
485.106
622.206
572.473
575.282
291.092
247.373
188.206
258.819
521.12
604.412
630.994
537.274
271.953
311.342
261.238
343.531
591.866
582.257
908.256
578.933
255.468
319.111
260.751
340.251
864.598
657.671
726.138
573.841
322.188
298.553
301.488
346.394
693.657
631.528
965.099
474.768
143.182
179.078
200.698
433.345
951.655
576.494
1055.22
618.983
215.402
221.652
197.21
510.371
1036.67
728.508
916.416
459.185
363.587
319.295
390.592
669.188
930.962
533.712
458.077
257.627
200.488
201.69
231.962
436.139
493.568
283.633
589.947
363.054
236.272
288.329
235.406
446.702
606.992
403.496
754.497
395.069
414.397
270.749
476.313
760.7
803.175
412.151
606.82
428.38
375.569
265.975
534.61
860.321
661.019
411.158
294.824
209.099
240.422
311.98
330.947
305.387
306.282
219.094
1081.82
489.371
234.783
232.434
356.896
787.307
1112.38
586.902
1030.83
462.677
252.475
131.819
238.121
702.89
1058.14
537.49
673.998
292.933
199.979
280.857
299.9
567.52
723.086
335.948
683.707
573.927
585.775
451.744
360.857
361.134
653.807
591.893
707.884
849.176
706.489
385.129
305.262
268.645
630.779
854.946
656.14
629.468
289.748
295.041
265.835
428.058
644.448
668.306
498.105
505.309
260.302
432.085
292.85
457.691
490.129
525.007
417.35
380.029
328.692
327.549
299.16
234.455
397.151
391.374
461.148
435.938
279.51
409.044
343.644
401.384
455.468
454.067
811.263
705.763
314.242
149.063
126.737
331.749
763.281
756.771
713.525
577.26
279.022
326.294
266.223
295.902
662.505
642.134
559.261
499.497
299.613
274.567
298.47
493.096
533.358
534.93
930.823
505.74
187.839
131.877
178.626
507.563
929.133
602.664
1173.72
446.122
151.466
114.065
213.707
644.625
1196.69
577.443
830.811
457.242
267.152
278.063
385.89
571.498
842.534
536.269
425.547
312.687
181.245
210.807
301.773
458.384
451.638
334.05
497.174
224.051
293.445
260.676
390.069
615.052
550.637
243.46
586.609
377.628
455.274
325.072
534.806
762.209
639.764
350.508
483.054
284.656
268.714
268.208
385.143
457.173
502.596
299.272
616.649
356.714
195.502
370.335
588.562
835.476
684.251
386.91
452.155
410.929
435.019
341.517
631.799
773.198
497.695
372.918
651.748
351.316
227.981
187.745
278.847
602.867
685.499
395.854
562.432
401.422
289.625
289.173
336.843
345.103
550.88
449.013
505.647
587.598
478.166
333.056
287.659
362.109
472.873
592.19
476.109
435.885
340.487
299.395
291.222
287.705
456.052
451.374
589.998
562.445
513.137
346.929
282.399
393.772
558.594
556.543
631.985
862.054
518.928
397.386
315.328
416.656
573.132
861.11
712.111
790.836
400.433
155.194
195.264
376.226
645.147
818.346
720.692
835.429
442.04
190.699
189.951
287.393
635.922
878.915
587.807
595.181
414.312
267.326
341.27
290.606
536.644
621.163
881.134
547.795
204.012
110.656
205.964
356.274
831.903
643.598
1219.16
607.504
169.523
181.026
172.682
370.585
1171.63
759.041
974.009
526.892
225.381
293.94
270.017
499.716
966.288
631.071
943.733
464.417
253.742
334.903
322.256
561.002
949.023
566.972
571.035
398.78
278.825
407.522
321.843
484.095
591.243
410.701
502.624
317.715
167.497
168.824
294.031
608.522
554.888
327.438
804.291
335.52
182.159
168.679
307.263
584.051
827.487
409.952
463.556
331.886
262.438
173.644
367.842
632.118
515.555
339.178
814.204
372.693
189.013
366.35
427.329
657.281
848.843
453.311
495.214
422.96
330.801
552.945
592.167
601.285
528.733
438.623
709.697
448.938
281.619
263.344
354.564
477.364
699.583
510.523
669.531
394.652
303.362
281.096
424.371
605.935
697.28
435.025
647.507
518.224
253.833
242.308
473.557
910.927
722.056
531.345
660.097
457.279
401.025
339.643
347.362
546.953
655.862
486.647
608.027
779.216
466.057
294.636
268.224
546.043
596.913
769.871
459.489
426.539
381.699
286.813
307.053
313.236
448.761
429.342
388.739
452.852
440.12
399.258
387.104
341.008
375.366
443.653
367.806
465.062
536.851
434.105
438.479
387.698
365.504
433.119
561.609
602.762
445.766
380.085
267.167
309.275
524.572
617.528
826.152
568.865
312.861
261.483
223.286
415.53
809.607
624.462
831.374
524.354
234.557
260.826
247.834
340.121
794.215
614.197
806.259
399.794
141.699
229.508
169.346
343.515
787.508
496.951
558.228
275.917
189.383
195.472
214.006
400.349
570.91
324.843
734.887
482.449
229.528
171.827
292.32
632.102
763.178
527.637
560.016
515.036
310.497
355.095
325.493
621.498
596.367
524.47
630.76
395.176
270.404
217.621
311.369
426.999
618.545
439.574
482.259
356.841
171.969
232.364
271.739
367.972
466.744
406.511
440.174
291.061
326.803
297.463
443.78
559.651
485.085
305.919
481.869
368.03
260.584
245.499
335.606
390.459
477.591
399.405
440.831
248.395
184.153
212.79
308.77
453.188
467.621
272.146
756.068
385.472
224.92
355.796
363.882
593.728
785.85
451.605
679.455
478.268
273.052
194.087
322.954
760.573
731.966
504.571
596.078
456.752
270.373
294.053
371.5
491.737
601
483.163
367.413
584.621
594.337
386.234
363.988
314.145
330.384
543.994
356.542
485.138
377.118
200.531
191.683
246.471
323.985
472.338
290.157
301.681
361.574
543.278
534.125
305.774
284.141
301.453
319.895
583.707
566.899
343.233
292.807
260.654
276.668
544.869
546.456
748.648
490.012
292.265
221.162
341.405
488.815
745.99
559.836
619.119
419.298
283.046
245.464
299.786
524.035
632.488
742.901
658.804
376.682
228.165
228.359
322.001
693.59
699.598
596.06
411.396
237.157
234.107
246.601
338.11
579.517
459.253
1002.46
518.882
200.191
163.459
210.594
542.73
1004.4
623.566
809.723
328.502
118.968
139.618
253.424
625.458
853.913
407.79
797.651
438.921
240.363
301.332
363.22
665.841
853.086
493.149
477.986
353.347
256.694
338.566
386.876
469.31
482.183
380.245
773.799
384.453
249.777
270.985
365.385
582.454
798.037
456.342
421.772
449.937
405.364
397.134
389.526
530.378
452.224
439.877
603.742
355.619
331.147
204.631
324.526
604.963
648.908
352.702
831.073
331.422
208.062
168.498
396.646
782.843
883.856
401.776
519.969
529.465
362.449
364.793
568.682
634.117
536.964
545.956
558.202
445.129
246.223
261.418
285.952
293.219
530.476
490.75
570.339
301.956
253.742
380.408
327.191
500.29
609.561
335.508
546.154
359.316
481.824
510.88
529.388
501.527
556.625
362.06
487.877
378.496
324.762
485.321
326.364
332.016
494.612
404.604
491.589
396.151
330.661
366.286
429.243
538.895
513.093
403.38
403.132
477.108
446.804
470.462
404.619
255.91
373.51
472.357
452.519
507.602
426.247
286.639
297.796
317.942
421.017
513.884
397.398
428.745
284.636
302.916
255.726
480.467
426.558
429.522
623.729
670.944
468.49
368.958
274.667
404.804
585.788
688.711
415.937
404.551
405.872
542.194
359.807
384.649
437.858
404.151
1070.67
441.876
189.201
155.137
221.285
648.497
1103.86
538.969
686.349
369.606
176.928
247.459
416.164
802.655
749.502
402.781
739.835
367.746
161.599
188
291.412
616.431
782.623
423.63
569.186
281.934
309.143
380.704
432.986
511.483
598.965
321.322
491.083
284.836
218.414
271.127
367.946
481.885
507.788
321.012
507.633
287.418
392.783
439.289
486.668
589.013
545.309
303.03
702.095
357.442
272.692
281.519
388.784
624.905
736.963
396.316
548.762
342.155
270.701
269.982
339.225
449.01
573.695
375.572
572.16
504.397
336.095
453.119
373.012
567.522
599.563
516.209
541.839
284.822
160.376
199.766
268.388
429.996
556.248
331.259
470.308
291.517
361.369
466.191
391.079
446.778
490.743
313.286
430.232
264.626
262.28
359.917
455.58
426.027
450.166
279.817
495.405
470.808
283.221
319.575
244.919
488.658
516.878
475.907
421.478
409.355
644.087
689.007
349.456
241.078
404.999
397.064
653.484
544.848
502.782
400.274
348.387
480.219
661.01
552.235
468.108
496.438
428.815
343.243
238.975
237.026
433.982
507.619
295.975
328.709
379.809
402.484
437.51
273.612
294.497
325.363
567.398
269.231
406.847
476.748
538.103
505.702
592.55
312.153
369.723
274.968
462.303
510.81
384.709
227.7
354.335
281.065
531.932
393.112
263.16
395.187
324.489
328.405
520.591
426.013
627.627
303.816
248.271
320.055
450.931
590.61
656.456
346.565
553.418
342.51
275.512
318.861
433.701
480.796
568.554
381.593
699.888
552.82
298.814
307.666
329.67
731.501
745.689
572.162
747.349
461.191
240.537
287.013
349.3
743.626
794.127
488.456
727.104
347.483
259.132
474.18
657.257
733.993
760.765
403.962
451.239
492.618
417.606
338.224
445.807
589.953
483.15
487.732
523.801
359.868
313.548
383.471
389.899
510.514
549.453
381.603
462.327
462.283
335.517
372.359
489.056
646.19
496.615
469.101
650.464
411.28
253.199
220.54
396.162
714.129
706.166
452.799
655.047
441.308
328.8
250.745
412.692
630.97
670.71
473.891
534.471
445.104
297.497
401.689
417.897
502.152
546.013
470.889
509.077
287.723
213.033
203.608
263.64
401.679
521.993
321.386
516.015
270.792
422.858
417.465
425.561
504.437
539.59
293.212
457.274
435.937
338.988
358.436
246.447
297.547
432.391
456.596
399.824
523.611
525.28
288.713
265.137
387.289
400.474
487.942
421.292
538.734
655.561
457.5
303.048
244.355
384.82
497.811
434.657
496.804
479.009
502.306
350.793
487.53
458.589
491.042
300.328
316.727
400.223
409.599
258.4
215.912
296.888
311.656
356.863
298.157
429.866
704.265
369.333
196.037
338.942
304.317
222.902
177.533
484.334
984.222
737.61
372.337
241.091
168.448
413.816
258.54
262.119
269.131
419.069
367.115
412.689
285.515
427.031
373.056
268.5
373.081
562.27
649.966
470.306
392.664
591.053
441.351
372.776
364.579
551.164
769.608
645.88
446.523
604.046
308.594
303.44
321.529
409.081
626.309
650.454
346.553
567.01
341.354
266.522
302.879
345.91
425.392
566.376
388.488
477.812
384.993
218.859
214.511
302.762
590.286
520.893
397.316
561.395
396.466
205.934
286.176
552.176
776.634
619.262
412.372
410.499
413.891
477.184
474.956
640.073
638.11
449.413
387.851
307.507
242.476
277.403
317.849
282.614
301.68
308.855
253.582
411.752
327.043
192.479
196.591
340.384
461.799
436.246
335.231
364.246
400.08
284.803
296.401
309.217
500.752
394.428
402.76
421.97
212.294
279.566
389.491
527.185
562.382
455.803
227.132
449.186
333.068
367.739
409.341
311.485
363.831
461.918
335.501
