626.941
716.112
676.801
474.306
432.591
323.555
580.218
718.756
580.898
621.265
563.299
494.632
322.668
511.724
587.877
619.019
595.387
673.464
398.725
320.163
229.303
279.905
538.467
692.546
460.158
727.815
748.624
585.529
462.542
336.224
410.323
702.171
262.04
483.671
642.079
476.394
341.111
273.231
239.036
431.697
269.064
377.04
835.821
796.072
373.253
260.694
279.767
312.421
282.374
301.12
610.872
753.212
427.7
262.031
291.708
272.459
295.203
332.674
659.174
792.022
394.775
233.005
284.466
303.605
313.326
258.342
574.669
1009.83
548.116
261.9
320.026
254.54
366.525
317.643
433.441
1049.92
605.324
263.845
357.877
329.601
495.345
421.768
430.496
546.885
617.568
539.608
487.965
449.766
339.067
320.269
356.733
291.86
518.637
557.225
354.893
284.352
514.938
431.159
377.837
274.215
555.091
794.318
570.778
409.515
520.693
370.256
308.363
476.281
694.353
610.794
551.886
392.641
542.146
308.774
272.186
309.754
589.587
745.499
598.01
330.51
681.966
302.316
323.555
309.483
593.792
812.223
742.19
339.578
939.771
395.764
260.71
238.225
496.221
851.489
999.734
474.863
842.214
466.123
300.913
236.232
444.994
827.314
901.08
495.658
789.553
377.643
285.879
252.022
480.462
841.643
866.005
432.262
681.016
599.37
328.449
242.876
366.726
712.406
721.775
609.378
760.805
745.799
377.151
285.015
258.268
533.924
712.22
805.261
514.191
692.622
626.552
357.527
342.156
303.894
462.104
679.799
589.093
816.267
707.725
430.686
450.416
379.338
525.478
801.121
588.811
916.328
728.959
323.632
350.442
494.75
525.424
890.396
446.147
630.601
651.71
396.539
269.731
372.573
437.633
585.989
432.697
698.221
753.535
461.344
318.458
334.133
428.695
648.407
300.691
385.106
612.279
786.63
432.932
251.464
281.145
379.511
209.879
280.381
717.911
925.292
440.284
233.996
220.87
250.818
207.425
271.297
613.35
1176.25
538.822
239.731
198.626
261.321
457.682
334.495
474.939
903.076
613.662
274.368
442.842
363.906
269.647
223.738
314.908
594.703
493.622
370.565
276.991
234.125
387.251
369.435
340.566
423.245
685.11
660.249
412.767
381.215
481.355
455.94
452.963
482.882
804.226
886.763
540.544
429.957
608.648
423.113
322.127
406.227
509.043
842.304
667.291
435.555
793.422
405.507
294.039
356.014
665.283
960.429
859.9
453.94
898.014
381.053
316.377
585.99
638.169
872.591
953.637
461.665
822.104
333.695
255.052
306.576
531.792
795.6
875.399
404.682
833.485
412.914
367.955
266.067
589.165
925.292
908.586
459.547
1117.97
506.337
278.786
196.908
406.751
997.994
1196.04
586.031
989.565
493.805
275.546
184.181
378.159
963.86
1064.84
528.633
756.658
963.358
560.77
352.642
399.296
577.82
689.707
972.325
616.943
650.47
578.817
319.266
312.755
357.976
580.556
649.13
609.066
746.327
613.771
287.892
389.841
368.288
550.097
739.124
527.292
768.692
656.374
320.982
326.709
509.932
491.794
739.888
589.234
814.767
741.002
519.498
421.097
593.223
588.235
769.763
476.067
608.806
702.283
535.132
309.494
291.779
453.648
587.691
426.715
520.538
567.081
607.583
327.986
335.092
400.839
521.304
279.698
391.864
644.638
832.989
394.216
272.976
274.215
363.359
343.904
440.812
633.121
820.739
432.476
295.057
321.197
406.663
427.791
543.695
549.307
483.929
288.093
242.588
391.959
531.82
366.423
224.696
409.941
492.995
661.051
471.539
382.328
234.913
509.114
360.125
214.51
280.863
399.859
609.356
556.666
384.02
420.556
382.551
268.409
206.784
367.881
520.862
426.992
396.53
505.364
271.161
368.722
482.627
676.883
656.861
541.951
297.223
638.411
447.34
482.639
481.803
679.033
870.349
705.925
452.461
806.385
435.944
424.53
462.397
682.447
862.037
855.925
483.045
734.676
541.56
343.419
339.179
542.964
963.89
809.28
550.326
1006.91
576.058
364.156
429.079
473.631
882.552
1066.93
644.543
791.108
577.699
293.925
280.571
440.655
901.797
858.232
598.018
1374.86
617.443
279.521
205.482
325.934
916.6
1415
733.368
848.496
842.259
395.659
195.754
201.29
405.77
775.044
890.665
692.321
780.556
525.114
280.159
227.835
378.822
633.756
806.417
505.848
654.529
389.072
266.713
312.537
439.665
489.65
652.263
820.041
769.993
471.19
304.225
269.864
356.001
763.495
813.962
532.414
774.657
753.932
483.978
435.397
379.445
492.519
755.811
357.698
676.757
842.478
565.194
500.942
320.429
331.341
624.674
391.926
714.692
800.745
500.061
385.7
294.797
359.79
663.926
486.54
716.129
592.675
572.674
394.207
335.122
435.966
702.031
414.911
273.576
243.94
327.073
245.895
376.712
429.362
295.353
348.755
312.864
353.982
395.356
426.807
319.686
341.043
321.896
375.455
359.728
370.385
556.607
502.26
438.4
384.065
355.583
534.634
384.497
285.028
357.476
549.073
660.823
574.863
400.212
696.732
402.981
368.033
354.8
519.653
835.624
758.279
422.336
715.101
483.135
428.072
500.138
722.748
995.589
791.137
519.083
894.137
391.907
359.466
332.514
597.096
974.499
969.867
444.699
818.968
523.236
289.365
225.114
506.691
995.031
897.016
540.537
1014.89
575.076
351.186
363.132
482.359
998.92
1081.53
619.594
1083.8
476.986
269.826
299.935
573.807
1079.44
1171.71
559.371
880.48
422.527
308.967
262.748
515.488
837.743
938.054
487.749
1160.29
595.248
280.636
269.564
382.09
737.438
1173.89
716.279
1258.49
921.048
387.435
270.04
286.712
491.39
1169.01
1040.25
711.076
601.842
402.542
441.472
361.216
317.204
667.984
645.457
500.57
698.58
528.97
379.399
263.524
368.461
458.261
689.606
589.633
678.954
560.568
317.36
239.004
326.207
539.925
680.733
434.442
583.966
579.576
387.087
319.536
240.401
399.837
563.434
497.913
744.412
681.466
472.758
485.666
426.643
476.085
717.385
601.873
1003.22
796.609
485.272
492.625
518.868
542.19
967.373
574.72
778.717
585.484
347.421
300.203
406.477
530.195
771.411
314.585
278.319
444.496
572.767
320.127
236.351
314.161
270.645
332.903
209.652
360.387
621.546
550.749
466.247
356.675
217.532
642.845
392.939
331.521
556.227
771.274
772.46
686.148
436.754
554.497
490.743
390.921
420.173
588.288
711.252
594.754
500.788
819.14
387.179
183.59
407.924
619.829
856.38
884.019
452.685
812.751
498.877
501.949
430.141
644.164
978.742
874.007
508.231
870.916
387.337
396.118
487.858
639.948
903.267
935.984
449.481
917.132
442.178
256.031
227.492
406.141
821.717
973.796
509.286
700.982
480.922
370.752
391.964
598.866
856.179
761.172
499.768
1051.34
556.194
366.316
495.131
410
813.657
1103.53
625.275
890.818
414.978
313.324
291.509
437.725
799.196
946.76
489.524
1205.26
579.627
268.627
192.033
489.451
1069.38
1284.23
667.81
993.027
688.703
503.154
507.987
459.504
347.778
936.358
774.135
826.921
633.99
445.896
551.188
394.704
372.845
784.138
701.061
714.435
630.55
466.111
438.845
350.565
299.406
667.296
671.715
574.695
548.778
632.692
591.156
438.03
302.434
545.913
566.337
453.08
538.632
494.2
437.897
274.786
332.205
424.652
544.083
820.531
694.285
422.133
231.02
260.099
323.735
767.396
750.701
737.025
758.932
634.92
506.48
336.709
401.208
674.549
769.46
545.186
711.381
500.153
666.189
510.404
507.881
506.251
713.234
493.231
524.678
417.386
621.789
461.688
458.202
514.823
530.308
489.77
397.483
174.095
294.634
316.032
341.486
461.303
451.311
326.783
333.319
408.472
360.434
622.404
706.662
366.848
296.546
594.814
305.018
364.388
411.837
601.877
805.942
655.533
323.224
773.577
365.341
261.405
286.453
588.673
873.564
832.887
418.705
754.868
451.018
462.322
369.342
562.435
824.168
810.082
472.722
568.086
400.886
275.615
215.594
309.967
706.966
621.766
400.065
937.834
408.141
282.466
230.141
416.536
838.721
1007.55
479.643
800.477
588.316
266.881
216.367
442.364
923.427
869.313
607.294
896.812
420.986
278.529
193.893
339.103
860.599
964.115
471.395
992.363
495.028
334.276
290.818
529.554
829.149
1028.84
572.863
1021.32
579.265
312.707
227.43
395.639
822.729
1053.48
650.045
788.139
820.315
445.101
296.876
274.644
403.505
718.541
856.041
1163.55
1041.08
399.183
248.003
177.473
573.332
1089.03
1144.66
740.284
675.03
399.582
423.246
332.833
483.747
715.949
727.767
694.732
756.129
464.378
275.356
236.581
301.239
630.237
782.079
711.568
748.176
539.372
470.855
363.843
301.963
637.94
793.908
720.985
773.585
441.417
296.97
302.705
382.034
671.255
809.706
667.268
960.692
648.055
306.993
318.394
509.79
605.16
947.855
683.013
770.232
613.081
287.283
348.347
552.661
630.923
782.194
520.398
426.414
562.697
733.027
322.789
298.576
491.982
459.812
286.09
234.905
366.309
821.904
608.654
303.576
287.767
242.363
270.327
290.178
369.701
642.463
748.151
516.703
292.503
289.974
430.737
453.446
431.099
341.701
645.719
823.367
468.935
434.983
833.272
468.487
270.039
375.88
563.059
870.331
889.703
512.368
752.223
606.829
326.496
386.656
514.812
882.085
814.429
625.448
892.948
423.914
336.501
166.1
418.443
886.217
971.429
470.033
844.921
415.41
356.487
367.858
405.536
639.181
882.757
478.939
614.173
327.513
302.034
338.519
514.327
738.297
670.307
355.37
568.158
408.905
247.14
311.022
383.73
680.329
618.957
422.912
985.143
494.946
257.98
260.934
412.865
968.411
1074.18
562.936
1200.33
461.972
208.583
256.201
358.836
787.278
1235.23
590.823
757.281
669.222
233.183
326.621
223.132
469.601
705.721
748.135
738.345
700.863
380.313
149.882
184.899
323.396
684.884
731.533
731.408
808.275
448.376
329.488
234.721
506.073
669.413
837.048
471.005
506.899
268.563
198.765
254.971
449.948
445.241
508.459
539.751
627.153
404.495
242.128
230.925
335.137
501.998
638.551
775.241
759.903
433.894
353.692
310.111
440.889
722.827
796.787
781.209
681.239
409.422
301.968
288.984
380.911
749.207
724.34
660.236
699.411
571.882
458.077
361.885
388.014
619.357
716.138
431.778
496.449
493.776
455.635
333.639
343.139
424.005
492.67
185.967
180.309
409.448
556.245
369.312
277.812
192.1
178.628
244.652
195.265
382.593
607.6
668.88
403.862
262.982
193.852
532.88
444.309
312.858
333.447
605.717
822.236
590.642
445.097
533.727
262.381
250.551
225.367
299.828
512.967
564.011
297.638
832.97
627.58
429.724
456.987
448.715
848.833
886.013
638.144
702.759
372.784
192.773
240.645
300.08
625.657
757.604
424.161
507
359.064
379.276
253.058
452.874
702.655
558.496
339.601
797.008
328.314
249.818
261.137
448.581
804.714
866.233
394.088
905.697
536.346
251.99
255.107
423.778
905.584
975.311
573.111
973.511
443.324
229.322
164.837
267.728
761.913
1038.67
515.233
1036.91
456.178
220.218
307.07
360.544
779.001
1088.1
553.749
840.129
846.816
460.745
352.611
223.314
352.438
762.743
909.748
558.338
578.521
437.41
413.044
292.475
277.896
517.62
603.837
657.336
673.004
444.116
363.538
366.238
359.797
605.223
695.524
722.304
718.839
440.921
300.617
253.687
293.996
663.163
747.039
750.578
781.427
462.578
307.498
289.145
483.835
689.907
819.116
469.572
510.386
357.241
291.55
304.687
230.968
433.188
523.085
433.287
749.245
449.532
282.48
318.994
417.467
380.807
727.795
777.806
661.452
256.304
297.885
264.122
419.174
715.599
736.379
443.594
610.453
492.814
432.89
400.587
348.451
417.419
604.827
248.594
405.944
640.008
493.35
294.201
148.718
219.823
372.462
142.724
138.421
448.888
929.34
639.678
241.287
156.469
131.797
441.334
255.733
223.619
298.917
491.553
615.357
485.056
269.996
426.428
231.284
330.636
345.106
454.2
515.635
459.45
251.244
605.9
449.489
337.76
340.766
432.389
620.141
638.591
473.369
589.072
471.042
228.624
217.778
253.737
508.546
613.644
514.051
600.396
449.476
250.634
256.801
396.355
695.345
649.306
461.352
688.492
353.726
213.09
331.46
435.079
695.438
745.684
404.558
559.684
320.315
189.104
236.583
362.964
558.974
594.637
350.607
672.468
468.502
307.937
387.168
276.11
457.458
700.02
498.714
1118.58
482.292
174.163
159.533
250.897
628.658
1127.8
608.832
506.3
587.561
378.686
418.233
306.313
420.499
519.764
581.745
705.153
618.695
429.44
308.215
266.22
229.949
649.192
669.489
445.897
452.983
422.276
389.453
466.69
418.408
439.113
432.512
617.849
494.039
471.237
408.505
336.605
342.568
599.62
508.94
608.695
696.278
335.602
187.098
230.514
376.208
551.856
720.132
722.928
535.331
255.694
209.864
232.138
453.842
704.737
590.664
614.353
569.027
320.607
359.26
259.206
325.968
579.125
590.088
786.13
423.956
235.625
195.915
164.901
338.12
772.428
500.173
385.738
495.251
424.833
411.557
349.423
299.802
356.713
486.5
568.951
416.935
302.233
475.499
350.204
334.586
539.154
471.222
318.073
253.192
373.015
541.021
401.562
285.642
322.138
253.709
278.221
257.805
342.613
342.549
540.576
551.321
313.885
233.98
505.307
403.775
394.716
400.964
429.742
672.078
553.697
390.802
601.416
320.688
160.726
234.941
369.929
669.825
651.192
354.566
621.448
260.534
244.634
225.492
332.864
624.342
666.79
300.979
513.736
323.316
340.264
259.897
432.986
644.938
558.556
334.594
768.701
335.592
281.115
422.225
566.267
704.733
809.309
396.165
667.057
283.804
343.716
392.124
330.802
598.832
706.364
326.315
829.971
529.61
376.452
388.094
349.722
594.562
854.672
582.023
1148.34
671.588
253.617
201.517
269.446
636.724
1140.88
785.709
434.34
438.909
334.406
388.335
458.103
403.8
421.82
455.121
842.738
685.259
266.445
185.804
187.501
319.471
782.47
766.598
506.248
565.936
337.298
227.566
219.214
340.487
465.503
572.013
637.189
511.489
324.454
144.626
282.602
525.409
660.154
524.9
601.673
542.104
292.845
383.83
259.101
309.02
557.042
592.567
594.374
526.144
292.615
491.405
373.762
384.691
553.572
567.925
725.026
663.06
430.579
292.951
271.808
266.014
663.095
714.7
812.657
754.595
253.692
139.422
166.045
349.76
736.036
835.073
880.476
696.999
290.74
129.499
162.63
420.864
822.767
782.268
538.918
504.207
380.234
426.294
334.654
316.346
499.93
524.262
553.968
344.07
370.877
488.714
335.313
418.853
582.402
364.02
627.037
351.311
296.595
371.148
411.974
384.501
614.77
415.604
301.778
282.572
304.866
266.109
252.009
228.493
295.223
279.776
381.524
282.797
324.507
282.889
489.485
561.484
415.107
272.938
572.906
342.663
317.315
294.245
414.148
580.817
600.099
360.612
362.537
213.805
200.314
202.987
239.916
430.859
389.141
235.695
347.561
309.999
376.147
469.9
478.017
544.61
386.476
286.272
953.415
505.624
393.447
270.351
391.468
839.993
1020.19
560.674
766.072
296.461
166.768
228.503
169.307
457.755
789.586
367.092
1089.29
450.01
206.239
376.11
257.614
527.887
1089.95
572.12
424.603
653.988
597.885
328.65
441.95
521.954
385.153
616.357
245.038
390.192
445.624
334.653
347.46
431.133
251.476
354.074
633.565
629.223
405.084
299.906
349.798
405.669
594.275
661.803
525.688
621.732
447.524
227.631
333.627
374.761
510.436
624.642
607.995
606.548
377.818
379.118
267.707
458.093
576.226
645.463
717.119
650.403
388.283
200.814
231.321
332.627
666.441
683.161
636.696
577.704
390.867
363.065
417.952
350.886
588.618
626.614
825.503
607.51
230.627
187.558
255.413
414.653
780.36
687.324
798.518
514.284
319.285
406.903
247.372
359.918
777.298
587.58
961.606
636.577
268.696
277.061
272.131
405.06
923.239
735.458
737.901
482.52
164.684
194.666
278.145
465.649
736.899
557.118
483.434
274.69
211.839
217.556
280.615
545.769
518.707
298.106
501.796
300.342
250.55
419.985
311.066
474.933
531.987
335.93
544.988
356.72
281.489
304.299
343.971
637.166
595.592
361.502
457.026
326.684
275.508
259.072
504.878
767.195
520.932
318.056
541.654
300.257
301.45
339.277
354.461
426.821
555.228
341.583
1021.59
463.448
226.95
226.418
356.724
792.566
1056.83
549.341
860.291
449.583
213.007
252.077
220.738
557.13
897.034
500.704
696.007
365.981
316.47
282.997
288.957
613.323
745.472
407.221
777.852
335.823
211.281
264.224
318.178
616.787
817.704
410.381
476.114
523.2
477.337
506.585
439.079
341.851
468.962
516.615
654.721
741.021
414.799
231.951
232.848
336.951
588.76
761.241
523.92
617.677
399.715
540.015
524.392
389.553
500.106
635.036
624.831
640.053
452.43
251.023
178.813
269.441
579.672
653.283
554.912
595.869
349.477
247.282
270.639
334.689
504.652
630.674
625.77
503.735
355.65
469.355
397.604
386.374
587.523
563.555
860.663
612.818
263.222
261.629
280.831
342.591
803.949
697.346
751.692
645.456
331.835
212.624
326.407
354.719
694.382
690.27
662.949
510.811
317.945
297.941
364.751
495.313
648.682
544.081
1152.63
555.096
215.296
189.066
231.653
666.747
1172.49
662.399
762.644
402.476
297.761
395.135
412.805
468.501
768.753
478.477
676.423
379.45
233.548
141.586
221.472
504.214
695.543
427.658
462.153
401.68
302.872
240.751
293.954
607.009
511.845
401.233
723.077
352.987
202.598
293.92
558.023
832.879
792.823
404.278
472.015
394.441
315.96
339.543
336.912
556.116
514.224
402.441
559.073
375.033
307.117
379.418
590.137
849.799
629.155
391.6
708.367
494.935
267.283
270.295
426.123
819.179
769.865
533.9
887.986
392.245
269.386
349.542
299.255
605.814
916.401
470.612
561.888
420.635
194.28
260.845
308.325
406.908
561.261
466.291
779.481
366.523
208.935
156.95
252.458
508.712
792.908
446.157
504.897
650.539
482.103
369.754
354.475
471.428
479.114
651.24
442.159
518.313
480.835
391.645
405.185
522.601
441.571
509.576
571.331
507.904
479.131
469.088
417.766
460.891
572.056
511.901
413.317
558.756
444.093
317.057
279.722
298.183
400.074
545.955
389.922
609.622
460.514
265.326
312.114
366.448
370.891
573.918
857.137
803.814
399.641
211.11
215.375
330.321
779.65
873.53
789.737
548.066
312.603
400.468
270.846
288.268
747.507
624.123
1060.48
569.845
227.832
183.872
188.738
366.026
1027.45
684.661
1150.09
632.912
179.101
135.642
163.692
580.241
1140.38
756.208
1126.55
483.051
118.448
153.014
196.289
523.364
1120.07
616.194
768.799
442.176
261.874
265.745
316.543
605.315
796.927
486.882
572.618
385.323
308.785
325.05
410.982
652.45
616.138
420.206
502.611
451.264
338.347
290.624
346.969
510.993
503.215
471.173
559.767
351.162
197.168
190.871
365.198
707.892
615.741
365.267
630.309
382.682
245.482
311.457
316.185
446.705
624.579
435.661
438.041
287.404
389.885
381.989
386.471
439.545
461.448
293.261
634.65
409.476
307.739
421.106
465.259
583.719
641.068
452.919
664.261
286.67
265.339
388.682
412.663
594.387
699.975
342.999
556.174
278.158
278.851
321.369
539.59
739.115
616.456
302.21
496.285
197.835
239.447
230.026
396.427
616.932
549.991
216.254
706.453
403.811
336.596
237.56
237.024
461.504
726.082
442.071
413.673
587.895
609.707
354.8
426.828
503.566
407.182
529.752
458.696
729.766
466.944
430.533
349.718
431.35
446.571
706.059
523.994
619.905
522.668
354.085
330.354
345.79
488.106
626.401
479.688
559.141
422.657
261.622
319.042
288.803
439.273
555.845
826.925
672.298
477.118
333.432
299.213
328.567
781.581
722.327
803.639
606.123
318.046
369.854
286.522
329.118
757.611
682.576
1282.59
656.067
250.388
308.422
275.404
442.298
1246.41
799.39
1181.94
544.727
179.237
190.678
221.662
679.207
1199.05
672.401
908.812
426.757
119.309
86.1826
179.478
558.683
928.097
521.867
565.604
402.74
381.371
496.04
452.503
462.863
578.886
431.275
401.304
264.36
332.615
299.476
351.501
512.695
437.667
246.714
447.708
307.811
167.521
129.117
196.608
272.674
425.851
338.89
356.075
280.934
275.627
349.228
384.747
435.773
375.73
271.554
431.46
285.02
223.742
305.765
294.999
404.044
444.465
309.933
443.154
254.628
189.985
191.319
300.807
496.114
480.787
280.202
522.39
311.563
408.211
371.821
388.79
502.661
546.137
326.705
482.075
297.95
317.979
409.503
446.019
512.937
515.766
318.604
468.19
428.119
332.819
455.325
387.164
460.85
487.044
429.035
505.632
367.46
375.787
329.924
426.926
615.134
541.423
370.031
532.288
679.547
471.055
304.441
265.781
529.953
547.616
670.244
528.483
549.031
386.939
280.852
271.557
242.845
484.285
572.957
406.51
526.558
413.996
474.54
265.705
386.767
387.777
528.794
525.017
529.764
502.105
503.158
315.187
569.428
530.952
536.581
525.099
591.374
432.437
359.048
324.426
434.766
491.209
606.043
558.896
547.34
383.653
300.428
255.926
291.898
524.364
570.991
673.292
623.417
333.522
339.39
273.371
517.159
698.415
651.602
1017.92
445.511
207.749
188.018
240.994
579.893
1036.05
551.503
1016.22
416.967
172.858
173.413
273.196
751.456
1065.64
509.32
820.742
458.402
192.183
230.474
265.84
592.184
850.853
527.115
332.575
316.919
187.093
249.837
241.597
366.28
335.73
313.345
701.258
363.197
232.543
236.532
351.699
539.992
712.891
425.195
586.313
413.14
323.469
328.213
324.634
511.904
617.66
441.419
628.677
293.634
244.644
489.412
298.923
391.878
637.573
349.631
746.603
344.764
248.14
215.034
465.643
746.017
801.582
386.844
437.812
315.196
411.39
431.406
517.502
570.285
468.194
309.83
525.814
379.317
284.117
376.9
314.913
399.555
520.99
409.982
583.889
471.314
493.873
498.767
440.394
645.594
626.665
478.753
581.609
626.215
403.811
416.58
355.342
637.073
609.374
629.415
477.39
503.099
325.188
288.477
283.134
417.059
490.189
519.067
419.006
522.996
475.541
529.388
284.175
352.584
407.22
521.422
364.201
328.012
421.911
408.523
348.241
218.242
353.041
326.46
481.102
530.8
525.028
702.674
528.124
358.098
445.269
532.547
351.723
522.857
565.136
374.508
401.956
389.794
343.514
480.069
662.753
685.41
557.856
505.225
359.522
399.559
626.272
702.342
284.172
381.388
459.548
446.815
357.443
263.711
269.448
363.478
931.306
439.615
334.257
399.034
442.255
586.737
943.806
525.423
732.479
434.755
236.013
180.612
277.658
462.425
727.993
500.663
625.619
392.987
238.462
205.121
352.019
539.769
647.181
431.867
729.758
407.618
228.502
189.231
285.214
558.041
749.874
463.822
457.788
346.422
419.829
426.74
579.643
682.09
507.876
356.152
780.641
438.277
377.576
397.645
509.711
734.693
810.51
478.618
569.867
268.313
206.171
229.502
276.854
492.956
600.061
304.316
666.595
496.23
234.627
285.173
211.567
304.813
638.166
559.115
491.198
323.269
315.974
340.72
413.743
476.923
517.638
330.731
375.04
222.168
166.645
250.473
253.94
385.533
400.147
242.748
570.455
354.34
407.62
386.812
423.196
516.21
581.719
366.432
341.854
233.985
308.796
300.451
407.06
491.129
377.218
228.631
462.674
314.581
317.496
305.024
287.198
389.453
471.154
344.535
279.02
358.899
260.37
207.371
324.991
407.529
285.715
354.695
379.978
419.51
655.725
728.962
437.724
384.364
393.226
395.656
497.539
568.751
608.491
368.057
381.027
437.415
479.984
521.911
261.783
442.753
521.335
445.478
474.83
312.313
255.259
413.502
432.381
395.373
396.839
508.205
414.006
394.642
443.75
391.991
421.105
352.373
343.377
666.481
577.834
398.629
432.346
357.59
328.381
413.031
402.264
390.946
300.926
283.696
309.545
399.751
921.316
474.624
183.126
210.803
215.942
499.223
930.737
563.637
662.427
335.049
206.874
440.261
566.062
704.129
696.633
390.668
654.456
384.235
267.467
371.359
472.854
759.159
713.633
417.273
729.855
377.089
238.122
339.563
387.199
756.653
789.997
415.207
598.944
370.96
251.174
439.871
593.68
764.01
657.241
391.08
638.455
398.559
324.118
301.934
315.265
487.891
654.429
436.336
523.031
431.86
411.878
349.683
403.273
401.914
513.033
467.818
430.892
321.853
376.257
468.023
643.84
682.13
477.22
323.69
465.916
417.7
335.396
196.554
457.843
723.886
519.602
418.639
382.181
206.482
365.593
435.611
436.818
387.447
396.705
216.184
337.851
235.222
229.238
448.057
423.654
375.231
363.96
242.227
333.536
272.073
306.589
197.192
349.505
482.339
361.463
254.947
396.317
354.538
456.281
383.56
381.51
545.173
428.881
334.376
296.504
190.972
316.831
282.91
369.776
302.458
313.617
189.245
282.341
280.683
310.816
200.058
241.24
296.836
277.027
279.308
364.774
548.466
720.378
488.126
386.648
367.216
352.42
494.119
541.717
421.407
633.381
497.392
357.788
321.271
544.083
409.843
244.233
276.587
452.229
488.411
429.461
298.017
246.293
255.355
277.823
296.853
489.003
496.453
265.003
223.819
270.333
285.474
289.944
251.316
463.808
917.056
632.773
335.931
294.742
264.63
324.082
266.935
471.638
780.352
478.765
275.638
335.328
255.557
363.121
197.871
281.408
578.521
503.332
417.392
382.873
217.012
600.358
444.701
393.333
420.101
579.312
682.058
637.758
459.083
618.36
381.234
230.292
241.017
359.999
603.828
649.899
411.677
466.702
256.475
284.875
336.721
466.73
617.071
513.591
278.733
543.522
396.163
258.83
280.294
374.78
527.513
577.179
429.497
556.657
469.031
260.859
318.412
494.447
762.087
611.568
482.969
379.169
343.215
317.714
457.456
467.063
503.193
400.96
332.078
476.289
383.412
420.067
349.24
439.015
614.245
517.052
396.041
367.134
251.65
126.331
181.387
286.697
485.342
403.553
263.685
249.012
281.719
312.172
421.439
372.035
347.143
269.499
276.166
359.721
242.298
288.715
381.359
502.378
529.2
395.681
252.031
387.788
306.753
310.437
388.723
315.606
333.378
396.01
308.235
480.99
467.602
444.683
426.872
585.405
678.971
521.501
468.036
449.549
445.956
443.26
398.331
352.181
412.45
441.936
442.146
232.445
251.873
456.381
545.509
278.089
198.365
232.223
241.753
628.534
386.384
454.643
679.202
407.869
366.582
614.953
431.988
269.267
244.029
462.965
624.719
427.583
228.113
260.843
236.322
229.027
210.725
408.217
548.919
381.62
283.833
241.077
193.076
184.803
196.685
337.551
553.614
489.063
242.014
181.207
190.2
179.185
206.651
373.841
487.569
467.359
261.524
182.619
191.598
424.807
304.585
393.025
537.798
846.003
744.566
475.695
313.266
499.65
309.356
226.581
255.421
345.151
407.211
504.342
339.099
588.169
355.83
210.397
262.856
427.775
741.881
644.421
390.673
422.004
323.18
307.69
392.61
576.766
618.191
456.074
321.127
285.927
275.065
331.618
435.298
396.994
447.964
315.033
276.546
339.308
312.72
271.81
266.559
313.946
419.238
364.758
311.37
489.184
304.932
344.789
432.331
436.365
641.163
539.047
302.87
580.644
464.395
245.939
350.621
411.327
651.094
621.257
487.3
323.128
283.994
321.665
397.573
469.374
477.704
340.495
275.637
370.745
365.994
239.23
218.122
394.002
505.926
399.057
370.673
409.484
287.929
256.485
360.446
541.08
634.004
458.117
300.395
331.933
313.723
355.051
328.089
476.128
541.035
354.273
301.759
321.772
273.987
458.848
357.688
411.446
388.886
336.637
261.203
