649.278
683.232
654.358
419.847
322.751
280.338
597.292
692.154
620.226
899.967
671.471
382.266
308.355
483.376
605.09
870.652
641.187
591.774
341.86
381.795
342.322
379.554
606.222
617.237
463.294
752.99
753.516
545.499
348.906
376.357
433.628
718.732
432.762
666.205
770.014
597.385
306.622
280.734
406.116
621.358
403.413
409.004
707.314
649.881
489.95
293.238
402.958
378.177
422.967
449.283
734.503
891.163
448.695
338.343
444.478
437.064
332.987
420.749
695.635
810.995
406.106
202.628
317.504
385.963
332.631
303.492
476.65
900.804
421.876
178.778
319.804
310.532
287.719
250.156
394.815
981.377
620.158
202.583
269.16
254.056
300.266
326.526
547.374
697.847
453.649
249.712
285.373
318.35
402.242
381.559
338.84
538.544
684.785
607.899
423.075
398.742
451.55
397.879
377.481
434.995
540.973
646.899
468.006
416.625
285.766
355.094
390.071
353.241
634.304
706.63
330.626
308.866
705.26
378.335
363.488
384.847
638.094
833.511
760.67
409.283
555.6
375.215
416.995
452.582
665.211
737.639
607.959
387.757
675.92
478.475
350.887
407.104
669.441
833.361
731.693
503.8
783.806
644.532
324.118
255.712
433.546
869.785
837.593
662.61
719.492
496.728
424.244
208.497
455
836.801
782.422
534.367
860.178
385.366
289.09
365.156
493.656
868.076
922.384
443.491
647.722
605.583
386.133
293.958
272.931
320.896
606.241
634.926
454.725
636.131
547.103
392.716
325.202
379.94
404.465
623.166
547.242
852.524
719.958
283.491
304.251
367.259
484.306
820.834
446.229
739.348
763.24
529.659
531.028
325.77
402.908
697.556
429.58
672.985
777.205
626.813
313.29
303.696
414.42
611.839
285.955
528.294
707.189
612.556
433.496
279.656
255.848
488.345
226.691
335.466
649.483
677.04
373.53
250.684
218.375
289.265
216.156
297.568
728.244
889.623
496.787
239.084
215.264
259.034
269.819
328.284
672.429
958.399
454.884
262.6
256.365
323.259
453.476
382.705
501.715
1088.79
583.782
341.957
443.05
392.388
237.285
405.888
461.213
728.239
458.593
274.327
221.702
384.859
407.561
419.262
400.97
548.584
757.267
669.755
433.877
430.181
551.303
457.705
385.574
470.79
765.316
883.129
608.773
477.197
503.461
362.395
389.574
291.61
581.284
744.482
554.045
355.438
848.092
434.134
335.033
315.515
566.326
892.706
907.509
498.807
735.567
407.89
334.51
354.042
598.962
809.521
786.739
451.85
777.849
425.97
280.388
298.115
546.33
920.44
847.333
458.205
853.825
509.077
260.552
288.213
543.699
934.15
920.946
542.278
1080.72
455.917
212.55
246.83
396.387
900.338
1137.53
552.798
1118.64
563.413
278.763
168.53
434.793
1003.21
1175.83
619.764
571.625
805.358
655.405
333.083
522.497
503.531
505.148
786.548
656.707
851.962
571.393
318.864
247.961
452.704
596.86
851.949
620.653
941.405
698.352
350.421
347.768
510.059
553.155
918.267
528.976
767.678
566.789
306.764
264.034
404.348
475.093
755.065
778.963
709.378
601.621
495.363
424.474
582.834
799.982
719.681
453.984
662.159
681.585
483.335
477.543
390.307
435.595
632.904
510.722
605.145
651.572
456.911
433.368
243.688
464.237
595.002
382.269
536.535
774.88
729.442
311.313
288.376
350.167
503.718
251.579
485.016
816.66
763.916
530.94
303.858
226.447
433.034
488.577
489.833
631.407
732.506
427.581
297.012
458.581
490.007
295.683
180.697
234.391
420.456
514.565
464.387
323.886
186.506
318.248
306.168
341.744
416.273
381.196
338.844
320.836
313.233
545.923
336.398
212.003
279.266
337.481
502.426
587.369
356.443
406.704
247.868
281.138
380.323
703.312
670.627
451.88
267.302
824.182
370.41
238.365
289.645
435.481
717.841
870.252
438.47
806.742
356.676
228.096
289.25
585.174
885.757
880.949
414.564
732.697
354.909
358.657
405.813
587.185
831.49
800.527
404.053
829.236
373.907
277.016
428.725
596.555
915.272
901.383
426.131
1054.69
497.071
324.456
225.399
430.51
974.879
1115.38
551.733
1024.15
554.026
274.694
248.528
364.053
925.182
1091.75
605.677
930.231
934.321
497.692
256.667
328.409
395.149
846.485
975.734
708.288
739.396
477.462
201.23
283.786
360.575
641.78
774.424
435.866
697.759
495.968
235.149
264.517
387.688
391.208
677.367
686.643
573.375
577.793
433.144
366.195
308.709
648.459
609.107
445.389
600.946
451.547
334.454
295.247
433.032
428.042
595.819
424.152
697.585
809.35
751.485
424.211
417.88
409.785
661.188
420
745.372
815.821
557.953
351.791
392.954
384.32
698.324
635.319
650.435
528.904
569.23
357.315
489.193
589.032
677.856
523.634
378.187
545.392
457.275
474.678
398.63
514.657
399.453
351.928
345.133
258.456
272.463
219.73
225.066
330.809
358.544
673.089
463.256
353.16
622.844
393.96
316.711
642.113
534.16
463.919
317.659
317.868
347.215
649.053
756.172
508.568
319.779
756.131
344.298
180.719
152.71
334.014
723.791
809.025
395.227
552.167
385.691
354.257
475.369
545.97
831.958
614.399
389.225
906.854
524.557
375.88
426.523
692.323
939.617
958.262
554.545
796.923
623.858
335.764
258.66
532.645
969.581
865.483
643.482
1101.81
524.309
382.41
331.979
556.085
902.068
1144.73
612.928
1229.67
590.781
335.504
367.649
486.403
1044.03
1308.94
693.336
984.389
510.316
260.507
237.195
456.374
983.14
1054.55
571.737
691.302
446.367
302.743
369.123
382.755
615.358
702.707
502.525
920.743
841.072
424.564
260.462
221.159
386.901
857.478
896.236
881.663
814.621
342.291
246.693
240.751
424.137
806.648
886.838
753.156
738.881
342.071
275.442
232.524
304.982
673.785
801.559
611.496
789.702
627.547
324.888
300.818
347.125
542.298
793.69
448.731
650.306
533.844
231.236
254.144
319.57
399.864
632.098
541.146
855.456
631.094
301.685
290.067
403.237
483.745
832.837
563.5
714.448
859.689
678.304
378.791
319.848
528.935
693.656
567.553
707.763
804.355
557.814
521.599
328.369
529.187
686.85
282.678
530.289
695.615
523.889
258.481
240.728
260.663
485.291
354.257
284.814
363.315
477.324
334.156
294.781
356.335
295.296
401.161
301.774
392.443
532.701
777.388
626.23
428.842
308.892
585.617
495.759
350.028
314.989
535.275
738.452
630.261
506.204
586.687
442.135
297.46
295.024
476.181
768.354
641.242
459.801
684.89
490.925
444.857
533.962
737.57
990.551
764.232
515.45
937.969
599.624
362.837
389.109
631.548
1134.68
1031.75
656.512
953.991
457.686
219.202
271.78
489.826
1022.29
1028.41
511.483
960.37
483.596
227.709
235.531
386.282
794.841
1012.53
561.515
924.618
420.211
264.819
278.891
570.163
864.039
981.754
503.616
1025.98
552.023
339.74
350.697
404.544
888.257
1082.28
623.431
774.22
521.094
289.394
308.148
527.756
879.522
837.098
541.972
1107.28
683.16
514.593
441.083
301.957
539.691
1090.84
744.007
786.185
506.45
404.33
552.85
368.347
453.209
786.471
537.466
862.539
689.825
431.311
387.824
370.304
462.764
840.133
715.045
608.518
625.774
406.212
457.327
438.141
394.854
575.203
639.03
470.343
639.152
448.373
390.827
403.63
368.038
448.832
618.267
944.608
778.474
410.68
338.605
331.282
391.656
881.833
851.69
658.271
730.3
564.603
395.211
395.223
422.375
601.165
747.247
690.049
853.869
559.081
535.116
544.141
521.346
627.266
862.137
482.728
621.072
637.799
504.942
336.542
314.734
485.525
599.309
337.862
398.263
366.236
372.98
417.515
347.573
314.783
404.041
526.82
307.001
283.543
376.141
581.249
651.995
565.964
328.038
522.943
495.494
312.075
341.961
488.734
675.121
565.773
502.962
774.637
539.058
282.508
284.911
473.63
845.273
833.033
563.393
802.79
527.125
239.696
359.714
578.956
973.357
875.087
552.415
736.92
336.784
259.75
351.257
511.992
838.298
803.963
381.349
743.949
579.543
332.718
267.357
491.786
850.504
806.224
597.613
740.734
511.338
313.133
210.476
459.355
827.116
796.323
524.429
938.636
415.875
345.872
266.623
558.792
894.829
989.553
479.467
784.947
644.812
391.781
347.282
438.036
815.619
832.025
649.133
1052.32
439.648
320.466
295.677
513.889
1001.78
1119.84
525.111
699.508
815.528
399.054
259.716
348.152
430.754
623.726
838.113
746.256
833.89
554.135
273.164
260.444
376.475
673.045
866.969
906.93
617.869
308.889
248.043
229.785
587.178
896.726
699.851
859.913
711.192
388.765
293.647
297.604
355.66
807.771
778.832
450.449
569.685
540.962
476.026
364.183
331.013
414.636
555.674
614.741
483.666
349.594
267.033
293.296
378.066
592.017
509.801
554.713
731.085
684.68
396.999
387.258
462.844
507.937
717.254
902.437
635.9
487.962
347.052
416.495
319.672
853.798
692.574
580.977
440.925
551.522
594.535
328.327
290.539
553.605
476.282
309.813
324.668
624.041
1084.87
713.637
334.88
290.386
318.865
339.501
257.299
301.787
603.248
617.391
343.995
336.803
279.022
362.203
323.734
459.172
507.32
787.271
693.498
407.196
334.464
782.304
448.764
419.007
291.461
523.196
887.127
858.288
487.57
849.697
396.991
368.924
302.443
637.25
926.218
909.244
442.869
803.519
489.517
317.282
254.108
402.857
824.12
859.19
527.599
1030.82
505.341
216.751
154.199
322.267
906.922
1113.91
582.965
985.527
433.143
317.097
321.127
406.41
783.965
1024.88
513.022
992.592
445.693
233.268
279.555
362.408
795.218
1046.24
533.877
994.067
587.103
296.354
236.276
497.412
1067.16
1078.28
646.086
1028.72
463.776
238.863
229.748
417.49
840.637
1073.96
548.085
922.546
787.365
429.71
207.218
230.44
383.092
860.424
836.906
893.113
808.959
365.102
251.677
279.202
441.37
843.194
879.498
604.78
738.727
396.704
265.223
210.841
402.296
541.126
760.191
707.943
742.595
308.203
222.588
205.282
374.075
635.584
803.906
720.449
781.155
428.29
343.03
330.952
366.283
647.28
823.239
680.734
744.857
494.273
370.718
264.998
284.742
610.456
765.138
658.278
770.172
433.121
230.68
249.956
344.637
592.35
789.632
767.213
1054.87
574.192
297.814
222.311
514.655
684.843
1062.89
535.273
547.213
372.381
335.139
315.497
298.531
501.384
570.16
278.52
332.599
596.345
572.832
462.729
245.708
262.464
312.937
373.35
275.36
395.485
565.174
629.135
467.259
402.695
284.61
504.511
304.975
263.414
356.621
715.381
856.464
570.239
309.982
532.933
338.494
269.432
160.203
277.298
563.587
574.7
347.844
744.008
308.778
307.603
464.692
600.768
829.311
804.183
353.339
751.389
407.02
224.924
241.085
319.792
682.857
805.971
455.182
715.555
366.66
254.44
206.368
260.567
614.663
764.669
418.941
741.725
482.99
253
413.161
553.518
840.7
798.273
515.529
606.918
307.554
300.439
371.384
591.141
724.787
658.002
343.596
915.044
464.056
206.062
210.928
348.643
812.524
987.213
532.876
1152.48
505.631
218.607
195.064
336.03
869.914
1215.31
604.165
1012.08
848.904
404.585
310.254
226.273
359.95
928.804
922.463
658.378
625.527
387.993
407.833
289.701
294.115
603.812
661.069
621.061
729.747
410.154
368.983
346.543
445.141
567.613
750.146
679.769
615.52
495.929
405.003
376.403
389.26
660.429
650.243
667.581
551.918
397.469
370.408
352.767
369.894
629.122
591.318
614.028
694.251
371.075
321.501
273.938
463.539
575.019
712.372
668.71
681.265
421.91
510.349
321.062
451.326
627.754
710.99
1135.63
686.701
274.971
275.454
206.427
377.122
1091.65
790.385
627.605
663.387
525.409
357.038
342.574
477.912
588.906
678.86
449.606
500.286
580.971
344.43
495.927
550.711
456.099
459.526
196.507
237.724
376.472
506.906
366.648
236.22
191.259
228.906
354.545
315.629
284.404
517.736
521.878
454.897
369.414
328.762
533.372
380.871
233.098
343.636
467.573
585.182
563.304
405.778
716.15
340.457
279.935
279.646
430.15
626.805
751.227
396.249
689.979
409.462
236.236
217.665
434.754
768.182
757.46
454.242
756.169
319.535
261.418
157.58
309.963
639.475
797.035
376.466
1013.72
471.874
231.839
269.443
430.814
881.795
1079.91
559.082
863.607
420.049
289.542
339.483
484.484
842.542
918.805
473.507
937.096
422.193
206.827
243.399
329.294
798.609
1006.84
496.317
1096.09
447.412
216.721
297.163
308.755
774.043
1151.23
546.622
617.533
680.922
352.686
259.424
234.574
393.979
576.551
706.92
671.125
719.505
393.911
261.675
247.633
428.613
625.164
756.857
524.181
630.512
356.823
170.874
196.571
398.323
488.735
641.834
720.671
738.925
381.045
246.213
282.652
374.321
669.772
767.664
773.658
653.828
343.771
358.078
260.201
335.094
712.891
723.387
690.123
471.361
306.331
329.381
320.74
323.377
664.308
512.236
751.001
609.425
308.344
235.015
223.938
364.985
702.152
663.444
756.672
708.339
475.533
227.544
250.8
352.159
703.491
736.754
609.769
556.287
312.346
312.867
313.73
322.722
563.248
594.092
339.959
287.491
321.632
447.288
427.12
316.799
341.593
290.096
373.732
345.497
399.408
628.002
404.443
215.93
355.73
355.571
398.536
313.969
258.282
571.73
583.666
450.517
395.443
332.721
371.407
342.926
364.791
349.016
536.225
716.75
415.42
335.251
609.18
288.092
239.79
256.045
447.13
644.088
652.756
325.704
653.124
335.601
265.897
375.649
388.3
666.86
699.335
377.446
725.114
381.741
193.798
195.8
273.322
551.266
741.234
424.06
650.086
379.784
301.023
226.376
430.663
686.181
699.778
415.223
750.247
518.695
296.68
236.581
334.788
737.598
793.335
534.717
928.395
463.09
217.213
269.196
318.748
741.394
979.148
538.677
1151.05
789.997
268.275
180.15
224.801
490.878
1099.12
908.814
565.166
719.736
433.341
374.192
435.111
393.942
503.389
727.733
666.781
650.947
458.683
201.668
287.488
468.222
632.669
666.441
515.012
495.057
406.882
338.405
388.398
454.593
504.127
493.87
651.976
462.323
306.361
252.537
267.716
422.984
631.731
505.934
853.51
531.785
204.549
297.314
197.352
295.92
817.398
617.358
636.7
372.741
240.831
367.724
286.388
325.347
632.156
425.694
761.159
624.297
380.452
236.209
344.925
472.056
728.088
667.503
957.423
538.773
260.224
395.927
257.815
335.033
910.343
651.698
959.814
589.267
325.083
223.079
133.469
304.366
914.504
678.52
825.255
642.877
285.62
312.584
212.98
316.417
774.433
719.1
395.961
392.671
409.334
311.168
301.45
525.641
433.651
373.416
265.562
227.365
234.348
474.08
387.051
278.903
274.379
224.36
387.205
316.824
260.074
300.451
356.243
448.941
379.842
349.218
513.376
414.536
364.175
424.372
373.818
606.871
553.418
426.078
607.805
488.881
247.639
203.745
425.218
794.745
665.042
502.263
725.737
323.93
204.341
211.249
367.842
707.508
789.849
381.997
543.088
279.325
184.869
272.038
308.661
563.291
591.782
314.109
593.567
587.032
374.644
524.269
497.887
629.246
630.289
581.793
759.999
371.615
297.934
356.657
373.098
581.665
792.529
426.673
742.693
373.904
255.414
397.935
428.165
595.868
769.71
431.491
687.948
699.902
478.715
442.661
296.004
443.824
651.5
741.698
607.39
732.941
474.847
346.744
384.212
336.133
547.373
763.235
460.705
767.804
635.832
349.368
382.532
337.482
400.525
736.098
469.354
592.056
403.992
263.911
204.871
310.222
450.114
584.909
540.869
479.05
309.133
290.77
186.636
254.143
507.351
515.289
724.936
620.296
376.641
274.578
174.481
260.721
676.356
672.057
755.77
609.455
290.59
236.851
219.923
282.994
706.305
667.669
954.357
733.188
320.422
208.734
193.541
281.824
878.955
819.378
923.419
664.516
265.492
304.766
229.308
381.601
870.574
760.512
1054.53
637.935
235.003
138.425
140.297
340.476
1004.34
743.524
754.427
504.545
306.18
275.69
282.97
378.927
732.324
573.866
736.503
345.91
154.461
188.642
390.512
666.622
783.556
412.038
417.626
285.918
217.699
286.142
287.738
598.435
472.052
284.905
526.409
417.991
411.778
395.805
543.963
695.04
553.276
423.912
700.59
492.202
284.141
303.036
384.473
717.431
746.842
511.467
605.309
393.062
377.643
436.174
523.379
719.548
654.949
407.016
637.551
345.634
285.612
260.501
296.306
539.657
666.75
369.514
824.121
448.432
343.902
287.991
511.867
870.505
888.437
482.954
829.374
387.355
182.565
175.961
227.743
661.501
890.565
451.523
807.409
394.183
250.385
335.303
306.089
546.575
829.507
473.368
493.046
499.846
543.008
369.782
290.594
396.806
514.826
493.495
468.937
431.551
276.244
164.296
175.734
289.299
443.119
460.387
387.552
558.025
443.601
422.349
319.987
425.478
370.525
536.718
652.521
655.366
390.482
467.91
312.95
539.154
622.06
694.843
573.964
473.698
381.051
407.855
272.59
241.362
555.203
500.921
613.661
586.65
347.512
388.719
405.137
295.247
563.09
633.877
635.316
471.685
279.558
239.308
243.022
278.146
609.753
515.182
961.248
775.658
291.229
126.831
218.745
487.662
899.686
863.565
626.386
542.761
308.436
270.63
367.291
581.771
632.565
583.752
1231.29
529.05
156.849
198.84
253.697
507.174
1219.26
677.41
945.847
472.997
190.805
226.216
210.495
416.821
930.188
580.948
612.427
312.8
205.995
270.364
304.709
575.158
651.011
354.729
431.547
329.806
364.917
225.269
338.069
529.057
465.905
318.645
410.672
340.454
209.444
266.94
380.2
560.298
453.262
347.039
843.855
394.94
192.625
322.888
398.466
826.15
918.597
454.152
681.256
358.984
294.824
216.695
538.067
868.458
754.594
404.106
551.309
331.779
204.365
274.347
446.066
611.669
585.043
356.016
1004.96
453.486
193.328
293.617
282.67
668.315
1040.5
555.828
820.101
402.351
253.726
277.777
401.473
748.654
881.252
458.867
707.808
352.696
153.296
132.595
174.764
532.532
756.201
394.814
581.823
547.857
544.486
525.041
450.856
437.926
583.892
566.606
604.575
956.62
715.812
417.864
422.067
391.957
528.271
931.286
799.863
596.211
446.396
457.596
370.403
349.639
764.893
656.775
667.412
692.202
448.801
370.199
298.346
357.416
622.003
713.225
516.576
486.397
404.972
368.317
340.075
260.91
479.971
513.543
669.332
641.521
326.747
234.256
216.601
354.348
611.09
681.922
847.34
627.048
253.077
291.282
214.051
312.898
796.425
709.759
873.701
610.407
311.036
364.617
238.819
311.912
812.23
703.88
767.597
441.764
189.749
168.642
177.411
385.842
750.771
521.397
1112.1
442.154
94.7742
117.929
137.162
448.676
1106.44
580.823
1112.33
496.993
156.572
149.572
242.785
716.943
1145.29
612.735
844.735
543.703
278.028
478.228
380.276
553.125
828.374
626.505
699.131
416.941
305.512
270.713
472.629
573.14
711.134
456.822
634.984
337.09
342.76
322.446
436.773
757.547
702.31
362.122
509.051
380.602
395.899
356.549
389.508
535.965
549.469
391.326
581.563
382.748
257.814
300.363
306.826
395.185
576.188
428.822
686.939
324.853
256.471
315.522
508.82
717.289
733.218
380.212
600.228
429.335
292.826
376.348
617.168
680.101
605.107
485.044
718.623
350.472
245.059
261.604
371.121
618.914
752.639
407.666
569.377
320.547
165.326
198.209
270.946
503.791
588.837
368.355
558.593
665.136
545.128
342.89
372.5
437.116
524.453
659.508
527.571
603.451
431.902
289.772
280.797
569.569
513.16
607.975
670.195
530.406
356.911
322.943
243.35
450.498
656.194
566.674
721.533
642.346
460.642
483.308
351.634
411.703
684.192
668.574
646.911
594.18
355.78
253.506
263.528
339.147
599.071
629.764
878.16
912.705
491.756
292.668
252.154
372.802
797.28
951.917
847.778
871.113
393.736
185.985
152.467
383.57
767.317
927.937
787.635
627.442
295.567
171.893
136.811
285.089
734.621
694.996
1101.71
607.912
199.791
233.559
246.53
587.706
1095.75
726.097
879.851
429.296
177.809
268.143
257.938
572.921
899.838
516.56
861.808
424.788
253.825
275.861
298.559
540.744
867.501
506.657
554.679
228.184
200.437
152.306
341.248
534.067
593.146
248.563
602.184
278.524
213.364
220.099
296.491
486.451
631.568
329.527
546.589
308.249
218.303
183.038
325.017
590.518
590.754
336.877
386.222
259.889
306.549
242.834
441.283
563.157
416.847
258.663
703.854
296.073
198.485
249.149
413.744
687.48
747.157
353.674
607.105
369.608
386.021
428.966
541.249
665.423
646.075
395.576
453.193
384.76
300.342
314.875
332.174
457.179
473.916
384.893
503.79
295.018
312.098
402.932
398.133
487.938
527.778
319.519
580.05
264.931
296.197
473.523
559.45
756.783
644.744
298.34
701.143
440.252
367.126
408.648
233.341
393.36
698.072
495.072
527.9
621.747
522.96
366.06
387.932
419.296
502.488
610.253
532.957
512.511
464.535
438.667
376.998
352.657
519.955
508.156
541.663
627.277
375.209
410.373
300.82
363.648
490.359
649.705
597.275
632.368
414.289
216.525
221.539
368.158
566.342
631.111
458.668
518.089
387.539
438.806
295.395
255.238
424.88
527.239
616.368
664.87
390.729
231.646
289.521
522.944
579.66
683.16
436.291
283.09
310.127
447.846
299.936
335.359
441.186
309.716
700.903
386.185
164.294
214.341
254.922
508.879
710.728
448.339
931.783
490.318
168.55
133.107
187.564
451.992
920.26
588.736
671.226
435.07
329.765
408.629
331.225
407.213
669.947
486.218
531.861
315.054
201.204
233.702
370.436
541.34
561.615
342.547
625.795
324.444
270.698
230.677
243.478
487.876
646.41
357.142
330.881
283.516
288.072
427.736
332.252
377.312
336.229
303.383
659.77
380.991
193.611
225.1
335.811
708.993
712.374
405.233
528.673
366.994
292.785
341.551
443.056
527.872
556.116
384.446
570
343.629
201.046
212.169
317.364
458.68
573.217
382.474
599.201
397.814
482.12
527.029
680.851
779.046
657.468
420.931
824.058
445.491
370.525
477.841
444.514
668.599
857.118
501.686
664.437
406.069
276.25
343.806
318.48
552.014
685.166
449.784
556.144
466.218
434.68
283.735
274.908
284.886
547.089
468.326
516.43
746.785
564.04
219.77
313.689
423.047
487.985
728.083
300.498
346.004
478.377
601.965
449.375
365.25
293.486
335.298
334.687
477.235
581.113
511.306
497.947
348.076
317.096
448.252
829.125
625.601
371.168
350.217
196.977
332.246
788.494
697.297
557.39
666.25
556.621
398.368
277.434
429.027
520.563
677.532
654.276
712.777
342.071
236.011
257.971
417.048
594.529
740.023
861.276
456.302
181.61
192.679
161.869
418.449
850.405
550.187
733.182
379.159
141.025
166.806
214.241
453.718
737.435
452.223
753.329
410.551
281.197
262.65
342.83
671.502
793.469
451.45
944.878
462.176
265.287
203.845
340.848
789.778
993.02
515.74
575.872
318.01
291.691
433.819
420.311
443.257
586.285
365.474
527.812
300.763
272.473
264.81
422.134
604.501
565.803
332.539
446.554
419.57
283.141
254.94
322.63
480.499
472.603
422.695
764.598
366.256
187.256
138.775
266.006
592.747
800.234
401.791
522.127
343.986
199.211
228.862
395.527
679.646
577.964
357.543
491.504
309.724
315.269
278.646
471.257
628.066
529.106
315.162
416.164
448.685
357.145
286.45
407.373
503.848
430.683
444.436
505.096
381.177
366.207
307.151
469.45
565.534
522.361
371.544
588.391
417.195
360.505
350.259
357.832
561.664
624.489
444.748
459.48
450.274
473.742
431.908
311.524
362.79
457.22
433.02
504.263
490.261
437.738
315.446
409.283
415.5
502.04
491.013
344.391
416.327
329.532
343.388
265.125
301.692
341.285
413.053
458.104
611.367
649.652
371.473
463.577
486.178
434.177
556.646
380.511
496.473
430.102
327.329
336.726
315.086
372.44
472.452
337.868
354.214
429.799
473.411
392.56
280.913
312.509
345.79
595.75
366.965
349.113
351.4
250.386
346.088
595.667
390.572
999.203
476.123
180.24
170.058
230.646
633.919
1025.88
575.714
796.931
393.498
320.894
386.508
446.819
824.006
855.129
439.204
755.825
367.615
252.584
246.38
379.018
726.793
807.291
424.095
582.152
418.025
261.085
290.503
324.363
619.599
624.478
435.512
750.072
444.501
298.556
326.999
424.997
567.614
754.79
500.115
525.761
297.475
191.063
260.084
323.924
534.499
563.205
333.084
614.525
309.433
296.355
354.841
498.957
681.867
660.878
345.203
651.627
286.829
229.373
339.56
409.024
632.473
691.678
339.771
568.825
344.101
368.838
340.383
430.398
452.52
577.214
373.173
461.743
328.009
264.838
260.566
318.708
442.413
471.485
337.769
487.103
354.016
228.264
214.606
259.554
518.619
522.688
374.267
623.721
336.265
255.232
327.097
342.222
457.772
642.585
383.933
365.13
211.994
298.756
346.903
435.144
379.59
381.527
227.571
442.027
415.175
468.947
440.3
290.574
326.251
451.983
420.311
420.226
372.756
508.107
377.135
352.062
424.75
434.889
340.954
552.356
639.202
611.608
426.976
422.362
351.267
522.428
617.907
468.584
592.903
604.361
550.835
536.372
415.97
474.198
555.122
347.321
238.915
391.392
413.767
485.576
449.07
365.689
242.059
218.588
265.498
466.401
644.086
359.782
200.922
206.797
250.038
411.252
280.332
311.836
635.938
582.224
432.317
429.335
295.737
573.552
303.469
258.034
264.904
339.922
587.664
606.186
341.818
465.679
350.949
214.506
213.283
297.206
478.553
492.183
362.221
602.503
278.148
277.17
406.895
540.738
670.584
646.783
321.465
519.532
296.162
322.673
424.113
607.304
698.056
571.642
315.297
622.977
387.198
294.668
297.735
536.267
722.084
670.769
411.505
562.275
469.128
274.868
308.449
298.766
542.958
584.164
495.823
724.737
384.544
285.491
307.346
290.563
503.103
739.202
448.706
405.125
245.631
337.869
436.886
560.481
553.642
441.391
259.704
415.337
396.692
419.385
212.095
500.499
698.853
457.675
356.705
509.728
338.458
275.128
440.275
613.756
587.171
538.677
371.232
454.101
299.24
184.274
228.715
297
418.43
481.435
324.259
415.384
282.845
209.115
245.736
329.185
392.573
423.022
304.927
518.347
457.389
286.019
267.175
422.473
712.014
568.839
466.759
398.75
365.043
408.627
362.644
237.96
341.159
409.148
364.092
377.291
525.007
587.386
325.89
328.628
414.924
374.505
469.421
568.297
469.643
453.684
563.036
422.46
321.556
540.424
495.737
379.454
430.932
731.38
701.283
430.858
464.932
392.757
403.314
475.257
464.265
621.072
785.393
433.432
264.593
439.34
473.663
202.687
205.382
312.244
502.383
289.337
154.425
203.601
201.352
220.474
214.41
354.833
626.107
464.952
238.995
222.019
211.421
417.295
273.567
271.7
515.98
591.243
575.931
443.29
295.055
459.54
267.603
380.945
379.736
515.074
543.226
486.339
291.066
655.158
314.113
204.861
217.327
389.243
651.983
703.901
364.94
681.625
452.857
340.54
390.188
526.19
759.173
732.839
480.756
519.426
286.439
242.116
297.11
390.452
501.319
541.278
313.108
384.417
248.175
337.682
354.886
463.086
474.221
407.02
261.687
618.658
316.356
327.161
355.454
544.946
770.576
675.789
347.206
479.245
480.94
376.886
297.752
456.118
621.951
517.072
473.256
487.225
307.29
248.653
347.509
382.669
442.859
498.019
337.403
317.446
271.334
319.671
247.692
341.418
438.94
340.546
248.232
457.617
310.996
251.417
281.698
442.95
588.465
502.222
324.928
511.244
399.58
357.448
309.436
517.995
647.721
547.874
414.759
386.214
241.922
300.241
452.704
367.359
344.191
402.431
260.88
