526.723
629.395
659.63
474.785
453.173
384.108
497.555
626.144
573.113
589.748
550.146
542.39
366.295
414.979
565.469
592.654
559.377
602.702
348.756
281.919
218.949
280.191
512.377
621.414
470.749
732.514
765.699
606.106
506.913
347.727
417.466
706.92
348.318
511.234
667.348
485.58
333.521
303.224
324.123
474.876
278.025
389.692
823.94
721.361
345.448
236.903
281.892
325.238
283.417
316.901
641.127
753.316
433.472
287.705
297.791
284.28
323.451
343.17
627.684
717.306
385.91
247.243
314.818
319.36
339.712
258.635
551.691
957.143
522.131
222.054
338.291
266.044
271.853
231.95
397.174
1016.69
590.402
203.693
259.612
239.02
362.797
323.604
440.954
566.765
545.243
412.052
355.898
347.37
389.374
295.382
379.876
359.806
580.288
599.99
415.833
274.35
570.275
400.526
427.123
280.062
564.657
823.548
636.223
372.791
487.064
244.178
251.407
427.019
597.759
537.329
512.971
278.681
569.763
425.42
371.739
434.654
436.067
587.155
602.326
473.12
671.099
330.375
344.6
288.704
578.978
755.611
716.782
350.12
871.822
364.955
230.913
201.033
464.075
765.748
916.71
446.184
748.135
401.153
207.846
195.215
429.412
747.125
804.07
438.707
736.133
403.18
331.93
260.167
485.059
810.578
804.002
441.517
791.523
624.615
309.628
174.571
336.596
762.696
828.944
645.472
663.964
663.641
397.528
345.969
345.326
379.949
609.163
705.764
534.562
698.698
581.385
300.176
287.249
339.144
487.818
693.202
560.855
759.555
706.04
437.684
367.674
310.087
501.362
744.086
503.082
843.71
704.376
296.732
390.244
473.365
444.161
808.732
396.836
600.004
613.615
351.465
226.828
314.206
380.454
561.092
414.501
683.533
743.215
453.954
359.562
328.539
407.666
637.808
294.431
389.904
556.404
726.489
389.374
297.726
284.169
383.458
209.6
258.991
684.208
895.157
412.613
229.98
224.429
232.942
196.908
300.393
600.202
1166.29
523.478
235.612
181.383
288.413
418.152
301.285
492.365
937.914
617.457
285.496
412.435
319.528
221.339
230.28
346.429
572.276
466.337
361.994
225.611
226.355
375.302
356.708
335.547
429.591
655.959
627.654
399.525
376.072
501.805
402.352
353.909
412.102
745.163
844.145
560.142
406.575
573.66
369.674
269.972
384.855
478.547
770.518
625.26
383.656
787.898
441.123
213.288
291.695
555.825
938.402
859.732
484.97
833.419
431.105
248.674
483.413
544.065
866.679
890.974
489.484
805.655
336.279
191.958
341.025
516.843
812.338
866.362
404.456
841.889
362.032
298.321
231.528
572.071
891.646
911.201
418.799
1028.65
422.417
251.656
194.706
358.175
877.396
1086.86
487.07
1039.38
479.441
243.711
192.4
388.015
963.928
1109.1
547.199
633.787
932.838
650.991
292.499
520.621
604.159
570.578
907.908
527.232
671.554
559.573
360.684
406.872
468.329
527.223
658.533
641.997
829.985
563.783
237.984
347.105
424.273
578.064
828.657
563.748
826.945
646.295
374.771
353.502
492.777
522.362
807.843
617.129
809.078
650.394
484.315
329.938
595.057
627.328
782.707
418.148
567.691
638.331
600.795
283.121
271.96
401.46
544.595
418.516
456.664
534.367
606.262
350.734
300.049
389.888
457.633
260.647
383.988
677.256
863.729
403.298
229.267
247.286
349.494
338.912
454.771
612.627
805.142
466.577
264.535
313.944
422.277
448.671
521.774
552.243
403.386
298.253
225.278
410.563
515.682
452.746
300.808
364.482
476.193
649.03
468.279
453.997
338.792
511.466
288.576
168.081
245.914
339.728
548.326
554.638
320.314
369.12
298.754
212.056
312.787
309.105
433.99
399.217
311.228
446.78
312.337
349.324
409.308
599.3
592.4
473.68
321.44
611.734
452.649
315.845
305.527
505.232
811.776
674.183
464.956
781.77
467.192
346.07
412.049
647.725
911.247
842.665
504.971
708.239
517.984
277.468
221.237
470.59
905.136
779.253
533.881
1006.2
615.293
343.608
322.877
457.668
884.556
1056.91
666.004
965.711
550.03
278.903
272.55
421.763
913.335
1034.18
614.473
1211.98
496.526
194.486
186.023
290.909
811.345
1260.23
599.648
828.121
781.107
424.042
256.541
223.45
356.976
766.516
827.744
674.762
710.11
520.908
209.836
293.46
411.401
622.734
726.71
463.806
608.003
489.711
368.211
379.647
348.498
432.925
602.865
743.805
665.234
429.522
212.83
248.635
338.672
707.265
696.198
428.487
665.232
643.412
409.145
487.784
402.197
395.064
638.443
335.74
639.105
725.134
497.926
463.202
316.17
302.068
586.079
359.273
695.139
751.126
452.974
330.966
280.342
310.993
640.974
564.845
712.439
455.182
521.858
350.781
408.127
512.702
720.502
417.429
285.727
322.306
361.089
349.298
367.12
430.02
301.017
399.223
305.656
350.377
361.023
390.482
306.863
391.201
324.678
319.99
351.347
370.453
540.674
426.168
390.963
320.655
345.954
441.841
323.467
317.019
391.047
602.779
649.55
489.445
335.457
638.28
371.637
322.189
263.812
438.687
784.932
699.236
383.013
673.218
436.991
482.005
408.95
691.275
959.034
751.88
433.787
980.054
436.162
238.998
242.178
537.682
911.613
1047.25
517.91
794.51
558.072
262.379
225.597
476.641
958.63
874.134
578.22
1004.93
537.307
333.362
337.49
493.201
1003.4
1071.66
583.479
1095.67
527.37
232.375
225.376
477.883
1029.35
1171.2
604.883
872.4
373.561
203.112
277.573
449.913
765.881
929.474
449.883
1045.8
507.441
237.693
302.995
370.661
626.557
1057.27
618.855
1145.27
890.346
366.221
206.769
214.132
428.786
1055.64
991.015
585.144
576.286
380.406
296.011
347.365
305.365
542.028
601.434
554.565
581.689
399.275
355.704
265.761
365.99
519.734
604.719
502.662
699.64
527.375
280.761
246.196
383.38
460.849
691.254
414.542
528.699
467.209
263.659
249.301
252.422
392.881
509.404
488.744
705.957
602.832
407.31
427.9
416.955
465.334
683.368
610.842
901.214
793.701
514.963
524.248
416.856
537.077
873.252
551.172
722.643
631.618
398.716
358.61
453.702
506.377
705.147
230.59
313.964
477.851
553.526
307.623
196.696
223.346
289.258
334.719
196.331
333.725
618.387
437.851
433.123
364.031
196.368
608.322
408.423
323.197
469.397
709.739
771.455
657.192
443.434
555.531
411.487
237.819
337.181
454.513
629.222
598.195
428.413
620.088
326.031
289.562
328.659
626.771
801.898
677.023
352.992
727.043
586.06
437.31
335.646
634.765
972.005
797.059
590.586
1030.07
561.362
319.727
417.125
513.373
963.158
1099.03
635.091
970.078
435.991
235.291
252.396
434.964
852.599
1028.93
513.57
790.387
514.691
268.45
266.551
491.577
888.611
852.358
541.053
1047.99
601.388
316.367
277.205
387.253
872.358
1096.23
637.472
902.647
419.445
293.461
330.582
402.228
770.632
961.778
486.27
1109.76
493.069
192.825
228.482
507.652
945.909
1174.47
591.983
895.693
558.319
461.432
526.971
415.231
465.292
882.47
603.977
660.146
496.709
356.089
375.899
341.841
390.529
643.909
532.75
602.389
534.456
434.344
335.852
297.538
309.173
569.851
549.07
524.411
427.266
430.096
410.127
318.18
318.603
507.257
438.587
402.043
470.367
523.638
433.821
259.403
231.959
377.924
475.739
797.427
718.656
439.588
274.732
262.24
329.868
749.058
765.075
725.536
817.393
627.112
444.286
359.859
506.569
668.449
825.494
494.949
624.353
533.643
668.873
481.258
408.707
451.469
626.497
405.726
499.922
348.494
444.663
344.846
405.72
416.454
493.979
425.745
347.978
251.527
401.99
432.038
340.197
398.388
393.43
410.755
252.923
313.961
342.423
544.795
625.873
443.094
253.144
535.453
318.035
220.178
320.881
482.197
747.652
598.644
330.009
744.087
375.881
266.184
313.44
545.292
853.019
808.555
419.07
767.726
312.205
289.422
366.259
538.583
745.957
814.562
378.979
603.161
395.113
269.935
277.101
384.728
739.696
657.648
399.431
942.329
384.522
269.431
192.154
448.53
830.712
1007.8
462.72
775.68
537.826
287.651
271.738
441.796
836.046
840.031
564.652
883.746
326.711
169.433
237.237
357.907
789.695
943.867
403.45
906.211
416.395
345.057
308.634
505.166
765.609
948.22
495.226
1135
512.294
313.717
316.751
463.239
818.64
1164.66
619.251
510.987
713.346
439.657
223.844
236.919
404.84
472.986
710.734
953.039
884.76
430.288
174.529
231.939
445.339
881.281
955.149
877.532
587.279
332.531
304.013
251.732
480.297
836.646
659.916
654.918
618.648
385.711
331.423
266.013
316.07
616.646
643.953
522.208
679.837
366.255
298.009
264.818
307.892
458.708
687.906
716.29
773.254
390.325
208.467
303.538
405.388
652.744
799.106
592.464
765.11
553.339
245.77
279.624
353.248
530.801
774.737
728.437
608.628
620.639
394.314
361.304
480.886
689.735
640.606
559.062
442.336
553.966
613.182
294.647
255.491
526.02
483.984
359.083
255.963
495.682
1033.75
761.162
322.077
354.672
277.267
298.46
290.981
414.393
626.813
764.003
515.682
320.473
297.172
369.568
463.785
490.526
420.884
740.519
869.576
417.636
415.541
736.703
393.996
310.914
396.673
547.655
844.813
796.456
437.748
851.882
535.441
274.256
302.048
588.037
996.401
923.779
561.77
944.318
477.647
257.651
140.595
395.854
887.976
1025.51
545.904
967.378
436.045
238.036
305.623
402.197
818.595
1023.98
520.941
634.002
312.184
315.057
307.061
430.425
661.179
679.495
350.505
702.58
468.533
240.408
243.051
387.112
735.766
749.2
487.92
971.393
452.149
257.033
264.831
461.622
933.01
1057.27
526.692
1173.35
460.001
201.599
156.895
344.14
870.792
1219.15
569.228
754.363
608.825
329.089
343.653
304.375
319.627
703.171
670.456
737.574
841.351
409.465
255.603
241.715
441.702
675.635
888.936
649.347
792.919
506.093
324.944
251.267
428.138
580.387
812.594
556.606
536.668
233.859
192.389
198.768
414.561
514.395
583.194
607.78
674.192
382.798
264.629
217.828
299.939
553.432
699.647
548.029
560.57
456.651
401.788
369.454
291.86
501.599
573.331
638.986
544.147
360.769
264.791
334.237
363.639
615.443
578.972
616.493
799.78
480.761
283.432
271.754
425.896
563.892
805.683
561.532
389.185
431.605
442.743
380.553
372.061
562.968
406.806
232.744
246.082
484.281
728.285
441.801
217.961
233.926
229.797
291.967
235.811
472.921
512.77
694.09
511.174
318.695
216.167
686.624
567.792
308.98
367.935
610.197
905.35
747.954
585.536
591.745
294.188
224.086
245.73
293.177
550.049
629.877
334.465
731.885
415.672
297.188
310.011
495.168
868.361
798.395
439.78
684.235
309.408
225.035
296.29
395.438
691.354
745.662
353.643
553.666
429.645
271.357
222.357
336.645
606.966
581.262
450.187
894.462
355.774
284.303
288.781
572.7
898.168
965.312
433.179
779.608
424.333
346.968
357.023
516.839
924.968
851.204
452.191
1022.15
480.582
156.245
202.587
233.202
758.287
1083.99
562.01
1263.31
599.345
266.659
244.501
377.753
895.87
1306.91
714.859
892.437
818.792
460.149
365.102
193.818
308.23
824.637
870.365
637.927
540.756
313.958
359.012
287.756
286.001
597.126
586.257
636.166
681.988
407.193
301.785
396.788
413.643
588.012
705.572
546.29
737.444
437.908
342.385
275.082
385.233
496.19
732.489
627.661
609.062
388.927
286.216
202.994
315.331
574.282
640.688
562.947
523.982
361.704
403.367
266.416
280.149
517.218
564.888
660.846
650.327
382.636
253.335
240.384
345.992
617.549
690.573
718.533
568.348
337.752
298.009
356.932
279.969
671.917
620.806
563.526
584.123
528.886
378.83
390.636
279.15
527.106
593.905
255.08
528.975
509.001
359.018
265.633
348.243
247.81
483.519
173.177
170.727
334.678
455.82
358.443
218.165
170.738
159.446
497.398
249.086
220.932
358.798
552.913
661.244
538.955
270.333
441.507
341.603
262.695
303.813
455.609
552.3
475.394
352.644
704.287
502.193
241.461
223.959
395.342
713.599
740.672
528.519
658.552
509.892
250.992
243.136
316.559
643.079
700.113
535.729
694.543
384.163
273.268
262.352
372.291
658.787
733.854
413.385
849.285
405.245
264.732
356.207
415.943
815.343
917.241
472.796
814.235
414.988
290.651
210.197
425.133
770.416
861.423
464.922
775.47
486.496
231.276
277.214
244.773
659.484
834.737
535.536
1132.26
536.012
205.379
141.459
272.307
757.369
1166.61
645.749
679.95
578.684
279.79
354.346
263.488
346.783
654.131
621.622
619.856
722.13
397.638
284.242
274.963
295.959
559.213
747.481
521.758
514.79
334.804
294.287
324.305
396.376
489.021
541.518
591.872
669.973
354.504
303.596
264.738
384.666
549.775
687.506
917.978
729.132
263.061
182.696
162.907
341.105
851.832
821.123
552.944
411.999
339.86
311.307
292.003
361.558
552.245
429.781
856.232
617.169
303.716
290.69
239.625
412.275
812.354
693.083
841.299
555.106
352.949
295.135
262.213
314.778
806.135
635.45
578.163
533.695
324.456
287.18
263.521
482.435
553.521
563.233
456.595
394.308
417.635
624.985
408.61
287.629
427.091
425.004
587.073
316.928
367.227
593.815
390.989
220.33
566.521
372.234
386.162
280.109
419.483
508.147
654.14
606.936
432.609
282.739
552.765
468.804
314.005
470.945
428.638
760.394
611.628
480.114
522.726
316.41
199.077
221.856
409.751
671.181
574.236
332.71
702.514
381.013
237.672
355.351
353.868
724.71
756.156
403.74
735.809
391.535
196.673
252.431
370.607
703.767
785.625
449.057
682.397
404.103
291.327
250.854
455.836
826.398
743.263
422.02
844.087
379.894
163.883
160.595
229.967
672.726
900.979
440.911
797.505
391.417
308.865
388.154
388.208
672.459
846.896
449.657
1194.72
614.284
196.74
217.035
233.253
508.409
1169.51
745.747
524.562
464.952
413.989
548.498
421.355
291.137
506.362
480.51
603.155
607.79
442.191
297.024
268.364
400.931
580.948
628.632
482.84
452.127
295.139
331.582
346.583
320.78
458.656
476.382
490.6
413.939
226.325
187.075
229.983
520.247
502.086
429.22
563.87
419.689
294.963
284.937
226.208
206.681
531
460.944
603.681
419.452
247.792
316.384
265.706
355.506
591.949
458.428
793.497
609.544
475.898
298.328
401.24
357.786
750.621
651.048
1062.8
647.851
204.307
159.65
201.94
323.966
1004.3
763.74
852.471
540.227
371.471
248.26
237.356
337.341
809.397
620.754
462.582
548.519
391.878
266.632
207.703
305.515
420.589
555.668
381.242
281.47
402.246
398.134
250.048
247.943
383.961
280.647
403.821
311.979
309.539
294.032
394.928
315.077
397.538
329.72
307.294
233.068
196.69
218.704
290.12
333.233
311.267
259.745
388.983
257.579
350.283
346.136
440.392
486.047
422.951
268.157
558.665
415.591
229.622
200.972
394.779
655.8
605.431
431.166
573.232
321.025
196.115
272.194
265.642
512.803
614.05
360.33
595.925
424.189
303.055
169.045
343.044
564.639
642.539
443.595
721.189
326.259
331.141
368.858
477.064
665.238
778.81
370.481
750.26
342.322
204.377
257.295
241.671
556.505
792.258
405.549
990.175
431.47
197.587
337.136
332.913
611.964
1011.57
537.27
561.643
677.185
559.053
319.234
366.378
636.577
542.975
679.342
545.931
631.112
432.869
322.51
400.769
531.117
544.251
635.753
602.744
796.842
514.351
223.884
176.45
364.696
549.588
798.204
435.655
611.437
457.522
268.828
223.706
323.718
415.042
594.39
515.68
561.658
332.031
483.463
290.029
404.024
472.575
586.113
677.791
690.882
330.303
201.033
146.782
277.106
606.544
740.397
859.887
601.486
269.238
315.196
232.776
343.445
816.31
683.017
847.626
630.451
292.635
370.604
305.383
347.691
788.675
713.572
928.1
658.705
204.589
147.388
182.293
371.654
877.768
754.806
1254.52
663.595
188.587
132.725
160.907
385.888
1203.71
811.868
568.841
436.035
250.881
359.63
246.214
310.803
551.15
479.992
627.286
326.422
195.493
235.892
351.537
653.789
673.103
357.947
412.781
288.541
360.908
426.429
437.037
569.459
452.524
279.394
789.71
354.381
338.115
256.171
421.784
730.962
828.099
397.984
559.857
249.637
247.638
345.112
461.009
690.07
617.068
282.547
654.063
356.088
333.881
365.494
354.176
613.455
697.505
378.525
850.673
498.887
267.647
200.775
362.069
810.623
894.432
536.955
914.815
444.645
301.867
212.433
352.543
787.254
978.905
501.236
777.083
378.112
289.688
269.66
263.423
683.024
840.117
420.024
1044.25
562.376
244.145
202.007
212.852
630.011
1060.79
654.164
520.465
602.336
561.638
373.775
332.892
324.918
519.716
585.158
517.241
587.978
316.276
163.096
134.608
294.286
477.012
602.058
556.403
607.44
437.824
423.598
398.263
489.838
524.066
632.06
482.947
569.163
355.472
168.8
248.434
597.82
481.754
568.515
590.188
496.919
326.545
292.443
306.326
312.83
571.449
531.373
683.188
496.352
250.154
448.853
351.305
379.403
663.221
559.941
721.89
545.108
216.941
251.354
259.672
298.069
672.564
620.993
874.328
770.705
288.612
133.437
134.469
344.247
794.573
855.383
691.044
414.158
217.857
264.585
272.073
513.981
707.331
468.563
1508.1
608.966
140.345
167.72
222.549
632.183
1491.94
799.653
973.91
535.559
201.119
240.314
179.201
498.389
968.214
634.829
671.595
435.549
210.388
168.979
219.978
505.261
683.58
479.799
318.813
299.112
355.549
223.091
300.995
495.556
357.737
283.109
524.191
443.322
363.382
347.513
526.907
728.728
576.219
451.85
721.656
371.235
179.309
198.87
333.425
588.809
756.682
430.206
581.296
365.991
306.695
300.449
529.022
804.427
647.598
381.281
765.812
342.112
214.864
206.717
407.929
774.55
823.777
387.565
922.009
520.772
189.565
143.784
191.079
714.081
977.908
584.591
644.349
318.645
222.241
230.148
411.584
640.927
693.29
351.373
804.408
370.079
118.828
168.917
233.092
591.064
842.864
446.712
702.644
513.122
490.729
522.738
380.854
558.658
733.663
532.79
539.231
739.049
644.581
384.38
414.033
361.325
488.107
711.969
908.636
601.59
366.121
478.576
391.853
321.972
864.155
686.578
628.786
592.229
351.768
319.283
338.193
267.467
580.158
621.075
599.281
638.137
333.823
212.844
238.27
405.128
567.326
660.523
910.236
893.347
402.29
217.306
246.767
398.351
818.997
968.446
908.654
558.843
229.941
289.293
223.747
264.968
859.314
655.603
848.775
652.416
303.856
316.97
248.866
414.871
795.072
729.712
1035.36
512.764
137.051
102.565
105.559
459.348
1022.05
628.566
1034.75
509.503
127.779
119.394
137.236
542.447
1038.89
622.512
819.684
404.536
143.176
164.765
235.161
568.814
834.994
484.494
543.539
394.398
327.061
358.003
399.937
596.317
574.141
431.525
530.183
328.714
317.362
393.258
445.627
380.134
516.123
371.423
646.707
396.776
320.279
278.131
464.072
713.96
701.002
431.65
530.759
374.143
342.585
281.825
326.152
471.621
559.139
376.592
494.327
340.641
332.379
325.654
400.163
576.728
535.759
353.098
594.947
362.646
315.926
343.165
397.468
487.413
606.275
403.114
567.556
323.271
253.585
301.543
457.031
557.135
587.098
346.113
606.185
342.151
210.21
237.798
341.839
689.659
657.943
364.299
806.313
410.181
160.534
132.113
325.897
724.902
857.322
483.381
506.26
604.827
543.015
332.45
292.626
327.911
466.093
612.053
575.973
598.289
399.942
252.086
259.814
467.361
558.477
618.073
456.23
445.861
344.418
419.982
298.186
377.832
447.217
456.933
478.836
487.891
588.93
524.304
539.923
311.868
452.686
492.753
465.771
509.416
376.606
339.888
326.888
336.935
454.223
521.03
902.03
754.14
379.026
232.224
203.354
332.718
842.168
818.585
738.03
809.782
413.299
243.163
211.004
476.104
682.554
838.59
929.54
617.321
244.747
189.204
211.646
405.365
892.498
714.46
1145.87
490.745
136.244
134.338
214.457
580.138
1148.48
621.777
1007.91
482.772
146.98
215.757
239.663
655.293
1040.82
573.311
1052.36
527.743
217.978
285.114
271.194
652.365
1073.23
630.182
620.753
243.58
204.967
289.578
281.214
541.885
666.187
271.055
623.762
330.443
157.076
151.602
204.034
391.742
625.166
391.836
435.076
271.448
248.919
253.378
441.12
579.984
477.978
287.139
445.6
283.955
229.404
360.602
339.431
346.551
449.14
323.053
537.204
391.457
254.492
251.821
328.399
590.804
586.183
412.923
713.644
343.653
312.821
293.171
414.674
643.138
753.543
394.371
457.312
357.581
299.242
258.905
337.726
577.806
496.847
365.592
417.03
396.774
384.998
393.051
556.098
559.678
440.819
384.717
542.866
339.515
306.748
226.985
390.089
526.141
561.12
362.672
630.699
466.208
401.987
378.49
233.909
428.745
641.552
497.496
331.202
397.04
499.601
429.78
512.887
325.19
329.481
375.597
618.061
519.011
374.715
414.655
367.297
319.281
585.168
545.36
543.709
642.269
448.687
346.859
382.48
456.966
503.628
656.304
656.036
769.111
388.73
203.954
162.143
314.512
589.672
788.873
577.076
597.727
429.197
432.097
336.397
242.947
526.906
620.723
794.516
584.362
367.509
287.188
275.687
427.179
771.025
636.89
829.332
468.872
261.929
318.699
246.4
465.788
828.319
546.727
883.332
399.153
178.773
207.027
250.435
586.034
911.117
482.18
810.05
469.842
331.23
384.944
346.709
382.181
790.863
530.763
349.622
373.128
371.918
379.888
277.618
387.354
359.311
355.411
520.084
364.876
241.245
272.701
381.761
465.599
531.797
386.673
780.704
416.822
285.298
294.283
319.325
510.558
800.5
484.673
253.273
193.963
193.732
257.818
271.446
307.548
251.916
208.462
760.647
306.33
209.007
218.821
494.611
778.811
820.129
372.948
699.586
350.951
275.329
295.703
455.902
729.259
739.072
396.681
440.885
299.566
316.961
348.323
439.743
449.587
452.716
318.981
659.887
438.382
271.422
285.116
405.305
639.721
700.416
473.863
456.044
337.964
343.113
350.355
434.724
530.385
478.163
340.173
811.744
482.683
370.38
378.727
358.982
633.576
844.773
530.982
713.926
505.315
281.849
308.15
271.762
353.998
694.368
564.586
476.559
614.993
586.697
398.921
373.508
393.442
485.448
601.224
457.412
663.029
624.469
566.081
463.146
540.857
437.402
634.761
446.937
466.037
416.381
340.96
337.028
426.059
443.943
455.109
671.743
615.397
417.442
279.027
203.719
372.564
636.668
649.931
460.988
516.192
474.829
370.836
345.302
413.189
462.192
508.184
471.863
484.312
271.036
231.313
242.351
233.106
424.453
504.834
1001.42
552.496
182.543
160.161
179.964
432.217
975.679
662.935
551.372
339.174
255.331
214.492
266.864
405.144
553.529
383.915
519.96
300.614
259.077
311.972
370.506
472.088
544.389
333.388
614.93
261.444
229.367
373.91
424.545
625.241
659.599
306.685
670.574
316.899
292.479
345.039
365.646
553.555
696.925
377.327
513.119
241.168
223.145
168.31
439.598
643.647
561.751
267.844
461.156
485.729
344.54
288.383
285.587
402.7
478.767
490.959
732.394
339.867
180.932
176.346
317.824
543.051
751.763
412.718
414.271
320.258
430.078
363.03
443.393
449.651
429.601
314.11
657.538
346.49
241.882
337.784
366.19
678.971
706.84
385.198
642.128
449.452
361.462
376.276
439.376
617.537
653.854
480.169
503.83
408.731
352.085
460.525
421.581
458.289
527.623
409.859
643.709
420.034
180.493
220.567
257.798
387.482
628.199
478.222
528.23
483.022
425.737
657.843
380.4
277.062
499.886
506.939
377.45
568.56
553.487
387.133
312.606
295.48
366.603
547.346
444.574
486.634
374.626
463.034
372.592
431.586
432.686
495.123
570.484
510.144
478.658
506.739
394.663
315.872
542.578
522.694
428.551
569.524
405.273
333.324
261.871
347.814
416.077
558.88
314.228
380.837
414.669
369.522
326.176
310.431
324.281
358.605
849.364
518.689
291.244
323.736
314.163
470.948
840.023
597.934
540.008
318.571
220.228
181.645
211.242
416.027
551.16
359.565
881.308
360.95
321.285
344.56
417.388
747.527
931.244
445.674
781.504
337.944
222.956
228.773
379.465
730.01
840.693
402.44
672.301
352.103
310.033
296.218
405.443
612.189
704.851
390.67
705.889
432.618
269.386
283.209
376.675
697.318
752.471
471.937
654.563
379.535
265.004
295.036
411.685
492.768
654.249
436.78
415.535
241.116
223.312
214.018
348.56
488.232
448.25
254.818
770.43
296.13
181.413
190.552
429.755
708.995
820.319
371.325
603.951
424.655
258.716
376.859
389.967
630.045
623.043
458.165
450.364
373.376
274.082
343.771
292.761
464.254
472.656
388.125
387.682
258.664
232.82
186.529
263.855
327.278
387.139
281.534
481.026
282.083
314.134
400.112
333.913
398.196
491.527
308.199
475.951
272.598
258.539
267.959
372.417
537.728
507.641
304.676
245.627
285.689
393.133
480.587
322.277
287.041
253.03
268.448
410.17
361.122
525.792
578.962
465.48
420.64
431.798
346.779
449.197
616.091
578.482
343.356
338.704
427.829
422.593
582.951
400.065
457.194
632.884
604.736
637.596
317.376
392.239
436.135
340.421
273.126
303.393
473.55
491.692
441.556
368.006
286.194
255.577
259.842
442.004
662.163
367.785
240.287
244.797
255.725
555.958
254.839
277.172
579.624
481.967
468.798
579.422
291.299
596.088
324.564
270.049
264.732
426.648
710.759
649.857
343.82
706.929
381.309
375.54
288.711
379.232
511.965
715.197
436.469
690.924
379.534
341.96
355.889
471.587
606.706
706.879
420.452
553.437
379.778
396.179
363.755
513.32
576.058
574.771
398.469
504.403
337.392
293.72
275.562
377.752
662.644
558.708
346.845
613.679
483.164
310.843
341.169
271.537
480.396
631.602
526.539
509.557
413.733
424.791
382.553
482.873
651.102
554.657
411.752
512.25
331.867
282.979
336.74
417.618
477.585
516.717
370.176
535.708
419.399
403.239
338.001
444.295
536.578
552.819
439.48
559.958
405.096
273.567
366.461
517.038
622.028
576.988
428.432
660.697
356.075
233.035
230.403
340.751
627.582
688.534
398.394
278.932
282.993
262.237
332.107
393.592
378.066
301.423
282.11
554.63
312.932
210.437
252.051
294.244
416.103
561.637
361.187
236.571
319.95
458.253
357.513
395.905
219.448
222.434
295.527
354.713
455.623
541.788
469.825
360.208
349.744
343.327
437.049
573.843
412.925
583.107
759.663
384.58
314.609
554.016
449.989
332.447
306.508
626.563
676.898
396.95
344.752
347.427
295.75
300.507
359.759
585.434
685.95
472.975
259.159
279.865
358.774
228.333
189.544
371.564
505.548
269.892
166.969
231.99
177.973
285.492
252.472
392.319
556.243
495.471
268.059
281.071
248.599
540.743
363.559
238.656
458.811
563.742
610.896
570.822
395.617
484.855
318.187
302.322
318.716
562.771
748.823
543.411
327.568
562.892
354.393
194.732
185.647
364.404
706.699
620.393
375.14
652.684
359.398
279.621
338.961
519.083
837.809
720.051
393.62
500.02
323.204
376.989
314.178
425.384
538.892
524.005
346.934
397.97
317.729
288.297
277.253
426.906
514.261
417.038
318.476
474.13
329.817
289.984
262.267
419.689
594.03
521.005
343.674
437.134
331.473
348.529
309.286
576.641
757.159
494.882
318.082
380.937
223.793
301.704
329.378
452.49
452.309
405.922
241.2
339.191
229.999
227.327
251.041
294.871
353.355
357.606
241.256
458.644
282.589
198.308
177.944
324.037
459.353
482.524
301.794
536.228
518.16
374.85
300.621
522.281
648.103
569.689
526.712
514.667
443.497
350.536
462.677
555.215
671.583
552.368
453.84
