300.22
460.638
414.47
273.806
250.003
220.126
267.601
446.326
396
569.156
395.868
204.849
200.866
317.505
363.824
562.734
390.559
468.455
374.98
234.981
195.636
399.652
406.734
457.966
289.645
345.325
314.676
294.139
187.985
262.348
289.431
343.623
223.54
386.572
464.209
399.448
229.854
159.012
197.89
357.615
266.874
436.657
600.856
438.727
312.621
205.814
251.073
409.696
167.236
236.673
478.865
418.046
271.843
163.539
164.408
206.117
240.728
341.166
607.915
555.916
414.034
238.827
226.041
309.162
223.928
253.803
486.679
679.021
375.941
266.818
224.019
237.691
176.219
158.612
320.557
506.207
336.505
221.407
186.616
150.61
205.367
183.659
583.741
901.036
496.666
181.231
208.468
171.311
147.6
193.403
460.746
928.984
529.131
238.127
152.181
177.201
195.446
173.65
338.371
679.443
408.891
198.554
193.514
177.319
216.995
217.466
337.447
654.012
628.076
409.878
237.075
203.26
178.48
234.622
423.887
445.301
510.446
327.039
178.997
212.26
253
247.237
333.929
449.978
543.636
409.241
274.438
247.841
281.233
304.52
272.375
352.193
474.257
448.085
286.792
288.014
544.318
274.274
189.148
227.075
451.628
578.016
568.552
311.052
528.769
312.686
232.911
393.372
571.664
656.867
569.228
335.558
568.582
347.658
356.065
400.813
614.223
728.791
621.413
372.967
407.235
462.909
384.56
238.429
223.865
232.546
368.11
468.611
257.832
413.848
399.549
193.156
187.828
232.847
251.146
385.779
348.238
511.491
430.406
228.87
181.069
201.88
309.28
499.808
276.242
362.117
332.061
206.732
149.949
173.247
257.706
348.854
233.587
459.634
511.317
338.492
216.526
251.063
204.276
424.296
279.699
314.045
354.105
474.124
284.08
224.818
270.32
314.872
241.582
365.898
428.413
419.865
229.351
182.421
223.922
341.39
233.275
418.583
604.321
561.151
273.55
219.076
222.005
373.239
160.1
275.267
523.374
703.693
333.262
136.633
149.213
249.34
329.151
276.582
397.507
434.709
222.254
197.677
319.759
283.74
168.693
258.345
551.979
683.634
407.923
273.166
174.689
221.734
154.479
193.745
504.532
880.292
515.054
183.586
162.126
174.091
240.562
239.521
348.441
563.543
463.575
330.809
239.378
230.778
277.435
202.182
321.805
375.42
514.039
338.885
284.904
201.601
181.044
215.375
292.965
384.193
356.565
253.309
187.319
201.087
263.523
199.976
262.239
399.428
620.14
388.259
272.049
209.378
259.575
229.096
464.857
489.411
658.706
454.51
275.065
210.616
476.679
267.932
192.461
289.969
350.214
437.225
494.378
309.167
507.956
337.816
304.289
322.161
536.888
772.981
572.804
350.323
751.173
439.855
347.376
282.708
558.71
834.859
807.131
479.302
373.858
461.265
333.254
201.086
215.498
231.691
337.961
464.784
372.804
473.05
337.14
214.311
195.153
261.179
340.77
479.216
439.114
587.914
467.948
285.168
192.952
207.958
391.365
586.338
406.633
538.604
417.062
310.31
170.784
273.758
381.271
539.073
306.259
543.062
565.263
306.228
260.001
308.505
277.487
509.124
506.794
516
409.598
254.254
225.723
211.62
464.654
532.895
257.794
288.618
331.023
331.525
258.71
245.066
257.257
285.933
247.017
414.037
663.244
570.421
277.203
162.082
220.153
378.366
185.989
327.441
673.104
666.384
377.277
227.555
177.426
282.65
249.374
294.631
571.509
505.354
451.936
281.212
250.068
260.421
229.736
236.95
513.46
739.199
443.851
201.253
219.166
227.192
219.903
231.502
522.243
865.78
515.385
212.438
216.304
227.721
299.048
257.084
402.443
911.932
750.401
449.01
309.401
261.771
322.362
244.663
298.912
737.185
670.305
502.62
345.04
239.218
345.203
242.409
331.894
442.47
564.161
483.393
363.776
238.111
350.491
306.216
330.926
366.861
390.635
346.835
361.512
295.54
539.072
384.976
328.967
314.908
504.031
584.692
550.967
432.249
286.415
250.439
223.942
280.45
312.378
435.993
311.873
254.264
593.363
291.889
263.865
197.653
345.624
522.074
618.078
339.204
621.123
298.862
202.744
270.857
436.616
629.938
658.154
344.768
408.998
472.504
318.717
148.328
131.91
149.887
365.852
484.332
375.365
515.536
389.486
178.423
184.78
245.94
334.927
512.92
368.475
565.579
411.951
187.085
195.552
270.121
324.142
554.294
426.208
602.091
462.657
273.19
181.165
241.834
379.324
597.327
463.639
595.916
450.557
296.48
248.588
312.069
420.818
598.687
390.767
560.919
468.11
288.103
227.89
246.736
359.453
548.554
248.102
321.449
423.848
449.428
357.986
169.886
226.101
307.625
323.227
364.659
505.195
373.572
244.063
228.296
322.325
348.788
171.456
218.641
399.908
413.212
305.723
152.012
161.987
202.529
260.639
285.222
411.413
769.826
387.091
189.839
242.995
283.803
263.47
237.739
603.03
880.148
528.804
243.65
261.899
226.779
177.92
217.261
525.127
784.715
620.966
275.318
173.89
205.367
344.232
249.048
237.53
508.126
526.633
433.52
358.419
255.588
253.901
231.176
333.806
366.799
364.459
272.222
263.145
230.933
341.057
246.426
278.092
422.874
708.512
558.604
374.2
258.724
407.683
300.426
253.45
303.149
328.197
367.354
414.252
317.466
580.961
266.736
333.419
460.722
425.156
542.844
612.29
315.126
547.587
358.511
260.322
416.519
513.282
542.92
580.616
385.403
616.581
271.242
256.957
229.794
552.367
752.647
663.954
304.278
628.522
299.347
268.024
259.376
453.991
668.852
666.398
342.805
519.74
583.951
376.274
232.722
209.157
290.065
478.512
597.454
508.745
576.401
365.197
165.177
187.594
306.316
467.272
584.193
514.253
588.861
452.099
216.169
204.739
269.779
470.382
592.746
467.636
656.22
511.812
185.016
279.159
326.068
418.861
644.814
366.026
662.84
560.607
315.83
348.487
375.068
337.658
625.067
375.582
612.163
536.357
332.993
258.93
248.966
336.155
589.811
293.715
332.784
240.183
275.668
217.67
310.434
289.086
336.178
180.893
482.89
571.084
405.721
287.849
289.778
156.546
421.432
309.957
289.385
358.823
511.766
292.491
195.675
297.233
291.325
288.517
291.372
417.744
620.543
345.587
227.694
277.78
296.941
287.118
203.539
420.543
726.441
439.313
204.292
288.067
207.171
247.109
226.192
321.87
633.014
775.94
456.908
255.198
227.99
322.508
313.335
372.504
529.867
553.027
347.364
313.147
309.63
226.24
158.677
199.42
367.322
482.094
506.069
259.788
152.89
341.95
197.079
225.979
337.531
301.053
245.941
344.039
221.081
421.957
252.634
295.212
359.764
475.756
491.252
453.327
273.009
655.668
262.642
171.96
187.158
392.934
639.188
700.984
323.598
260.582
250.111
253.719
375.45
316.053
315.877
270.153
246.913
694.811
407.865
270.911
438.772
427.586
442.445
689.754
472.32
741.771
367.287
269.161
225.845
430.229
713.38
789.429
412.186
295.16
456.967
404.244
141.479
237.038
272.796
261.946
432.339
478.441
530.338
360.848
145.021
167.622
223.55
431.406
547.185
454.158
593.439
358.183
140.942
200.38
425.907
432.813
593.783
616.402
729.607
419.899
203.776
191.774
377.078
563.159
740.16
414.5
581.028
419.695
217.652
243.205
283.188
368.112
571.842
417.867
490.981
387.461
235.797
241.527
404.36
413.141
490.541
417.886
489.837
552.874
349.349
270.441
277.862
404.19
462.391
253.411
360.667
395.604
321.939
200.077
218.2
237.237
352.652
330.242
344.181
455.081
505.51
240.847
208.378
321.624
343.411
281.016
248.925
438.635
495.23
339.558
237.162
277.378
239.735
263.561
197.835
259.867
452.945
451.215
368.658
279.122
197.126
226.855
275.62
379.867
611.028
539.544
351.264
239.523
255.262
420.866
301.516
312.991
575.542
710.31
497.25
422.294
328.001
400.093
335.159
365.087
589.95
621.074
614.92
418.773
322.284
408.616
213.164
207.029
319.764
408.8
472.48
430.285
236.043
340.97
252.23
322.243
310.264
428.988
421.245
367.075
248.28
544.104
282.615
207.199
316.876
351.327
476.048
555.724
331.192
694.358
281.179
293.568
399.963
543.535
717.878
748.974
337.901
674.28
316.461
289.792
306.193
387.379
684.728
734.734
363.31
620.279
440.926
261.256
237.662
305.598
510.52
624.853
484.048
447.624
598.464
393.123
208.262
159.976
350.35
408.621
600.476
434.761
588.991
415.95
262.163
158.686
341.775
400.641
587.264
508.556
485.084
354.599
248.04
233.71
234.954
477.528
510.688
526.521
523.302
272.864
135.385
166.014
280.998
479.596
559.953
474.969
635.629
512.897
308.611
327.831
327.91
439.9
628.613
486.049
644.928
579.517
346.684
321.546
292.336
445.853
633.084
312.326
433.849
355.877
244.804
178.619
283.906
299.749
425.561
292.979
357.635
457.222
465.524
298.222
218.463
286.496
339.004
261.057
364.647
449.974
448.483
219.875
164.677
239.092
354.241
434.075
255.977
387.435
534.08
329.537
350.025
444.296
267.915
240.487
140.654
226.365
480.031
571.202
340.288
253.945
155.743
366.206
269.336
411.298
505.296
646.406
423.541
370.048
292.002
364.243
235.928
322.919
471.618
644.068
537.27
397.093
253.3
398.17
294.622
270.593
315.152
387.431
504.162
426.934
292.824
431.573
404.201
337.387
355.301
322.253
313.598
417.643
421.763
552.615
341.348
214.607
269.72
417.882
632.729
600.642
357.985
637.559
328.658
284.941
275.793
490.145
730.113
692.714
352.729
510.563
418.332
217.979
188.629
330.493
588.34
558.265
428.867
413.616
255.1
315.139
379.773
504.029
411.436
427.086
281.692
749.99
445.113
228.369
232.248
292.525
548.745
750.094
512.243
526.59
524.909
385.817
177.209
174.693
248.638
498.925
540.043
602.989
610.698
435.694
197.971
244.342
295.052
556.696
634.58
415.861
485.455
361.238
201.573
159.544
261.294
383.629
491.412
529.608
632.239
410.518
274.629
227.875
432.414
489.074
644.258
463.79
639.663
493.267
350.522
323.468
408.062
449.739
631.332
404.229
603.799
518.171
349.266
368.214
287.933
362.711
588.381
399.35
509.286
406.783
280.629
226.258
278.934
361.755
506.478
325.397
540.869
508.16
305.157
316.728
338.708
288.354
507.512
284.01
309.868
287.918
382.992
259.71
257.353
267.767
321.762
415.884
249.827
349.108
590.921
293.336
301.42
424.355
261.389
374.181
364.118
386.052
495.142
270.334
300.846
381.176
371.74
528.619
338.796
271.915
424.927
401.137
394.293
535.829
369.281
447.895
301.101
262.373
435.163
312.983
335.597
447.386
328.579
496.477
416.351
327.237
511.378
510.744
669.683
539.983
434.198
458.628
226.159
262.193
280.081
295.374
507.093
501.971
248.821
463.916
304.285
269.108
284.741
430.191
521.143
494.317
334.587
573.232
281.353
196.359
305.979
362.432
426.103
584.794
338.478
569.339
264.953
256.588
277.069
391.668
505.682
591.493
311.694
641.098
366.786
172.019
246.236
423.369
814.436
711.302
389.483
740.204
292.618
250.609
255.849
465.795
752.733
793.676
351.715
530.034
580.94
392.79
203.407
177.088
266.07
490.284
596.486
333.998
398.642
378.899
203.04
199.195
269.471
323.087
375.037
560.383
586.528
396.695
229.463
134.765
281.741
526.137
600.765
576.362
747.24
516.859
289.652
205.656
347.167
519.038
749.142
641.022
692.322
561.455
315.155
293.361
285.981
582.193
702.009
525.199
659.185
438.071
196.81
164.546
263.657
468.032
666.821
354.87
396.408
346.69
309.271
186.274
269.7
342.733
399.491
355.899
375.068
324.482
226.974
202.501
206.773
333.185
381.735
429.22
408.534
477.309
387.423
391.7
325.198
425.016
397.936
140.094
184.756
390.227
493.995
394.754
159.105
131.127
161.294
311.105
275.032
325.657
674.047
604.169
410.457
300.1
284.062
279.574
216.586
322.562
608.637
514.167
270.911
289.518
212.033
537.08
265.663
248.749
199.687
474.453
684.808
583.81
293.434
719.786
350.529
236.307
281.897
290.686
447.165
732.276
421.848
373.996
358.81
328.469
398.765
445.78
449.86
375.071
353.854
402.099
264.68
207.025
240.5
371.695
530.079
445.338
278.338
598.077
325.69
187.715
180.246
348.477
669.848
651.544
354.324
893.731
447.044
172.197
172.817
216.739
531.542
904.466
540.174
596.188
326.546
257.349
275.245
286.021
507.575
612.487
376.121
570.349
321.474
207.9
277.361
247.697
403.653
586.032
352.298
421.514
590.432
398.496
156.797
210.739
307.341
384.859
582.755
662.085
532.296
288.517
234.93
180.589
299.407
626.876
581.361
592.297
630.006
413.143
180.051
190.31
236.468
541.145
656.935
534.106
572.885
434.673
240.043
225.35
260.159
490.713
590.293
559.905
579.864
387.069
212.695
172.878
280.297
524.455
603.867
387.091
473.4
404.08
301.724
275.604
256.607
353.113
466.186
384.728
470.15
473.961
361.63
251.773
212.709
353.643
468.651
255.321
374.489
341.703
197.01
247.757
255.094
243.762
358.539
210.791
266.637
346.211
449.694
266.542
180.226
207.886
254.322
366.302
374.241
367.08
298.15
336.488
423.324
374.905
376.999
338.642
241.838
237.605
311.634
379.414
328.633
340.469
259.783
455.231
245.327
263.704
365.977
596.955
685.552
510.149
260.565
643.453
596.438
309.676
305.185
373.365
770.129
689.197
621.833
543.827
276.327
267.081
286.802
317.151
491.019
576.149
309.892
635.607
350.555
206.108
218.021
278.034
475.804
642.798
402.13
664.738
550.794
254.37
217.87
411.48
745.127
714.394
566.96
368.327
305.624
242.565
279.855
352.525
380.83
383.47
315.082
711.268
409.477
295.779
216.514
274.679
476.886
714.195
471.74
626.875
333.043
278.05
281.543
369.695
573.144
667.516
378.344
660.591
415.121
245.676
250.502
390.931
690.554
716.01
452.957
537.303
736.789
415.651
183.332
194.976
302.593
470.432
740.647
679.234
678.053
398.59
180.926
190.927
260.229
616.052
719.214
684.871
708.752
414.5
205.272
232.196
341.944
630.897
745.955
613.065
703.378
468.712
379.337
312.161
321.766
554.411
724.177
432.979
543.248
339.798
184.601
179.085
318.009
406.888
547.155
611.735
526.057
313.778
347.732
198.969
310.219
588.112
558.533
416.988
428.107
202.547
113.426
167.979
349.484
402.601
447.058
503.751
654.433
546.198
311.49
286.521
317.468
465.542
650.372
425.354
434.427
364.372
263.061
215.317
221.461
396.669
441.248
349.919
305.216
329.464
328.433
268.754
322.105
360.485
304.255
304.378
261.891
263.964
334.205
330.511
367.998
325.769
256.346
712.456
411.045
214.766
234.439
357.46
709.43
775.425
450.804
948.331
419.717
346.481
291.956
348.13
640.86
970.321
501.479
1008.77
391.315
143.348
215.662
208.709
446.902
1011.88
513.7
572.537
295.446
279.245
364.742
270.705
566.558
614.371
318.364
574.121
356.533
193.837
199.471
312.142
575.03
617.645
370.533
572.186
298.693
194.165
190.411
300.738
645.924
624.955
325.245
713.463
321.82
178.573
252.738
312.113
586.105
751.913
391.916
474.705
315.836
234.524
284.386
274.509
419.949
470.306
361.787
519.462
574.087
339.484
286.363
457.415
650.497
558.65
576.71
621.882
670.136
408.952
176.199
165.828
274.449
564.084
688.549
738.826
679.116
327.571
135.892
118.895
273.436
679.422
737.58
638.163
699.925
380.18
165.783
153.702
309.389
581.036
726.644
555.672
716.336
430.515
214.117
189.308
406.654
520.257
722.267
434.133
477.8
418.972
320.441
298.745
252.113
406.041
479.151
597.755
532.808
348.727
275.893
294.415
356.604
561.343
571.002
525.844
506.679
329.755
221.594
213.731
243.94
483.004
529.493
336.376
423.842
337.859
317.731
334.027
367.427
329.07
418.892
589.287
602.63
447.363
365.729
439.426
516.395
587.539
605.038
409.622
598.508
414.497
254.581
254.767
311.864
366.305
592.281
354.812
235.026
224.122
279.755
328.954
293.709
361.817
265.306
811.282
465.075
283.404
305.882
243.268
368.114
792.139
535.459
562.244
260.495
276.896
283.055
303.503
439.96
587.732
290.643
623.606
359.381
264.147
334.032
252.076
332.506
617.995
421.507
814.447
425.286
198.232
441.768
330.621
402.324
801.863
515.373
772.496
354.179
171.494
266.164
205.299
516.579
802.837
425.159
711.042
325.067
248.885
344.351
298.863
554.995
740.17
380.392
417.125
304.998
253.181
245.731
306.631
408.468
441.576
310.463
536.838
334.196
178.136
293.128
290.31
367.408
532.141
379.827
884.333
406.618
153.962
199.499
290.616
657.203
921.561
490.75
684.918
602.304
348.508
225.51
175.342
239.075
633.04
652.67
671.153
679.21
418.184
186.024
278.666
307.583
610.857
717.728
835.802
803.326
391.732
292.011
233.245
489.632
772.742
850.599
716.416
724.627
375.272
166.87
142.765
354.364
655.526
759.946
427.906
346.753
279.375
304.468
271.751
248.769
412.008
371.452
363.556
396.968
301.369
262.137
264.446
238.836
340.492
405.089
550.684
421.81
333.362
288.747
271.896
297.45
539.798
457.139
772.341
634.888
370.106
276.506
304.904
358.574
725.171
685.259
1079.77
664.801
334.182
407.762
278.626
340.316
1030.08
763.027
695.427
554.064
452.478
590.442
360.527
454.769
711.308
576.296
516.122
654.423
402.096
427.18
373.384
571.578
520.272
652.72
613.328
326.794
199.601
196.885
224.3
349.909
608.171
387.282
857.643
536.738
244.778
275.127
227.427
333.262
824.561
625.091
742.368
383.51
155.295
138.622
126.195
387.86
744.816
455.827
667.711
378.499
275.906
362.364
308.145
481.023
686.559
403.876
588.543
372.153
171.426
201.814
267.661
523.379
637.936
406.115
571.023
401.065
181.649
208.802
244.609
338.268
551.507
452.994
609.848
280.427
205.266
238.024
352.55
518.153
642.632
331.825
585.909
453.499
215.938
192.405
297.679
636.399
626.949
467.955
746.794
320.488
186.302
201.288
362.213
699.637
793.402
382.935
592.736
647.209
480.428
211.859
201.686
213.555
533.081
664.837
635.706
732.762
460.166
223.12
141.626
286.983
574.543
751.367
565.09
544.553
352.755
271.858
158.844
271.265
526.026
572.438
569.946
607.854
423.193
304.389
249.953
352.49
527.582
627.854
468.955
584.834
388.205
239.985
202.847
310.25
430.972
588.143
508.482
636.565
365.747
232.413
186.138
328.547
458.34
649.008
407.945
430.597
429.937
437.167
303.652
233.104
384.584
432.056
814.961
691.274
505.458
406.159
327.951
290.446
761.062
735.195
1186.41
860.159
413.415
275.392
241.189
471.443
1128.97
975.037
850.857
956.56
447.057
193.499
237.16
473.625
762.042
995.479
887.393
888.741
505.828
323.678
289.569
352.725
801.455
943.303
518.964
476.213
293.502
301.223
332.523
363.286
495.597
508.514
594.514
569.622
335.049
296.537
200.547
337.485
557.427
606.821
647.575
599.471
245.25
445.551
307.259
425.394
596.681
661.809
434.555
300.111
201.736
229.972
234.125
295.404
433.205
335.674
392.195
290.294
272.115
400.468
361.7
386.902
391.099
306.389
737.788
306.913
132.23
172.816
228.391
545.076
762.647
380.347
826.829
362.275
205.335
175.061
279.794
596.94
864.405
437.18
532.565
329.287
258.884
329.044
285.646
543.374
564.961
358.149
625.694
320.15
139.38
206.339
212.717
435.228
639.582
378.776
631.119
714.562
415.653
211.836
152.726
335.718
572.713
732.312
580.956
714.625
384.413
204.963
196.738
328.261
519.478
732.03
757.448
900.213
545.885
305.722
253.303
380.467
678.913
922.993
561.454
715.489
451.194
216.418
174.886
371.9
505.792
726.083
337.194
375.532
362.79
275.372
235.445
295.74
328.83
372.292
426.649
447.668
379.49
348.849
277.822
381.399
400.961
467.667
703.363
596.607
425.895
230.805
217.455
380.134
681.282
619.242
538.71
446.436
358.236
600.223
345.884
222.978
502.121
487.323
734.035
595.389
262.919
162.357
169.12
335.435
686.781
653.043
853.229
652.683
514.989
527.167
400.602
357.253
812.517
709.732
677.779
487.614
298.05
262.187
255.642
387.809
664.212
539.963
808.376
747.323
374.402
204.268
193.238
364.563
748.196
793.99
312.244
295.347
284.937
264.226
309.093
285.153
297.44
312.89
731.772
466.429
265.867
323.454
242.013
334.385
705.914
536.387
808.407
367.602
251.231
289.932
225.554
378.035
801.243
449.973
714.663
382.218
237.947
322.584
207.703
473.686
742.414
425.676
863.914
387.133
209.831
297.881
275.592
604.926
894.561
473.093
478.931
266.352
219.203
247.939
314.47
469.897
511.236
289.989
348.172
251.656
260.816
210.511
290.376
323.246
351.218
264.584
847.181
422.901
250.379
238.661
283.541
514.425
852.347
509.714
479.752
534.704
326.504
193.925
231.68
345.621
444.75
551.655
568.146
732.465
431.977
214.844
174.422
357.506
512.455
742.544
655.488
749.794
473.618
286.59
280.07
316.989
600.013
767.481
653.997
628.569
382.221
279.327
215.834
282.329
605.247
664.985
622.694
621.286
421.11
338.989
232.034
211.442
567.807
653.45
577.133
545.085
498.971
318.075
264.971
412.307
573.98
558.885
621.668
398.182
275.114
268.714
225.033
345.324
613.343
444.812
293.565
419.976
261.243
175.175
136.131
170.977
255.636
419.051
468.068
437.079
295.356
301.447
296.698
263.498
438.463
459.768
446.147
505.415
525.38
423.736
289.383
186.691
408.218
511.378
561.917
556.782
354.005
470.048
291.183
300.787
524.244
578.048
576.73
597.529
323.036
313.266
242.905
360.14
541.028
617.825
558.809
319.145
268.726
426.55
336.206
325.785
555.975
365.475
650.908
359.614
208.525
267.037
225.756
364.114
644.949
418.761
650.557
385.927
221.94
233.639
210.56
356.095
637.925
452.983
687.383
354.268
161.889
172.887
219.116
513.245
706.069
410.309
625.36
362.483
195.434
216.275
252.606
404.16
633.13
418.784
709.612
514.127
224.452
209.574
196.962
346.713
682.121
573.901
652.691
308.227
250.466
208.994
297.107
535.141
685.535
361.213
810.335
305.453
157.393
190.99
343.54
707.674
860.042
374.285
456.012
598.995
419.343
213.32
188.57
365.716
423.698
599.483
427.301
641.663
570.345
274.178
245.635
299.191
381.786
619.657
425.548
568.952
495.527
303.829
260.311
372.174
403.461
560.912
401.694
394.159
407.416
307.355
265.661
232.234
380.153
396.548
539.106
452.849
360.707
378.797
261.738
247.535
512.46
486.538
626.639
623.35
464.18
374.839
282.519
246.85
576.668
650.653
330.131
389.596
291.886
308.359
284.328
227.718
299.637
396.268
477.767
474.508
200.024
191.043
159.756
244.47
437.564
506.357
626.272
516.75
386.124
317.005
249.888
300.627
596.158
551.88
706.235
738.767
489.162
386.812
388.52
442.774
639.406
764.968
561.209
650.514
442.07
404.531
334.326
404.857
512.415
667.335
540.53
525.636
252.361
249.218
453.817
509.677
518.931
556.786
479.354
481.849
495.201
409.607
376.697
457.265
494.88
457.728
500.125
515.012
256.214
302.057
259.521
336.984
458.562
550.721
614.403
390.68
225.16
214.318
279.861
394.001
605.518
434.012
622.894
413.683
227.286
288.065
263.161
353.384
605.03
474.926
690.715
336.777
244.684
183.429
342.327
629.299
732.845
384.523
509.556
264.314
158.59
213.191
402.747
723.107
572.942
277.455
912.031
400.94
216.948
248.86
293.541
703.962
959.654
482.24
728.787
378.07
269.726
332.685
377.707
686.433
770.847
419.966
545.156
401.722
364.39
297.685
264.386
220.192
516.809
436.655
271.633
362.104
506.411
464.842
313.704
217.41
268.048
346.642
678.717
542.28
471.076
296.19
190.637
320.638
653.752
559.01
344.188
369.975
263.519
254.737
169.199
195.553
324.636
377.385
406.668
406.422
303.331
317.353
247.109
257.391
384.82
423.663
581.644
555.262
392.583
405.835
254.845
344.409
548.107
580.693
297.592
349.517
299.757
192.444
229.996
218.391
276.355
345.942
614.146
545.006
304.736
175.835
141.968
277.618
567.024
598.006
511.626
418.86
263.245
195.905
219.486
249.449
477.64
453.739
444.292
581.568
430.373
367.856
306.377
339.023
402.36
572.922
420.788
552.684
427.91
319.342
378.251
298.336
388.109
548.657
538.828
489.171
407.061
563.163
458.519
454.138
514.413
520.441
456.288
477.172
645.046
655.078
533.849
465.087
452.235
456.628
429.425
635.269
536.821
244.344
275.171
287.503
395.947
612.348
446.776
383.995
257.471
301.495
286.432
326.317
444.135
408.736
688.032
378.718
203.523
259.864
300.912
561.386
712.046
432.178
574.989
477.462
315.442
431.85
635.152
838.299
639.289
494
446.013
474.848
315.94
247.393
351.872
532.477
470.058
471.491
546.526
345.47
292.926
246.08
395.372
595.649
587.952
359.884
627.33
434.664
360.916
243.103
286.159
359.823
612.574
472.988
540.893
407.202
267.334
282.491
191.446
217.923
510.885
456.916
410.274
365.561
216.844
158.824
121.536
217.617
389.118
391.859
525.253
469.053
437.574
354.451
309.415
280.595
505.597
476.272
356.786
421.432
327.463
214.391
237.187
298.445
332.927
423.44
419.038
551.167
378.787
282.301
193.588
223.741
372.679
554.983
477.061
519.366
355.345
247.038
189.74
216.341
441.641
531.029
582.276
477.651
288.772
298.816
185.764
273.541
545.564
519.827
411.429
593.831
517.06
349.624
291.089
253.557
364.132
573.349
422.266
599.217
432.064
300.083
267.863
293.109
374.315
597.652
898.797
738.376
508.353
448.332
490.744
474.46
849.022
799.799
718.016
691.705
519.817
316.431
217.818
262.758
660.646
725.596
397.588
401.373
342.814
336.972
458.391
520.059
425.85
396.897
401.958
465.794
556.17
591.109
311.954
286.856
383.369
454.15
712.496
590.148
526.493
505.741
586.723
391.755
670.873
640.285
372.749
284.709
411.269
444.655
542.038
428.28
380.209
279.467
694.52
349.586
214.188
258.178
476.187
665.557
729.845
393.405
429.054
321.766
287.536
487.173
297.013
395.429
423.232
342.59
336.758
243.934
297.469
445.124
598.525
452.732
343.737
254.448
430.036
280.937
209.984
369.9
351.347
388.35
442.68
300.932
614.873
265.232
215.194
272.072
479.415
702.989
661.496
314.118
293.69
272.04
280.161
230.002
181.673
225.73
287.01
274.651
428.923
408.154
399.935
316.986
196.053
236.357
411.669
408.53
756.315
483.823
395.016
303.83
230.583
283.234
726.016
552.075
425.573
383.667
373.407
326.533
262.275
176.546
393.882
408.616
330.14
529.73
464.701
230.221
277.954
269.014
298.714
505.389
646.932
537.03
447.146
409.966
273.038
270.423
612.974
564.393
341.952
421.899
365.452
242.661
208.838
241.72
311.929
424.165
549.373
417.207
254.151
260.516
192.897
246.216
525.029
461.184
476.241
435.211
333.463
313.933
312.119
350.037
448.979
454.817
335.785
306.841
253.741
269.923
247.763
204.143
323.355
316.959
386.14
564.284
577.942
498.706
337.836
286.373
369.1
541.772
386.204
352.889
357.832
303.025
245.801
302.768
373.078
374.104
331.185
332.962
433.018
436.969
256.391
222.586
309.732
340.727
329.988
390.706
275.833
395.363
395.978
426.686
339.459
388.241
470.752
296.746
296.455
489.395
440.882
427.367
484.755
326.629
374.474
411.654
269.074
519.576
659.508
576.158
394.788
414.955
433.812
315.096
291.702
539.269
532.847
371.482
416.777
348.522
502.702
281.821
358.432
418.987
497.644
498.832
518.688
320.204
396.014
240.37
352.703
433.705
611.342
649.999
448.574
241.863
661.874
454.237
237.088
214.533
280.654
425.372
644.607
512.674
