672.204
738.955
355.602
146.612
169.803
389.58
621.229
777.598
768.027
849.879
515.927
219.69
213.003
315.883
684.63
890.527
760.982
962.14
546.536
294.474
318.189
511.93
692.156
973.252
792.321
1085.01
679.645
335.316
320.523
646.252
728.019
1083.77
724.686
1000.3
573.373
266.708
226.318
509.314
655.021
997.083
415.146
771.891
797.334
472.456
402.427
402.206
386.964
711.563
471.004
690.875
741.872
621.575
354.286
336.291
444.553
660.264
434.142
557.501
767.594
656.585
417.678
361.201
423.574
534.106
350.895
490.11
880.345
733.267
534.569
323.608
340.398
449.553
474.269
548.07
560.229
664.468
547.702
411.309
449.466
558.3
256.98
263.508
313.894
553.278
443.998
327.224
249.506
269.906
328.228
347.385
375.645
433.278
368.695
400.408
353.138
342.691
399.956
264.689
333.289
446.845
324.586
363.911
419.183
272.369
343.551
348.699
365.872
668.382
829.645
576.483
359.132
360.499
372.374
337.542
369.316
521.018
786.642
784.049
416.332
322.049
596.675
394.972
476.352
598.803
954.022
932.711
665.332
418.372
531.744
381.568
404.279
406.235
848.755
1014.53
603.175
352.02
699.215
399.232
443.623
553.658
766.206
903.219
763.77
432.011
793.738
568.838
493.468
493.5
741.169
965.695
858.187
593.922
752.132
478.319
464.309
529.949
834.112
983.14
820.192
507.286
858
789.283
393.176
166.331
176.822
352.835
785.577
835.445
643.661
660.341
414.85
370.726
280.087
411.642
596.597
688.112
708.062
917.136
550.545
225.895
235.163
486.56
642.971
924.873
562.783
729.758
497.881
274.045
291.13
335.797
503.12
733.041
778.914
858.64
680.373
427.881
234.541
258.036
701.694
873.822
502.014
637.218
618.535
473.396
417.576
350.055
471.365
630.05
506.783
613.405
722.423
571.925
507.072
384.363
471.84
601.303
391.846
732.941
719.269
381.258
404.168
343.394
340.701
670.758
334.068
422.214
513.53
758.597
472.612
279.219
310.787
400.981
286.038
333.017
747.71
694.235
534.056
281.535
280.23
300.691
340.051
304.437
580.612
1026.01
601.951
305.803
342.696
303.899
264.033
315.801
398.445
768.573
628.822
251.001
248.806
312.878
248.174
197.369
378.395
878.146
888.577
465.653
258.935
201.033
482.166
398.441
404.279
564.208
752.286
706.259
528.299
406.967
411.75
282.612
300.507
391.567
587.511
605.476
445.177
282.509
509.578
379.139
353.32
412.064
717.664
792.976
549.012
378.357
734.929
491.665
348.078
475.963
754.135
966.775
806.615
518.812
773.838
536.192
358.941
321.684
695.826
1104.91
861.398
553.315
841.725
389.738
289.118
296.083
668.654
979.904
915.014
443.819
802.009
375.285
340.086
308.792
658.964
945.591
864.59
416.421
902.082
948.351
453.476
206.142
218.134
460.602
822.332
991.993
776.678
624.284
365.64
237.902
227.34
295.334
716.727
687.068
709.522
842.79
626.491
284.295
247.618
318.945
633.531
854.711
797.201
868.852
586.765
328.708
322.179
345.889
732.329
894.322
618.164
664.748
558.687
438.689
327.117
339.316
571.062
679.896
447.807
649.208
424.5
257.237
265.638
327.947
403.812
639.763
529.439
855.517
902.46
494.444
328.069
428.72
478.317
783.721
404.97
650.203
762.964
517.841
382.603
301.597
367.347
618.194
517.873
506.587
456.042
378.269
407.41
573.693
533.108
498.489
439.084
506.349
772.404
819.762
370.635
358.59
447.857
479.038
154.568
212.797
623.826
1098.33
697.93
252.997
166.903
186.542
275.336
179.91
329.92
853.929
869.855
487.607
294.095
188.44
411.236
248.204
365.821
588.775
578.704
405.528
426.673
266.639
366.945
318.584
328.158
492.348
743.034
559.54
381.777
317.123
642.751
399.517
305.735
397.309
647.587
729.512
664.579
446.345
640.129
418.91
222.233
250.44
385.966
669.554
662.607
455.046
768.866
495.625
267.576
305.83
462.525
809.087
820.625
520.922
925.721
424.163
372.35
433.176
499.298
728.652
956.861
513.999
804.125
407.299
336.457
378.135
610.175
792.797
837.717
462.654
780.082
487.879
362.066
348.765
666.034
916.042
849.408
520.153
1072.52
841.115
416.755
219.14
193.687
359.066
989.477
921.828
847.954
848.773
373.595
151.029
230.253
429.678
775.285
895.391
962.428
899.2
385.574
190.677
179.728
374.648
876.127
981.611
943.488
989.671
548.819
212.834
210.578
365.955
854.174
1030.05
1091.93
955.307
508.557
243.429
236.934
384.543
1013.42
1033.15
724.99
935.9
652.845
434.128
383.744
372.061
643.713
941.137
520.292
705.349
477.086
304.453
293.616
399.069
488.628
704.02
396.184
442.35
424.821
506.918
410.821
272.849
382.683
445.796
423.235
695.318
730.452
379.559
275.128
342.77
395.105
637.692
382.519
333.279
676.657
749.097
527.603
377.884
390.524
320.812
262.961
216.365
498.389
926.888
600.78
260.968
262.079
218.444
294.532
254.381
392.463
824.099
630.563
318.758
286.225
263.868
312.981
293.273
346.665
509.274
526.365
395.844
327.882
287.901
468.795
306.412
357.85
521.725
822.418
629.462
486.096
333.822
329.821
239.172
325.127
326.489
385.784
338.412
340.634
242.217
557.663
310.581
287.969
370.941
653.156
787.36
617.666
339.947
733.626
401.468
309.736
285.733
628.558
879.462
790.382
439.636
940.258
384.444
310.269
288.423
595.978
957.177
1016.77
458.808
1077.36
445.655
274.277
247.598
558.919
966.646
1135.42
548.271
873.855
475.105
245.816
234.563
506.448
958.734
939.574
522.478
1048.92
899.869
375.984
128.662
206.358
454.341
970.188
973.952
919.525
745.405
350.332
237.893
258.904
474.907
862.245
814.829
944.223
768.959
443.32
278.967
210.426
368.07
889.324
839.922
775.049
644.971
444.212
292.427
218.775
368.938
745.474
680.969
1015.75
961.78
510.985
272.446
297.305
455.646
936.76
1035.92
771.189
948.756
536.751
380.172
341.642
615.588
717.896
963.809
551.49
580.241
517.125
397.9
339.716
391.878
520.769
593.362
748.885
820.479
673.796
291.456
236.173
343.249
683.514
825.495
657.853
777.413
808.241
618.855
534.213
358.853
604.236
775.386
380.845
414.051
606.363
482.706
412.002
338.72
371.238
405.216
494.59
307.551
524.643
655.783
613.874
412.9
498.294
319.384
272.687
287.122
407.597
892.183
658.223
381.833
269.068
278.698
269.366
209.946
281.565
723.868
838.732
580.82
287.06
210.841
309.376
621.448
654.337
349.991
399.443
481.025
293.641
557.19
512.451
344.545
365.015
479.629
492.267
601.395
549.399
355.533
651.687
391.85
379.101
373.217
594.066
685.486
700.939
401.608
715.136
408.857
262.26
275.878
499.434
708.219
739.409
468.083
733.419
476.678
400.775
301.749
612.832
970.956
804.626
491.637
801.762
475.506
489.085
519.663
599.946
840.422
841.628
509.202
846.677
416.568
287.128
333.392
489.864
766.181
892.838
479.745
1130.95
823.331
319.187
176.334
166.315
366.095
1051.57
932.527
888.4
911.601
519.949
195.804
239.714
357.54
800.927
972.013
928.364
970.043
571.551
232.534
232.746
360.415
842.219
1020.96
1030.71
780.331
388.862
289.649
324.196
448.262
974.255
868.336
1016.31
813.216
328.926
329.4
278.862
475.393
955.155
909.225
700.403
907.266
832.351
509.524
398.382
559.368
700.968
846.18
834.935
1094.11
725.419
391.692
300.887
679.979
779.224
1099.99
575.355
575.62
553.44
530.297
394.849
382.3
545.31
581.184
570.549
591.497
501.367
365.041
374.952
554.458
562.262
591.769
350.084
498.883
752.633
751.899
469.685
316.645
331.766
466.698
322.608
328.88
679.244
1094.12
554.016
316.716
321.95
311.396
336.648
329.272
398.97
874.435
692.964
374.723
330.166
330.087
277.925
255.668
426.322
857.536
838.144
444.241
290.383
229.86
584.495
542.5
327.605
661.373
867.415
783.498
594.68
577.817
683.107
391.972
358.633
463.004
495.583
517.404
683.341
448.895
509.045
324.213
370.631
284.715
462.294
627.752
545.621
322.088
746.797
314.805
253.915
320.347
571.086
815.813
802.119
371.754
655.694
527.052
428.065
508.881
626.979
720.338
693.609
533.07
524.824
283.695
290.365
435.625
566.796
510.439
544.927
318.146
1139.65
501.673
242.322
227.151
444.591
865.166
1184.52
620.015
1010.02
758.762
363.434
283.483
229.421
392.147
956.978
850.832
991.566
764.489
536.277
283.862
302.504
415.034
948.646
824
1063.21
901.431
388.549
273.77
246.623
445.259
986.522
996.338
1103.4
951.778
464.526
262.989
294.065
395.554
1015.34
1037.3
822.644
676.01
324.458
319.171
188.778
301.466
736.742
779.068
570.844
557.283
337.891
272.949
314.669
385.484
557.224
580.03
665.373
684.517
428.992
388.383
351.427
487.943
618.773
722.362
770.875
856.203
774.165
413.121
351.363
350.79
714.76
854.442
431.231
773.924
904.182
599.077
493
380.566
390.014
718.182
525.694
404.511
409.433
593.188
604.338
388.588
509.098
444.326
300.672
486.097
770.693
759.28
405.008
315.791
291.131
435.427
340.91
428.479
473.366
566.561
565.015
436.843
345.365
412.813
518.513
324.917
527.752
570.531
768.408
502.288
525.993
332.224
458.893
332.398
363.505
530.114
827.684
706.52
481.278
331.888
698.315
348.033
396.915
422.961
740.288
918.216
764.401
387.643
765.821
407.494
236.069
316.767
522.808
914.301
837.899
450.001
536.86
373.349
299.555
377.398
330.663
445.671
539.521
406.815
631.151
351.888
309.378
293.382
374.806
493.545
645.789
396.437
810.008
417.222
366.808
431.563
486.799
833.238
876.508
473.961
984.653
544.422
250.158
205.208
377.702
652.372
982.679
633.528
857.342
717.198
344.188
183.523
189.663
391.748
805.38
780.015
916.548
734.822
392.827
244.064
202.122
439.055
881.482
799.382
606.932
601.342
442.548
389.917
343.269
455.993
590.944
620.382
713.981
684.484
391.838
300.528
258.462
402.238
672.981
721.042
784.844
525.399
421.124
606.495
301.585
356.768
774.842
581.004
874.427
1038.92
844.85
461.364
377.442
700.625
808.527
1047.89
647.042
629.421
363.26
640.087
300.512
315.104
590.526
676.155
770.102
624.968
524.279
411.096
496.883
531.619
754.21
658.1
449.582
369.218
386.931
418.411
336.465
319.637
441.755
382.924
574.84
577.372
727.643
701.657
483.296
363.028
556.912
565.648
309.543
276.889
564.11
717.278
570.49
497.984
319.982
256.247
276.785
256.785
409.446
677.588
471.62
328.302
286.808
246.251
315.607
483.546
455.945
443.112
630.696
576.071
310.452
439.047
509.563
361.905
407.365
359.67
754.351
873.042
561.701
340.898
411.992
264.127
293.812
334.982
455.923
498.547
433.716
277.073
530.598
304.179
287.605
479.97
455.248
614.546
579.857
329.597
645.397
352.636
228.006
245.194
377.713
677.6
680.505
390.914
546.442
376.816
319.878
288.743
392.619
658.362
593.416
385.778
576.349
410.576
400.554
721.08
515.306
422.97
564.523
453.264
794.881
396.25
288.014
258.922
427.131
730.832
832.832
454.786
1277.91
957.939
372.721
155.472
170.383
417.538
1192.19
1079.91
1183.12
1114.01
487.648
172.582
165.475
421.107
1071.47
1206.02
1044.43
975.8
536.744
300.738
247.679
407.946
956.064
1051.24
1111.76
808.871
457.157
591.232
410.781
461.73
1055.25
913.858
576.218
504.142
382.977
375.83
300.625
321.908
548.701
532.932
803.726
971.816
542.17
326.211
332.879
568.338
757.503
980.078
603.615
796.64
565.05
387.509
266.289
375.364
565.203
784.634
562.253
555.945
542.58
564.4
286.924
343.485
523.658
579.937
653.479
834.122
698.165
503.685
371.783
365.533
587.486
837.979
357.416
398.216
729.723
679.477
599.736
293.67
357.514
351.181
359.643
493.368
620.215
570.706
294.451
360.604
350.621
445.522
367.306
352.928
294.973
462.392
467.814
366.366
356.576
353.325
391.329
244.362
419.728
516.109
802.042
665.638
436.143
252.809
427.73
288.226
321.34
335.707
632.633
577.183
451.805
297.766
536.528
234.279
490.765
657.527
584.604
544.153
568.099
265.902
707.791
455.328
268.547
398.209
382.508
514.224
699.011
530.882
574.783
298.949
277.122
373.856
491.741
662.558
625.805
334.145
634.53
325.695
237.392
322.289
396.253
528.612
654.428
367.211
720.99
431.402
193.664
187.065
381.44
772.331
771.112
469.974
776.199
471.12
272.636
336.128
431.668
830.481
819.831
513.16
1060.05
758.915
435.824
290.696
278.073
476.424
1016.31
849.653
917.667
690.556
412.44
331.616
330.8
427.334
877.495
765.381
982.122
926.466
458.432
241.197
253.615
356.954
886.635
1006.81
1009.4
1004.38
570.848
363.66
250.992
495.595
921.715
1055.02
780.167
1040.2
632.722
700.131
480.825
602.55
702.513
1052.55
1020.46
640.714
340.216
327.716
281.891
495.91
1003.62
736.068
889.376
861.01
435.826
373.043
245.049
489.848
822.928
923.418
857.051
648.916
559.753
435.14
444.291
424.055
826.772
705.512
537.872
547.295
646.926
777.26
591.456
491.459
524.774
556.613
571.84
710.238
721.221
806.25
620.191
402.308
553.787
697.039
428.174
457.482
443.417
449.321
356.513
396.672
432.149
455.496
355.848
382.709
539.533
997.694
655.822
365.155
354.286
396.824
245.68
266.297
473.408
572.933
744.518
450.988
254.529
241.615
547.156
285.251
404.956
493.575
518.232
378.373
544.151
337.27
543.567
356.621
277.947
356.116
428.693
541.693
566.432
377.281
595.99
354.662
176.87
279.261
327.568
605.55
630.027
388.18
720.963
459.148
276.069
341.631
334.568
631.871
732.708
508.403
691.152
454.294
324.301
283.39
445.577
682.711
710.411
499.989
593.357
405.374
284.99
330.318
391.188
699.554
649.946
414.744
826.278
479.64
366.225
355.937
441.784
469.506
822.663
553.817
890.293
886.322
467.204
291.092
241.937
439.053
836.686
925.078
834.091
1008.16
572.946
246.679
230.785
453.977
760.345
1025.47
945.677
758.635
418.538
301.99
181.477
573.47
942.552
807.366
674.451
747.886
572.996
451.942
348.901
499.884
628.303
768.258
954.477
749.073
330.025
298.787
284.055
413.26
905.888
822.318
867.22
926.044
598.9
306.424
258.973
302.348
784.185
956.198
783.034
514.843
417.761
414.79
426.981
397.398
756.207
574.168
709.933
758.08
437.796
361.71
322.592
414.805
647.07
793.755
859.383
796.259
500.827
272.671
294.383
379.286
795.581
845.313
362.922
533.171
672.242
513.539
420.721
296.469
327.862
513.365
484.606
510.944
520.911
378.098
481.397
483.137
482.983
482.837
520.363
377.656
388.383
482.898
295.315
382.076
531.896
386.916
364.818
327.047
392.219
466.896
638.27
524.252
390.776
328.158
580.615
430.846
386.977
668.551
489.017
537.239
582.573
479.462
596.305
400.635
340.224
507.369
435.929
524.539
627.253
415.034
533.447
391.366
266.094
292.306
396.63
533.476
557.612
402.824
801.868
349.519
218.402
314.921
430.943
695.617
848.084
424.509
417.652
216.293
273.442
392.423
496.097
614.461
460.865
222.207
486.387
406.05
334.841
374.539
424.044
546.064
505.451
435.534
909.128
438.201
280.029
264.817
483.934
875.974
960.879
497.561
1264.26
979.981
358.561
105.111
144.04
426.351
1169.7
1099.82
1136.84
1064.53
550.127
322.141
311.287
479.499
1037.66
1151.41
923.495
1158.89
659.043
295.214
227.631
518.438
825.763
1179.98
1150.89
1202.04
727.615
429.691
318.966
536.289
1049.81
1253.66
901.318
554.265
325.448
387.283
276.305
519.061
905.031
645.972
826.103
671.047
403.09
365.134
359.609
399.181
782.397
732.182
655.75
665.532
363.344
270.34
196.274
360.781
619.175
691.519
433.195
437.847
381.186
422.573
365.83
314.663
415.865
449.114
695.449
581.163
311.305
214.37
254.536
351.651
655.786
632.112
569.845
684.543
400.903
337.375
503.312
477.25
532.546
690.348
561.056
632.096
434.979
296.803
202.063
306.875
523.803
641.871
237.746
437.782
580.821
474.729
545.69
445.152
251.564
381.485
376.984
426.644
414.593
532.299
553.347
506.303
391.648
400.36
441.995
344.799
243.353
347.482
456.031
492.698
467.139
352.295
565.343
484.312
231.376
210.764
217.075
353.755
547.571
522.059
732.808
391.689
238.902
290.679
355.144
573.207
749.773
457.412
648.679
352.609
255.438
317.148
457.298
557.345
663.636
411.964
483.198
313.679
252.339
273.695
276.824
412.153
500.391
330.119
630.135
373.101
279.553
343.249
284.235
517.808
648.148
408.219
537.176
416.221
247.293
424.579
431.334
498.714
553.519
438.218
1161.8
832.903
263.462
250.183
200.79
426.403
1087.96
959.699
694.844
701.849
381.429
216.755
312.781
642.092
665.414
733.937
739.326
714.334
513.043
378.332
373.301
383.282
701.73
743.879
999.582
1060.02
580.453
308.129
257.027
442.672
912.21
1095.34
695.102
802.658
663.889
458.188
421.25
401.623
638.228
817.84
946.299
610.474
387.634
366.575
355.657
514.553
936.46
680.441
860.735
715.644
408.422
402.642
324.016
450.53
819.085
776.589
1128.93
954.674
505.098
366.843
329.36
498.306
1056.14
1035.54
560.005
538.372
330.627
559.661
358.157
357.67
533.17
565.766
637.047
470.87
376.641
383.906
301.145
389.426
610.258
510.441
720.519
677.639
475.955
421.004
489.361
522.076
695.425
729.564
518.422
347.73
332.186
563.036
490.58
546.06
563.219
367.906
618.531
337.325
258.361
240.916
345.151
625.91
665.495
359.16
730.344
445.872
257.554
315.366
475.315
790.006
777.241
484.486
746.054
354.243
319.239
360.379
484.697
680.218
771.285
419.39
611.845
410.873
329.459
366.12
364.173
504.175
631.746
433.187
453.203
274.892
234.318
232.785
340.57
449.916
462.985
309.759
780.226
352.622
313.67
276.989
568.908
852.395
846.38
402.526
642.161
360.337
294.314
319.861
405.688
502.069
651.774
402.968
579.666
314.025
197.117
186.475
279.49
469.394
606.432
356.918
682.514
620.999
356.752
284.049
296.974
335.537
639.223
661.936
1165.26
939.969
462.578
291.853
243.257
389.641
1085.62
1023.96
1143.67
926.023
412.342
345.201
403.968
500.396
1069.68
1029.21
703.471
579.149
343.335
451.956
313.261
428.571
702.322
615.212
681.632
761.944
458.754
497.744
390.238
376.039
622.167
786.905
734.324
608.069
459.531
392.442
537.667
506.43
699.967
642.051
431.547
321.377
387.647
430.819
311.607
285.019
416.152
345.192
1160.73
845.353
380.463
307.807
186.111
374.214
1085.89
945.032
971.578
801.74
408.616
232.259
215.703
359.327
908.74
882.096
783.372
749.576
450.646
439.286
322.246
327.886
726.134
801.996
651.315
667.4
477.191
316.765
227.008
260.752
593.025
697.801
758.122
383.338
309.96
325.127
420.083
551.14
777.994
446.035
614.214
331.653
303.466
285.218
351.959
486.384
634.781
373.956
737.157
326.257
299.037
209.11
393.416
700.616
789.426
378.174
610.36
416.232
331.495
394.782
365.226
398.8
597.291
469.677
725.527
385.415
166.283
235.243
275.557
551.143
746.09
443.14
507.287
248.631
231.905
219.444
266.523
499.617
544.776
276.441
831.341
425.787
262.144
249.274
390.264
602.478
847.55
501.191
469.522
287.06
229.568
301.3
397.353
474.421
488.133
313.723
917.044
380.711
259.369
336.201
543.212
788.025
975.145
462.096
630.611
541.867
277.228
220.545
235.289
319.775
596.141
589.768
995.724
620.427
331.745
229.974
240.487
481.458
978.037
706.92
1155.9
1067.26
587.359
343.084
361.725
479.362
1065.22
1145.54
647.97
707.932
583.324
523.198
490.748
334.137
599.98
726.541
461.989
477.575
360.964
399.649
350.296
358.742
463.873
493.686
1001.11
808.65
355.142
293.803
262.506
415.646
934.492
902.12
432.085
328.926
291.879
311.615
325.229
371.142
441.937
349.333
842.784
694.116
431.463
620.935
421.865
582.646
817.515
747.62
774.593
589.523
364.537
248.368
208.349
357.583
744.485
641.656
589.207
589.125
492.935
323.172
391.067
422.043
548.368
604.825
777.813
363.716
167.861
197.078
296.684
558.854
797.627
438.983
384.989
286.155
383.996
481.495
513.148
492.027
403.856
286.695
591.41
306.22
255.173
217.705
297.824
450.771
611.755
354.053
591.545
353.176
342.619
447.586
587.822
570.811
590.02
405.95
334.769
262.8
232.811
270.744
222.808
254.342
333.872
281.807
617.532
388.246
192.092
255.184
364.24
582.845
630.337
433.704
563.887
308.507
224.52
198.75
186.371
287.373
557.707
356.384
609.038
299.19
205.281
321.838
356.42
547.223
636.267
350.304
876.41
426.991
256.2
244.643
362.718
749.128
922.378
489.867
548.6
351.607
422.945
398.968
354.339
367.534
558.382
362.117
821.861
712.893
453.472
275.741
329.874
367.67
766.88
763.477
996.453
775.529
405.624
217.599
250.041
555.719
971.54
827.033
698.903
473.539
304.733
260.218
277.146
468.283
712.272
518.474
1132.5
963.724
407.391
355.863
301.342
466.903
1036.8
1072.61
777.856
657.104
466.685
447.306
497.788
387.282
711.281
731.606
618.48
664.264
583.092
349.697
398.954
461.837
590.019
658.654
607.11
691.081
509.689
450.019
412.489
516.607
617.539
678.339
401.864
382.204
275.139
339.471
324.982
280.274
377.569
404.392
597.061
493.584
425.919
419.344
431.68
395.216
582.256
519.364
330.946
408.238
432.543
619.967
435.723
246.512
321.24
406.61
893.382
507.485
265.694
250.132
373.855
751.509
931.709
566.773
504.286
422.024
345.554
413.973
335.261
440.804
486.805
444.578
462.492
300.214
230.191
303.985
405.422
505.542
481.681
331.837
412.437
341.359
272.715
314.011
302.297
327.847
416.562
353.656
623.337
375.944
285.339
325.474
470.719
684.707
657.555
412.497
616.517
394.233
328.021
613.004
378.092
359.258
604.792
453.801
662.566
445.191
235.201
279.22
395.526
756.216
720.079
460.99
557.706
342.783
273.283
378.328
458.547
577.866
585.317
378.791
825.299
468.86
386.006
513.288
629.495
722.139
834.868
524.095
570.587
327.681
227.47
298.752
374.684
634.151
618.763
354.167
920.067
754.557
323.514
204.838
225.274
336.255
851.899
840.002
681.176
919.512
522.669
374.932
305.484
454.794
616.368
924.058
853.841
779.897
549.487
253.464
290.626
395.968
803.371
807.348
675.567
582.172
383.26
287.211
362.344
487.098
652.045
609.649
903.969
639.382
445.867
251.145
287.161
462.548
883.639
699.353
552.36
425.725
304.966
446.21
379.405
347.115
527.997
462.828
803.284
839.837
525.681
385.334
319.46
419.684
758.316
878.917
751.171
635.307
448.776
290.105
356.63
436.122
730.196
669.969
400.166
397.261
294.124
358.644
286.503
312.155
389.484
399.542
380.6
396.398
388.958
449.215
375.763
397.558
387.66
403.182
778.321
322.047
270.773
376.419
467.107
667.673
811.626
400.416
260.619
174.665
301.433
651.561
530.021
324.72
273.052
184.335
576.205
341.929
260.102
519.709
380.335
247.65
550.403
404.008
403.574
297.443
305.122
375.744
550.052
579.137
432.764
300.647
572.553
388.626
294.666
445.577
351.698
348.397
552.988
447.328
559.284
332.032
314.86
366.452
508.458
690.339
610.712
348.001
658.27
437.039
223.98
244.073
373.785
685.938
705.303
456.352
618.74
385.888
401.066
439.805
341.807
359.604
602.948
449.705
569.811
334.25
313.767
282.764
257.15
640.79
630.428
326.816
765.054
388.239
245.075
270.012
466.558
741.391
799.951
450.102
651.483
667.685
354.166
260.044
243.228
369.464
604.932
703.833
576.062
571.831
309.927
219.181
252.997
507.194
548.807
601.102
674.627
656.76
518.634
286.901
272.942
312.753
630.862
673.235
752.59
840.508
595.627
275.497
311.858
415.16
693.138
850.301
788.144
413.065
263.387
319.748
333.664
406.075
772.576
490.249
418.832
627.73
584.218
325.583
308.905
303.652
377.789
601.79
647.721
499.043
391.328
344.784
387.786
430.853
635.644
543.964
1083.07
683.169
490.961
393.71
407.918
525.079
1060.77
773.205
527.21
492.869
583.19
623.206
278.034
292.359
513.435
487.773
424.501
320.801
491.799
628.797
410.1
290.946
407.514
342.263
600.231
424.12
266.301
377.934
293.189
260.863
567.468
467.619
683.185
373.65
406.972
340.878
225.627
304.883
673.899
430.849
582.531
316.579
265.163
360.423
433.445
494.055
592.274
365.916
311.355
260.892
289.02
437.106
336.937
377.718
317.277
270.004
425.934
260.434
264.346
352.06
505.299
554.68
453.29
276.064
542.155
271.545
328.993
347.296
547.8
662.579
587.098
297.182
422.986
320.796
350.707
450.92
504.085
460.422
439.746
333.223
751.158
449.078
282.052
236.125
542.177
913.18
816.014
478.078
411.921
240.61
274.568
368.87
552.14
588.231
453.95
256.709
506.346
346.255
282.904
422.66
406.273
418.53
511.71
375.801
856.44
1030.94
522.496
183.375
215.529
507.52
767.237
1058.23
869.323
900.759
447.716
329.393
288.222
615.665
798.779
964.122
658.734
554.458
290.086
314.915
347.067
486.091
665.749
592.571
732.134
961.962
556.666
255.856
251.699
401.076
651.458
970.857
593.84
705.164
532.237
390.155
281.422
393.668
569.929
717.558
401.216
385.743
361.887
411.583
560.759
665.489
434.185
364.995
671.614
534.337
470.152
356.974
391.163
320.178
635.967
577.05
687.36
736.555
594.95
516.009
324.134
534.659
672.652
745.747
468.205
331.786
303.699
308.068
347.184
325.704
464.738
351.035
374.31
335.539
420.092
387.782
268.228
240.952
357.128
343.452
517.188
460.883
444.566
433.345
314.559
387.438
491.16
463.633
291.67
247.788
315.021
360.912
405.447
400.906
318.35
244.445
339.2
276.624
345.909
348.164
301.4
352.311
348.034
278.09
418.79
206.823
174.046
257.976
413.435
514.124
445.704
234.3
567.482
377.246
372.491
500.402
347.876
346.311
568.585
395.462
479.099
279.086
274.641
391.129
414.591
580.193
517.264
304.645
581.589
315.758
248.822
290.916
522.326
725.761
636.299
340.295
678.22
354.509
301.153
268.19
409.859
541.963
684.863
412.07
523.742
358.22
369.548
349.258
431.586
562.99
553.956
389.071
669.695
321.844
223.803
304.613
498.826
703.839
713.492
370.681
578.571
535.581
395.361
333.449
358.547
304.309
547.702
564.977
614.804
573.048
360.813
367.539
306.504
273.311
574.017
604.373
503.15
718.424
531.847
373.508
270.841
429.36
492.283
693.826
843.821
706.855
496.754
375.747
276.831
369.61
799.317
762.422
647.105
656.528
533.954
364.426
364.402
476.376
612.046
653.686
492.002
533.677
476.732
512.741
416.854
435.11
488.701
540.991
846.606
598.536
379.44
418.234
360.835
436.386
821.404
664.562
329.935
385.415
567.848
559.233
403.767
324.432
323.087
360.523
590.221
622.256
416.734
286.661
233.945
339.413
560.522
639.116
441.563
499.865
480.511
422.317
253.615
294.568
447.395
488.687
334.244
315.663
553.76
579.627
474.866
310.856
332.732
299.651
319.498
272.933
290.535
490.015
443.45
269.72
317.24
288.851
384.964
244.942
293.651
333.955
491.091
552.026
422.389
251.99
397.082
428.508
387.177
363.189
480.811
535.753
394.486
418.892
439.675
339.726
282.482
311.596
476.19
600.483
475.113
346.762
508.203
361.516
277.013
414.858
451.5
490.733
517.317
379.404
652.248
412.477
354.631
309.473
354.036
516.63
664.713
446.015
560.369
352.341
259.655
282.653
506.885
699.909
609.29
374.552
581.268
370.731
282.042
464.729
713.13
778.12
620.167
414.803
565.156
365.365
334.938
294.223
307.619
372.204
564.55
395.179
