717.996
680.065
328.044
219.885
199.178
377.995
656.91
719.326
768.21
909.546
556.491
230.92
286.004
425.594
691.853
927.676
708.668
852.284
561.807
353.188
336.061
341.881
637.194
864.916
609.246
834.577
653.205
340.673
227.06
376.721
558.71
820.961
535.421
737.956
574.961
329.55
234.013
360.4
482.504
731.66
689.581
782.308
662.976
509.466
551.037
488.581
645.005
794.075
488.729
735.307
591.158
380.503
258.293
281.829
441.026
713.633
483.324
714.727
711.282
501.555
300.661
378.434
459.909
693.944
305.46
294.834
473.762
584.663
399.032
286.72
293.937
296.047
500.303
367.526
463.168
914.597
635.171
435.841
496.945
387.254
440.315
419.601
353.647
479.197
461.761
353.193
408.694
447.851
198.298
244.258
412.958
715.154
788.566
438.595
208.186
236
445.795
361.599
341.683
524.592
722.188
646.591
471.919
356.358
574.784
426.32
271.934
312.285
539.752
833.277
636.883
441.774
609.266
357.396
292.944
292.949
666.886
824.31
654.799
370.974
626.618
315.928
367.588
371.171
698.6
842.91
683.085
341.765
772.572
634.408
318.458
409.401
569.464
941.736
842.13
648.888
762.766
469.699
373.103
463.306
719.484
897.786
819.646
511.576
793.536
448.314
330.736
407.392
578.663
827.744
840.036
495.744
862.914
435.203
333.857
319.017
564.953
946.045
931.177
489.627
807.387
691.19
294.404
267.743
179.726
328.671
737.996
768.54
764.254
740.432
362.273
199.097
227.441
402.505
699.508
783.562
839.778
812.623
523.999
236.892
222.78
332.431
771.827
862.939
711.422
731.981
477.538
234.637
281.794
421.657
666.805
751.804
753.289
748.397
496.082
329.451
302.735
372.957
699.156
769.84
455.929
724.029
674.342
310.689
288.327
423.68
408.979
673.193
390.446
675.488
776.142
564.722
298.449
275.73
345.092
635.995
739.071
690.593
634.335
635.258
496.038
480.04
708.261
731.014
261.91
356.138
682.648
876.347
480.52
276.702
250.464
336.656
191.777
229.81
393.805
565.856
387.862
233.146
186.356
218.981
241.151
249.476
331.258
618.893
571.443
288.991
244.74
239.645
239.656
177.344
300.609
735.786
842.637
499.231
261.383
178.744
380.763
402.779
511.355
735.925
641.812
496.238
401.513
377.529
249.121
190.573
280.055
517.259
694.288
439.43
265.079
191.783
619.809
388.831
305.348
425.758
386.044
478.259
617.996
448.871
822.937
515.753
287.502
277.342
506.483
924.991
890.396
530.136
705.981
364.901
328.798
328.906
553.712
892.959
778.667
397.113
871.686
485.017
245.817
199.61
474.667
1011.94
951.427
518.47
933.138
378.538
195.117
241.65
513.395
917.291
1001.87
460.168
912.993
420.466
289.57
297.587
527.87
874.848
963.357
486.994
756.045
659.577
276.431
194.455
210.796
323.974
689.6
725.802
691.024
812.88
431.426
174.41
191.091
390.645
626.972
832.696
1058.37
969.314
554.966
256.814
259.764
398.395
975.715
1040.9
1077.43
920.318
483.103
385.797
276.953
464.616
1006.38
1005.56
814.268
856.562
477.815
343.278
269.555
510.637
748.848
897.072
656.602
857.087
673.176
306.057
404.46
416.035
587.497
840.676
641.853
669.558
562.963
346.212
254.408
432.054
632.173
675.695
468.524
702.545
555.969
480.751
374.57
399.933
430.422
687.137
384.554
510.055
738.495
802.611
415.064
220.698
363.489
490.422
337.897
343.129
618.709
939.727
517.132
300.045
335.941
343.51
292.638
298.782
488.473
1074.61
920.326
408.183
281.888
306.417
308.184
269.088
298.207
509.095
665.742
572.774
322.119
257.321
371.48
333.927
364.171
466.824
584.435
486.542
391.579
340.142
260.911
244.403
364.583
383.973
518.008
496.228
284.245
228.382
671.945
465.028
318.975
358.451
490.006
652.178
683.174
511.812
545.095
541.114
276.918
335.588
413.599
600.256
575.192
540.101
807.639
555.647
389.894
396.788
703.378
975.864
873.681
574.214
805.26
492.327
331.865
346.896
619.338
909.22
867.047
523.517
803.409
431.633
273.61
306.621
436.644
600.048
813.933
509.815
795.157
432.054
289.255
361.006
488.595
669.875
818.168
494.763
671.488
631.094
234.767
171.053
221.282
342.788
612.814
690.226
881.452
732.404
382.866
243.77
308.032
355.223
822.192
805.868
896.176
732.335
434.215
248.197
226.947
373.682
844.593
801.6
1195.35
974.209
438.782
278.24
250.794
436.627
1115.91
1081.28
902.527
915.655
689.184
522.074
349.709
317.272
831.17
944.236
588.095
644.534
500.861
413.031
239.303
466.166
557.275
660.269
608.997
781.779
636.115
434.259
269.071
314.116
558.297
770.375
576.72
856.486
746.549
460.286
280.906
455.379
538.25
831.031
378.401
379.358
454.021
624.133
383.571
329.811
355.185
387.038
389.917
308.65
652.693
932.296
619.078
329.342
380.268
323.192
295.486
308.869
474.631
907.667
762.075
288.763
283.783
310.088
247.618
291.626
406.836
662.854
526.673
297.91
242.643
272.215
713.434
510.138
517.596
529.254
770.297
677.302
710.118
571.662
506.29
367.865
185.355
352.381
517.976
709.815
556.533
393.546
533.248
480.19
322.857
297.132
453.465
587.524
523.1
517.924
885.803
565.134
275.659
279.8
540.382
1000.98
954.696
602.723
512.65
474.659
320.562
414.303
672.832
897.679
569.508
459.106
457.782
429.196
414.799
455.698
666.832
632.2
469.412
447.682
1006.65
447.052
216.255
283.248
454.927
917.009
1066.9
527.21
1136.6
524.176
271.005
360.675
383.107
834.575
1190.7
628.75
741.955
688.441
387.629
232.165
272.656
362.207
710.789
714.347
881.045
926.053
514.331
278.038
195.022
427.02
810.565
961.12
644.068
664.072
413.236
348.992
235.631
354.305
617.578
689.476
647.751
732.546
410.801
320.076
263.356
334.3
587.562
754.328
719.853
632.712
314.143
338.92
260.852
481.661
677.558
687.187
896.264
1111.47
616.627
267.254
228.916
470.881
801.896
1129
796.955
680.271
404.576
279.472
262.271
468.949
760.866
712.445
596.2
580.196
529.673
476.63
551.188
532.03
580.76
586.372
479.201
583.094
645.999
383.695
320.604
434.479
458.774
542.642
483.084
341.928
699.414
838.197
601.806
406.903
490.538
320.996
423.292
380.916
333.529
519.814
346.423
387.47
400.509
410.842
244.745
233.299
378.622
629.623
619.381
352.661
243.5
227.792
579.404
343.938
504.883
612.199
799.862
695.973
610.902
364.982
527.608
414.04
343.225
447.944
710.766
891.436
596.566
428.033
764.993
368.284
347.512
371.038
635.5
828.536
820.502
412.475
448.199
386.655
283.905
292.555
425.905
499.596
479.228
386.32
498.666
339.975
279.121
387.128
496.114
578.01
536.59
352.724
536.778
385.999
350.241
551.93
564.703
660.7
576.887
398.53
716.27
507.015
293.773
276.282
409.285
721.594
758.022
519.962
720.146
418.014
221.392
332.962
413.281
543.726
730.455
477.476
988.534
879.538
444.732
187.476
209.653
397.62
911.747
944.513
1080.13
911.411
437.136
226.89
172.201
370.759
998.5
985.782
845.315
858.758
512.603
330.682
225.929
350.32
769.887
901.965
893.608
679.73
398.752
419.012
279.607
290.827
814.152
759.717
629.48
604.767
378.948
272.956
279.969
465.191
616.198
637.901
853.619
803.012
459.785
301.628
290.322
338.1
792.296
851.721
793.622
670.997
330.102
220.314
170.012
353.307
747.387
730.414
637.715
751.782
637.971
440.851
508.077
349.404
577.489
744.264
481.407
401.647
389.729
390.213
388.304
442.118
502.608
396.328
360.475
462.424
630.229
873.13
479.523
285.036
341.637
440.811
264.578
363.105
494.086
510.016
556.907
478.802
280.558
326.536
290.311
552.449
597.609
622.265
684.206
593.706
303.413
480.764
275.397
362.09
504.178
430.332
592.009
546.933
299.929
322.831
460.261
438.976
295.546
506.964
617.953
694.373
477.985
457.485
710.011
413.614
295.361
546.816
457.245
561.699
717.239
459.253
550.46
335.572
232.264
267.562
448.368
598.824
589.623
349.081
630.59
304.721
280.949
287.487
464.591
648.984
664.189
351.45
559.716
381.849
361.181
505.572
474.598
560.996
586.902
421.648
793.924
378.575
223.238
188.131
291.455
634.869
830.789
445.941
833.64
384.102
231.023
372.145
599.887
942.748
905.633
436.145
765.228
606.192
282.11
176.189
174.987
361.209
727.777
666.998
975.905
701.656
366.201
182.248
177.266
407.166
939.959
773.124
1075.53
769.632
477.199
414.312
455.071
470.23
1033.24
861.393
1052.34
793.622
448.827
469.937
275.777
411.165
998.958
880.487
647.877
664.272
420.592
483.142
289.522
491.007
612.639
686.509
505.548
396.136
356.922
366.404
347.92
358.976
492.947
422.187
1020.21
866.623
402.517
468.897
286.128
473.341
934.655
970.066
746.665
539.184
354.015
385.013
307.484
423.791
735.239
587.844
676.248
745.738
706.767
599.184
509.324
534.144
664.213
746.717
281.65
419.699
618.479
491.891
521.908
446.282
289.463
373.956
253.793
150.53
280.82
685.066
518.842
281.189
261.465
166.701
337.464
293.625
296.176
445.701
440.93
415.417
346.14
294.653
467.122
455.083
395.342
444.248
733.814
752.94
480.442
465.664
397.951
321.028
286.37
312.596
387.185
511.137
423.633
312.198
592.018
342.825
257.947
372.781
343.883
431.607
598.205
388.218
671.497
468.561
324.604
414.754
474.988
813.608
737.302
474.948
500.477
316.101
312.052
475.781
447.908
379.552
510.533
336.445
495.683
263.432
284.408
392.095
437.043
597.206
546.22
281.238
1040.52
442.398
293.1
244.467
494.287
842.97
1086.89
542.975
716.537
415.768
210.317
236.806
346.002
670.854
756.996
452.356
1112.97
855.322
419.966
222.719
187.515
420.037
1047.25
951.757
1158.87
908.217
440.455
271.016
244.033
488.552
1098.7
995.972
715.608
648.949
399.687
303.594
223.31
340.27
666.867
690.525
686.459
567.361
434.916
570.377
412.653
474.424
686.633
596.579
836.641
778.025
512.789
285.365
271.652
398.224
794.764
803.89
922.709
954.151
524.493
266.96
276.689
428.804
843.25
992.743
737.427
485.993
549.934
539.607
471.401
453.173
744.328
501.991
731.965
1086.44
936.259
589.538
597.79
664.533
686.347
1041.77
495.598
778.643
893.7
586.519
479.877
407.508
465.073
738.008
337.2
499.633
615.14
542.507
390.961
502.123
337.41
453.812
299.609
356.605
369.51
583.311
463.28
312.496
289.027
351.667
287.447
287.255
633.064
685.132
793.452
503.925
310.129
267.307
529.296
538.039
360.019
263.203
340.283
499.522
548.572
541.536
429.008
279.869
287.938
457.44
470.846
461.104
447.378
304.012
590.898
361.678
282.153
261.377
404.479
693.816
643.31
370.673
787.943
392.042
300.837
519.733
320.856
435.32
787.367
473.558
514.112
361.29
214.669
153.869
231.293
442.271
520.739
393.271
701.766
465.762
269.405
431.478
394.187
712.984
737.063
506.185
544.322
385.053
258.944
406.792
412.093
409.929
537.107
429.695
924.944
438.473
236.3
193.984
427.199
751.404
964.06
511.496
936.898
673.519
355.609
316.767
330.375
357.212
885.714
762.018
1032.47
977.669
534.913
300.995
353.181
398.035
939.633
1053.04
838.998
1102.45
668.203
296.756
289.676
549.182
750.012
1112.74
1033.77
959.739
502.315
313.857
296.998
407.165
956.359
1014.74
807.634
730.277
409.538
305.943
282.444
501.815
757.893
784.003
692.987
709.811
514.66
416.081
438.709
484.497
678.72
746.811
680.87
799.227
571.696
357.239
291.993
324.554
618.596
806.697
421.813
439.564
502.253
526.98
408.979
331.3
425.187
423.783
380.391
503.059
491.828
496.517
498.814
431.158
374.587
468.376
459.416
718.554
827.937
574.023
578.028
454.456
435.296
652.273
351.124
322.027
623.264
841.878
574.358
349.587
341.173
327.587
285.521
311.404
441.04
427.031
569.205
426.648
284.231
295.641
367.184
410.958
352.132
439.946
485.834
405.26
355.169
402.567
773.834
372.07
386.835
252.689
363.724
659.791
801.27
423.925
749.869
397.253
180.282
291.124
311.543
534.25
757.764
467.701
512.798
280.817
183.761
267.358
411.895
572.782
547.567
307.173
605.545
374.864
299.078
345.821
525.171
704.513
652.013
407.875
580.174
478.32
413.105
370.168
288.446
324.411
555.061
508.169
659.77
467.145
405.602
428.521
664.373
848.904
722.228
491.74
875.146
398.786
227.474
258.815
422.623
747.924
920.307
472.286
1095.68
1006.82
534.265
253.351
305.063
570.582
1024.27
1069.66
709.558
818.64
471.99
267.785
230.614
528.815
657.591
842.509
754.813
674.736
476.17
351.28
370.88
414.703
721.249
717.87
1033.04
888.239
475.753
304.7
285.983
460.055
966.815
951.219
947.191
1106.32
635.596
375.466
355.114
595.06
865.475
1136.82
380.007
449.863
333.533
336.602
234.738
319.525
346.031
460.977
761.491
733.389
363.022
473.835
376.05
501.965
705.677
787.045
824.724
818.292
562.608
279.615
262.593
288.243
754.043
863.386
648.728
772.426
463.668
477.647
363.387
508.62
600.398
791.438
308.145
394.024
365.545
267.678
491.291
510.03
308.166
368.397
379.565
424.445
472.263
840.993
495.537
412.126
394.721
411.13
225.714
272.682
379.847
886.468
698.453
349.989
229.452
258.655
573.443
371.078
240.082
319.462
348.383
508.87
585.075
405.683
638.194
384.834
366.035
246.05
324.664
530.224
657.292
391.783
744.535
360.857
270.625
348.66
417.655
601.448
764.16
428.035
689.216
356.617
251.257
311.043
361.792
622.926
728.437
396.326
363.554
396.315
357.713
383.689
282.31
374.433
356.863
400.412
593.076
460.604
247.584
343.102
366.517
490.401
592.561
511.838
639.264
424.483
244.226
345.979
385.637
637.467
664.447
470.969
621.192
369.008
271.235
277.256
325.044
397.106
615.272
430.207
952.458
868.092
444.042
206.237
199.302
389.257
877.817
929.106
1023.66
1157.08
660.778
388.831
334.007
470.067
926.623
1190.94
961.67
996.162
655.284
396.381
395.329
388.532
872.586
1044.97
694.651
770.803
429.509
300.187
358.233
398.109
637.698
811.758
889.831
679.452
338.749
279.989
242.918
466.558
856.628
745.937
781.449
674.86
349.194
287.544
193.962
348.164
739.926
722.193
990.222
617.474
352.467
363.214
317.766
445.072
969.209
708.049
818.956
544.564
449.744
347.051
386.137
546.728
832.506
582.003
740.969
726.294
347.979
378.238
254.427
455.812
686.777
780.852
844.846
847.323
678.846
515.637
477.511
430.852
777.468
876.021
291.424
311.481
401.297
480.169
325.341
233.718
292.899
297.336
514.248
284.002
284.265
387.526
487.185
563.408
555.66
318.186
573.16
426.903
274.566
315.981
586.744
761.524
624.591
439.934
534.514
306.641
232.135
257.017
457.309
671.51
579.082
330.371
494.583
334.813
198.038
214.413
289.885
434.966
511.068
362.088
568.795
289.016
246.513
249.313
330.547
521.227
594.533
334.072
742.85
387.919
247.764
281.473
385.552
604.199
758.445
455.477
476.623
261.671
212.66
359.525
477.647
552.285
512.331
293.737
583.159
422.989
402.622
355.827
225.084
375.98
578.408
450.265
662.763
374.682
166.756
175.58
368.691
732.249
715.909
407.229
664.135
511.407
251.59
255.965
168.914
316.675
644.732
565.201
613.44
640.67
395.538
288.613
294.421
390.938
586.494
660.753
933.12
880.923
478.132
408.325
339.477
378.677
862.956
941.423
683.279
853.166
540.313
356.643
281.965
544.827
629.811
863.108
786.547
964.039
519.462
346.154
326.425
449.432
705.547
977.735
813.99
646.682
510.013
384.527
423.306
619.568
795.628
672.291
1214.27
937.844
419.393
353.964
243.617
467.696
1135.93
1052.05
469.872
444.949
264.092
292.506
191.121
292.583
445.823
470.898
752.782
640.84
411.013
294.426
330.109
489.932
720.276
680.792
700.221
717.627
642.933
476.276
258.83
330.276
654.645
724.277
440.611
351.737
494.724
569.683
558.672
487.557
431.43
369.828
554.587
295.044
389.551
526.871
495.855
446.017
564.58
338.968
638.982
369.859
270.685
264.058
399.547
765.788
702.992
392.913
441.322
335.425
197.226
259.588
334.457
438.213
459.509
344.678
763.542
411.72
227.474
339.416
320.853
444.791
762.187
492.105
502.906
305.664
306.964
232.634
309.448
538.926
533.436
328.249
859.097
439.856
195.318
153.779
341.435
700.592
895.221
500.38
455.261
305.356
329.992
453.565
450.245
397.825
459.194
340.393
681.547
297.404
262.135
287.377
556.045
847.753
750.323
341.197
597.496
480.663
295.241
519.427
594.509
739.625
652.364
494.906
905.012
947.807
433.588
420.927
280.838
523.789
829.375
1014.97
1024.43
950.204
542.886
339.437
292.543
418.782
958.465
1001.7
590.289
575.62
404.347
354.713
344.52
357.735
570.09
596.878
742.518
770.582
568.692
401.365
283.468
379.163
684.741
802.004
615.654
695.549
549.303
383.16
334.43
512.415
600.339
697.092
889.366
527.397
391.63
747.982
493.17
480.704
883.48
600.045
1001.96
710.122
384.299
321.976
206.724
350.68
949.208
792.391
965.623
578.128
288.47
313.874
256.686
383.223
932.5
685.425
741.186
988.33
602.185
376.182
401.936
547.138
690.902
980.737
838.193
545.02
358.181
398.995
344.03
434.009
812.072
624.467
608.62
408.786
299.108
293.78
365.232
527.689
624.874
432.329
832.341
355.747
224.789
226.141
343.921
614.952
861.317
427.545
652.854
337.243
423.295
383.818
642.094
824.75
715.517
359.594
544.611
393.973
232.75
323.973
300.704
551.569
578.859
408.572
761.363
323.203
237.292
262.601
438.611
656.192
791.229
392.016
450.862
244.385
163.612
229.738
263.187
360.511
460.124
277.448
464.321
261.728
221.323
355.031
320.791
455.882
490.073
294.469
856.72
366.779
253.946
200.55
426.349
746.74
898.586
449.29
546.683
361.224
321.931
276.595
271.724
452.027
571.764
381.407
939.355
549.723
285.719
363.228
336.445
514.693
927.695
647.277
930.193
827.547
461.705
262.183
233.746
340.996
859.35
900.759
995.582
926.545
588.643
311.065
225.828
359.09
919.565
980.735
940.985
745.439
338.034
319.608
216.115
402.349
892.455
823.241
335.99
445.621
539.293
470.04
343.472
289.816
324.265
426.918
976.596
920.507
301.767
381.076
304.527
590.197
905.544
1014.38
536.326
649.956
431.56
474.733
401.349
371.928
485.591
661.078
948.903
517.423
335.756
591.935
445
490.759
937.987
609.205
829.376
796.442
376.211
191.929
194.043
355.865
761.246
847.093
439.064
445.728
333.108
293.219
282.105
373.765
431.353
450.523
802.559
387.687
312.598
304.536
364.063
518.825
809.392
472.286
557.379
501.034
317.468
433.139
408.425
404.091
525.222
538.232
394.538
245.326
230.245
501.91
542.147
454.628
409.2
267.594
463.842
275.841
277.094
296.363
286.094
402.228
484.857
285.105
555.563
329.185
239.551
311.154
468.639
555.27
573.808
373.119
560.912
395.948
277.383
346.377
282.901
403.307
566.105
428.815
498.383
265.29
347.82
308.415
422.479
555.026
529.498
288.862
586.881
285.857
236.732
308.328
414.127
597.264
620.107
328.425
651.924
606.383
405.014
352.935
447.919
658.949
694.541
620.758
541.955
430.915
427.562
452.996
353.83
373.862
537.052
450.301
600.32
343.501
295.219
387.639
439.109
549.99
631.123
369.821
692.615
515.856
313.995
284.916
250.878
411.472
660.891
562.347
537.96
413.96
270.929
193.768
304.173
363.214
526.784
435.741
1234.09
926.357
551.616
285.349
314.614
515.422
1176.56
1018.57
778.298
472.568
315.063
309.168
292.749
413.498
762.681
537.78
660.821
570.021
359.4
275.027
277.565
374.784
624.373
610.999
693.598
795.857
416.236
269.201
314.109
500.104
653.272
798.721
604.351
519.792
342.031
259.505
244.807
303.374
577.287
556.316
864.726
582.815
407.227
507.303
355.156
526.623
874.968
644.493
379.484
366.664
384.492
548.997
506.292
408.353
357.219
368.455
743.329
487.403
317.701
232.765
297.334
637.015
789.395
524.347
363.737
237.952
300.538
477.553
431.726
364.655
369.709
251.93
249.982
261.745
340.584
637.004
490.099
296.782
251.335
263.295
382.489
216.599
235.52
367.533
468.816
499.502
414.061
239.368
498.645
441.042
324.687
372.365
266.579
316.737
479.019
455.859
648.289
334.785
281.207
291
402.226
602.533
679.875
373.382
777.27
391.02
228.721
232.789
372.937
731.592
819.993
441.051
435.578
391.419
397.957
446.498
277.55
321.67
436.669
395.708
512.637
324.069
219.779
290.957
328.555
577.991
559.851
357.469
797.81
361.382
338.151
335.509
444.855
709.296
842.057
430.425
506.65
343.866
495.4
345.388
445.511
570.191
535.172
341.077
728.441
967.793
501.568
202.818
189.191
466.636
647.461
980.569
853.002
819.456
420.262
206.01
206.963
334.285
787.518
874.723
712.742
605.826
336.154
431.052
348.311
450.824
694.683
656.263
659.609
598.484
431.659
255.493
250.27
350.185
623.34
615.515
393.52
469.844
486.83
480.653
352.001
287.47
370.815
450.217
1042.74
863.082
401.827
366.228
212.219
410.123
972.901
957.702
801.139
925.743
603.106
379.662
270.002
457.9
733.815
938.97
380.606
431.897
501.592
530.827
435.388
314.17
358.976
431.008
560.189
485.246
553.906
608.334
309.487
319.345
553.07
495.438
695.41
374.152
165.17
259.671
338.124
419.546
695.429
443.576
549.316
339.929
243.437
436.4
468.915
410.629
547.587
384.078
384.114
287.862
252.678
390.319
432.577
427.685
407.441
290.548
354.937
357.536
251.834
243.505
314.112
537.189
386.822
353.214
430.621
342.295
245.823
356.383
485.94
577.528
470.403
356.107
530.58
352.932
320.536
349.634
540.41
673.284
577.422
362.226
570.979
412.318
282.539
271.306
386.111
443.724
555.509
458.124
633.059
357.509
293.88
232.16
408.801
655.622
672.522
389.027
490.248
274.393
314.649
337.391
365.458
565.885
529.322
302.814
508.566
280.528
238.899
320.344
367.796
441.605
521.441
313.152
543.148
372.778
228.325
280.845
383.461
513.054
566.261
407.101
781.668
550.756
300.291
240.785
185.077
470.033
778.957
606.107
424.118
560.18
423.201
284.732
360.285
330.312
388.595
545.106
888.912
986.013
589.333
326.517
246.496
517.585
808.432
1018.41
678.842
458.136
312.681
358.176
291.139
472.953
689.059
486.195
488.235
723.908
626.06
360.919
286.994
359.274
457.693
697.85
642.379
524.62
246.414
332.828
387.861
618.863
644.278
569.211
725.966
607.846
587.038
437.392
273.318
447.822
715.643
623.006
513.908
404.34
447.686
408.905
268.424
314.902
499.082
421.642
492.888
330.245
306.02
366.447
297.628
343.29
501.512
354.283
733.813
531.123
431.605
429.676
306.219
424.108
686.348
598.875
360.365
298.872
319.896
513.575
449.995
384.593
370.786
299.25
293.376
249.251
286.973
309.911
387.091
407.822
306.204
251.652
278.323
253.487
377.139
527.014
530.701
398.702
299.149
258.438
374.754
245.334
295.584
354.458
480.209
513.101
402.58
252.747
522.205
305.915
322.89
361.793
425.665
532.683
552.653
326.766
582.243
266.541
347.86
412.625
496.918
657.838
626.502
307.547
724.295
481.165
285.094
259.391
450.804
858.347
787.966
502.999
598.523
476.362
361.352
398.007
303.843
412.64
579.961
511.799
585.416
283.125
264.286
359.986
484.757
645.485
622.814
335.249
714.98
527.015
313.25
432.735
568.591
700.143
729.318
554.512
544.432
723.682
502.215
359.333
397.157
372.653
487.732
724.01
597.694
505.647
307.803
315.142
303.824
443.648
573.779
555.523
811.662
884.505
484.731
283.132
301.295
403.765
738.995
913.383
790.448
906.382
621.624
299.75
316.937
356.487
709.422
935.102
756.107
520.438
519.005
497.855
410.781
653.666
793.068
527.907
664.791
727.696
481.857
413.323
261.921
313.671
596.427
763.237
650.967
396.132
349.965
385.056
435.249
581.976
664.133
441.802
683.2
484.232
454.107
441.286
278.063
299.862
655.365
533.749
300.344
330.535
359.29
411.997
258.903
230.534
278.182
340.042
325.334
401.915
436.801
317.63
343.844
301.049
312.238
378.596
300.423
258.917
270.805
463.653
401.503
270.193
295.411
276.308
350.033
226.193
272.232
433.437
461.681
502.739
384.914
232.898
314.269
237.268
400.45
425.871
492.499
482.343
337.45
221.785
394.421
317.534
258.865
374.074
427.1
478.125
423.912
322.303
489.349
444.907
274.817
418.567
499.708
622.433
518.79
464.417
726.556
407.388
239.486
321.907
469.635
608.798
737.136
460.011
422.554
336.21
259.659
267.116
378.899
518.896
457.397
347.361
701.461
280.484
260.643
401.722
639.192
782.546
758.026
336.8
451.714
261.961
178.564
257.433
336.63
414.359
466.85
296.797
794.856
340.274
213.864
306.803
420.582
629.044
827.434
422.586
641.491
333.069
512.495
704.354
361.925
388.347
643.051
373.984
816.55
586.513
562.17
424.147
267.007
450.399
808.553
619.349
698.863
764.177
425.709
405.152
331.001
550.888
653.525
799.814
486.89
491.341
560.247
520.807
525.075
364.191
464.96
487.693
533.186
615.786
536.74
442.598
338.089
381.907
499.565
623.607
658.464
396.384
327.948
365.763
256.661
381.247
652.69
449.425
591.064
566.818
555.965
464.459
279.019
311.118
567.011
574.769
649.768
337.611
341.502
397.427
301.041
443.962
659.821
396.715
516.299
484.853
321.045
411.932
434.742
348.727
492.393
508.216
290.078
273.671
444.521
534.972
615.208
397.106
282.265
265.709
431.386
416.577
291.995
542.37
520.595
344.539
421.223
449.138
251.913
244.704
312.159
364.373
316.838
366.058
272.978
246.656
294.494
181.547
304.577
416.738
505.27
389.737
322.598
193.437
427.71
329.609
312.264
382.221
516.305
586.044
467.051
333.191
378.628
291.793
256.494
276.621
266.555
362.577
386.737
302.186
519.432
303.216
258.8
435.805
602.925
664.732
558.574
313.22
567.672
549.453
289.515
362.381
480.177
701.919
594.688
558.77
497.235
470.746
460.035
248.301
293.436
499.407
509.032
447.329
487.724
326.197
239.076
353.934
487.246
656.629
541.905
340.169
497.982
299.47
240.994
362.573
433.47
566.249
530.778
331.144
422.769
568.789
577.229
408.768
265.047
287.127
403.492
560.546
994.306
544.686
373.265
362.551
340.24
619.05
1005.88
599.887
476.663
443.944
371.361
453.812
315.318
350.855
456.588
457.922
466.498
370.666
421.646
386.94
307.467
368.291
458.63
381.303
596.536
345.77
522.484
472.184
498.098
335.65
586.425
381.189
802.977
529.058
442.782
349.149
384.129
447.865
791.29
584.856
513.707
499.127
390.721
411.374
331.197
442.012
507.491
534.927
423.259
423.885
478.377
509.715
323.379
298.707
399.547
441.613
494.386
349.373
399.876
489.361
418.917
382.679
516.65
371.23
656.698
518.325
315.179
375.511
326.36
462.184
655.478
564.588
368.302
369.705
387.897
598.512
610.771
360.595
357.023
381.35
235.503
281.743
403.117
394.603
655.9
494.302
253.64
246.478
393.927
268.108
305.962
459.028
399.533
426.361
412.783
269.063
297.398
263.957
334.082
458.319
393.604
285.279
310.539
260.224
535.683
306.376
233.766
265.889
385.979
447.902
546.349
357.364
328.473
312.984
330.776
308.482
339.126
346.333
341.089
308.048
572.807
332.266
275.694
374.22
651.843
817.651
634.015
359.868
495.421
355.2
436.717
454.445
567.404
719.816
543.357
342.159
506.996
250.456
224.678
400.071
478.967
467.029
528.002
287.342
437.511
244.999
246.163
404.856
558.065
548.173
465.783
278.885
