723.565
788.901
403.162
256.781
261.998
332.94
646.807
821.873
870.269
867.645
416.558
199.379
233.166
454.667
798.124
909.093
776.717
848.898
536.221
218.461
305.608
487.508
710.62
882.99
518.171
659.228
559.091
275.833
326.437
337.443
470.624
644.876
759.578
885.81
685.401
412.455
415.195
347.296
685.686
905.506
585.614
813.003
752.442
463.185
300.147
421.141
560.165
787.867
626.447
867.771
881.357
495.281
409.953
560.101
584.135
809.986
361.74
460.816
491.657
410.059
437.392
336.015
341.452
451.821
242.262
265.135
466.162
573.568
304.932
249.891
235.258
255.021
338.415
264.027
414.012
579.69
392
332.69
345.417
268.853
368.535
321.654
367.407
490.915
366.202
249.294
354.513
327.279
235.504
224.08
383.485
814.777
735.794
392.69
240.099
217.06
322.15
338.492
331.129
679.008
669.91
483.459
325.904
337.574
357.881
299.521
296.498
413.81
735.928
770.305
402.038
282.069
557.839
481.747
310.511
390.296
571.075
830.327
608.987
498.573
666.518
467.833
439.953
521.679
777.334
835.524
722.085
486.003
629.844
330.248
260.308
388.113
564.13
674.71
659.898
371.372
752.987
405.174
370.072
324.457
691.951
922.757
811.107
441.782
762.977
423.809
372.682
347.561
632.19
944.139
830.591
459.117
777.645
509.688
284.648
425.963
700.144
1055.23
863.027
532.334
793.225
747.77
361.033
356.731
228.817
328.586
718.617
815.311
728.414
779.309
370.225
198.814
213.204
411.354
662.07
817.961
890.776
985.651
575.532
250.796
252.114
351.489
803.708
1032.48
765.018
932.778
633.053
314.51
301.161
346.069
678.355
944.208
791.869
833.697
614.278
355.025
494.36
409.616
733.567
853.526
555.409
712.865
618.311
509.525
371.667
324.23
508.195
698.95
463.141
645.306
749.277
590.846
516.049
406.206
434.275
620.835
349.494
483.338
574.947
466.063
290.641
227.818
323.944
455.82
468.193
630.111
738.838
612.298
400.299
550.532
476.788
585.371
220.72
266.537
661.066
989.255
590.161
331.803
225.383
244.563
246.575
302.459
472.87
1020.75
764.491
330.499
249.885
296.357
247.228
245.312
357.961
713.8
820.127
432.753
257.321
232.782
323.683
373.396
406.256
569.49
447.68
319.039
325.595
357.593
426.434
319.595
285.614
562.877
816.743
652.472
424.931
342.405
631.449
395.735
330.863
345.157
432.357
637.082
655.811
416.918
635.165
374.46
393.745
411.76
500.564
719.861
679.073
400.612
927.36
452.957
245.545
243.537
499.84
755.798
950.321
538.721
793.486
493.01
282.778
388.141
558.203
972.617
868.18
519.877
754.378
556.748
307.357
412.364
634.311
915.335
819.388
578.931
787.653
596.22
310.297
332.069
486.314
792.534
829.545
617.34
884.458
815.066
267.749
254.161
170.383
531.973
813.198
905.072
746.553
654.567
285.843
174.112
190.146
324.114
691.469
715.833
979.307
899.656
528.513
249.087
205.641
379.012
905.874
959.148
1000.18
827.312
544.354
314.854
266.715
470.805
957.916
889.314
981.967
926.543
602.219
392.296
350.011
371.461
903.745
972.666
623.079
637.326
459.444
396.195
243.542
385.792
582.007
666.159
566.01
526.554
425.045
439.091
327.005
310.892
540.584
550.347
551.287
807.303
705.21
507.574
532.096
447.442
508.977
792.036
467.414
389.343
497.427
780.261
587.799
358.499
471.245
389.418
302.751
274.541
471.862
606.949
377.319
250.046
293.4
272.923
228.664
206.426
354.841
676.744
515.015
272.261
229.727
199.792
322.021
344.376
434.991
768.554
651.356
336.906
319.956
334.344
375.077
313.151
339.33
476.555
731.721
639.551
421.455
308.932
282.761
262.944
290.707
612.722
613.111
376.467
280.384
265.157
490.997
356.567
269.818
361.766
409.086
511.752
512.341
365.994
721.884
472.316
306.975
438.89
447.523
635.866
731.963
538.386
771.024
482.634
362.829
334.71
606.626
897.787
830.578
509.592
832.018
491.305
390.204
332.66
606.504
937.817
897.688
533.822
838.812
544.924
258.365
225.435
479.808
931.956
909.916
567.021
995.794
518.266
266.804
260.165
584.565
1115.53
1080.29
564.576
949.944
810.228
250.126
138.725
163.803
390.8
865.662
908.754
939.479
865.21
512.581
357.849
347.287
359.762
856.279
933.879
1106.35
1015.49
513.485
341.584
327.94
385.252
1013.07
1103.33
975.038
868.95
491.962
232.261
207.224
318.033
900.181
943.585
968.672
865.076
434.827
288.411
373.809
572.197
899.501
935.424
829.524
1097.56
629.07
352.046
347.763
559.875
747.138
1109.38
492.777
735.093
704.849
378.669
245.032
293.283
437.745
696.23
556.805
661.032
605.255
538.416
349.178
351.417
511.97
663.943
471.502
727.48
701.436
510.033
261.209
378.227
438.572
686.308
520.254
464.92
477.715
508.822
656.057
672.939
533.006
466.486
456.39
269.167
439.034
850.196
482.271
247.821
453.765
292.395
275.435
302.833
453.835
593.026
588.499
360.143
289.299
296.404
294.847
230.262
273.979
645.071
774.934
577.303
327.279
244.117
561.681
565.357
471.117
409.11
504.81
534.828
565.677
561.734
425.829
319.683
232.229
291.475
310.632
376.085
446.81
339.957
794.267
370.728
426.285
378.19
648.108
905.242
859.933
406.025
553.364
389.952
382.988
442.057
610.41
580.662
579.373
407.585
650.716
565.198
385.722
453.98
620.905
843.029
710.56
573.804
795.567
440.97
273.198
313.405
560.105
969.052
867.797
470.967
836.28
462.333
266.919
363.661
515.447
828.07
889.42
521.498
759.064
498.065
304.447
199.701
227.192
344.501
728.673
553.101
849.96
689.737
474.848
275.387
263.731
367.72
809.884
738.055
884.194
782.245
419.912
241.383
336.152
416.377
821.126
847.579
1139.78
912.631
407.576
348.124
278.491
431.753
1063.98
1014.21
604.068
612.388
608.76
547.559
393.951
447.298
597.765
623.099
994.355
796.567
454.483
330.445
494.742
514.05
947.105
861.356
707.07
970.94
749.989
483.675
439.264
409.569
635.494
962.929
970.595
859.386
635.589
395.021
379.928
404.137
912.372
902.462
425.958
447.186
459.484
516.98
446.977
307.945
402.724
448.634
487.721
608.942
778.57
939.833
466.162
472.836
473.153
581.948
277.995
242.9
426.05
588.904
490.535
257.558
269.899
242.895
253.557
271.829
382.886
810.902
679.002
364.728
246.035
253.882
476.965
334.207
574.301
565.641
796.45
655.704
511.935
332.975
509.369
361.69
391.275
451.394
836.923
907.172
565.806
351.594
741.331
504.775
258.503
285.52
515.783
904.167
803.907
532.653
706.909
466.412
315.036
264.763
288.84
429.369
687.996
529.927
480.44
315.655
301.658
449.715
656.284
619.718
517.06
338.006
737.732
348.403
374.482
362.223
633.925
834.957
782.205
402.036
685.996
385.317
294.264
491.044
388.538
448.392
664.052
456.175
796.543
431.343
265.802
303.149
360.919
740.534
847.664
468.641
1050.25
912.701
467.67
279.268
190.868
356.922
973.646
997.333
1118.98
855.954
415.049
263.034
212.195
448.477
1062.3
940.837
670.41
670.817
408.699
241.395
190.835
337.459
633.015
696.365
816.951
768.547
392.778
263.537
236.062
400.316
765.528
814.253
711.267
707.146
304.826
253.431
312.691
605.352
681.955
749.872
1064.16
1051.05
547.092
295.203
318.62
482.113
975.145
1105.82
507.694
668.77
523.837
338.871
389.113
326.071
468.548
660.834
776.288
661.48
623.661
604.002
297.831
338.359
738.567
694.176
515.468
652.49
569.7
402.598
353.181
560.405
512.152
644.025
266.665
282.327
424.88
583.854
479.919
274.529
255.632
271.718
364.411
512.873
614.077
834.455
518.938
446.553
351.447
490.376
391.581
378.367
507.775
641.643
527.922
339.886
371.219
389.912
519.073
374.891
498.35
691.291
720.037
647.142
552.593
378.83
430.441
364.731
470.694
525.543
834.101
754.992
481.597
364.961
651.086
439.192
409.998
478.874
540.176
789.155
704.393
451.454
708.017
374.763
270.056
305.299
462.418
672.518
740.397
430.518
466.957
332.523
211.107
299.367
310.107
502.109
480.919
363.232
762.649
478.688
412.631
555.786
472.906
469.96
749.349
557.854
857.025
429.494
305.031
238.912
314.53
611.191
897.112
464.055
1004.32
479.086
280.197
286.879
425.241
771.317
1031.19
572.371
784.801
719.006
306.175
191.996
195.909
356.855
719.071
783.494
1021.09
985.963
495.423
227.115
227.752
408.276
934.931
1044.86
984.865
871.491
427.039
243.136
240.129
365.101
910.982
938.341
971.828
795.606
530.851
427.153
347.301
413.98
916.073
862.051
622.526
787.642
574.604
503.045
244.277
327.089
572.356
790.985
785.091
964.897
629.314
416.66
271.236
604.696
719.001
982.731
955.357
648.223
322.475
443.229
316.869
440.767
912.916
748.17
648.981
705.281
592.379
410.359
341.578
410.969
604.376
711.338
487.304
627.767
572.756
465.89
383.757
391.266
475.405
616.654
512.17
579.853
738.81
903.248
448.368
296.643
492.523
572.349
385.521
365.255
445.709
605.468
499.305
318.42
376.868
360.148
417.411
279.394
344.232
478.725
410.388
357.721
403.897
299.681
467.293
304.851
470.844
483.75
694.565
629.172
501.685
292.369
683.58
335.451
368.749
440.213
550.235
697.835
723.28
382.059
420.738
347.483
229.52
198.696
283.401
465.008
430.181
373.758
509.045
277.346
291.076
398.064
467.428
542.039
546.223
306.036
561.159
476.913
355.948
249.806
277.494
436.855
564.888
493.892
728.043
335.515
289.313
296.639
579.195
880.558
791.482
374.857
726.02
347.987
298.821
356.872
488.284
815.88
794.844
389.766
713.595
423.957
298.457
437.43
446.941
456.566
702.694
483.752
1006.67
699.472
350.379
187.817
213.919
475.719
978.298
778.427
870.056
710.792
413.02
290.696
280.703
430.904
831.591
764.36
848.509
734.767
523.14
327.819
210.853
373.219
807.103
762.986
1036.44
834.812
381.663
335.308
309.867
486.516
973.692
924.297
756.615
768.963
465.735
337.419
251.929
410.079
702.543
803.174
681.716
463.865
307.898
260.469
425.64
510.452
694.369
503.804
592.98
836.271
692.418
335.478
368.8
473.62
541.178
810.022
498.795
502.055
523.313
618.309
425.435
266.943
471.897
505.43
670.768
639.058
455.727
488.522
386.604
552.331
669.238
659.903
683.607
583.657
689.366
606.702
402.935
453.761
682.724
587.078
327.98
348.455
534.132
657.979
388.89
272.812
320.159
335.284
426.397
391.404
405.413
537.942
617.701
380.183
409.952
410.609
571.006
362.042
361.366
468.125
602.808
582.06
595.826
379.666
322.41
262.964
279.138
355.637
494.749
401.105
333.035
265.658
636.543
389.416
392.402
497.436
472.979
553.873
661.76
421.203
531.516
309.04
336.636
375.326
494.853
489.078
556.208
326.484
655.457
319.094
263.623
284.292
426.039
588.784
693.701
370.381
835.712
404.199
232.382
207.706
372.629
680.686
866.728
473.805
692.164
471.649
287.31
254.411
323.249
495.694
677.968
529.826
742.009
429.865
223.536
223.418
462.006
875.313
806.016
458.341
1039.03
905.717
397.635
305.055
395.579
571.505
977.64
990.795
1115.03
1043.97
493.461
201.907
262.498
483.337
1030.24
1116.39
551.368
543.973
430.665
276.838
318.909
322.278
510.995
570.378
921.993
1011.11
516.583
508.297
393.56
756.479
857.87
1051.5
803.072
801.948
567.051
444.48
305.495
500.862
770.834
821.853
896.241
902.558
523.116
362.773
300.442
465.899
843.953
936.956
514.756
447.696
442.536
478.065
314.04
339.259
509.934
467.412
618.714
859.894
713.442
454.686
305.932
242.416
546.407
851.365
604.595
884.994
839.392
594.708
539.4
462.942
541.799
860.722
529.037
413.779
421.15
365.153
380.747
425.444
525.494
430.034
267.977
427.281
619.89
690.075
361.179
280.716
261.097
386.41
364.83
283.178
399.349
881.906
725.604
364.999
372.234
307.567
292.08
321.913
347.126
383.213
650.951
696.628
338.842
277.919
518.441
376.629
310.211
421.955
543.767
694.01
552.209
389.57
481.298
422.884
224.148
208.469
276.499
498.667
513.826
426.201
672.302
373.534
280.607
263.792
306.017
490.76
686.987
420.803
578.196
469.684
280.129
444.014
428.067
607.915
606.741
496.075
474.864
336.846
263.309
309.891
328.162
430.24
495.178
353.32
971.884
426.515
271.395
371.295
494.725
862.23
1024.6
512.077
623.937
449.691
335.189
371.148
439.888
609.248
653.275
468.788
1073.42
971.034
509.497
260.517
286.254
370.231
988.298
1037.21
967.389
972.919
480.722
200.701
191.943
425.112
885.831
1037.95
895.169
1106.46
622.378
297.487
279.105
466.238
802.902
1123.4
1191.09
1219.55
634.056
244.574
246.204
531.508
1084.24
1279.21
608.224
759.617
478.802
282.864
357.449
414.101
564.453
764.947
864.247
926.386
486.095
370.701
330.015
412.348
782.463
987.104
926.087
777.409
442.824
475.167
345.145
400.214
865.952
833.732
388.922
446.499
335.506
318.008
340.323
372.283
376.218
442.857
561.206
601.461
497.953
445.395
541.149
404.616
523.268
613.719
447.335
655.157
604.753
513.02
406.31
344.88
404.587
631.286
335.144
345.006
455.142
471.233
476.459
291.751
324.093
344.65
415.448
312.321
280.413
323.958
417.893
402.915
437.32
321.946
405.499
265.4
373.673
459.108
567.081
621.102
446.143
284.091
496.054
327.536
239.957
354.593
344.689
456.08
487.118
363.23
572.943
294.546
208.823
400.392
510.741
728.126
627.855
324.15
386.004
288.736
293.496
460.018
427.949
394.132
392.06
296.381
414.592
255.462
255
342.127
377.45
385.791
439.605
273.285
680.053
356.52
321.997
375.805
491.539
797.122
749.663
391.023
763.485
491.742
327.02
532.554
457.978
559.804
754.402
563.166
722.476
375.343
237.21
213.659
391.917
575.463
734.422
443.128
1090.31
1044.83
507.973
239.627
231.651
548.046
1011.2
1108.06
817.163
946.421
526.382
248.899
286.523
498.608
753.947
970.483
700.672
750.488
548.517
361.898
340.854
391.509
656.018
765.827
1092.1
1145.32
645.37
363.999
274.783
433.411
985.411
1191.65
823.921
698.6
374.222
243.965
212.068
339.136
772.689
750.604
595.958
454.441
310.433
371.354
208.431
386.702
593.265
472.065
902.511
663.712
340.773
452.764
251.111
316.622
853.806
741.479
990.262
781.637
414.868
226.604
242.653
394.488
939.703
858.366
697.056
538.39
234.86
161.192
203.961
338.795
671.344
586.661
509.671
521.891
431.847
574.788
652.6
572.836
508.379
521.665
408.089
462.627
555.33
464.218
503.173
301.357
378.521
461.458
381.31
275.775
447.316
384.905
540.615
544.929
409.857
257.207
468.598
312.784
423.89
473.531
792.775
715.808
513.988
320.115
541.238
358.887
236.642
194.804
354.515
526.565
557.42
395.584
691.326
397.389
340.895
414.021
286.119
421.639
693.51
450.321
466.718
253.33
178.289
271.993
349.726
503.503
498.66
281.435
785.886
423.511
269.041
237.573
463.789
718.212
806.231
484.161
713.763
412.612
276.475
280.03
346.404
472.585
713.326
472.994
646.344
338.793
180.627
212.347
239.784
408.661
651.33
397.691
918.376
399.09
320.773
378.9
479.977
791.296
979.413
464.811
945.975
583.701
229.017
194.257
290.299
394.021
896.728
690.344
953.607
1076.57
640.393
478.835
410.528
578.205
867.767
1108.04
849.603
840.828
582.643
361
453.016
439.918
785.342
867.278
839.002
622.181
437.419
525.274
405.18
528.512
831.795
671.041
806.611
806.943
435.141
283.032
272.501
408.107
763.612
827.434
609.205
756.09
498.951
326.173
303.71
447.817
566.197
759.92
662.093
488.822
306.368
346.472
325.181
432.936
638.931
526.839
851.024
707.575
519.354
548.054
508.28
546.11
825.642
746.871
973.767
717.185
329.525
290.298
202.126
390.121
920.739
803.375
543.227
662.97
488.886
471.409
309.079
347.606
497.19
672.807
446.017
310.116
461.024
445.44
338.141
354.033
442.221
317.719
325.161
338.406
300.96
365.544
433.418
561.055
359.611
328.79
868.311
427.557
278.296
240.712
449.243
917.5
936.732
466.71
628.511
370.421
295.598
368.352
391.164
461.889
630.987
426.185
488.621
267.936
255.736
318.451
439.611
553.124
524.096
294.358
517.954
318.137
242.785
300.227
315.14
474.522
536.672
349.29
575.106
407.036
250.081
298.301
474.294
616.974
599.395
427.135
505.282
315.191
263.028
323.707
420.84
448.018
531.868
342.806
837.501
377.672
246.24
284.531
418.174
761.923
881.615
439.81
503.716
272.067
159.353
261.518
273.981
340.064
509.729
313.404
732.042
622.659
317.883
333.589
273.149
506.363
723.637
665.581
689.922
607.333
397.95
361.238
366.015
451.662
676.352
643.466
1181.45
903.626
342.855
280.478
234.178
488.679
1111
1020.48
675.593
767.252
517.309
429.52
302.328
412.875
619.235
788.34
380.106
481.821
388.64
436.034
619.539
707.751
401.986
464.884
911.059
731.105
368.668
433.986
425.87
330.008
847.633
810.971
469.116
453.909
375.922
360.646
243.532
250.823
433.493
478.707
476.353
422.626
250.087
346.915
311.755
298.958
455.497
448.351
1089.92
897.569
449.935
236.504
239.01
398.006
1014.27
987.225
544.232
615.831
568.793
442.723
314.335
289.086
515.517
601.006
598.841
348.266
308.345
262.361
292.809
361.9
593.083
398.003
794.952
415.741
249.02
348.421
326.373
557.016
808.77
473.444
571.377
351.537
225.884
188.023
244.909
495.553
591.51
387.224
769.013
358.294
282.872
244.481
437.592
730.903
823.582
415.183
771.272
440.754
282.241
238.876
339.559
735.035
818.689
467.701
316.082
345.907
264.212
300.398
264.205
234.432
307.427
354.041
593.893
393.744
233.529
172.51
207.351
402.938
591.087
440.035
720.11
481.555
267.409
227.984
447.787
862.506
786.462
500.69
474.433
304.112
298.732
418.55
330.17
282.672
472.603
316.651
497.384
337.296
259.521
372.708
409.254
504.143
523.236
368.962
1238.06
962.714
395.725
177.612
149.261
457.843
1162.53
1078.01
1142.63
866.836
488.062
369.871
256.532
465.613
1094.63
958.113
628.832
513.935
440.405
473.212
404.068
384.209
610.753
550.461
774.028
886.154
424.566
218.962
299.253
492.507
704.018
915.965
517.123
600.147
525.22
737.295
425.458
320.977
498.335
604.596
1030.88
811.622
360.53
199.484
274.077
505.264
975.33
902.226
733.882
615.094
374.189
393.753
276.972
337.605
683.941
671.584
504.206
376.711
328.353
375.346
318.788
392.631
515.58
394.091
533.97
392.582
471.478
497.622
412.874
349.477
527.951
412.13
1254.8
596.053
257.16
286.652
312.882
462.359
1224.56
743.816
788.785
393.3
239.39
235.276
345.63
553.675
810.565
468.263
426.053
336.208
350.005
496.95
554.848
552.005
442.956
352.024
577.112
309.369
277.742
309.721
337.531
387.749
588.169
356.299
479.996
336.587
232.302
338.148
565.519
575.398
465.008
374.392
669.928
404.948
249.176
172.797
138.156
381.433
671.943
457.662
518.578
406.187
310.68
371.395
457.021
628.095
559.441
426.862
518.935
293.224
186.105
267.348
282.261
431.546
526.705
338.09
553.871
464.554
413.221
402.322
350.552
385.244
551.277
469.826
560.624
305.979
209.037
198.002
332.869
619.422
609.201
333.61
986.271
541.261
307.952
309.476
405.452
843.2
1035.35
606.834
812.065
797.832
475.825
205.011
252.892
353.447
755.831
839.666
879.76
944.58
538.865
270
315.045
489.512
808.617
974.408
936.141
620.628
357.107
227.289
283.803
525.888
916.831
693.367
839.297
536.509
279.134
411.07
386.619
410.472
821.817
619.407
803.001
768.097
564.742
316.895
229.578
322.152
732.838
801.782
473.865
679.514
480.327
386.96
285.665
391.74
428.983
672.763
637.44
771.944
436.399
386.362
206.883
304.959
572.461
787.836
763.663
810.548
518.612
358.035
245.411
297.512
687.659
854.007
531.711
614.258
438.392
327.775
453.98
467.486
485.937
623.434
779.398
533.042
267.118
285.021
397.142
748.515
831.359
550.84
587.456
319.374
231.714
344.15
415.097
588.911
621.256
352.07
534.285
406.6
284.801
377.981
362.542
444.335
533.078
438.345
468.18
276.916
265.047
298.823
305.096
454.12
497.455
297.152
667.63
417.844
263.319
266.477
230.687
367.115
651.515
486.317
572.443
309.299
273.923
324.078
460.507
647.454
606.628
350.714
520.376
356.04
331.041
395.99
528.062
576.404
550.622
392.442
535.708
408.48
314.409
349.495
370.881
368.439
526.901
442.361
637.622
351.443
233.231
255.259
457.117
564.058
647.345
398.474
715.075
427.317
349.705
363.969
527.598
781.06
762.14
458.838
569.864
494.157
298.045
271.029
307.038
452.775
551.669
538.377
718.704
524.861
370.081
374.4
270.533
328.494
694.72
581.337
626.687
578.802
345.769
267.168
236.902
407.087
600.436
601.916
911.178
882.626
519.072
235.834
224.239
329.566
826.272
941.231
579.068
665.678
463.413
477.597
319.467
442.14
535.996
683.258
602.032
626.1
351.858
240.004
233.541
324.881
557.64
655.113
903.254
736.66
475.489
352.042
339.567
418.799
854.291
799.145
452.098
437.023
408.594
459.699
279.256
399.561
451.376
447.141
482.296
337.56
287.61
387.723
383.7
338.883
484.451
353.446
586.058
350.84
314.335
300.483
302.081
410.53
604.929
385.805
553.404
326.086
359.353
642.575
438.811
509.644
582.887
345.505
454.688
261.995
252.818
305.065
364.701
526.778
493.301
277.876
315.3
282.192
415.792
510.3
576.811
473.743
344.836
283.994
321.141
182.185
268.438
505.561
392.242
221.189
319.742
205.743
457.103
297.403
267.171
416.639
592.331
659.578
503.879
321.954
416.442
293.982
312.331
393.739
345.931
442.219
435.888
303.743
360.304
338.3
336.635
328.705
404.161
440.44
363.218
331.858
732.22
424.064
301.94
273.069
482.566
831.529
789.393
448.664
606.905
285.809
204.907
190.54
288.696
617.345
650.755
319.789
644.289
322.536
244.084
297.353
363.715
601.153
676.897
383.545
658.136
401.02
260.888
301.024
434.229
767.986
714.621
421.852
1029.55
936.365
420.142
159.195
243.661
383.77
941.449
1004.36
646.464
635.023
404.905
244.049
269.211
515.716
659.769
667.305
461.014
461.052
347.023
299.548
207.603
287.516
440.28
478.595
605.343
827.985
599.639
307.592
248.204
327.988
540.194
819.255
609.38
540.061
324.553
356.364
328.958
470.986
605.147
567.349
665.845
583.001
458.603
273.042
288.557
593.161
703.391
593.11
983.991
905.185
478.976
242.952
291.761
432.704
908.001
975.762
842.444
610.662
556.167
375.824
312.675
482.889
840.38
642.263
617.035
416.236
457.438
562.603
314.765
322.48
600.303
450.855
453.916
350.572
284.632
371.585
324.017
189.167
427.161
385.956
335.745
357.374
378.282
491.903
332.09
265.885
323.981
351.982
364.546
216.089
314.899
512.533
411.85
253.479
360.7
236.559
403.144
279.359
309.748
346.815
424.993
451.856
423.537
293.714
526.549
278.469
227.647
279.964
423.083
587.943
568.731
315.348
400.504
306.572
228.29
311.586
398.433
459.652
426.033
319.105
577.904
305.567
266.274
290.044
575.265
774.916
634.664
326.747
614.028
356.634
355.373
416.325
558.36
619.38
631.827
392.991
460.475
372.209
302.921
469.91
448.683
426.685
460.995
394.909
529.608
265.511
285.15
272.625
534.491
663.157
574.483
289.126
714.315
332.362
219.266
286.774
429.432
680.457
757.542
385.624
504.594
608.699
399.853
259.825
303.528
397.96
466.717
619.647
784.34
843.754
434.547
280.644
221.051
425.221
706.939
881.243
645.479
686.33
504.443
386.092
480.378
446.825
610.973
710.864
501.97
476.505
414.18
386.557
306.596
404.218
494.874
482.767
713.856
571.205
450.244
341.05
356.552
485.276
722.855
582.941
538.714
409.58
335.707
384.003
380.009
385.795
523.753
433.631
692.752
442.294
386.859
432.147
336.615
494.553
704.6
465.294
646.146
363.884
353.22
298.028
310.983
341.609
624.458
420.07
418.194
428.632
246.21
212.087
203.809
268.505
389.157
450.836
431.831
420.017
518.515
508.024
414.053
275.53
409.587
419.25
484.953
270.007
262.468
608.335
408.905
342.511
493.749
299.071
262.799
172.093
235.137
353.174
347.748
278.686
274.235
183.349
282.247
240.689
233.973
416.864
331.203
293.806
280.18
249.726
364.385
250.894
257.782
368.604
379.327
473.736
397.687
267.009
412.537
310.798
333.079
310.546
383.624
514.879
438.792
319.563
474.613
282.431
219.86
317.954
377.113
479.806
493.669
313.529
695.644
494.075
233.477
301.264
397.881
699.008
728.424
548.954
629.385
375.049
293.096
242.499
554.637
781.541
678.018
403.078
575.949
365.592
317.478
323.319
271.654
436.049
582.025
390.5
501.082
328.857
348.812
401.618
540.784
665.331
549.25
345.828
648.539
432.061
475.828
600.559
335.378
332.084
639.146
479.689
675.569
424.945
337.611
281.592
225.359
462.183
690.647
463.254
542.615
638.82
572.759
397.825
411.741
347.377
506.316
634.824
845.551
1084.14
773.95
367.52
316.354
517.741
772.436
1087.08
457.624
337.363
417.564
423.871
399.347
336.731
455.758
348.183
850.409
511.3
470.625
473.771
413.487
457.968
821.409
586.898
429.843
270.339
234.969
238.812
245.608
348.026
442.323
298.541
398.2
350.808
415.596
511.732
426.362
299.488
373.774
363.722
570.18
473.78
317.164
424.951
308.462
431.235
564.84
503.302
458.771
387.484
378.156
355.051
271.793
288.451
441.918
392.111
408.494
243.85
287.058
515.311
409.78
378.674
429.267
262.222
322.647
275.014
334.835
647.063
512.46
418.15
351.633
274.035
407.565
282.962
237.612
356.808
464.521
592.915
445.711
289.026
373.521
274.707
251.124
233.247
388.619
494.244
401.797
276.256
330.559
302.217
176.619
266.399
332.981
338.608
344.812
303.17
608.93
297.654
207.895
268.624
457.971
661.522
642.825
347.686
406.67
274.132
329.748
324.726
470.286
587.6
450.854
280.671
578.462
343.201
319.212
488.802
447.016
468.007
587.478
379.335
522.156
317.101
276.351
372.343
540.962
755.224
579.22
331.918
623.424
291.636
216.15
359.025
488.149
610.989
660.585
335.37
427.941
453.154
409.344
416.242
440.132
300.668
402.199
465.027
928.56
781.93
700.419
465.549
351.912
479.087
878.556
822.359
583.736
489.656
406.267
537.479
332.624
336.822
559.736
524.355
557.619
454.389
496.057
580.321
353.638
458.895
571.357
469.519
440.465
407.128
438.035
455.975
330.419
258.327
423.805
409.477
504.112
331.35
256.977
275.855
314.556
429.433
520.745
354.623
944.987
475.363
359.569
365.105
205.874
380.449
919.171
573.467
552.488
310.49
283.045
359.927
274.706
340.991
556.762
351.178
515.134
357.249
401.079
602.609
385.394
350.523
506.274
395.803
784.488
520.172
437.355
736.913
500.672
530.389
787.553
591.026
343.978
320.303
253.298
449.101
481.963
340.56
325.239
341.188
360.096
358.792
457.285
437.928
472.001
422.698
364.273
356.57
377.627
188.925
282.316
363.133
458.094
444.957
405.514
208.308
454.07
271.628
227.856
337.59
273.747
266.48
454.63
304.454
548.085
360.789
264.605
329.964
417.317
568.851
569.632
401.883
496.269
413.745
244.87
402.399
428.118
464.914
491.027
437.557
453.194
255.441
187.534
239.473
456.317
592.934
481.122
287.788
618.155
432.61
278.719
287.871
432.544
813.312
681.747
442.313
452.315
363.987
416.001
449.74
489.686
451.088
464.4
356.483
301.527
256.374
288.57
417.436
474.085
460.301
325.798
259.383
