677.519
633.732
290.5
100.188
131.641
286.274
615.597
676.48
452.194
553.842
335.694
205.91
200.503
319.04
408.294
563.612
524.852
683.261
458.482
191.546
223.44
322.157
469.765
684.528
528.325
626.965
426.442
223.289
265.473
264.443
480.293
641.005
519.889
715.36
578.699
259.791
223.881
280.08
458.864
706.846
423.313
593.568
574.078
386.227
269.845
256.4
400.398
568.889
443.511
554.214
582.363
520.272
466.414
310.679
407.485
548.668
305.907
403.558
418.472
363.909
271.957
238.677
288.108
391.034
250.667
308.255
477.093
610.545
317.729
192.346
234.582
303.674
382.429
299.689
364.005
421.774
248.205
239.596
376.881
310.059
290.839
241.556
321.15
383.996
287.317
210.143
282.142
252.313
275.231
231.995
295.032
581.78
486.469
250.048
265.157
240.758
183.15
141.833
264.144
595.558
670.69
386.057
200.834
138.145
330.274
203.61
302.312
427.519
590.919
488.882
363.797
211.823
411.903
290.396
357.18
331.521
497.552
547.293
444.341
304.21
414.577
219.925
239.634
380.916
560.519
583.559
450.688
230.547
542.441
315.646
329.694
371.918
560.602
623.436
580.742
342.311
582.494
384.327
288.299
329.745
553.637
838.27
651.849
396.828
585.163
394.331
234.96
279.945
500.098
818.003
652.294
408.422
652.297
323.324
254.621
290.436
536.836
789.218
710.043
360.076
666.01
738.721
361.33
136.162
145.822
328.813
601.721
766.62
643.045
498.19
256.817
174.95
169.749
270.315
595.781
553.271
567.406
703.237
481.323
232.283
212.804
294.576
509.49
711.669
673.131
722.93
434.41
251.412
250.474
344.821
619.847
749.247
603.994
617.189
485.033
385.72
372.141
326.95
560.34
639.095
429.414
505.931
398.194
279.008
223.297
348.139
403.308
513.49
382.3
593.54
637.671
448.141
316.155
302.597
350.432
565.821
297.516
505.029
607.537
374.395
265.452
264.106
269.327
460.397
341.903
385.906
528.2
441.448
318.985
338.432
343.882
373.931
215.173
326.464
585.978
671.06
313.742
266.392
218.985
303.355
212.275
188.756
414.486
823.187
492.47
225.479
214.591
204.306
157.152
149.143
283.681
743.772
706.778
333.98
167.441
141.832
230.656
251.348
258.374
524.657
519.26
342.527
232.037
249.256
281.765
202.326
271.257
330.224
565.125
402.396
283.254
217.232
428.087
250.025
209.497
353.269
410.294
438.354
444.478
280.392
385.443
257.216
243.884
331.56
350.201
488.745
420.02
259.441
628.962
355.726
271.507
283.164
432.701
644.251
666.66
395.016
611.114
402.863
274.156
283.825
443.922
679.804
655.762
425.072
614.679
336.342
215.273
343.113
448.871
583.042
641.777
388.403
682.642
339.559
259.204
236.885
385.274
618.873
709.222
394.512
872.469
736.137
355.219
157.683
152.659
345.253
805.269
794.963
646.107
630.414
281.48
117.617
180.662
306.142
586.225
671.488
750.168
725.053
310.485
137.51
149.019
320.675
680.503
776.469
690.101
771.871
416.352
180.549
142.81
296.484
624.883
796.834
805.984
738.18
428.051
259.324
212.853
249.323
736.977
783.369
504.535
580.141
499.943
309.64
284.287
305.168
460.3
580.881
461.244
617.207
402.657
230.389
243.844
338.924
424.656
618.336
296.052
534.37
560.648
367.526
348.619
354.334
285.519
482.349
339.56
398.314
519.985
467.357
449.619
317.178
327.073
381.168
239.777
273.625
443.915
408.214
306.853
179.061
224.321
260.601
191.024
173.424
346.148
633.381
406.676
229.083
191.35
164.92
213.589
194.85
252.593
565.009
553.22
328.364
220.807
198.71
271.186
253.053
256.119
333.502
380.042
345.5
278.331
255.26
317.755
216.972
291.849
473.336
636.244
431.184
322.144
239.805
371.592
283.539
213.846
215.957
212.338
286.712
384.27
292.158
505.087
236.321
263.641
303.808
453.584
575.275
537.583
270.578
556.792
342.183
187.178
214.908
422.175
777.423
623.125
357.069
620.16
355.483
233.845
272.608
510.48
826.516
688.757
371.472
777.443
368.592
162.389
218.192
384.695
768.252
834.68
422.622
815.798
346.722
208.628
204.83
465.879
774.231
873.906
416.863
883.651
721.067
297.113
95.299
153.727
346.503
817.591
786.782
658.606
580.681
334.761
184.72
177.393
269.516
610.196
628.065
716.703
612.93
422.604
316.046
302.858
286.654
676.588
658.668
489.368
572.733
378.236
252.905
207.382
344.106
450.888
585.312
780.67
788.705
369.585
130.878
235.685
438.383
719.385
828.913
718.318
792.357
511.524
310.507
273.637
322.815
649.822
824.542
411.537
516.752
530.044
387.118
320.132
232.896
385.72
507.831
576.637
618.449
469.794
311.205
292.089
247.294
529.353
635.934
474.962
642.283
639.409
369.927
258.143
239.364
432.949
611.959
325.535
314.222
273.369
326.875
362.076
303.609
310.144
327.953
369.703
228.005
450.758
807.002
485.013
195.793
364.614
239.796
200.026
245.712
289.494
474.795
428.303
263.031
200.879
233.317
232.29
235.86
292.748
580.05
644.374
486.996
248.799
216.836
493.683
408.819
354.421
367.08
360.527
305.466
469.456
430.388
417.848
383.2
274.966
271.218
252.318
459.083
449.205
382.272
524.848
323.241
281.929
342.686
415.445
662.783
574.072
336.163
449.641
242.301
273.43
254.891
345.565
461.929
473.509
271.539
476.083
322.615
267.636
292.816
563.014
713.955
530.773
333.731
543.221
341.615
326.202
219.285
462.531
663.713
585.923
352.496
704.272
400.837
194.999
262.76
348.483
536.247
710.013
469.476
852.835
627.228
267.234
132.574
129.75
271.673
791.68
698.278
735.965
697.672
340.261
158.801
113.058
259.738
669.034
752.549
772.967
823.625
470.991
178.868
236.154
302.06
696.291
853.726
915.921
802.701
300.019
247.881
210.474
435.537
843.523
889.746
604.156
538.764
283.233
267.432
202.064
319.963
580.771
576.685
649.273
547.467
404.297
339.731
348.947
401.841
640.621
577.144
643.53
816.337
646.187
262.253
339.342
331.614
578.796
810.049
519.526
631.561
426.001
346.606
261.795
225.958
463.612
641.615
318.481
409.116
422.781
510.337
505.618
337.296
295.601
401.413
378.934
392.038
584.947
692.216
335.422
247.601
359.918
386.16
207.058
201.774
416.966
593.797
389.511
244.638
206.441
190.061
292.805
220.314
329.164
501.12
422.968
220.647
275.04
234.671
312.229
276.044
345.294
549.304
607.063
472.631
333.898
267.314
449.076
311.864
228.273
418.027
662.315
688.76
490.423
328.839
472.979
472.298
320.617
278.045
382.282
551.75
505.246
476.221
479.582
284.265
240.508
260.04
300.276
364.786
483.914
315.306
480.24
245.258
208.751
282.417
476.983
596.699
519.727
266.55
515.799
306.179
359.025
329.773
439.845
617.873
557.192
324.947
223.115
276.938
273.632
379.46
396.411
400.622
228.907
260.78
664.99
312.313
215.993
197.484
280.656
637.13
711.26
352.727
755.732
612.912
347.943
216.383
178.175
275.961
709.102
671.194
707.197
602.663
363.723
191.917
174.181
338.971
676.157
642.025
897.19
648.534
283.76
173.679
155.65
339.912
853.89
731.668
871.47
676.764
340.989
250.739
169.088
332.935
821.928
753.673
578.349
551.369
273.54
260.35
182.841
383.773
526.54
610.682
651.359
635.332
413.279
218.35
243.783
278.078
598.896
667.608
564.189
476.705
369.682
251.963
203.256
355.116
563.043
498.267
570.823
573.126
409.355
307.782
284.48
273.198
539.673
590.666
363.177
575.778
566.764
416.282
317.946
304.65
325.08
554.075
401.984
347.453
385.671
463.156
406.629
268.06
387.903
350.116
271.866
393.936
584.503
651.787
328.905
195.099
248.602
380.514
260.435
255.784
415.008
466.668
429.735
324.437
254.84
256.18
239.545
216.355
469.486
593.057
608.231
421.366
264.189
206.519
309.067
210.103
223.191
258.586
522.001
559.962
344.248
211.578
535.78
286.564
374.851
431.336
486.832
641.38
583.268
313.385
609.202
306.007
280.047
285.32
449.185
591.388
635.339
361.616
316.183
277.191
191.912
262.24
228.19
336.014
331.878
278.401
455.692
262.296
237.341
271.155
253.941
313.016
456.673
298.632
538.984
360.694
263.345
238.136
262.19
594.01
576.832
364.25
452.228
358.054
205.848
160.329
255.844
471.351
477.602
364.777
768.037
619.77
266.156
134.191
158.683
334.693
722.273
683
944.123
702.194
334.296
148.294
189.31
376.548
898.352
775.303
545.18
524.798
341.033
239.858
256.02
302.628
515.795
546.067
610.289
665.388
410.741
253.127
196.888
367.256
565.345
685.1
389.73
349.067
315.261
368.613
223.584
268.95
380.964
363.898
785.118
692.063
552.397
343.395
295.28
333.877
730.931
741.433
678.372
484.513
263.942
405.864
308.166
273.35
626.83
549.992
542.195
565.356
412.496
539.279
374.308
311.653
495.486
581.322
299.996
412.115
456.591
371.042
364.267
282.683
278.42
394.355
409.273
570.285
713.641
554.7
405.85
469.886
392.638
516.227
375.895
297.904
364.388
492.137
410.955
329.41
364.03
303.741
240.871
168.656
269.623
389.903
295.534
256.427
256.827
169.482
302.607
300.44
313.148
447.244
489.642
504.054
325.701
290.711
540.227
261.096
195.688
214.489
355.116
606.529
586.746
291.139
339.86
240.578
182.046
232.791
269.04
375.526
349.751
256.256
439.31
277.679
184.167
331.026
361.666
389.677
444.839
311.64
446.305
436.602
228.107
214.051
367.818
547.616
484.135
440.621
562.33
297.675
219.995
298.891
416.007
637.572
602.515
328.262
456.847
269.627
256.527
297.761
315.205
394.975
471.173
296.755
499.938
295.876
222.83
335.132
264.315
378.557
512.209
332.285
892.734
709.899
316.031
116.015
149.702
297.111
824.972
776.487
819.04
819.47
392.256
149.666
199.337
333.571
740.06
867.885
645.458
771.204
379.261
194.32
172.076
356.648
576.429
794.713
1022.75
741.275
288.39
241.104
169.741
320.835
957.125
843.483
659.617
583.104
360.127
245.012
216.57
286.913
613.269
629.753
494.423
529.262
358.274
287.238
284.375
419.89
477.193
547.581
547.133
739.286
485.832
224.754
175.783
320.276
506.291
729.157
520.638
410.233
512.582
564.667
351.152
344.164
501.657
442.124
547.504
625.739
498.206
375.365
475.668
586.677
540.047
623.964
394.246
442.193
619.453
512.383
307.841
233.491
384.077
421.272
255.961
265.898
429.429
475.189
318.599
225.506
261.808
248.858
362.874
420.775
417.822
577.7
458.688
212.227
332.955
421.87
386.61
235.532
242.45
325.778
512.669
543.179
417.128
259.247
397.191
323.312
315.905
286.341
435.048
522.63
417.668
326.439
497.861
424.853
290.553
357.872
363.849
465.099
507.622
436.284
412.749
360.825
341.538
221.239
345.237
426.721
427.798
351.291
505.337
258.568
243.577
254.594
306.52
506.407
542.235
282.017
670.752
362.561
222.739
220.539
299.985
440.876
670.879
427.312
383.3
198.243
161.969
206.93
276.664
453.464
417.629
219.742
686.463
286.458
201.911
184.631
407.509
643.401
727.19
352.029
773.526
558.284
345.691
192.376
188.613
343.459
743.363
613.409
624.518
525.485
338.832
257.33
269.399
303.872
592.901
566.059
544.325
584.983
321.044
202.214
232.995
348.301
512.252
609.686
723.727
703.503
513.056
285.858
262.111
340.175
667.832
738.498
598.482
632.134
390.828
313.78
291.722
315.22
542.214
667.639
730.193
656.875
403.42
339.487
266.173
333.976
679.365
700.265
593.495
419.998
368.105
499.197
317.146
346.264
583.244
464.639
634.752
749.719
569.468
314.779
307.435
376.017
579.901
759.977
419.416
537.249
414.066
366.065
310.64
317
393.855
539.107
281.408
369.858
349.034
527.564
383.167
311.173
284.072
347.686
196.882
427.185
594.902
605.585
278.764
166.069
175.992
379.063
225.407
278.072
342.057
654.097
540.473
329.083
222.244
258.346
280.191
231.236
261.28
375.371
604.884
493.294
294.255
235.236
458.45
469.129
273.697
278.968
353.465
401.693
453.449
473.645
543.34
339.054
282.169
171.369
174.595
334.943
534.273
379.493
426.336
265.887
182.685
210.037
285.046
418.978
449.729
283.274
457.772
327.231
283.11
276.413
261.274
378.887
471.274
337.788
436.834
297.011
159.269
246.648
375.67
512.736
470.796
313.405
592.502
379.752
301.628
323.747
284.335
493.682
595.717
426.533
531.356
388.595
255.167
267.268
285.515
389.215
533.625
416.578
933.315
722.09
351.545
159.979
154.074
342.678
877.991
801.969
925.895
840.908
444.055
175.209
186.979
321.506
853.177
912.23
904.357
756.651
432.258
284.261
272.911
358.178
846.889
825.075
861.247
849.737
454.952
237.47
244.05
411.065
803.373
887.335
522.643
513.544
331.048
385.77
260.137
341.412
506.018
545.875
763.684
928.775
529.367
308.618
237.192
481.876
691.527
948.038
495.911
602.986
415.543
250.663
286.979
334.642
449.178
609.281
489.944
387.096
248.989
407.242
304.687
326.549
503.785
413.287
499.105
615.699
410.635
378.427
328.742
430.407
466.471
628.88
311.198
536.896
544.157
348.982
211.322
182.508
267.93
502.311
412.664
321.235
283.791
333.205
375.05
333.563
403.645
348.359
395.625
218.659
199.412
366.613
329.614
259.449
396.02
246.38
303.498
291.118
344.72
384.989
460.427
450.069
305.103
299.485
436.109
328.536
323.541
165.918
287.896
499.963
448.577
335.344
439.387
239.153
311.156
309.543
350.877
476.28
468.429
266.309
261.614
240.825
269.8
302.887
346.586
288.093
270.34
239.083
585.423
334.164
257.222
238.954
232.173
496.522
606.995
365.239
438.529
323.964
251.17
271.396
300.195
563.049
485.661
329.577
451.635
205.76
246.726
445.79
381.031
369.195
464.514
246.585
655.664
354.248
162.208
180.203
314.711
628.617
691.736
392.686
1048.67
722.456
306.628
144.11
140.934
302.393
978.819
825.024
784.394
723.501
445.228
225.828
181.034
304.224
724.367
772.549
735.579
669.106
427.845
234.598
241.817
337.66
687.019
708.795
888.926
1008.91
544.421
256.179
256.063
432.05
801.233
1040.99
832.47
614.076
314.558
225.627
212.447
355.68
791.496
690.835
549.221
328.779
209.987
252.568
197.681
344.919
555.722
370.607
790.315
611.074
324.733
311.629
160.336
311.771
751.848
673.713
518.264
489.196
245.411
182.079
183.001
277.286
490.556
517.854
409.946
411.754
323.41
269.049
201.562
322.602
392.311
425.674
643.642
490.151
265.387
491.761
420.71
492.124
662.882
531.983
472.528
623.694
552.44
399.876
432.703
466.12
473.062
606.633
278.68
257.951
236.821
287.264
302.35
328.337
283.947
253.382
380.77
306.322
230.747
345.953
505.245
611.563
422.183
312.505
316.756
258.331
343.593
346.593
461.233
385.082
334.528
261.249
352.003
247.8
181.506
213.259
170.293
225.641
346.578
268.75
538.464
282.309
200.802
194.539
240.013
393.917
551.619
327.021
462.886
292.27
130.078
125.236
252.544
461.52
484.474
326.566
460.012
340.453
174.956
271.865
260.724
287.582
447.804
381.058
565.565
340.156
220.418
239.026
344.988
413.116
567.4
397.976
556.324
299.247
344.301
310.956
323.72
522.159
587.894
317.816
931.124
546.929
215.383
203.006
193.24
428.04
908.035
635.195
623.143
638.883
412.673
191.198
243.999
281.359
573.296
667.904
719.6
585.743
386.139
298.241
274.2
315.596
683.31
632.43
609.893
501.144
296.19
201.857
206.686
301.34
585.317
543.795
661.474
676.362
504.343
309.326
322.922
320.5
604.439
704.031
754.99
759.369
547.636
295.216
187.435
254.188
690.38
786.242
547.814
357.544
392.038
269.418
274.169
408.988
564.782
385.017
846.767
672.869
406.327
419.849
381.176
353.542
790.536
741.776
896.457
628.345
276.434
254.507
191.034
364.571
856.122
714.623
557.313
541.223
369.065
291.134
239.865
339.039
540.844
551.882
349.849
405.734
415.469
526.607
328.286
430.05
359.963
393.73
337.119
284.873
319.969
313.823
405.342
530.368
374.896
281.887
651.81
317.557
248.141
298.596
379.284
582.246
686.28
370.593
535.989
283.607
175.825
220.721
263.749
492.78
556.873
325.518
662.195
289.891
175.026
173.991
332.301
541.257
691.533
355.207
404.98
281.992
275.397
325.536
322.417
350.613
411.262
300.974
304.48
219.834
194.983
231.405
285.41
421.842
333.925
220.273
521.7
289.744
204.471
245.666
372.006
563.795
558.079
309.386
494.954
268.424
183.984
325.156
410.297
518.523
529.711
294.784
601.629
399.431
165.41
196.655
228.381
340.005
586.956
454.849
452.133
409.848
289.568
234.236
257.278
328.965
456.514
418.646
772.22
650.05
344.338
249.49
212.265
280.05
718.601
713.281
844.898
796.98
447.808
311.386
327.328
341.824
769.885
845.746
781.355
531.426
282.383
290.025
227.372
345.374
755.5
600.797
406.706
321.91
337.861
466.862
357.912
364.93
408.596
334.778
879.923
602.665
404.447
288.695
308.308
398.176
851.341
675.789
316.304
238.888
260.77
389.191
348.141
298.823
324.537
252.854
959.418
657.782
311.403
254.575
188.254
343.379
912.949
751.023
788.047
559.04
378.741
277.439
197.876
284.389
741.814
615.113
522.558
587.707
547.796
366.058
245.268
265.839
476.202
579.54
577.442
506.082
300.586
174.864
252.888
373.546
547.873
539.294
739.665
395.431
190.188
183.193
196.83
452.599
751.581
458.483
520.922
314.312
265.069
247.953
272.84
360.746
521.729
360.176
647.632
421.896
219.225
190.374
360.264
692.089
696.733
440.826
553.753
326.1
202.32
237.049
252.962
390.043
568.859
356.868
460.168
248.414
187.802
267.062
288.834
345.364
471.277
285.391
491.995
244.211
151.864
162.552
228.76
340.211
498.223
294.345
527.265
406.558
218.745
266.347
382.232
580.299
564.522
416.417
472.475
287.069
203.254
270.352
283.789
262.574
464.4
324.175
663.361
333.247
214.524
256.944
278.311
495.98
679.933
392.689
565.271
542.051
320.626
244.663
211.801
235.12
524.734
568.97
533.229
550.185
372.02
233.395
223.275
268.069
497.143
568.247
728.656
622.892
324.007
172.521
196.797
413.658
708.424
664.473
718.21
679.878
387.855
230.135
208.944
264.054
657.907
724.403
315.013
506.238
348.266
396.585
202.049
270.42
279.995
491.531
625.717
508.713
266.62
222.209
209.937
319.077
600.479
545.72
605.301
444.997
331.645
242.125
234.13
283.855
582.559
483.183
421.689
351.424
255.855
451.572
339.982
371.691
429.692
360.487
424.718
439.666
325.894
232.115
217.313
271.111
395.572
456.826
731.946
458.915
253.95
160.437
159.008
365.511
722.931
516.529
417.837
278.702
186.849
176.386
193.974
341.864
431.798
293.821
372.846
312.907
175.658
431.738
464.451
480.593
385.617
336.04
326.448
232.787
152.839
258.821
293.117
337.994
341.807
248.876
248.311
227.029
220.223
287.011
435.772
484.368
280.83
223.999
363.331
263.319
161.092
249.542
232.668
361.543
379.338
281.811
509.587
231.252
196.653
277.654
348.094
481.292
528.191
271.359
313.83
225.892
180.215
213.14
131.274
175.303
306.013
251.293
439.69
377.726
188.329
220.985
352.142
519.754
474.977
387.22
669.13
295.688
220.418
254.359
347.875
618.82
710.073
346.797
542.965
353.118
334.16
281.55
321.621
457.306
559.351
358.623
789.324
730.792
324.109
133.349
201.788
405.704
730.783
776.991
950.924
658.686
275.677
153.661
135.638
364.354
907.064
748.775
631.051
412.828
262.185
236.534
247.869
345.847
615.472
462.114
662.5
550.14
301.381
251.419
262.45
350.065
625.507
596.581
693.872
527.401
295.229
266.645
214.494
412.052
665.187
579.213
498.969
422.8
272.664
214.281
287.894
393.016
479.967
454.441
587.646
673.881
466.146
245.798
207.69
257.494
531.832
684.444
845.242
713.252
415.171
283.297
249.431
402.594
803.584
757.572
550.66
616.806
300.807
206.407
255.514
411.395
503.809
641.325
535.301
307.351
258.353
320.172
329.834
400.682
543.214
333.444
544.13
342.624
234.152
236.052
372.657
521.873
566.351
368.837
282.559
286.06
276.926
324.685
266.107
364.917
286.972
281.219
353.239
279.195
241.733
321.219
289.106
403.832
380.131
285.874
308.022
239.432
217.394
259.464
247.271
266.847
314.51
246.535
475.838
224.031
216.779
339.573
381.467
510.51
507.697
262.123
398.831
281.94
231.171
361.669
273.509
308.158
401.116
310.497
442.463
265.995
218.502
212.706
285.091
432.461
470.2
292.52
551.492
275.436
247.703
309.734
300.315
386.57
565.981
321.53
610.84
290.859
185.802
238.115
396.932
527.725
633.161
343.107
453.311
242.553
175.42
228.814
248.454
350.368
465.518
280.849
601.015
506.259
289.702
223.685
191.488
265.885
567.655
547.743
578.236
563.385
397.948
226.558
192.437
302.711
548.425
571.581
797.006
748.041
363.175
148.781
130.383
301.566
734.057
792.768
589.273
566.478
470.024
331.122
296.885
302.253
550.315
577.878
543.732
359.209
235.028
215.764
180.847
274.466
529.667
399.318
559.105
615.433
390.252
257.447
195.754
417.823
522.174
636.779
383.295
428.233
395.284
428.011
364.65
289.719
360.138
429.888
490.959
393.246
384.874
322.896
296.208
313.626
492.545
403.28
448.899
325.252
347.29
332.638
297.643
338.167
443.125
345.673
346.122
246.498
423.312
520.547
291.553
257.906
354.807
246.149
564.783
288.226
247.811
258.54
362.287
376.497
570.709
345.019
467.702
274.755
220.85
378.937
376.682
318.421
459.026
311.059
363.397
269.387
214.619
243.358
223.742
323.851
378.326
280.291
358.403
202.603
161.163
299.37
440.395
511.042
394.041
214.668
242.171
229.488
301.653
282.511
286.813
270.263
245.246
220.767
407.544
274.236
159.252
258.279
369.278
515.615
446.692
288.587
515.885
304.868
222.858
226.686
359.244
566.469
540.894
336.336
482.7
314.395
190.529
216.489
222.29
329.258
477.958
355.279
553.483
282.78
196.632
155.68
247.018
484.406
588.128
321.969
592.315
258.342
224.03
229.065
475.126
686.62
643.008
292.373
709.778
679.537
415.524
204.914
232.72
260.658
648.098
722.814
656.244
525.874
288.807
182.493
170.104
427.701
662.533
560.044
431.77
334.128
345.919
305.757
233.105
256.816
421.375
357.865
711.298
783.123
549.206
252.934
213.257
220.522
635.576
811.401
594.706
383.204
275.746
305.529
217.323
450.005
621.943
407.503
426.038
549.09
499.878
258.319
288.094
298.345
393.102
531.781
697.711
514.768
313.697
311.589
302.933
328.151
669.318
570.64
593.374
488.663
384.09
196.291
186.782
296.191
571.232
513.307
395.921
365.095
466.799
456.086
372.849
213.531
369.811
386.959
405.336
299.634
257.114
330.492
319.727
279.852
392.057
317.819
432.187
343.88
217.446
366.475
253.035
228.169
397.508
380.767
424.939
249.474
314.17
497.1
312.099
178.722
410.456
281.168
365.234
195.426
223.957
238.876
365.465
427.183
379.326
219.505
291.939
298.664
346.373
400.603
335.163
330.198
303.051
272.664
438.236
249.486
211.065
240.243
389.836
465.339
450.527
274.988
386.419
292.93
266.782
283.093
437.909
533.612
424.14
291.374
595.879
357.052
165.106
308.118
300.871
366.099
588.443
419.448
509.436
299.933
169.289
234.455
323.801
546.084
541.178
335.199
426.334
294.566
239.962
351.834
440.826
538.689
456.039
325.26
784.212
402.281
220.819
244.151
258.979
482.711
791.09
483.982
649.987
576.813
312.152
143.76
159.596
241.396
596.522
621.588
526.941
704.344
506.44
224.858
338.335
343.399
464.456
704.812
733.378
563.923
371.903
264.986
271.458
404.722
702.942
611.061
548.114
442.287
289.98
237.222
291.167
392.799
546.331
466.169
552.443
571.48
457.231
300.665
249.731
440.248
544.721
564.25
336.303
327.572
362.449
381.263
352.068
279.844
334.306
327.726
370.29
392.655
346.623
277.313
211.842
186.863
335.233
397.545
447.713
306.472
297.615
300.107
293.344
347.006
459.082
312.374
367.795
369.631
258.751
313.456
246.825
261.731
362.706
383.774
279.96
349
397.546
364.106
253.122
271.297
277.175
338.529
345.436
405.849
326.145
495.163
369.044
376.667
341.557
411.263
221.688
199.208
273.203
356.743
374.881
260.827
224.951
188.102
315.995
186.974
224.77
351.555
269.257
273.014
322.257
205.246
359.94
278.953
170.456
263.482
387.675
479.003
393.131
291.396
316.36
289.929
258.094
335.346
273.498
241.486
306.763
299.936
364.494
198.321
193.182
265.566
348.574
447.341
393.013
220.347
661.077
294.921
210.62
199.96
397.551
636.99
701.687
345.821
407.341
293.62
206.63
174.874
373.287
519.918
444.689
300.749
335.884
280.779
353.817
349.129
316.867
356.22
338.237
288.648
526.75
248.384
159.725
217.014
353.635
484.914
551.788
291.192
309.838
257.512
324.402
356.906
293.374
245.456
310.965
255.919
435.393
415.592
399.556
431.504
209.278
181.23
403.628
436.669
415.64
521.701
334.838
280.101
251.96
283.088
378.68
530.204
538.218
726.989
586.585
367.436
294.212
268.419
479.678
719.331
360.515
387.726
294.953
258.185
200.378
314.135
356.434
392.308
690.942
551.841
428.049
368.624
360.445
321.907
655.551
595.362
293.641
246.488
268.133
289.606
276.673
377.393
311.998
255.088
366.702
324.957
406.602
406.716
245.829
205.911
349.642
318.194
347.388
288.98
263.395
375.58
279.309
323.78
341.181
305.471
411.187
308.21
393.462
492.042
302.718
225.498
403.565
305.553
217.594
300.926
386.538
564.339
381.3
278.498
213.977
272.365
238.286
207.611
222.118
485.279
363.006
284.338
247.556
209.836
197.57
182.066
276.644
483.406
417.364
362.233
212.043
182.672
267.315
212.275
277.165
417.597
334.603
268.747
264.29
235.861
449.831
290.575
243.476
272.743
357.533
443.571
466.719
311.529
285.03
250.286
348.915
264.362
366.129
418.143
305.181
238.22
379.753
279.623
225.995
391.197
369.96
337.393
384.823
289.106
406.863
259.761
189.183
277.691
442.599
583.126
454.414
267.823
420.264
320.49
248.687
275.786
384.135
585.307
464.469
326.504
472.009
280.635
200.132
268.449
253.44
339.777
477.503
323.97
423.986
455.993
372.035
340.213
216.952
386.333
420.628
461.55
446.52
455.684
507.626
461.779
291.704
302.949
437.301
445.244
528.119
362.161
341.237
305.399
256.258
306.457
527.145
362.973
521.528
315.191
353.645
389.226
275.814
333.762
530.779
345.447
252.656
279.265
339.509
446.651
318.618
182.139
249.492
267.885
309.576
287.247
288.161
300.006
276.051
197.342
298.121
297.438
669.459
524.459
237.295
191.437
125.536
264.037
631.983
584.719
399.703
328.047
385.31
371.384
285.121
270.401
387.456
346.78
406.386
378.011
263.238
332.428
221.693
235.512
374.704
414.287
555.707
439.506
390.054
390.232
506.487
491.389
551.896
443.236
388.106
207.793
284.624
335.452
385.116
259.967
379.579
241.757
245.134
221.503
338.581
433.642
512.709
330.279
242.992
229.278
294.665
291.773
226.325
205.7
361.141
456.54
315.982
303.291
249.485
160.699
210.395
269.347
294.988
312.691
265.211
170.699
364.891
348.721
302.947
310.442
199.508
340.675
381.011
334.395
273.232
175.318
211.741
358.461
302.937
293.339
286.698
191.138
406.947
213.154
244.493
320.076
407.497
522.673
451.309
232.491
438.95
371.232
225.445
331.814
371.373
504.351
468.712
377.577
326.371
200.926
218.53
247.832
332.755
378.636
348.097
217.418
446.834
280.716
236.154
321.89
426.27
466.767
454.523
310.161
