617.246
742.414
435.758
137.953
203.807
311.317
549.112
762.247
551.856
724.04
461.632
198.384
186.706
347.749
494.668
728.839
528.961
658.463
460.8
213.92
201.778
266.52
475.025
662.725
465.829
670.241
497.125
286.203
188.12
312.214
418.344
661.865
385.905
585.888
569.978
378.097
305.434
348.991
368.482
566.588
296.001
524.731
612.784
415.597
400.374
260.962
264.386
490.905
220.845
405.589
507.249
498.249
247.474
198.456
198.06
367.03
198.776
357.136
584.686
430.221
284.545
171.444
179.953
320.976
157.755
176.093
463.995
675.874
338.004
163.746
162.973
146.905
129.016
127.664
409.892
836.553
527.652
157.333
132.424
119.012
156.203
157.192
362.922
970.609
656.745
235.26
167.792
150.595
151.476
167.936
327.543
840.968
805.052
438.208
175.943
150.812
391.802
216.602
421.55
513.203
753.104
609.019
434.195
216.802
345.85
248.861
277.294
361.038
664.021
681.926
390.861
230.297
512.909
365
347.523
334.824
717.561
876.073
580.235
352.104
565.548
361.346
373.555
253.372
614.663
847.877
634.442
357.007
508.22
318.985
257.89
176.13
444.3
713.583
567.639
346.212
430.812
297.343
212.707
183.897
268.602
383.803
424.062
317.343
359.924
272.08
189.993
180.486
276.222
579.37
412.309
268.771
480.266
283.736
173.821
204.183
254.415
510.929
527.877
317.283
609.948
713.695
355.702
163.308
175.992
399.843
553.098
732.976
631.425
701.129
438.994
184.786
170.618
273.168
569.819
725.989
559.938
619.775
361.957
184.956
200.054
234.182
502.626
639.454
485.037
600.361
447.779
185.813
276.139
289.268
432.667
597.461
352.59
537.535
499.535
316.73
267.418
312.743
321.868
514.678
261.499
456.271
477.14
288.41
275.405
249.923
232.451
420.15
241.959
395.49
460.313
371.329
308.071
232.458
237.307
366.219
204.895
361.876
542.422
492.134
255.011
157.229
184.846
332.549
171.462
246.261
546.004
636.791
351.206
209.357
168.665
215.614
86.5143
117.408
440.462
777.298
440.779
119.581
86.5345
101.762
166
135.228
369.553
816.739
622.802
211.238
167.161
135.017
193.314
159.547
370.456
760.408
778.715
416.269
216.864
148.738
320.874
327.125
346.066
558.16
782.008
662.826
343.95
292.251
465.296
403.718
377.742
340.881
701.596
845.904
529.841
394.384
518.269
352.806
343.102
308.649
677.974
840.868
583.232
351.486
547.246
399.484
233.027
230.793
489.67
883.388
625.711
401.038
674.199
397.561
315.378
205.614
515.276
844.424
747.356
438.777
364.637
245.571
198.254
268.721
318.839
457.115
407.666
242.823
325.102
246.171
234.419
154.109
226.778
441.243
361.876
248.117
498.741
209.387
172.621
214.037
273.351
456.973
532.808
246.684
686.011
695.931
331.252
119.386
153.621
282.755
619.688
740.821
648.701
656.758
344.508
160.368
156.564
303.872
592.938
689.074
527.777
594.155
355.726
162.68
187.951
230.81
470.909
622.796
510.51
704.729
404.587
186.891
186.701
387.624
458.936
705.595
338.324
547.32
503.721
224.413
280.565
292.878
299.503
521.008
288.182
477.183
459.862
243.844
230.422
253.066
254.228
444.525
270.626
461.509
463.131
244.817
224.136
269.846
256.174
430.351
277.536
421.013
550.984
394.474
244.747
243.396
266.788
399.303
187.975
317.515
545.494
608.05
306.905
203.064
184.293
285.123
90.1659
148.319
302.322
447.094
258.996
127.83
93.5254
129.449
248.093
201.809
298.912
617.635
531.4
257.77
249.578
203.532
188.962
186.694
296.023
713.81
785.784
465.748
206.854
175.861
294.183
375.145
419.784
419.538
788.47
745.7
335.025
341.129
590.047
364.316
328.277
315.03
562.254
813.24
653.825
382.414
581.568
301.55
275.322
243.645
573.633
789.637
639.933
319.501
588.689
396.646
211.809
202.003
452.635
870.574
665.822
406.402
684.751
334.682
194.976
259.315
391.463
786.497
747.014
361.678
585.01
300.738
188.345
138.451
312.053
716.496
646.841
304.864
510.738
325.48
226.272
170.382
311.151
537.972
548.177
365.352
777.947
433.956
164.994
195.841
258.641
718.596
848.065
484.728
639.6
609.227
194.146
82.0104
129.434
335.907
580.437
673.62
607.714
642.993
337.069
153.861
162.187
336.795
556.061
668.247
647.84
612.088
313.768
163.532
152.617
232.181
591.513
654.022
465.194
527.774
329.504
186.354
179.741
199.176
412.135
552.54
319.676
494.722
343.498
145.747
200.532
265.713
285.593
481.015
289.644
309.807
263.932
248.319
185.597
169.997
265.048
320.931
280.348
425.999
337.968
213.282
140.567
166.575
249.376
416.634
227.667
397.532
499.819
393.973
242.999
171.075
199.979
370.789
206.401
273.301
355.537
315.803
216.047
201.201
200.922
263.539
162.602
161.171
303.253
511.599
346.022
162.489
163.774
154.175
245.003
173.658
248.781
413.553
254.578
136.361
236.998
190.088
149.244
128.511
279.75
709.492
676.803
361.829
169.884
124.685
317.206
302.65
308.91
565.205
776.027
632.759
341.588
305.172
653.401
379.378
282.669
278.726
470.953
706.285
700.546
406.752
569.452
390.085
218.469
248.657
445.136
740.465
627.412
401.036
683.827
371.312
292.513
214.87
524.639
820.265
755.91
408.996
809.615
386.707
267.408
179.354
415.865
823.327
884.536
440.684
686.491
341.813
205.363
231.16
325.202
612.787
736.104
385.805
583.978
382.76
186.687
184.122
260.124
603.444
635.588
430.007
449.647
272.069
162.144
164.637
253.944
635.133
512.64
271.382
668.001
637.971
230.021
125.772
94.5889
304.164
605.782
700.156
609.223
636.205
299.669
122.054
151.28
255.776
547.942
672.665
573.463
586.207
290.767
200.264
208.502
293.38
525.221
614.216
410.368
369.168
196.529
217.807
177.045
247.457
375.851
400.654
354.55
481.498
246.316
189.842
150.432
208.831
310.463
486.852
356.297
360.378
235.866
204.639
205.347
197.953
329.306
372.387
472.529
475.74
319.974
257.847
208.145
170.179
430.305
496.557
217.881
206.382
284.926
402.727
282.729
185.016
213.604
203.908
237.224
307.694
419.885
484.951
281.418
273.092
251.695
287.293
214.471
252.739
348.538
357.318
215.409
276.14
224.387
244.02
119.718
150.911
393.199
718.546
450.008
150.294
117.545
132.243
215.89
210.58
311.898
771.504
770.429
411.609
217.142
206.532
283.23
300.593
285.175
456.572
637.399
523.493
292.706
299.468
592.669
362.31
328.449
260.61
567.505
789.489
650.624
369.361
811.501
371.639
200.805
146.868
358.49
740.491
873.374
433.952
795.62
320.636
185.905
184.12
270.628
621.836
828.862
390.571
800.25
393.216
255.043
174.89
306.017
721.124
848.96
424.809
755.501
361.112
207.27
188.205
354.458
790.171
817.221
391.608
821.547
336.612
208.373
239.481
369.755
710.336
878.272
398.535
699.141
453.715
236.303
329.707
350.361
690.969
757.273
508.106
720.567
613.211
219.382
125.915
127.526
272.848
660.136
684.07
649.021
543.59
203.022
155.527
175.245
289.208
596.22
603.627
611.695
520.091
266.647
225.713
224.299
246.934
561.453
564.373
347.763
433.526
230.921
140.028
161.077
223.231
309.582
442.901
315.166
288.066
219.218
209.361
210.369
239.978
307.267
294.709
445.581
478.8
375.594
289.208
211.818
241.453
404.33
491.712
426.544
531.686
357.284
262.201
205.437
257.87
388.743
537.658
291.707
345.785
304.621
311.482
231.687
318.126
302.894
342.078
202.253
298.348
344.99
304.375
269.291
207.643
188.384
285.656
231.405
405.246
511.069
478.658
309.966
266.843
219.307
365.454
286.984
348.484
336.683
533.841
318.119
308.961
273.08
348.557
191.903
199.508
415.77
524.899
681.225
445.204
219.247
167.384
442.079
358.653
308.23
297.49
553
680.334
492.431
359.518
644.549
352.932
274.805
330.58
557.351
749.349
692.298
378.517
742.003
389.798
153.321
139.175
270.007
655.972
796.226
441.169
682.816
345.854
190.545
137.613
277.541
690.498
734.166
368.653
751
399.52
227.06
180.917
389.745
806.974
814.617
426.281
735.301
385.9
167.342
86.616
233.202
667.262
793.266
429.824
809.607
343.568
188.573
143.019
322.93
754.161
867.633
394.811
488.86
297.619
255.725
343.939
353.354
533.057
533.72
297.419
715.802
640.026
269.366
140.664
174.672
273.005
654.24
702.891
658.408
550.839
213.836
170.076
204.308
307.866
608.144
611.458
551.609
464.446
195.183
119.571
130.691
188.232
506.302
507.964
488.962
288.492
198.726
253.304
183.464
262.9
487.674
334.854
551.864
416.848
198.292
123.983
186.172
205.893
511.63
469.841
670.139
624.666
302.165
119.611
151.152
335.615
619.766
663.291
502.44
573.842
320.332
152.731
154.289
279.744
456.613
588.44
418.899
493.787
326.03
310.715
239.362
269.182
385.604
507.828
291.587
469.541
509.561
381.082
228.807
201.138
261.87
447.197
233.158
285.933
522.141
681.082
383.039
198.113
229.866
273.054
307.49
249.38
466.515
552.419
410.4
246.401
303.195
243.462
302.15
252.47
304.697
434.126
451.066
346.3
320.8
253.445
631
309.313
156.019
242.954
274.132
537.891
660.732
354.829
506.762
302.124
197.324
208.931
349.891
599.034
552.911
329.426
743.066
310.63
159.207
142.244
318.007
733.9
802.303
356.889
843.193
352.18
139.781
128.954
259.222
632.186
870.023
425.01
785.233
343.466
159.479
142.593
287.429
674.313
837.681
402.745
801.817
374.941
214.759
120.645
295.885
708.973
862.011
430.122
800.919
393.004
210.17
143.104
370.843
786.846
875.269
450.037
779.765
318.905
187.869
140.639
294.323
657.355
832.886
382.608
908.743
593.75
236.696
136.632
102.619
280.887
854.517
688.478
818.793
495.885
161.47
98.8705
108.963
239.31
771.088
587.285
550.704
440.449
192.229
143.936
167.712
189.126
503.74
493.155
640.619
407.208
179.481
252.314
236.833
233.391
603.968
475.342
639.534
424.292
200.864
177.407
204.005
257.253
598.667
487.374
653.563
485.388
202.707
214.587
175.81
258.615
616.673
548.158
496.721
512.642
388.312
331.5
365.484
228.277
455.23
528.402
508.565
461.257
278.279
185.049
159.029
190.093
467.141
499.359
360.931
469.44
421.994
340.637
241.602
226.078
326.006
465.757
368.898
407.77
445.297
460.603
247.162
260.638
346.661
406.636
207.902
261.892
478.792
792.231
498.452
284.728
212.203
238.006
315.915
220.446
251.246
362.299
392.032
340.807
318.116
235.009
370.171
338.958
191.872
252.7
339.553
425.093
373.047
359.171
578.355
285.778
193.626
203.399
332.934
643.509
628.358
312.611
861.183
284.536
135.632
114.008
178.519
512.146
894.923
380.362
774.88
330.336
148.069
114.547
250.904
641.297
814.79
385.445
857.839
351.114
137.607
131.504
208.858
547.238
880.317
438.933
630.275
333.954
216.89
139.326
324.182
496.809
641.945
380.871
777.746
405.359
189.42
166.884
257.768
699.89
840.681
451.506
752.487
374.308
146.382
201.774
213.347
629.046
813.792
427.072
718.276
534.233
256.447
243.579
219.422
262.96
672.738
597.408
707.568
569.599
207.567
218.212
150.325
300.497
652.826
642.115
806.145
472.238
169.083
160.044
134.03
233.597
761.999
569.419
502.163
422.779
195.068
159.281
186.101
325.874
469.737
477.197
606.296
455.389
209.601
343.943
164.389
232.184
566.161
517.604
779.649
560.812
235.872
233.331
160.082
260.289
729.183
637.017
664.502
547.176
330.434
303.136
231.731
215.62
615.734
591.995
509.097
520.432
292.634
213.649
166.572
240.175
463.793
554.375
375.792
455.634
377.528
309.345
172.912
219.702
342.1
456.265
404.274
557.653
562.136
360.65
255.02
389.895
415.894
537.462
163.15
193.933
271.166
425.439
310.445
239.944
172.259
178.462
454.209
205.275
203.706
272.999
290.492
421.275
481.653
242.295
423.572
203.499
213.683
237.725
358.195
418.953
442.953
226.189
326.357
288.337
181.362
260.409
389.187
455.862
351.034
306.965
709.404
404.94
198.511
222.144
299.384
473.912
705.146
477.192
926.438
378.123
148.409
184.745
216.819
599.237
958.411
463.967
1022.54
391.813
112.724
89.3358
156.942
540.571
1034.79
508.903
648.798
314.266
149.255
202.476
143.711
424.307
679.66
354.228
804.013
321.292
178.476
163.542
273.881
699.432
856.896
374.053
759.27
399.707
135.005
136.762
184.265
458.99
774.078
465.394
682.088
453.886
158.481
121.283
90.8749
249.606
647.867
525.477
620.748
505.763
191.538
254.739
185.323
227.841
571.449
567.7
688.154
449.886
153.476
143.067
147.991
217.067
639.269
527.353
587.373
442.204
195.511
194.118
273.613
229.382
539.431
499.761
380.843
265.857
231.278
184.951
162.934
246.054
381.198
283.348
760.836
461.963
156.946
118.733
158.796
281.967
728.955
539.686
680.111
475.742
177.945
253.53
185.037
286.869
647.819
545.889
365.831
293.525
206.763
225.333
225.86
209.566
349.059
313.743
629.771
540.009
239.304
121.362
142.627
276.58
585.933
590.865
450.865
425.02
322.293
307.424
284.232
378.689
444.026
446.516
245.183
287.367
272.909
291.731
233.742
246.53
247.787
283.421
278.411
272.095
262.472
222.407
365.686
440.323
304.23
268.971
547.944
249.554
169.631
219.625
280.293
506.213
584.789
290.3
684.463
310.823
199.97
185.049
252.684
526.414
716.391
374.098
584.005
338.833
171.409
215.089
279.757
572.508
636.263
369.627
777.505
349.002
124.608
125.118
169.701
512.41
806.834
421.698
711.684
321.496
138.883
207.998
205.677
488.52
749.495
377.085
783.154
296.664
120.841
136.279
136.731
452.263
809.956
371.826
814.683
317.143
197.378
277.883
243.693
511.67
845.265
390.002
732.419
332.78
152.409
245.617
301.078
543.357
777.754
387.215
658.359
439.756
230.856
178.014
248.187
304.326
629.544
499.9
862.128
527.417
161.529
175.736
150.934
305.398
816.114
624.134
540.462
403.123
142.206
168.101
124.937
216.796
498.997
459.408
906.707
467.914
139.989
176.511
187.99
277.413
868.683
581.769
600.66
336.846
126.309
105.825
168.72
231.576
573.579
403.933
871.325
442.054
108.155
162.671
108.472
284.055
840.347
548.566
856.905
439.132
108.857
160.455
193.049
302.348
824.22
544.929
523.766
315.069
170.426
201.456
165.207
192.081
491.8
374.107
647.881
487.398
180.181
259.133
196.301
288.514
607.518
550.377
553.611
495.247
265.213
236.689
244.82
290.133
516.213
538.643
398.654
272.599
301.865
366.498
400.206
330.16
406.633
289.735
597.638
253.959
246.709
218.99
388.52
571.86
635.817
300.297
717.006
317.111
202.174
256.874
224.66
358.753
717.539
387.073
567.298
291.941
201.364
149.196
325.282
552.792
611.414
332.733
754.92
342.732
174.946
156.188
199.84
450.071
759.301
411.819
774.698
385.511
189.971
249.701
216.132
520.37
805.009
443.588
847.891
324.641
155.38
183.139
216.849
571.057
885.01
402.919
968.664
375.18
225.715
292.369
377.201
505.158
974.547
492.659
826.788
321.571
148.824
282.167
261.318
527.501
860.826
403.788
833.404
341.357
205.604
153.684
250.608
653.725
884.916
406.572
739.537
396.802
228.029
216.83
119.557
267.015
714.667
474.081
825.348
464.876
137.771
194.115
109.551
264.672
789.791
558.133
904.415
472.605
123.001
111.972
142.051
271.577
864.71
585.948
737.259
391.77
183.843
235.444
212.757
268.546
712.111
474.662
670.914
348.735
193.942
225.563
195.849
266.843
648.352
423.748
815.992
393.597
184.705
252.739
143.31
267.562
788.705
496.938
621.844
275.422
154.024
247.998
148.741
232.62
609.307
350.243
785.758
462.755
153.726
173.557
146.83
238.525
744.385
553.429
628.588
348.04
196.33
197.24
241.302
323.721
621.698
413.346
725.916
435.031
170.364
166.334
210.163
270.149
696.425
512.086
765.993
341.04
156.302
216.257
223.639
398.638
768.585
420.713
691.692
354.857
159.132
228.077
228.183
467.112
714.98
417.342
773.589
355.917
203.337
286.247
265.098
494.46
793.681
426.912
639.408
278.388
189.92
285.12
289.955
433.569
666.042
329.289
689.698
289.438
114.206
196.606
195.276
426.273
704.951
361.207
911.802
381.881
185.398
137.057
173.814
472.963
921.876
473.729
1010.68
396.79
153.372
192.801
260.265
489.979
1014.05
519.762
771.964
333.25
156.909
200.538
262.328
618.653
823.67
395.394
705.573
350.433
139.203
191.893
208.26
530.303
752.595
403.089
709.995
359.531
235.035
242.405
276.39
588.339
755.175
416.963
621.002
304.097
142.474
171.057
180.934
183.785
586.025
377.694
724.21
368.289
150.574
196.835
208.904
233.065
693.059
460.43
606.697
390.602
108.698
112.33
137.135
214.563
566.932
459.526
495.408
272.932
127.218
185.149
168.621
253.042
487.718
318.721
650.092
291.641
177.468
134.451
139.421
286.915
644.317
362.86
616.081
350.201
200.244
242.521
144.332
224.815
593.955
415.189
287.004
142.664
208.551
363.351
339.617
233.019
295.713
154.861
638.388
295.409
181.741
283.467
217.457
256.025
626.239
371.371
498.521
333.823
209.992
265.64
281.696
256.838
483.548
377.562
578.2
262.79
175.963
319.485
208.559
275.626
574.534
324.528
618.295
261.501
178.567
324.072
269.88
442.134
641.449
326.089
654.371
274.636
246.603
328.428
304.129
434.697
668.799
342.343
703.159
309.879
210.656
317.855
317.683
500.282
730.741
380.979
506.265
239.193
188.11
147.945
251.684
437.869
536.49
263.469
797.213
326.298
104.593
130.269
154.568
471.191
816.315
412.132
651.485
367.422
118.708
124.893
165.305
345.627
647.271
431.711
551.397
297.9
153.693
215.985
199.904
360.814
575.207
319.542
789.659
301.76
129.998
253.255
271.542
436.918
803.351
385.586
764.326
391.943
247.075
286.751
344.869
453.601
772.507
457.272
769.349
338.243
185.222
273.582
341.762
552.567
801.581
410.354
901.843
464.75
156.313
204.793
202.424
272.821
862.496
576.901
613.286
412.83
183.499
217.03
174.498
261.953
565.991
483.672
784.14
421.486
130.074
190.823
150.447
240.003
747.255
515.922
837.904
366.174
126.151
179.265
132.612
344.551
820.593
473.636
592.346
253.365
203.029
273.93
299.455
344.351
607.09
306.051
892.404
404.762
192.574
146.529
206.198
407.128
884.404
500.886
485.142
236.02
203.697
375.995
218.753
238.233
489.748
284.058
674.081
415.929
154.967
105.436
139.638
264.829
646.438
483.619
521.742
329.814
326.307
382.321
327.801
300.412
515.812
370.424
426.209
259.089
217.616
392.867
359.317
284.705
424.435
285.384
427.154
229.522
274.982
475.429
325.217
214.107
420.63
269.937
571.837
369.145
272.609
402.987
287.385
314.961
565.552
414.683
581.59
227.126
220.178
277.588
276.14
348.983
594.041
287.436
525.095
349.658
166.347
164.238
170.817
443.769
564.368
376.772
637.701
336.438
171.057
178.859
189.307
362.021
636.299
402.264
932.7
362.537
133.094
157.154
204.874
477.177
937.725
469.63
953.144
365.083
94.3872
90.4554
120.998
422.3
955.711
483.011
620.347
254.132
223.904
450.351
350.723
389.112
631.777
315.897
639.802
343.841
193.11
175.934
289.849
615.938
682.83
365.011
756.12
322.977
186.27
381.156
373.635
478.843
775.495
393.813
806.898
499.132
131.482
145.376
121.99
270.442
756.049
592.668
989.344
475.471
86.3543
125.005
119.666
309.578
952.934
604.495
631.682
307.92
187.877
196.192
230.532
358.39
643.367
345.784
1020.13
492.407
160.707
189.563
165.06
317.226
985.089
620.797
560.495
244.616
123.495
166.211
137.893
190.085
546.241
313.144
702.516
308.589
138.744
205.823
157.958
419.662
721.548
374.647
592.847
316.499
235.028
358.186
252.254
325.31
592.392
377.39
653.617
324.345
193.04
323.847
187.111
247.356
635.471
396.012
443.321
258.146
198.467
192.069
208.082
332.617
466.424
277.258
697.605
308.073
179.884
158.204
192.371
472.498
713.052
367.868
720.253
318.299
163.357
159.616
221.457
536.534
756.292
384.004
548.463
379.638
238.779
306.096
293.218
481.668
572.297
394.604
508.593
308.529
196.311
204.764
265.192
491.663
541.376
329.555
576.826
307.872
180.93
198.241
290.33
451.841
600.971
343.35
413.61
241.041
284.819
237.505
246.318
227.548
419.752
257.166
586.799
320.971
200.702
260.459
255.813
421.896
620.133
355.134
523.437
317.749
192.583
309.339
266.687
333.448
527.824
356.165
613.591
307.693
157.716
332.989
287.158
416.819
632.261
361.9
543.309
375.88
260.168
392.01
348.636
460.142
571.125
394.952
612.505
304.859
239.749
272.045
268.901
401.36
625.887
362.724
717.277
392.126
125.526
159.7
157.984
283.531
685.621
477.559
955.137
465.487
147.353
243.779
149.953
329.143
926.184
583.53
544.934
284.539
226.566
419.106
295.18
247.497
525.61
344.788
906.402
433.226
231.833
589.632
345.221
334.364
883.53
542.012
748.02
323.998
142.947
193.219
245.79
384.254
746.628
407.297
664.7
314.057
216.487
224.051
210.496
345.583
674.356
372.76
657.971
298.178
131.27
253.098
175.448
325.114
657.198
367.008
720.492
271.636
132.536
231.252
225.56
419.514
730.421
355.353
608.427
282.702
130.08
155.852
191.02
455.909
639.608
334.259
828.9
385.26
123.109
112.465
182.977
515.492
848.877
461.684
797.923
357.815
153.375
172.861
232.181
567.016
828.645
435.423
730.178
314.096
255.41
332.964
341.448
545.487
752.576
379.721
663.315
445.226
339.539
323.673
304.662
436.649
663.133
494.635
725.028
334.27
181.233
224.589
324.232
493.43
754.215
400.839
751.131
344.176
143.198
130.836
205.077
559.913
790.13
410.022
603.43
361.408
178.851
240.436
311.254
405.006
611.09
403.83
965.951
423.634
169.265
199.277
190.6
364.459
950.146
542.339
824.637
377.317
180.096
231.832
380.221
728.853
868.091
424.282
772.938
364.028
177.891
257.208
334.441
463.891
771.527
444.619
684.609
360.855
234.686
185.251
300.04
600.759
728.912
399.442
1150.81
535.919
148.878
157.679
185.878
411.554
1122.51
681.395
876.939
457.311
108.313
122.659
128.176
311.442
847.623
557.121
713.052
365.108
131.323
168.928
119.79
263.266
695.098
440.891
805.362
352.295
111.953
84.3324
122.744
425.43
815.037
439.026
960.106
446.02
199.229
242.595
218.511
382.5
943.153
560.267
676.33
270.281
137.862
244.756
267.157
319.753
682.714
347.234
321.811
211.827
195.228
276.189
233.661
212.968
314.413
239.035
759.528
314.923
152.555
246.894
209.481
520.942
791.52
377.781
758.322
316.625
232.279
191.908
286.325
566.273
785.961
389.216
528.501
226.006
160.607
257.278
299.76
469.925
559.551
266.102
511.179
260.887
192.679
248.809
295.88
507.23
545.547
288.398
531.624
312.848
153.691
136.554
297.494
576.003
572.383
336.618
629.775
284.647
176.4
216.616
336.076
620.944
676.935
329.007
715.684
327.631
203.243
220.747
250.905
583.455
752.637
375.906
667.233
326.764
128.252
167.248
190.182
562.123
719.76
377.838
716.812
458.364
360.738
349.24
427.995
557.882
736.956
484.353
789.308
389.167
147.898
206.941
227.015
608.214
838.932
450.729
768.351
351.745
159.128
161.383
202.943
530.736
802.392
416.803
1044.71
426.267
118.225
167.932
203.231
532.777
1051.66
546.41
856.025
447.897
147.363
223.075
176.321
408.422
843.649
540.743
429.737
222.816
164.592
275.935
267.627
315.083
434.423
259.407
519.378
302.039
228.545
370.713
238.425
240.953
508.031
354.656
308.988
191.805
250.057
439.292
380.174
238.976
310.233
200.589
502.411
291.967
208.453
330.37
274.619
338.589
504.858
331.039
698.681
279.28
168.445
256.191
196.793
368.211
712.418
346.979
995.055
421.907
146.409
229.666
197.48
373.957
980.019
544.469
786.419
291.793
140.707
164.429
163.289
411.608
800.966
377.231
623.181
282.047
143.44
319.582
271.109
479.835
649.221
334.958
575.519
299.883
156.471
223.669
347.207
614.625
621.048
329.138
529.392
241.575
144.396
192.745
345.264
567.64
578.303
281.586
577.479
223.2
146.882
211.343
358.436
541.588
614.428
275.007
640.395
265.245
149.232
133.811
291.572
548.884
677.294
315.674
566.144
328.431
222.321
218.803
356.699
625.75
609.072
352.336
582.727
349.711
247.36
267.2
375.923
630.698
633.656
384.744
564.816
298.114
197.232
247.072
278.797
530.458
614.115
332.655
670.338
383.028
180.315
363.067
350.656
427.912
663.124
454.166
857.035
354.098
191.025
263.782
277.35
477.189
866.644
440.304
700.694
440.575
229.174
235.313
181.758
378.036
699.437
494.875
780.103
420.088
123.428
138.963
211.906
626.926
834.974
476.895
882.224
391.717
112.103
82.1885
195.398
657.688
938.505
463.708
825.016
551.379
199.391
114.312
137.34
250.543
777.076
632.002
914.141
512.414
206.575
236.851
231.989
284.055
874.322
614.628
681.588
441.752
167.363
100.031
93.9874
220.573
640.894
514.302
444.484
186.485
172.541
337.793
285.944
191.172
432.923
229.553
442.176
233.265
276.305
435.035
386.214
264.347
426.776
273.251
571.261
278.487
118.032
226.071
185.021
356.216
588.137
330.817
509.122
236.304
182.027
412.092
355.346
422.537
544.401
273.264
664.316
275.087
119.66
143.134
265.782
580.42
715.527
332.154
589.421
297.24
189.548
194.841
314.132
568.466
622.508
336.211
480.899
246.675
200.519
372.626
356.234
460.319
506.15
284.496
456.373
268.636
223.912
377.615
406.907
560.818
501.304
290.794
297.378
163.293
213.083
235.665
374.15
435.16
328.862
178.419
353.273
303.265
219.338
195.321
366.436
487.987
380.699
316.998
459.965
352.754
234.363
323.955
417.488
540.932
470.903
366.692
609.302
351.703
206.679
225.196
344.102
672.136
663.499
366.221
415.562
262.603
167.952
252.509
440.139
580.59
462.14
281.205
720.919
319.342
141.999
209.042
215.522
487.074
741.313
388.57
492.09
232.675
189.71
313.794
312.222
452.316
526.896
263.885
563.046
317.475
247.688
283.789
285.584
397.611
577.162
340.484
682.853
358.513
167.539
166.342
173.962
371.182
685.902
419.837
829.559
459.711
184.417
179.938
203.737
346.787
797.898
549.539
951.501
454.16
153.648
122.606
159.341
351.045
921.996
575.37
833.098
492.062
178.696
131.108
139.469
306.397
796.767
581.123
621.187
278.769
161.916
138.646
151.653
223.413
606.317
341.247
703.905
333.684
172.799
111.523
137.088
282.503
691.32
411.275
629.522
252.324
118.295
161.327
100.673
295.892
636.886
322.477
502.531
269.432
199.908
120.391
307.951
534.082
541.49
297.371
511.155
274.786
174.721
355.726
351.089
468.325
554.041
308.808
393.954
246.533
176.25
237.289
344.446
509.643
437.13
274.179
326.96
223.862
210.373
287.949
388.275
566.877
373.564
229.967
420.107
313.929
294.233
366.642
577.826
705.208
476.381
324.804
454.142
266.968
185.114
232.797
417.904
651.985
511.753
285.014
464.699
397.491
233.856
219.397
257.311
523.602
492.023
423.935
743.955
442.204
349.039
336.628
336.277
573.677
762.722
488.416
456.995
336.826
153.882
73.8028
225.499
534.541
499.304
348.732
603.106
337.673
193.38
216.023
316.314
599.26
654.209
381.856
346.793
223.306
191.509
220.957
214.012
365.191
375.274
233.13
683.366
365.795
175.3
149.608
294.448
646.092
726.346
399.505
776.129
297.355
149.018
164.534
185.398
447.482
789.768
383.573
996.988
369.997
155.004
177.332
202.918
578.57
1019.11
472.975
