733.591
911.496
494.021
198.236
233.227
398.702
651.123
932.773
632.272
973.247
600.627
253.357
220.277
436.166
556.391
958.944
558.658
863.54
698.455
281.864
311.938
389.089
492.196
836.58
472.041
798.345
664.939
352.382
290.461
337.193
417.76
770.541
445.984
692.262
738.849
510.795
419.28
322.271
409.651
665.457
348.182
568.609
624.731
484.596
274.562
264.618
317.405
543.977
181.074
379.75
628.484
627.089
277.668
163.177
162.689
339.197
193.429
308.797
660.959
768.206
416.23
194.613
200.17
270.551
113.272
190.737
555.729
807.346
420.01
190.327
116.578
160.149
107.979
154.975
397.086
803.074
542.416
150.646
105.864
140.639
180.742
213.233
295.703
848.409
668.514
314.821
180.868
205.538
324.515
246.636
358.033
801.54
590.527
295.535
325.854
254.431
358.685
268.698
351.152
458.278
713.255
552.031
368.471
282.647
391.609
350.702
347.457
364.181
699.754
785.552
444.161
331.923
405.472
368.218
370.942
270.269
646.864
800.407
465.477
337.084
511.858
412.725
262.212
260.557
477.496
655.213
504.12
455.1
395.082
222.901
192.78
164.678
247.482
404.595
422.736
241.753
410.211
315.758
224.58
158.053
331.73
599.245
448.621
337.244
367.974
279.035
192.68
165.18
269.388
603.856
423.574
271.538
434.778
274.005
218.135
187.911
238.587
531.571
482.574
303.914
680.888
911.116
494.441
175.138
184.644
360.805
596.15
916.143
721.024
917.621
578.692
227.015
266.025
398.611
643.7
922.328
576.531
785.233
610.354
237.617
304.637
335.37
508.331
780.344
493.799
799.677
589.538
264.535
245.376
370.932
436.691
776.131
428.041
674.665
644.385
428.636
361.659
336.875
389.889
651.713
372.502
553.51
544.022
363.758
308.983
277.288
337.34
538
231.07
539.294
647.969
451.244
293.711
316.685
212.735
477.385
220.008
437.667
665.851
529.618
365.861
234.46
217.712
386.186
107.078
204.411
398.228
536.91
244.89
103.644
99.0494
181.764
160.311
154.316
353.306
932.041
526.121
146.735
157.152
157.433
192.452
173.753
302.88
690.522
676.024
311.986
191.954
172.433
261.046
226.501
345.386
693.65
753.937
402.147
258.718
237.146
223.907
395.438
376.414
494.592
705.787
566.627
238.935
350.781
383.431
397.264
398.342
299.58
668.975
795.686
425.346
374.271
559.808
463.69
248.542
298.004
624.069
903.772
630.334
482.505
573.494
406.679
270.07
239.275
463.537
813.638
641.464
420.334
484.343
284.249
194.413
171.03
318.036
632.474
542.556
302.02
410.055
312.774
162.502
136.407
185.424
397.552
410.203
326.233
390.247
356.31
220.368
180.975
250.994
531.591
428.313
362.29
438.453
288.783
203.284
127.604
214.109
531.277
482.829
289.778
770.483
870.46
452.863
148.107
250.194
388.204
687.577
914.877
771.073
864.816
480.954
202.33
195.322
348.183
692.691
897.104
666.2
816.425
414.248
132.44
193.113
444.88
601.805
830.829
589.315
706.252
467.848
207.568
214.361
254.93
522.821
729.44
356.13
635.078
599.241
336.836
249.182
243.059
310.074
603.545
314.368
552.023
630.521
434.799
367.001
245.116
281.885
519.789
276.197
458.433
520.215
348.12
259.92
197.064
256.241
429.582
141.938
396.345
636.941
504.144
284.347
219.401
125.13
340.623
135.438
240.749
551.228
754.786
378.753
147.35
129.314
212.936
195.715
139.718
337.85
768.675
399.908
123.204
185.662
152.663
165.275
179.891
316.148
634.637
582.132
290.773
173.963
163.705
229.532
262.01
379.739
537.5
749.207
504.775
234.586
246.126
268.901
302.032
294.441
410.228
673.868
644.788
298.826
274.373
460.839
422.563
457.165
230.059
661.949
881.162
521.221
389.589
459.799
387.898
301.001
282.55
476.735
776.237
523.774
391.191
608.424
439.467
385.311
273.574
554.848
852.394
669.071
474.264
485.681
281.345
305.25
334.212
414.491
644.635
542.33
298.778
435.889
321.757
168.435
82.1417
224.452
579.198
481.807
330.448
405.29
477.006
278.664
216.054
311.916
433.585
385.424
487.68
555.042
233.583
134.308
168.739
279.402
603.653
612.575
261.864
839.356
834.132
348.3
107.143
140.807
355.156
757.013
899.425
744.23
798.187
466.116
139.889
260.526
337.339
665.278
840.041
705.481
821.222
491.379
183.455
223.635
326.183
629.725
854.761
519.475
720.069
458.103
202.195
182.528
280.22
459.815
718.622
423.629
645.199
505.102
285.883
254.994
254.708
369.38
632.199
495.859
549.784
429.803
284.838
223.848
216.544
444.823
576.937
346.956
577.535
539.597
307.848
226.039
299.254
320.322
551.485
183.882
434.215
581.301
464.614
216.116
216.256
163.27
382.661
210.38
245.012
365.364
524.072
288.403
189.438
201.066
238.572
181.62
196.376
262.782
418.061
279.487
207.483
173.504
198.037
322.164
164.039
300.003
658.656
544.343
256.166
312.118
194.448
174.265
167.122
316.303
526.09
724.441
477.118
203.849
143.392
409.945
330.511
366.118
384.006
648.286
786.04
465.036
313.417
564.552
347.203
309.234
314.881
554.022
814.471
630.743
358.731
600.113
397.633
246.208
244.901
461.714
806.02
662.743
413.673
627.852
433.853
252.308
169.317
391.69
858.638
701.441
436.024
734.838
337.015
221.176
164.312
367.615
667.105
783.505
388.863
582.25
353.712
198.445
116.493
307.237
668.03
627.897
371.327
678.143
423.522
252.08
221.814
378.646
753.404
745.825
477.154
764.767
367.804
153.651
129.611
269.793
690.324
828.574
417.158
934.192
697.199
248.07
175.086
148.93
302.849
860.158
785.992
959.473
783.85
321.742
129.327
114.75
320.086
886.225
868.02
663.427
766.196
410.18
147.902
186.85
312.445
590.181
787.191
656.895
699.134
340.599
156.901
183.971
342.759
595.22
739.636
473.281
711.741
509.766
266.829
199.613
276.229
424.018
701.198
382.083
601.38
319.774
169.387
153.495
299.592
352.322
589.797
385.109
622.23
499.989
231.289
249.524
299.162
337.32
598.508
328.391
343.255
381.458
310.446
273.693
233.272
313.227
337.245
205.676
290.143
406.715
351.256
213.742
193.171
197.872
264.905
203.644
188.089
458.033
832.412
407.145
167.187
207.385
176.875
276.309
169.914
256.671
607.925
485.62
262.807
268.087
194.102
198.542
206.308
448.323
518.128
685.599
431.197
219.329
188.208
321.365
411.168
253.223
353.365
529.326
528.551
341.898
402.149
490.114
439.932
350.358
279.249
496.526
728.116
537.077
447.179
528.044
383.967
348.325
223.916
522.263
742.12
576.73
398.136
703.208
389.81
281.425
248.123
421.912
805.126
774.479
416.393
815.649
452.061
262.757
204.57
276.645
699.344
866.697
494.84
718.078
482.636
199.462
257.987
306.682
690.219
768.906
539.201
566.656
352.758
227.274
112.367
255.053
667.992
628.791
385.279
704.41
371.455
216.641
193.665
289.927
716.205
755.088
390.936
713.917
679.158
301.877
146.251
147.923
271.836
641.807
731.208
805.588
659.351
281.968
134.235
174.524
324.905
739.343
731.596
906.857
625.59
251.841
194.561
174.365
293.096
847.365
713.398
519.767
528.211
246.719
158.589
145.517
261.417
471.01
558.155
505.178
617.45
336.146
249.574
207.088
362.536
511.447
624.843
460.195
634.972
381.939
222.532
207.79
359.91
415.822
637.032
491.787
538.715
398
307.631
200.909
255.049
450.088
553.743
289.73
413.818
411.901
278.936
216.75
216.872
270.85
404.335
228.596
255.745
456.406
539.632
381.913
217.244
210.154
243.768
181.595
265.458
548.886
621.387
348.622
198.463
176.162
228.949
215.961
194.784
282.055
607.174
514.246
255.986
218.848
197.155
235.636
211.339
307.2
438.945
625.181
529.351
272.014
185.842
492.543
348.18
323.864
221.463
544.651
705.966
542.631
339.35
533.163
433.912
333.422
251.914
565.11
823.661
593.364
442.001
855.861
382.31
260.037
213.51
387.724
779.242
909.676
444.461
786.798
346.87
194.961
279.117
315.808
659.813
825.283
393.735
811.37
503.107
284.408
181.228
386.735
873.07
875.993
511.908
875.038
398.972
228.581
195.935
312.323
751.123
922.275
442.428
710.899
355.805
267.165
255.062
385.038
773.19
779.285
379.804
653.007
414.283
265.755
172.298
313.288
656.42
711.366
460.378
942.832
766.054
307.213
218.094
177.984
320.506
867.504
850.89
943.678
618.072
222.675
119.11
127.623
256.033
877.998
724.879
772.229
654.164
267.282
127.594
131.579
273.364
709.242
707.637
514.689
486.383
199.221
183.517
139.848
312.655
521.608
523.095
562.415
592.822
292.595
318.593
254.152
239.407
503.204
633.943
618.769
735.517
397.771
158.66
166.595
398.726
560.706
753.179
552.648
643.068
386.238
197.779
227.143
262.929
496.273
661.462
396.897
474.038
411.653
264.156
211.37
166.747
362.776
475.029
308.362
459.404
560.805
436.278
366.249
263.623
285.126
441.484
342.982
300.701
319.76
331.54
344.04
389.271
371.554
288.59
167.542
157.585
240.39
392.332
325.788
196.987
167.053
156.995
491.83
300.902
266.233
249.293
446.729
601.036
525.782
325.912
676.264
501.806
276.447
212.639
406.7
661.493
708.556
517.713
846.525
417.382
201.737
180.262
313.145
725.803
896.582
491.94
826.621
349.417
165.502
165.788
230.474
549.644
840.096
429.42
906.892
359.17
204.485
142.978
312.632
716.642
949.518
438.216
794.934
372.185
192.691
186.282
332.614
747.871
862.282
429.117
784.223
411.588
239.05
182.446
329.869
773.503
850.622
452.935
722.874
348.714
247.422
213.404
401.804
744.61
785.952
389.226
433.027
332.033
164.953
149.786
330.206
716.966
500.685
333.982
993.962
720.259
195.475
112.451
129.604
354.522
925.223
827.512
889.643
693.151
212.904
77.8241
110.834
320.256
823.482
783.428
668.495
598.877
229.353
139.736
183.204
302.417
606.232
659.543
734.333
540.95
175.682
180.165
195.088
262.848
673.564
619.876
739.096
551.306
178.278
92.2808
95.0809
311.814
695.002
627.207
679.789
655.092
344.441
174.145
130.122
283.382
629.737
692.035
680.791
618.154
252.334
196.15
165.353
271.294
623.566
681.476
590.06
695.795
429.13
365.811
268.089
402.818
540.594
710.789
455.06
607.34
512.957
361.44
309.901
332.158
421.079
603.371
137.459
273.33
525.374
520.117
338.102
204.62
144.32
231.893
307.982
234.003
342.509
560.849
380.149
229.113
301.27
244.605
406.38
258.517
275.512
301.814
332.012
238.585
395.554
284.857
578.424
278.79
177.447
166.585
320.894
390.469
569.071
317.584
530.345
429.029
241.017
196.29
366.793
726.135
589.99
437.759
966.527
356.839
166.355
102.399
230.685
665.25
1007.23
447.219
837.384
368.445
165.405
130.837
238.201
614.219
870.951
440.498
871.541
432.797
191.428
126.03
271.048
691.345
930.247
495.192
807.434
366.7
242.559
265.959
357.629
741.078
875.487
428.764
882.527
440.782
195.613
241.739
290.647
776.296
956.159
499.864
822.915
562.935
215.25
195.302
239.435
745.166
884.953
628.032
713.308
580.628
210.672
125.116
129.682
226.028
649.518
654.492
757.586
534.924
152.886
89.7627
93.2528
250.526
701.422
620.064
837.713
610.037
173.316
94.7319
164.438
329.097
771.65
697.92
879.038
498.125
172.724
192.812
207.115
255.178
829.343
606.303
972.144
553.87
204.079
134.841
155.304
285.506
927.468
660.258
933.648
651.268
221.476
181.284
157.661
318.128
875.703
749.089
721.395
670.295
297.422
134.781
143.978
260.423
655.081
731.052
724.732
615.177
269.11
196.944
163.392
283.425
664.749
668.741
308.174
574.391
540.729
259.242
263.266
294.843
267.105
530.411
289.159
468.483
633.78
544.907
300.045
190.109
257.37
443.822
318.149
252.498
352.138
583.274
376.764
247.681
317.75
260.737
431.853
362.967
291.042
271.678
248.627
299.055
413.797
374.363
444.897
301.566
213.601
228.126
275.666
376.716
456.041
317.727
537.608
233.342
213.895
246.158
366.3
562.761
582.065
272.624
1149.58
457.17
163.539
128.557
192.031
594.328
1163.27
580.826
1033.03
407.9
184.846
149.713
275.553
707.672
1060.78
506.214
1157.32
434.59
120.845
102.496
173.215
594.137
1175
570.43
554.863
302.335
153.825
139.083
214.821
544.085
585.533
328.207
763.472
403.637
296.975
222.051
331.608
761.212
823.527
411.19
763.427
331.118
203.231
214.712
310.356
672.963
818.91
387.855
856.174
693.407
242.155
139.946
170.008
303.512
786.266
777.504
711.796
631.682
216.167
186.832
146.483
279.438
644.493
702.662
1062.26
588.215
174.848
124.628
132.307
299.873
1007.19
717.581
734.833
564.44
208.512
92.0347
170.752
339.154
675.242
644.525
702.986
441.399
159.555
215.877
130.338
310.223
678.916
516.001
751.832
495.865
222.239
287.819
197.34
269.178
708.928
577.319
868.122
584.546
226.467
148.253
164.772
280.387
817.013
672.988
676.885
602.737
211.754
135.216
158.905
314.68
620.168
667.943
542.085
678.738
413.238
248.817
232.184
452.451
502.755
687.789
377.216
302.033
316.027
394.104
325.322
291.946
365.89
317.031
427.748
250.683
300.492
557.912
361.276
199.156
415.829
289.13
465.594
271.014
338.333
335.376
442.133
405.312
467.122
301.982
449.294
319.605
232.101
232.699
235.146
349.568
452.553
337.952
771.685
326.98
153.09
159.688
212.722
475.827
781.888
415.27
747.248
345.452
161.548
171.167
241.689
515.528
771.411
416.661
1029.65
415.03
194.539
126.888
234.918
670.546
1064.92
504.73
1163.42
455.395
134.813
131.499
175.025
632.908
1184.74
580.584
903.442
370.411
120.228
134.339
157.909
593.614
946.257
447.788
1022.8
426.268
227.467
189.682
272.642
619.233
1043.26
512.597
808.819
331.507
216.43
240.641
306.967
589.26
840.573
401.866
800.953
561.748
253.582
174.655
215.251
380.089
756.488
633.698
1101.74
640.426
196.141
115.994
120.294
315.518
1039.21
772.288
728.385
463.531
136.181
113.838
135.822
233.729
675.349
546.585
763.506
501.517
185.424
212.58
201.223
234.559
709.627
584.076
889.244
388.715
124.792
142.995
134.013
322.135
867.178
501.123
782.711
425.565
142.488
152.872
120.948
278.824
753.601
512.263
883.683
605.445
217.856
188.587
227.949
382.598
834.899
697.325
767.171
496.898
174.727
151.645
144.48
244.272
718.815
580.89
639.235
651.032
347.436
227.643
222.52
278.475
579.945
683.308
411.901
549.726
479.391
297.215
202.954
250.228
370.35
549.017
489.494
403.315
234.775
396.616
287.653
346.248
478.264
434.903
558.951
337.111
176.743
299.472
294.049
488.715
570.817
378.374
571.332
363.051
153.93
187.584
297.365
398.937
556.338
433.204
590.197
283.971
194.885
192.735
230.327
501.051
612.752
329.919
795.791
339.428
145.969
148.41
252.574
614.626
843.389
406.698
844.939
416.752
182.953
180.865
209.192
621.754
895.223
473.508
828.378
315.18
163.527
190.46
232.639
518.867
856.405
394.064
1120.41
429.42
163.284
260.206
222.837
643.673
1150.66
539.059
940.273
410.487
159.94
100.644
221.132
600.295
968.521
484.306
775.713
379.918
264.509
278.83
392.136
601.944
822.672
430.162
717.101
452.472
226.712
135.397
115.739
334.935
704.536
509.804
1023.58
681.94
181.117
147.933
123.119
341.974
956.631
792.581
1002.95
665.342
199.846
76.0505
146.686
335.088
936.363
772.391
858.766
441.811
131.267
118.114
111.466
239.623
815.623
552.07
718.364
367.263
126.301
184.388
144.249
216.821
681.974
451.443
1064.33
525.191
122.919
128.737
117.082
324.12
1025.76
657.312
736.973
426.017
133.267
94.1858
79.3816
221.908
692.939
514.029
778.13
467.991
189.491
288.329
172.148
267.494
738.841
555.643
809.867
555.629
194.099
169.043
152.632
359.774
773.845
641.481
546.546
312.982
267.656
281.269
237.778
245.434
526.195
366.14
684.83
301.044
190.329
193.529
292.246
578.815
720.215
354.723
789.322
325.63
186.701
222.509
221.116
474.096
796.193
405.529
724.548
293.549
195.783
307.85
217.349
531.796
767.731
338.559
850.17
365.398
206.494
260.15
266.625
486.618
861.498
446.277
820.981
389.953
147.681
158.86
231.704
558.678
854.126
463.779
883.565
443.278
156.596
151.698
254.311
603.146
915.385
519.368
917.464
338.141
190.943
295.18
276.309
516.769
941.303
433.795
903.925
371.229
265.559
293.056
299.941
541.697
922.848
454.468
812.223
380.547
199.957
220.796
242.137
590.353
858.087
429.357
847.738
406.587
244.033
200.015
286.188
695.846
909.111
468.462
808.869
516.858
166.741
132.982
131.903
261.721
746.727
610.914
1117.03
619.571
170.21
189.597
149.174
316.291
1058.11
760.069
805.754
576.913
183.297
94.8485
105.006
269.035
748.694
660.835
649.923
403.228
138.939
110.842
119.078
268.98
637.663
466.667
609.782
310.596
273.293
378.984
294.894
337.61
603.418
357.619
958.301
432.343
190.152
284.512
205.007
340.05
937.193
549.045
579.172
258.891
194.854
254.167
258.55
220.798
554.665
325.728
815.975
375.25
178.834
268.976
245.682
332.484
801.068
469.903
733.268
380.204
141.698
160.836
187.254
388.356
733.534
456.98
686.093
381.489
241.467
302.047
262.363
376.898
691.197
436.157
858.332
370.12
156.857
153.573
216.314
505.306
866.539
457.469
798.11
408.296
163.03
78.9188
160.736
458.808
803.903
489.717
791.047
333.942
217.528
385.169
244.702
502.335
818.727
389.705
824.548
351.794
142.506
136.706
171.579
567.059
862.117
428.796
867.485
360.826
137.107
166.5
182.903
406.546
862.58
466.941
834.986
382.015
192.199
112.022
204.407
591.557
865.914
442.601
832.865
411.045
215.654
265.275
243.435
425.931
835.748
476.832
869.391
340.809
152.388
170.371
240.651
479.25
876.09
436.643
803.19
311.983
153.656
166.527
297.648
672.345
860.272
379.916
634.138
333.384
205.446
290.727
300.329
508.895
671.855
381.042
1238.95
659.096
149.351
93.4585
128.387
372.504
1180.77
815.84
762.943
501.98
147.663
212.216
146.66
247.381
709.691
586.684
763.036
560.106
147.339
104.457
127.872
273.922
700.267
646.372
748.757
263.856
128.434
234.188
171.701
239.06
729.964
358.295
684.427
285.952
137.752
242.245
184.383
268.302
674.923
371.41
955.991
424.41
187.832
252.976
209.575
401.602
942.91
536.288
513.145
198.238
179.586
256.029
210.835
185.068
501.807
254.066
698.134
377.307
314.21
306.316
356.105
310.692
676.359
451.56
431.49
328.849
357.357
530.934
339.139
284.349
438.073
333.417
480.393
251.553
342.961
622.515
436.016
277.093
481.333
293.729
393.444
282.678
253.777
362.118
347.509
367.02
415.693
287.826
532.468
232.446
177.319
166.906
248.791
424.812
557.683
277.317
653.236
314.304
155.798
167.381
204.295
519.285
689.058
367.644
622.024
240.032
181.272
193.684
235.841
380.69
632.824
294.301
918.763
443.211
121.949
115.761
159.581
478.755
917.407
546.324
789.359
350.75
122.941
150.261
188.087
550.317
825.789
420.682
793.726
369.066
121.392
144.909
157.606
486.491
816.222
445.304
703.559
307.542
197.151
227.208
232.832
483.139
735.539
367.71
747.531
457.253
244.876
331.766
277.807
383.258
739.859
519.523
621.264
328.68
190.507
369.489
319.147
496.136
657.579
378.305
1017.09
516.782
122.847
162.544
147.968
309.504
973.192
645.096
1178.27
594.876
102.938
67.6771
80.9826
377.205
1134.97
743.326
948.625
434.434
113.464
139.749
139.518
331.392
924.867
552.357
749.606
347.035
111.518
101.719
89.9033
198.419
714.857
432.227
1084.69
468.192
189.397
192.529
189.944
417.941
1071.28
600.763
730.905
313.911
160.138
202.542
160.998
457.447
758.374
370.961
596.626
295.326
278.906
406.095
302.301
378.57
602.33
352.78
618.38
475.426
204.366
191.065
170.001
331.395
593.204
533.592
608.142
290.388
250.827
220.676
278.813
547.438
649.307
331.694
748.011
364.725
155.331
157.686
188.655
504.417
769.877
438.964
653.1
331.49
202.184
263.899
233.83
543.536
687.712
367.676
546.104
305.716
238.961
279.282
266.586
463.894
571.855
342.926
515.157
243.88
221.057
245.57
259.901
400.584
542.513
285.884
439.644
276.938
178.589
236.029
216.928
315.464
444.593
305.136
683.622
511.405
279.453
168.618
219.351
517.332
690.878
539.542
1049.84
420.084
126.094
181.912
150.874
423.534
1041.41
552.106
811.956
408.324
363.058
259.564
281.473
475.092
832.338
445.051
754.74
398.313
308.533
354.111
360.522
398.66
756.084
440.715
595.145
452.69
335.957
334.895
364.643
413.253
612.913
468.586
563.533
326.982
211.773
356.47
363.52
447.162
588.729
366.905
916.471
535.212
144.767
91.5742
145.621
310.064
866.136
643.913
1039.67
552.01
131.767
69.1531
114.159
337.286
996.538
674.466
921.504
432.302
151.848
168.944
122.889
298.487
891.947
546.381
645.367
333.326
189.341
269.348
191.393
341.416
647.85
388.296
1068.13
458.364
138.097
162.224
157.408
405.834
1053.22
588.185
993.594
433.907
141.247
146.425
163.132
390.916
981.007
555.97
626.349
302.644
180.722
263.98
209.817
359.462
635.102
362.182
870.343
357.014
173.947
150.803
210.219
544.726
890.062
450.386
701.099
370.358
147.406
135.701
240.212
574.806
734.281
423.562
610.747
284.084
231.176
197.733
301.675
523.626
641.44
331.576
706.054
387.946
202.855
207.67
291.051
636.794
747.151
423.229
572.896
291.685
169.106
196.483
326.19
562.783
611.803
331.146
807.827
347.128
348.195
358.206
363.82
601.854
842.777
417.222
683.111
309.085
182.583
182.697
275.413
595.293
726.782
357.388
734.888
345.371
175.968
173.449
193.17
348.184
725.917
426.94
848.022
404.55
113.051
121.048
162.043
522.983
867.833
489.451
642.032
309.96
217.943
266.79
336.854
545.106
686.555
353.944
630.276
298.688
282.733
357.506
477.8
507.22
650.821
347.284
703.695
404.164
198.94
189.436
295.006
637.46
738.427
432.373
858
416.361
259.372
298.888
350.081
667.004
902.045
494.728
1139.28
629.127
173.394
220.413
176.674
401.067
1086.18
769.823
769.645
481.698
183.869
154.885
109.071
348.75
740.222
565.783
1173.77
537.075
130.183
115.384
133.122
402.152
1142.49
684.128
841.245
323.079
143.867
126.591
137.505
412.394
849.081
417.027
820.794
416.133
133.458
143.249
163.83
370.394
806.807
505.85
1049.94
449.64
151.775
179.368
183.851
385.091
1033.69
579.979
518.112
343.297
205.362
183.822
209.871
381.9
522.606
382.786
807.673
375.363
205.139
170.952
212.146
518.624
827.835
445.644
722.388
472.796
292.43
279.466
341.352
629.54
756.647
486.129
570.131
345.318
210.257
240.781
317.596
594.539
624.06
385.73
642.257
322.55
191.266
174.554
339.224
619.159
682.556
365.872
421.446
265.665
169.381
209.253
286.535
494.089
465.125
286.604
633.823
288.408
210.516
252.758
360.093
600.223
673.071
338.968
539.457
244.347
152.28
178.358
261.929
547.513
579.312
280.566
832.424
316.992
168.607
168.32
229.329
586.41
864.437
391.161
840.777
396.125
231.42
280.594
261.717
529.548
859.446
464.889
659.854
269.274
145.299
205.751
198.317
469.673
687.303
331.722
824.108
404.677
170.238
255.381
227.06
543.419
851.979
475.694
826.02
370.786
114.772
134.741
221.043
648.866
878.939
444.593
709.188
329.104
237.113
196.881
398.043
634.268
739.753
387.27
606.209
451.526
213.577
228.851
205.691
307.713
561.134
517.194
849.778
467.417
188.374
267.417
197.449
303.408
814.706
567.072
888.222
428.648
188.693
255.199
185.837
308.526
864.647
536.327
778.068
396.137
165.249
183.998
174.603
347.981
774.146
474.569
695.684
311.458
104.668
96.917
136.577
370.112
702.107
384.411
854.638
402.063
126.666
165.544
161.657
319.16
837.234
505.94
898.693
356.726
140.26
242.506
182.237
394.901
898.438
466.652
631.47
321.984
198.804
240.221
257.624
592.442
677.46
346.836
595.025
299.901
229.169
249.872
335.884
657.945
643.584
327.676
660.867
395.31
233.126
163.039
298.619
572.813
692.98
434.965
565.382
320.898
272.715
241.495
373.021
518.591
583.522
349.681
600.223
288.777
172.807
197.405
306.309
579.992
636.056
331.85
495.178
332.731
202.864
222.869
304.449
593.65
540.955
353.749
607.783
399.928
248.71
181.273
368.683
714.339
665.327
411.465
590.817
274.441
269.22
252.192
301.055
604.849
641.562
304.228
834.879
419.607
198.453
193.883
203.173
492.801
844.24
500.236
1080.78
424.149
214.977
256.284
274.969
537.886
1080.99
554.146
792.096
409.186
144.68
149.263
237.593
619.875
825.375
477.607
817.58
404.389
115.358
162.207
195.486
570.72
859.859
458.958
1035.34
388.143
180.217
191.417
222.853
666.934
1071.06
485.3
747.144
553.998
252.346
179.626
207.811
325.633
701.885
627.913
896.978
487.656
203.691
220.109
171.081
275.295
858.257
594.568
863.361
467.778
191.901
324.023
258.697
288.788
829.531
566.215
467.39
230.473
163.692
255.589
179.044
242.032
467.349
270.714
773.248
420.169
254.996
436.803
331.176
332.697
744.179
506.496
595.681
252.971
165.785
250.166
248.582
441.865
624.082
300.491
618.59
307.331
245.754
206.426
255.125
591.958
674.704
330.251
686.801
359.939
206.98
207.2
288.134
591.161
732.241
414.094
745.823
350.162
159.22
144.358
230.059
559.455
775.96
413.805
457.628
273.1
161.692
419.918
406.322
563.694
500.204
293.262
458.533
343.418
218.482
270.689
461.608
607.386
503.456
353.016
293.792
326.088
346.945
216.039
472.421
571.853
328.445
290.363
468.035
310.079
308.654
155.553
450.234
595.508
484.252
310.201
638.256
337.662
206.341
264.269
341.204
668.135
701.828
384.763
578.815
322.589
217.633
171.157
400.013
675.767
634.594
354.29
575.435
244.044
170.579
133.419
231.143
458.067
600.861
296.87
664.176
325.545
147.247
193.623
211.798
532.028
711.735
376.83
694.408
452.031
276.172
386.925
319.456
383.541
691.209
500.015
773.033
376.432
176.81
235.574
201.385
379.03
767.884
459.814
734.815
385.391
247.988
211.682
271.259
586.14
774.786
446.044
1070.03
488.963
203.252
145.206
154.327
404.503
1049.03
616.922
949.298
524.795
195.169
127.719
178.956
371.243
915.175
628.779
780.614
428.491
125.339
90.7889
119.471
264.967
744.182
524.99
949.571
430.999
259.084
302.729
201.13
395.331
942.285
535.832
892.802
397.608
98.1994
75.7006
76.1438
316.593
877.529
506.039
705.909
288.511
172.563
143.622
146.625
381.368
718.893
360.167
631.311
293.706
217.231
332.344
309.642
463.534
663.226
348.941
472.183
303.243
168.985
172.16
339.362
580.232
519.439
317.047
425.729
321.538
340.467
173.473
428.312
597.108
469.541
297.72
383.929
374.338
237.582
207.958
321.348
487.735
407.281
385.441
461.066
431.487
214.592
251.776
442.591
692.23
509.682
445.463
513.385
321.304
279.025
172.697
249.981
470.955
543.774
343.156
436.084
338.339
254.511
298.513
482.643
666.185
484.84
363.489
666.972
336.027
131.195
131.956
206.164
451.908
684.661
401.901
606.075
364.135
257.105
217.558
333.185
671.46
655.718
377.733
643.8
341.016
191.833
241.43
287.264
581.833
690.188
392.846
765.075
357.712
214.764
179.81
264.843
606.064
807.726
425.435
758.81
281.325
186.356
182.088
272.804
584.864
795.3
352.871
737.289
420.886
244.056
307.494
294.875
624.805
764.636
456.789
857.188
449.736
195.081
156.768
353.882
761.026
898.35
498.786
