756.814
928.323
554.223
224.644
271.095
378.553
679.145
958.525
843.391
1014.22
572.109
254.36
286.992
421.013
753.128
1054.56
734.168
1073.98
804.74
281.682
366.736
471.349
648.773
1056.26
622.222
956.066
737.85
367.872
311.242
409.734
548.18
935.495
508.002
874.263
808.147
403.943
362.838
424.993
452.874
831.603
375.232
727.363
801.084
489.41
393.966
383.238
329.091
665.894
339.971
593.387
691.52
517.222
298.152
340.161
317.561
548.036
200.139
460.657
783.597
753.904
403.593
272.88
182.603
399.433
216.487
317.267
653.644
916.338
405.616
209.606
221.619
275.934
117.902
162.939
572.016
970.076
539.241
170.982
119.063
140.277
144.335
144.31
387.531
943.882
727.369
208.261
140.884
139.35
213.257
229.997
389.609
936.04
777.814
337.852
211.593
217.391
359.978
292.852
354.671
744.75
545.805
349.481
351.172
301.793
357.569
296.78
442.66
578.498
832.801
572.814
366.079
277.953
510.312
427.267
378.55
455.147
803.928
884.176
575.3
440.739
476.935
450.229
386.377
314.189
627.759
881.529
542.099
449.339
551.846
424.378
250.475
191.679
326.369
643.87
546.641
448.05
365.395
320.471
254.476
216.027
279.99
348.771
374.938
319.058
485.004
348.062
255.518
219.728
365.68
655.022
531.52
381.849
434.243
333.117
241.865
199.254
301.41
655.506
495.649
325.015
891.975
930.273
437.289
180.004
214.875
390.617
795.047
968.66
806.357
1021.27
584.502
209.747
250.4
404.216
711.708
1038.4
681.378
991.546
615.027
281.391
272.499
410.745
595.762
986.993
601.007
938.384
659.601
280.637
276.203
420.555
525.65
917.102
514.971
875.903
719.742
335.81
305.797
387.757
456.935
842.628
438.945
781.519
754.512
406.017
376.315
384.283
386.934
736.748
325.608
603.369
592.892
326.371
302.349
355.928
288.42
561.301
302.953
541.537
742.251
589.784
502.437
291.386
281.527
500.941
247.314
436.632
600.028
653.126
353.722
253.517
235.213
402.996
106.125
216.334
497.077
682.962
362.227
160.854
99.4169
182.777
171.67
173.787
472.578
1034.37
626.248
187.754
168.194
173.06
180.29
206.896
337.327
799.623
842.597
432.517
182.31
197.417
409.285
312.038
365.032
685.419
833.409
568.095
419.329
306.607
305.238
272.371
461.084
592.244
860.96
536.275
304.037
267.885
520.024
449.823
380.928
424.475
775.277
896.436
585.145
465.56
619.984
444.074
344.264
319.709
663.099
958.821
694.379
459.891
579.444
422.637
226.463
237.026
438.504
934.142
666.336
422.711
429.583
275.883
206.866
172.565
248.328
528.939
469.361
273.754
497.826
391.18
205.396
166.835
263.688
524.785
525.707
411.43
510.037
350.108
241.134
243.535
337.02
614.607
569.291
363.22
831.234
842.194
265.853
141.187
170.883
438.706
749.032
917.273
857.275
972.15
479.814
144.415
214.763
411.542
766.331
1008.2
814.96
940.389
565.829
205.574
260.517
362.076
725.4
977.997
723.616
852.369
540.754
214.966
271.643
387.65
653.327
882.596
655.631
832.469
534.131
298.627
266.807
387.665
590.868
840.27
404.893
721.113
753.081
397.637
358.385
379.798
356.665
677.078
350.41
627.337
723.961
455.099
339.156
275.821
308.534
582.985
317.357
515.02
592.69
429.23
280.545
232.876
280.49
487.159
171.919
472.43
761.773
634.918
325.225
267.177
162.546
403.341
209.359
214.829
550.788
812.983
433.747
164.744
214.805
197.216
171.994
174.979
371.166
976.944
559.376
181.914
171.219
172.567
196.275
188.064
366.413
796.187
753.428
356.848
199.195
187.301
268.989
246.592
490.28
601.045
897.239
590.92
295
231.192
397.547
397.456
462.644
504.721
798.683
743.311
434.557
400.822
530.359
459.776
372.01
396.168
675.009
907.866
599.773
467.951
640.525
451.569
391.098
304.788
623.152
928.394
711.506
479.527
607.273
454.632
284.754
234.281
579.714
983.905
692.728
454.078
467.867
304.701
218.439
146.746
338.779
705.245
531.395
306.787
495.573
345.782
284.41
212.092
309.968
664.608
555.101
353.565
567.598
527.513
227.164
251.944
336.629
504.114
555.474
574.39
1007.64
834.903
282.452
113.388
173.106
332.412
912.98
934.314
921.595
927.861
411.373
135.283
198.766
401.56
829.833
980.25
809.877
920.287
448.836
153.297
203.349
426.301
730.081
948.061
780.604
945.589
489.39
183.134
186.55
429.311
699.798
964.112
591.32
828.2
584.814
262.595
306.013
362.066
522.401
820.855
413.896
727.315
642.156
341.04
354.562
394.562
358.354
693.203
510.296
665.794
453.322
266.8
232.716
293.021
453.332
669.41
390.76
627.776
625.944
379.072
286.128
324.984
371.397
595.712
205.236
370.505
629.504
527.187
296.781
176.579
193.947
331.401
227.15
277.091
397.054
583.33
279.72
174.056
212.659
275.478
258.132
202.167
264.758
405.731
255.585
195.464
257.178
209.599
312.523
230.179
298.701
697.915
637.756
333.592
311.8
246.954
226.43
369.031
394.451
485.509
802.989
739.647
276.112
314.695
560.172
390.263
370.103
506.138
605.875
896.717
636.8
388.73
624.372
524.223
361.42
262.235
605.678
898.702
691.505
536.974
668.354
438.44
360.858
296.517
557.222
894.343
740.103
444.139
868.263
516.2
354.109
237.674
519.329
968.264
953.973
575.992
659.593
345.876
265.54
270.905
369.45
708.143
716.342
371.66
584.905
357.474
256.234
297.029
371.215
570.8
615.283
394.939
758.02
425.978
244.264
145.506
382.485
878.289
840.49
472.772
1066
796.793
282.175
68.4242
150.85
341.973
978.575
900.943
926.28
814.379
270.868
163.089
163.082
335.363
839.932
906.595
933.802
900.477
396.432
158.765
171.179
331.304
840.801
973.198
773.749
818.389
398.803
203.247
232.498
350.875
699.722
854.794
695.171
780.082
392.815
166.021
169.497
331.596
621.371
822.652
541.564
781.314
550.449
227.175
274.849
350.934
489.007
770.48
503.889
717.017
472.474
283.428
261.33
379.132
469.831
709.997
387.336
663.434
540.58
231.183
214.644
309.777
336.116
636.088
346.656
445.78
480.835
381.413
314.304
244.11
322.83
423.831
468.133
361.763
343.468
375.271
190.284
267.105
467.506
384.481
243.583
201.029
451.739
924.09
431.737
161.61
243.729
194.886
217.803
172.346
328.565
843.53
699.418
324.277
215.029
178.061
362.62
358.093
366.834
500.869
714.679
607.738
387.125
373.544
314.287
336.469
325.079
388.366
618.623
612.682
342.002
336.225
604.066
423.641
280.624
244.796
481.605
736.075
655.465
469.875
711.458
459.886
255.38
199.174
442.667
849.711
774.426
478.493
801.991
437.251
259.964
190.872
391.856
934.578
877.769
452.654
921.515
484.294
248.939
278.594
311.206
756.873
972.146
539.383
618.72
443.464
259.945
219.153
305.423
707.039
669.679
461.146
727.541
437.752
200.323
215.125
304.982
758.825
800.045
493.456
980.62
750.799
273.882
89.5525
105.262
250.115
896.648
845.981
897.518
860.638
315.496
143.325
176.36
375.587
810.156
940.69
866.484
860.716
326.91
154.841
187.921
349.508
776.622
936.343
818.971
786.231
350.7
260.064
185.182
344.895
739.993
858.556
631.918
664.836
266.749
211.698
216.386
329.463
564.293
714.581
501.998
645.788
382.397
170.014
234.079
309.974
477.908
657.786
510.725
658.33
385.029
217.99
196.725
343.004
462.812
667.828
422.854
531.762
527.107
362.649
262.306
227.69
377.494
526.494
297.215
484.887
557.365
388.323
322.839
286.408
285.599
459.787
270.595
392.943
524.829
550.542
301.541
225.242
251.461
359.603
233.691
357.463
667.413
702.239
366.404
272.312
228.378
318.335
179.33
209.217
357.717
798.513
744.923
320.561
193.256
198.237
344.948
253.686
389.341
465.271
698.75
543.85
363.729
247.663
601.216
472.987
379.038
404.645
664.151
868.182
666.888
488.154
668.095
500.367
288.065
245.948
542.484
931.136
739.458
516.471
916.617
437.625
243.299
108.995
367.346
863.518
970.794
505.011
878.567
435.754
261.873
378.1
370.597
785.115
951.101
499.481
931.538
518.476
313.029
290.849
440.587
929.328
1019.35
575.555
946.066
498.665
262.301
185.006
429.706
962.801
1032.81
544.384
843.394
356.254
179.983
241.35
480.221
874.722
912.698
387.991
1124.76
797.115
256.376
107.695
171.399
340.727
1036.42
922.28
970.935
886.978
368.369
136.628
192.244
345.745
880.967
970.161
884.355
793.951
267.28
84.1735
146.851
362.244
802.516
878.308
838.171
770.211
291.198
123.205
176.318
358.831
761.026
845.938
558.995
505.987
190.506
211.094
149.735
398.438
568.921
546.93
638.099
667.772
326.834
241.614
225.218
323.272
581.222
697.311
692.347
722.749
470.452
218.901
214.147
299.96
626.933
758.411
546.696
669.085
438.115
225.181
214.011
349.289
496.545
678.218
358.851
534.873
577.051
406.374
383.099
314.184
351.274
516.496
249.242
464.678
600.337
488.659
271.002
256.759
240.666
415.076
407.548
213.033
269.932
476.195
441.967
328.79
421.491
236.525
267.836
212.074
218.322
438.343
435.345
349.696
286.606
221.761
616.238
341.813
206.107
247.821
478.069
807.192
684.352
365.49
569.938
282.308
242.922
297.259
531.001
663.858
604.075
316.896
894.063
381.83
208.777
207.378
364.379
824.499
960.066
446.123
851.441
450.843
195.737
141.352
262.519
674.103
900.359
515.086
979.519
459.239
298.136
184.609
325.761
806.76
1045.58
520.561
982.832
473.504
209.7
126.131
284.788
812.721
1047.08
540.961
952.629
476.544
251.696
146.634
399.348
891.944
1032.14
539.281
861.737
368.07
292.8
291.479
372.926
776.598
930.915
421.843
1181.27
716.372
217.578
203.804
155.13
305.598
1103.83
860.72
1014.09
769.055
257.381
145.544
175.113
392.446
940.486
873.971
889.638
800.477
275.988
144.117
163.838
312.518
799.122
886.369
574.297
550.745
239.022
191.746
172.954
232.852
514.741
604.498
853.205
641.203
238.525
220.616
162.482
241.923
778.289
729.195
1040.63
634.379
230.657
132.454
183.901
321.063
987.59
738.43
860.683
775.761
339.684
174.602
168.741
365.596
788.765
848.427
665.628
740.245
361.566
243.143
219.548
368.282
602.579
769.518
625.836
703.709
457.5
254.703
226.638
285.72
563.568
731.246
435.003
628.782
587.204
293.99
278.266
323.494
387.976
596.967
237.633
256.238
518.62
702.359
380.854
228.057
240.914
233.959
416.807
332.019
336.026
486.403
420.701
293.463
410.91
348.316
431.32
328.25
255.271
299.205
393.881
363.896
427.12
358.528
657.707
353.621
215.896
236.22
352.598
637.636
695.184
388.149
816.417
465.303
291.185
151.733
416.554
864.596
895.399
519.914
930.42
481.787
164.855
88.448
239.171
793.098
1004.02
549.942
865.688
357.266
137.857
177.427
257.236
649.041
911.23
441.368
931.306
404.562
168.958
196.134
270.436
694.027
975.755
487.283
907.524
403.227
194.445
178.368
402.092
900.684
972.369
447.625
906.116
390.752
183.712
160.116
273.967
790.666
976.054
446.231
970.109
670.67
223.844
187.962
191.179
381.98
901.329
777.357
1064.46
800.616
307.787
196.585
163.083
363.896
993.067
897.502
939.688
620.045
196.725
154.969
155.894
284.722
868.892
726.647
1090.52
640.485
181.988
100.574
105.44
301.58
1017.01
781.694
826.91
668.569
238.515
275.996
242.627
317.15
752.816
756.265
860.031
649.266
241.12
132.127
155.609
331.846
803.13
734.181
877.233
720.823
251.608
170.08
132.616
308.407
806.294
810.094
940.722
802.439
349.084
175.802
212.392
436.419
875.412
865.946
612.45
644.752
347.389
269.527
244.196
293.697
555.304
674.455
418.276
615.759
635.052
471.805
490.5
397.944
396.338
597.698
225.802
450.864
640.363
723.603
344.683
223.042
198.434
403.05
408.009
272.839
252.745
226.882
260.316
419.274
425.889
285.111
399.802
294.482
378.684
312.941
362.602
360.875
405.949
303.841
480.143
345.249
286.913
226.692
341.346
458.81
492.796
353.9
544.815
388.844
296.084
185.676
372.563
613.493
574.058
399.678
1051.43
506.521
174.146
136.919
262.129
791.343
1108.08
602.87
1037.08
469.503
143.335
151.421
223.898
763.408
1098.6
554.752
961.658
371.892
164.081
123.303
152.764
561.196
996.4
457.644
834.933
464.15
248.419
203.493
301.568
755.646
902.026
521.102
723.87
431.589
197.998
259.829
291.979
675.885
779.69
476.495
1002.01
843.219
237.965
84.2524
133.609
416.246
913.343
948.846
1137.51
792.749
263.715
116.661
153.383
363.962
1056.64
905.608
1112.89
734.823
223.716
112.158
157.917
326.409
1034.32
860.223
924.822
584.081
240.651
188.729
229.083
257.787
859.938
683.163
859.838
692.022
211.484
197.935
175.735
360.856
782.23
785.977
1199.43
574.094
160.845
158.092
134.576
378.195
1167.36
716.008
1297.84
675.001
223.911
336.807
272.951
408.347
1243.75
833.74
1149.21
709.16
235.029
123.064
108.286
330.594
1087.27
828.675
896.827
669.532
286.412
179.636
200.976
289.962
830.917
744.827
542.445
560.932
341.649
286.277
235.81
308.7
498.161
595.287
300.492
320.775
384.815
469.84
294.083
246.391
295.92
324.638
366.206
278.66
504.144
523.867
631.53
389.321
377.685
263.94
738.371
281.786
274.884
315.418
331.835
447.199
754.884
355.925
731.854
336.797
294.371
303.212
333.939
511.586
744.911
387.18
813.811
419.973
230.15
179.344
322.894
644.076
839.816
475.335
794.512
330.512
202.926
180.687
264
596.125
836.065
403.54
1032.52
447.554
205.371
143.557
293.654
765.838
1086.75
534.598
1307.15
479.068
139.019
98.8458
181.438
639.858
1323.04
634.74
878.183
347.289
222.568
276.418
357.236
677.328
937.316
416.75
1073.09
423.635
161.337
165.678
284.878
705.645
1110.64
514.244
891.866
799.034
240.958
149.305
148.491
373.392
805.657
890.185
859.39
717.628
201.788
114.43
116.613
351.874
780.829
812.312
1233.64
754.754
201.445
132.72
129.318
383.135
1161.32
895.625
940.572
531.805
113.686
112.223
95.0304
283.569
877.568
652.016
1102.56
589.858
153.931
167.354
138.891
302.074
1043.61
729.452
1393.42
631.32
106.979
114.297
110.857
469.133
1358.58
808.948
771.622
446.071
205.08
216.992
159.631
263.078
734.28
532.197
869.626
576.07
194.898
165.144
187.545
296.096
812.724
663.672
823.946
624.206
346.872
289.926
215.076
270.74
768.248
700.37
719.986
656.107
316.699
228.723
201.904
289.376
661.595
715.803
476.71
482.231
387.041
344.796
254.575
271.014
439.531
505.81
541.039
363.143
329.716
433.929
424.596
432.471
549.103
387.206
790.716
396.115
243.789
272.893
288.301
576.878
817.065
473.131
595.95
385.353
320.633
288.562
412.639
572.48
598.772
428.099
840.364
442.546
198.19
189.27
271.537
627.746
871.427
505.59
1007.08
454.916
205.757
129.427
296.46
746.971
1043.09
527.609
1067.89
425.5
217.114
233.784
272.462
649.83
1101.48
526.258
1181.07
482.335
175.047
186.077
221.326
534.511
1189.39
612.566
1003.62
422.889
157.572
157.622
220.134
752.087
1069.23
501.883
899.28
400.986
299.707
278.644
343.902
561.729
928.318
462.25
897.994
695.393
183.854
124.483
143.92
366.211
822.422
792.017
1331.61
656.439
233.878
138.883
132.337
414.955
1286.38
815.997
960.216
685.561
197.332
219.286
158.74
285.647
885.557
789.115
1362.76
702.059
195.105
229.482
135.756
392.687
1302.34
873.948
945.016
386.379
109.649
227.745
116.579
209.859
899.632
506.581
1226.46
601.221
185.446
180.858
138.238
409.557
1182.67
755.024
869.307
436.264
126.71
134.32
115.079
282.672
838.45
536.062
1100.53
617.933
139.296
88.155
129.037
322.198
1040.12
754.596
896.872
585.505
204.389
240.365
151.195
347.169
849.532
685.915
1011.77
582.586
267.364
202.107
231.302
385.198
963.351
690.898
1114.62
542.639
265.702
236.183
197.139
384.278
1082.52
678.539
736.287
311.31
175.457
165.051
283.531
637.133
773.357
374.53
805.595
394.052
183.987
276.016
286.654
654.757
861.374
455.98
844.84
372.054
151.302
179.073
145.003
582.75
894.898
429.028
763.307
427.437
191.79
262.625
240.539
564.194
806.387
473.407
958.056
466.641
178.055
129.853
198.865
680.12
1006.3
548.671
1132.82
485.191
125.236
192.292
215.776
556.98
1142.09
607.21
866.954
387.212
214.456
269.807
305.427
655.711
919.516
439.274
907.156
367.351
215.813
320.854
361.998
657.846
947.138
449.755
962.367
447.628
240.213
238.94
303.695
733.192
1006.83
511.318
817.728
614.721
215.049
154.762
167.987
290.611
749.046
702.285
1090.38
671.723
158.779
144.545
145.911
307.72
1011.59
807.788
1245.72
699.165
199.832
179.585
138.944
359.896
1180.47
851.769
940.532
678.621
210.764
131.918
148.063
350.13
877.424
775.858
824.425
305.054
137.382
144.055
147.792
216.523
799.291
408.625
826.772
374.869
145.965
133.378
189.587
318.399
802.084
471.547
705.859
372.396
206.856
252.888
198.798
322.985
693.226
442.712
711.617
347.453
193.035
300.607
259.017
279.625
691.624
430.335
835.282
480.524
230.292
223.662
217.407
439.568
828.251
562.103
889.112
405.057
171.155
236.258
200.131
359.942
873.662
514.679
942.08
414.788
243.002
382.144
352.324
558.641
960.329
501.744
918.702
440.192
165.174
350.06
276.116
571.653
937.243
537.484
973.725
399.648
180.444
133.993
178.423
491.144
978.685
510.24
725.419
286.432
260.1
334.76
322.261
584.245
769.018
339.812
1187.04
453.878
110.225
124.322
152.368
529.071
1191.95
599.671
1000.03
492.694
175.696
137.092
183.464
546.097
1000.92
598.101
852.903
473.573
163.853
115.649
166.951
630.525
903.167
525.763
1057.28
444.179
230.731
379.27
301.693
463.312
1060.76
562.243
1010.55
407.57
208.676
317.422
255.598
550.421
1023.66
519.337
811.235
297.831
238.859
269.708
291.979
612.154
848.016
363.957
1362.81
777.773
154.514
115.73
148.764
388.717
1278.55
956.871
1276.15
664.729
156.353
117.186
141.986
376.292
1215.37
824.665
910.111
653.652
167.087
159.841
203.576
302.094
834.563
755.011
949.567
517.285
111.888
104.812
98.3624
230.214
888.718
640.048
840.393
285.284
124.044
183.184
146.532
301.533
831.54
389.554
1033.63
408.934
89.5337
126.731
155.619
396.86
1023.84
539.114
806.738
343.257
177.32
301.807
263.328
398.897
807.571
434.723
735.702
353.765
218.828
308.433
230.272
293.652
720.732
436.33
611.012
313.153
143.302
198.362
222.114
367.354
618.354
376.035
576.999
366.262
274.14
420.433
316.075
380.122
581.874
396.034
565.589
315.951
370.316
713.071
531.793
350.567
569.991
364.477
577.274
375.395
286.949
563.319
437.556
429.206
601.401
401.876
593.949
277.519
170.923
174.385
276.805
504.739
614.769
329.614
808.051
438.148
212.639
174.742
202.594
585.914
845.456
488.778
761.068
450.79
253.443
186.517
226.323
461.282
755.089
510.469
918.311
461.187
175.216
147.729
201.324
529.079
927.275
557.547
1120.08
459.088
137.676
120.881
199.015
656.393
1145.13
575.203
857.582
343.744
132.811
251.241
218.482
512.242
888.21
424.952
650.402
314.293
250.08
336.272
314.379
562.445
694.702
357.123
900.299
429.284
300.167
371.711
412.513
486.707
899.447
520.266
928.759
657.697
223.765
159.848
169.955
318.33
855.825
760.114
1372.21
701.309
154.553
145.721
171.76
405.947
1311.91
875.934
1527.44
723.537
125.926
71.4603
93.7607
498.776
1484.53
913.374
957.409
424.858
83.6326
141.602
128.392
275.134
922.212
547.105
862.501
369.869
144.868
154.709
140.173
317.516
847.848
465.021
1229.77
523.102
269.309
293.491
264.85
503.132
1212.91
674.505
1020.64
429.893
249.485
414.703
307.672
516.561
1025.68
540.665
479.501
359.497
198.57
305.668
323.025
345.982
461.38
402.514
769.019
738.153
358.22
331.183
250.797
489.536
728.321
802.306
779.625
311.486
156.869
179.164
321.344
632.783
811.534
383.766
760.114
351.354
219.462
228.937
278.928
608.356
800.199
410.946
806.196
323.092
200.322
222.985
306.948
639.02
850.296
387.637
655.954
315.529
191.643
272.364
261.051
498.771
694.178
364.632
712.808
365.836
250.175
250.988
228.1
458.596
727.197
421.508
670.431
399.376
222.016
170.944
237.503
404.042
666.339
462.405
593.123
522.934
301.725
211.547
231.583
542.793
629.762
529.69
841.836
356.668
216.916
468.556
334.132
469.848
853.605
441.235
801.356
370.656
223.187
308.323
320.826
601.597
842.247
433.915
648.972
312.61
263.672
421.426
466.019
479.386
681.786
358.877
793.945
477.139
268.367
306.052
295.845
515.844
799.479
536.08
1585.86
765.267
174.778
145.166
153.214
506.795
1531.8
967.206
949.337
591.316
198.755
118.774
121.282
310.039
881.079
698.552
1282.18
626.653
190.705
233.657
190.017
421.936
1237.85
789.739
1013.19
429.252
154.744
252.308
156.192
362.639
990.045
555.818
937.656
402.792
142.645
181.647
203.263
378.084
927.224
517.009
924.985
363.473
119.492
142.021
167.514
469.055
932.823
468.861
1230.63
507.286
170.118
232.984
195.938
488.168
1218.76
661.542
673.175
328.648
180.517
327.925
248.225
409.473
680.374
398.598
812.608
363.226
128.647
95.5036
152.033
537.983
846.731
431.933
768.324
327.969
222.859
304.028
304.179
594.209
805.965
397.196
866.409
448.202
233.751
173.74
259.518
600.583
891.841
516.071
917.198
388.403
291.197
318.421
358.367
722.226
962.178
472.148
774.884
380.482
202.371
192.569
263.231
577.179
809.962
439.755
967.846
401.754
224.758
205.195
281.182
628.105
990.966
484.515
706.617
293.141
219.388
243.307
293.734
629.518
763.418
344.763
837.844
498.091
194.36
237.494
207.409
521.396
855.752
561.089
1054.09
417.065
237.899
341.701
273.817
482.944
1051.64
546.277
873.402
404.137
257.64
322.704
359.279
572.68
890.401
467.678
833.661
378.102
177.889
307.156
351.293
401.246
829.945
470.547
643.595
373.138
263.541
373.451
306.146
519.217
679.723
410.145
983.149
680.101
200.624
178.239
170.11
313.509
907.105
791.981
1603.44
788.745
187.15
119.027
130.069
495.089
1542.91
985.158
1090.06
612.024
175.015
187.807
143.241
356.728
1038.14
741.37
1138.18
481.393
96.5167
73.2787
146.152
435.83
1117.07
622.371
1180.94
485.407
170.592
221.283
138.388
481.969
1173.67
629.221
796.08
396.735
156.582
191.003
181.295
408.539
793.197
482.996
1011.81
428.923
148.01
208.629
209.852
415.463
1007.72
546.227
578.025
367.57
210.915
245.4
288.565
604.975
621.214
393.37
799.196
334.717
157.624
194.436
229.646
601.947
840.644
404.953
716.465
342.102
275.271
388.151
339.21
572.207
753.579
407.267
578.326
362.593
209.671
259.604
369.873
691.416
631.064
376.222
642.822
386.76
194.333
167.663
322.164
688.839
690.002
413.379
483.928
284.312
291.539
236.986
401.2
541.517
505.159
303.551
853.738
433.899
241.771
224.713
302.54
728.547
889.09
487.017
768.375
374.302
164.086
158.975
283.842
623.682
814.453
434.265
835.092
385.378
156.192
162.613
263.044
695.758
896.573
455.379
861.586
404.3
145.977
194.84
260.742
686.369
915.728
477.725
935.736
459.374
186.738
212.373
274.884
620.686
966.692
539.546
964.409
406.542
236.833
238.252
285.115
548.292
975.533
502.444
993.332
429.024
202.439
144.829
276.505
652.107
1009.95
517.017
956.659
508.911
192.131
210.466
170.524
297.328
914.53
625.605
832.358
571.02
189.443
196.781
240.101
461.072
786.952
661.713
637.201
423.288
237.116
280.971
233.583
283.907
614.134
477.643
928.724
441.371
196.974
281.822
269.075
339.264
901.48
552.968
804.677
348.563
160.748
227.003
205.851
461.731
835.183
417.127
986.595
409.914
175.5
212.58
186.933
442.97
988.97
520.34
785.746
320.722
120.038
142.706
155.598
349.353
779.206
406.5
1000.44
374.377
134.743
255.817
252.509
563.891
1020.26
483.889
725.816
377.129
218.5
267.909
288.674
645.593
776.037
433.087
729.79
347.593
198.63
172.154
289.855
680.253
789.333
400.045
644.441
334.412
210.624
192.676
398.309
665.913
688.753
375.855
504.33
382.998
271.812
261.806
315.149
573.778
547.069
395.08
434.423
253.398
177.93
172.357
338.452
601.31
484.469
255.868
443.415
347.75
395.212
263.53
449.599
682.358
496.373
326.333
734.18
442.96
261.546
238.536
398.482
721.441
797.083
496.083
546.507
392.761
287.725
294.428
434.314
740.593
597.485
407.472
942.234
420.345
223.462
203.294
287.69
501.104
941.524
519.423
904.142
485.605
200.876
186.936
258.834
494.203
898.46
578.062
783.014
525.549
265.684
234.197
313.544
735.6
846.301
580.248
911.12
445.247
212.647
305.332
271.708
665.036
963.733
509.079
739.621
633.06
228.431
161.154
134.147
363.511
681.643
708.521
903.944
648.748
196.261
180.288
140.554
388.25
845.505
747.176
1018.91
646.596
210.752
162.914
122.167
327.377
954.741
764.51
993.007
538.699
206.369
302.15
279.095
312.296
950.904
652.07
827.078
367.386
132.147
121.207
111.172
317.215
813.239
467.596
1019.12
452.462
220.339
486.488
358.459
441.297
996.803
579.258
1001.97
402.293
139.852
173.503
175.787
460.663
1004.6
520.057
698.591
283.646
216.319
250.841
300.696
594.722
733.407
332.614
701.211
343.823
191.104
212.844
337.923
693.485
746.112
381.551
602.633
284.169
174.505
226.983
261.331
561.584
652.351
325.376
443.536
228.422
287.966
319.931
450.808
581.525
484.697
240.82
422.908
244.213
215.03
222.786
461.404
591.732
466.074
249.138
336.618
235.195
269.462
287.074
442.909
531.953
374.678
250.86
500.525
500.355
251.13
278.26
366.76
606.273
496.396
525.843
684.262
384.136
320.826
285.674
347.493
722.629
740.579
400.332
551.651
407.914
228.583
219.255
438.999
746.082
605.758
426.995
725.914
441.705
226.718
178.349
287.587
583.329
753.239
474.76
787.796
372.259
240.666
242.419
298.776
648.968
824.741
416.111
670.426
411.849
301.136
542.32
456.048
436.511
674.337
453.352
749.716
406.459
233.584
359.645
317.834
478.706
764.237
472.424
1348.85
643.274
186.198
152.515
201.32
459.797
1310.33
810.194
1360.77
617.582
120.812
130.12
137.623
479.496
1331.8
785.704
1329.52
651.988
156.707
168.482
187.118
431.863
1285.19
817.863
852.754
540.026
180.85
178.437
176.801
315.104
801.881
636.203
1001.05
433.558
169.743
232.559
133.866
380.835
995.182
549.578
692.165
410.913
135.56
134.604
127.001
304.249
672.268
483.947
523.338
309.03
249.014
190.664
237.715
433.984
533.9
338.514
822.613
423.984
270.098
231.386
286.26
600.063
855.123
456.415
406.531
268.648
330.189
395.111
379.514
446.055
431.133
275.406
424.616
312.66
372.962
399.442
497.409
588.692
465.517
319.344
534.996
340.518
297.186
277.426
454.441
553.689
555.115
344.695
512.273
291.525
317.257
349.14
593
680.407
556.688
318.932
311.95
360.765
265.791
393.788
331.114
438.902
328.876
343.483
592.232
393.255
246.926
313.641
443.003
729.4
642.871
422.038
627.656
442.832
218.47
204.679
299.794
377.326
607.584
494.769
579.271
330.409
324.4
250.721
511.893
726.014
639.808
353.234
678.253
404.509
241.934
201.34
359.655
710.444
726.123
426.128
878.335
408.895
177.822
190.894
246.013
637.929
907.172
473.078
868.924
344.561
253.395
275.247
401.641
709.809
913.524
418.217
940.518
415.401
204.845
248.429
365.277
828.845
1006.35
486.953
