861.54
991.309
509.006
177.125
216.411
410.323
769.569
1016.27
720.015
935.168
569.41
261.584
252.076
403.354
645.551
938.166
713.422
920.897
613.753
268.657
361.228
416.692
636.755
930.2
509.226
735.881
619.93
321.201
304.454
318.73
454.528
719.492
409.221
650.272
680.956
476.127
310.353
289.118
374.68
623.776
448.611
689.878
645.883
379.713
267.393
319.432
405.56
668.193
295.252
474.509
587.922
462.729
276.098
274.353
272.988
441.531
302.013
499.047
611.375
487.492
362.41
267.715
276.488
471.999
163.956
262.434
452.423
627.171
352.309
191.941
157.251
240.258
140.813
198.536
456.592
870.261
488.958
168.356
138.126
186.462
178.725
153.591
436.872
835.789
490.063
165.416
180.749
156.808
140.551
151.02
346.623
755.578
746.672
368.992
154.069
134.583
459.949
424.489
359.361
449.281
623.629
615.191
492.674
433.622
283.445
368.05
322.495
404.107
623.872
547.068
280.371
339.488
334.147
377.159
379.691
330.795
711.44
788.236
385.185
331.429
580.227
369.409
290.121
306.585
561.2
804.424
645.6
403.635
611.27
449.69
233.404
142.134
359.687
847.334
685.399
454.052
453.956
349.781
201.565
140.214
309.012
661.108
512.396
321.247
425.78
376.909
224.78
220.603
288.272
491.036
433.313
377.284
601.66
294.004
169.751
296.613
263.431
539.842
649.075
338.561
840.227
924.182
480.844
175.224
228.165
388.68
751.55
979.326
776.732
881.548
492.552
201.367
219.237
340.662
695.949
911.721
772.211
862.407
448.206
153.586
192.066
378.966
698.095
888.924
733.114
820.644
504.747
203.431
224.709
334.752
658.343
848.018
427.207
587.997
506.184
233.01
239.535
327.018
389.135
574.386
294.777
532.746
549.978
379.947
268.373
299.51
271.454
493.156
357.814
543.374
536.269
296.56
336.896
303.107
343.016
505.906
247.665
432.292
604.885
525.24
358.131
222.088
229.07
395.691
175.95
394.747
583.583
588.111
258.168
169.742
153.666
350.236
126.374
150.082
394.124
713.362
343.101
104.881
121.923
139.297
252.666
192.077
286.618
648.651
519.044
246.009
257.71
195.118
240.658
243.832
291.755
676.363
717.738
415.792
252.836
236.877
351.422
232.426
271.304
515.001
718.843
592.433
387.077
240.486
342.412
321.196
307.052
318.88
595.984
662.174
367.306
326.316
428.763
357.885
396.824
271.049
623.443
776.666
485.032
324.149
554.004
462.678
318.913
230.803
525.461
846.057
620.517
476.181
574.639
417.142
341.53
296.174
629.118
862.435
637.091
421.899
512.834
324.167
196.657
167.101
306.777
602.023
555.703
344.408
580.177
379.434
305.136
222.907
314.471
663.772
636.378
422.853
735.039
532.942
204.622
227.951
294.522
478.461
705.657
615.561
905.791
883.566
367.683
157.314
169.401
425.322
826.097
960.085
828.385
833.945
457.899
187.225
253.078
340.963
746.993
892.764
723.563
778.291
400.624
129.001
171.233
325.285
648.823
809.335
598.676
777.152
511.69
273.788
247.537
294.456
528.746
780.409
520.253
738.849
598.638
271.826
284.992
342.949
462.654
725.057
328.608
462.886
472.887
271.983
232.332
256.42
303.696
432.274
328.136
577.461
565.399
314.955
245.081
273.784
288.699
538.494
319.226
538.474
606.377
427.231
279.3
290.389
288.133
504.757
248.133
320.276
512.156
512.666
245.229
197.94
243.413
290.531
146.018
186.816
387.088
672.843
413.844
185.624
144.369
175.029
266.943
196.677
310.25
631.124
464.869
184.709
259.167
216.144
208.416
221.482
338.151
630.497
692.157
381.134
207.785
214.556
277.535
308.341
342.996
350.919
652.003
698.913
322.406
283.69
550.258
412.274
413.982
380.924
608.425
837.93
613.556
408.901
552.613
365.591
357.088
285.424
584.874
776.686
601.485
374.602
587.38
420.18
220.654
215.8
431.472
753.371
644.454
435.311
718.736
418.179
229.437
167.741
424.123
876.952
793.895
440.775
694.307
351.28
238.866
268.54
316.451
563.184
724.648
407.843
641.478
386.179
232.481
264.513
286.5
502.162
660.605
439.958
709.401
361.542
201.58
116.694
367.269
855.523
782.145
379.63
958.141
816.085
291.79
187.547
189.114
365.158
875.481
907.895
887.156
727.174
348.752
172.745
148.222
301.54
821.961
803.194
796.375
783.601
387.252
164.848
212.815
323.171
718.079
843.285
770.304
772.496
362.686
109.425
175.518
329.242
695.192
824.238
412.117
677.582
474.032
310.378
222.34
263.317
353.946
658.875
441.379
681.472
410.73
239.482
197.566
328.562
376.905
666.9
447.355
593.04
424.609
238.89
213.613
340.159
407.342
594.032
315.284
587.341
654.306
431.611
414.43
324.997
284.115
545.895
264.021
288.34
304.614
347.954
212.309
181.004
252.656
288.617
142.276
199.664
371.382
500.552
311.631
153.674
139.084
182.2
240.971
229.46
350.952
622.423
380.823
178.478
235.054
237.556
222.585
135.136
253.958
498.801
514.822
263.383
222.405
142.46
260.963
190.15
334.685
514.73
742.537
496.203
282.082
200.916
519.561
356.884
272.837
307.156
387.469
552.186
541.462
380.595
409.997
350.528
290.095
206.805
468.488
719.552
466.203
344.621
602.899
338.97
306.653
238.36
490.354
770.954
670.326
362.171
795.751
376.772
212.613
147.215
388.894
828.607
869.952
421.854
885.135
367.768
290.574
247.041
302.891
591.005
905.297
440.072
597.12
450.92
230.972
192.839
246.213
613.291
632.166
477.908
749.275
423.572
197.35
259.644
304.96
746.082
820.009
479.56
917.468
853.591
280.986
117.602
136.458
382.814
830.735
942.107
833.971
797.762
331.599
92.8393
137.477
326.31
755.002
864.789
775.161
747.855
326.93
206.317
173.231
276.964
694.183
813.989
643.119
636.557
277.592
258.052
198.59
299.978
582.236
692.917
621.258
761.449
367.248
136.424
183.09
332.763
560.148
791.156
428.376
679.984
376.875
213.904
200.58
303.853
369.522
668.149
564.319
631.259
439.032
255.203
214.607
215.503
505.606
647.33
392.501
349.161
391.873
304.79
210.264
206.783
364.633
363.379
295.162
404.064
481.401
474.388
277.459
253.212
284.527
385.21
249.621
353.57
535.711
448.813
318.759
220.229
244.86
326.447
162.218
177.329
441.598
753.135
440.717
134.95
155.846
172.392
215.686
178.552
325.276
752.65
713.228
311.589
210.385
186.077
483.231
377.712
210.131
352.394
514.635
432.458
474.518
413.064
635.755
299.018
216.537
254.19
498.922
712.739
678.827
350.086
715.073
412.462
211.252
226.541
373.543
771.524
774.663
443.544
844.163
411.983
174.957
150.83
258.686
642.859
884.653
480.066
856.4
355.894
206.582
245.036
256.109
615.966
888.438
431.337
758.038
486.155
255.745
233.471
394.472
841.775
825.412
498.839
934.02
505.503
246.149
140.296
369.097
913.522
1001.2
540.26
859.773
313.116
166.247
256.269
423.185
744.118
908.544
377.312
883.577
745.799
264.068
68.4193
129.508
293.042
803.572
832.767
848.995
719.208
222.061
134.434
127.092
350.248
781.172
804.236
751.568
659.019
267.234
150.485
136.995
292.949
689.99
725.42
741.666
721.21
271.264
158.303
150.777
360.703
674.822
788.81
656.899
655.838
283.362
135.749
185.515
462.93
670.996
692.381
536.422
563.75
396.177
198.76
224.998
273.723
487.657
587.75
598.436
623.764
398.873
220.736
215.398
330.29
558.866
647.243
377.733
423.627
354.263
318.093
287.694
300.596
365.376
424.666
239.946
407.714
442.616
330.593
266.502
174.464
211.383
380.276
282.936
397.524
539.876
530.437
338.573
226.56
265.451
374.956
340.831
350.82
514.442
651.092
362.253
310.146
331.309
343.672
254.266
199.624
216.345
467.797
455.863
358.171
273.27
202.733
573.567
295.52
369.132
361.033
526.28
592.465
592.088
319.542
683.814
357.42
269.839
246.769
496.584
742.982
733.321
384.11
869.096
412.814
187.429
148.296
295.247
748.612
932.566
480.898
745.587
299.459
209.151
198.093
253.232
557.827
778.317
351.552
1024.89
434.621
222.975
156.512
288.082
748.118
1062.85
517.7
770.476
383.425
256.721
136.495
316.074
754.432
836.173
429.211
778.284
387.58
243.022
136.046
357.736
802.13
849.444
425.271
786.423
330.265
261.451
265.979
348.771
722.086
849.898
375.509
824.444
754.669
237.87
155.341
171.817
374.95
747.757
837.549
714.375
671.889
240.22
172.014
124.853
327.531
652.653
739.409
727.278
633.876
221.001
128.746
144.007
268.644
659.854
706.982
482.022
432.704
212.398
212.792
215.91
225.51
433.485
480.352
819.103
591.971
207.403
110.374
135.28
252.185
755.307
675.198
899.396
699.565
319.08
230.215
215.46
378.973
844.79
783.734
675.858
675.229
338.946
156.027
163.959
305.02
617.313
710.166
568.603
703.609
399.586
266.813
203.422
424.612
520.464
717.346
385.763
555.07
556.389
348.14
254.658
279.451
364.792
536.997
244.926
409.441
581.507
588.596
288.312
215.367
229.285
384.468
402.123
347.715
501.585
574.19
358.159
280.202
399.401
353.659
349.597
295.78
236.085
422.976
431.069
331.051
344.031
311.486
803.61
334.583
211.595
205.339
279.029
501.22
817.27
420.836
657.976
373.298
295.357
281.554
326.181
485.738
659.276
422.301
816.918
474.76
298.371
144.963
395.005
842.651
888.902
525.558
830.397
377.865
162.037
122.234
247.049
589.785
860.625
453.062
740.187
432.426
220.409
107.815
279.61
701.111
781.05
464.778
817.954
361.409
189.982
257.535
281.495
619.447
862.951
428.145
850.11
394.367
256.925
155.62
409.431
821.85
922.342
457.434
886.682
421.284
187.005
129.634
250.044
737.843
954.687
480.765
926.881
706.068
225.307
165.723
129.061
337.846
862.124
804.15
882.99
634.643
210.133
98.887
132.316
281.971
823.446
727.337
838.53
707.437
227.188
121.59
171.511
309.874
762.889
791.599
819.033
499.975
176.806
172.572
175.351
252.132
761.724
599.917
733.514
615.651
225.105
163.965
145.931
295.535
670.1
690.388
811.694
612.722
242.385
207.405
208.317
319.115
760.872
694.572
711.17
674.477
409.334
244.627
254.668
333.975
661.199
707.566
725.527
636.037
274.156
187.301
149.576
277.134
666.163
702.191
505.304
605.327
531.496
404.564
339.749
301.492
460.675
606.409
328.913
486.805
502.702
414.077
208.094
233.212
296.207
464.774
271.245
329.91
565.269
817.256
455.781
253.546
265.454
320.023
306.009
302.44
247.991
398.051
364.245
363.573
304.495
309.843
289.056
253.862
174.252
241.219
270.378
307.061
283.529
267.009
700.188
326.663
234.288
224.11
341.999
569.474
723.856
392.936
1009.8
379.05
114.477
186.681
197.929
620.581
1046.51
478.796
839.248
338.679
179.948
125.914
251.849
657.023
892.668
410.762
1052.06
426.83
134.149
129.95
260.821
654.306
1064.94
533.279
1082.65
423.475
186.423
143.922
272.287
544.945
1090.7
542.258
727.199
353.188
225.184
225.149
304.035
689.078
780.806
405.148
687.864
338.079
279.038
192.988
321.855
706.484
745.794
348.89
1031.87
595.629
222.291
242.763
253.716
385.177
987.853
703.336
962.385
707.326
272.463
203.709
198.813
370.188
895.593
789.106
772.138
547.762
201.702
137.126
155.999
259.932
710.638
632.627
834.379
508.854
196.803
180.222
204.312
329.961
778.289
615.284
861.469
573.032
242.837
206.767
146.966
291.514
816.372
655.619
965.399
605.449
247.897
233.073
172.197
314.217
917.143
698.468
870.833
711.469
281.645
230.616
163.668
291.248
804.817
795.513
661.096
669.886
343.675
194.297
168.322
269.345
598.335
715.899
603.055
691.252
427.244
259.064
170.733
381.488
553.549
706.563
430.891
633.427
586.23
395.366
258.032
364.349
410.691
615.664
248.909
188.36
333.439
549.967
341.003
199.04
251.721
190.118
405.004
326.967
302.748
300.377
361.487
433.157
421.205
356.168
590.085
335.461
296.833
258.723
305.31
460.33
594.636
360.514
486.809
523.668
325.231
305.113
364.85
508.15
483.594
537.798
824.278
410.701
136.051
140.869
254.762
501.94
814.096
516.262
840.543
389.731
190.867
140.653
259.464
647.854
885.257
462.452
899.418
416.488
165.767
121.815
216.349
628.562
936.414
494.126
832.653
368.01
108.311
65.59
119.952
562.405
877.451
436.052
929.958
355.071
191.578
218.947
235.996
578.814
968.165
439.465
1069.72
425.348
109.116
152.677
157.005
579.146
1089.58
544.312
873.539
579.26
225.487
191.509
183.099
338.921
832.353
668.26
1074.68
649.22
201.545
98.0647
154.223
345.99
1019.76
765.834
1158.63
653.704
155.781
123.55
140.751
337.616
1095.9
798.835
891.549
578.842
167.077
194.41
236.647
299.53
824.429
682.457
719.206
493.362
222.489
144.966
134.177
394.752
702.699
543.211
942.11
522.277
173.99
109.185
138.367
323.371
904.2
629.779
875.424
538.576
184.802
243.991
162.014
269.419
828.568
636.861
799.072
585.218
219.906
138.25
195.411
354.116
750.697
656.039
809.449
658.519
293.017
110.923
154.726
352.823
758.977
716.36
489.377
424.9
329.269
339.662
352.294
361.373
484.379
438.5
334.65
429.179
378.786
430.29
289.326
328.784
314.828
421.644
298.696
287.39
217.621
240.95
318.518
441.711
322.257
296.263
494.01
347.614
222.488
333.471
273.35
523.299
530.933
362.442
552.208
290.154
158.982
167.812
251.621
494.229
574.045
330.706
564.099
379.946
199.422
156.407
239.768
556.976
602.198
404.8
843.75
334.427
161.936
175.275
249.1
496.572
854.396
426.088
942.929
462.867
176.718
209.538
216.761
557.22
962.688
550.082
1141.2
407.264
113.436
102.271
153.201
565.154
1166.5
539.401
976.769
383.862
160.371
130.289
202.87
639.462
1015.02
469.763
752.39
338.199
266.621
268.732
269.577
471.576
773.315
397.758
649.135
489.084
231.568
142.844
209.322
318.212
616.606
546.732
909.151
627.674
208.223
213.261
172.127
339.238
843.551
730.404
847.839
645.932
228.058
138.313
179.394
298.115
780.522
732.111
1081.33
563.199
115.084
81.7998
85.5563
322.147
1032.68
698.792
1227.88
601.59
106.796
113.766
111.307
398.565
1182.71
759.606
722.617
437.186
151.803
171.989
152.275
289.602
692.305
516.839
811.011
487.892
139.38
150.103
173.085
287.377
766.186
578.913
997.377
522.12
182.731
182.508
136.308
302.458
953.873
646.884
811.001
536.307
227.083
301.607
232.508
309.568
761.469
618.066
636.194
541.27
242.764
195.955
153.56
256.141
589.465
598.534
430.866
425.826
339.303
411.642
397.468
329.158
410.356
442.234
680.913
464.361
234.21
223.932
398.467
648.119
707.342
492.888
666.649
346.553
238.045
441.159
288.65
509.131
703.642
386.295
608.823
401.313
220.016
191.321
271.305
640.986
654.226
424.445
796.306
406.212
141.699
120.787
164.273
444.232
801.543
490.925
1041.19
426.431
132.531
109.573
168.839
509.787
1041.67
541.589
1068.1
384.174
184.966
197.904
242.463
586.451
1091.72
504.039
931.916
421.543
227.012
209.893
288.842
545.435
951.781
498.497
844.114
355.138
169.199
161.518
166.457
510.858
868.585
437.364
903.104
392.647
235.564
313.526
232.066
614.626
944.464
478.589
845.837
509.556
166.116
174.736
103.203
298.771
795.348
613.814
1261.36
603.367
110.01
142.339
116.181
406.186
1221.51
761.77
914.603
527.449
138.954
138.492
156.96
287.403
862.691
635.676
616.524
390.376
172.916
210.78
179.462
251.945
592.893
454.769
1188.55
543.619
102.23
106.042
101.291
410.59
1158.98
692.785
683.088
351.362
263.751
362.85
209.124
234.756
655.706
428.122
1048.18
467.37
124.279
212.559
135.121
381.388
1027.09
598.788
802.108
521.161
163.226
133.008
164.761
304.367
752.98
612.497
767.924
417.026
149.616
187.721
218.805
362.242
751.946
495.857
903.893
478.755
164.97
165.3
161.423
300.819
871.357
583.931
1018.45
458.99
189.483
195.351
200.061
478.027
1011.75
569.488
706.319
312.137
149.685
166.968
216.287
519.364
738.321
381.414
753.283
351.594
234.104
341.521
268.771
529.634
774.816
409.391
868.492
349.88
251.667
229.178
276.353
473.751
880.629
437.21
778.833
348.141
185.298
299.982
233.403
421.667
785.888
434.259
697.315
282.681
115.916
152.097
172.766
493.641
735.382
347.805
719.853
311.779
160.118
128.676
209.384
451.459
737.707
382.065
849.178
380.821
180.301
210.005
258.556
598.725
887.635
453.491
719.667
385.037
162.359
163.982
236.595
600.766
776.339
432.857
816.4
387.562
251.028
235.033
276.077
587.61
849.1
454.868
931.334
529.105
146.321
96.0753
139.56
242.887
874.39
636.424
1018.77
563.854
132.586
144.599
162.482
341.27
969.128
690.004
944.494
511.032
150.287
168.241
121.69
324.48
902.638
626.143
583.324
407.498
161.732
115.357
163.064
195.53
533.677
472.28
1139.98
480.066
92.3206
92.0972
100.261
417.16
1123.38
623.12
565.845
320.539
223.008
230.574
191.102
227.006
546.659
368.15
680.507
363.806
308.25
443.383
384.983
327.298
672.434
410.645
580.051
337.78
144.467
190.289
167.656
256.27
567.043
397.528
697.852
366.092
204.587
254.07
253.166
305.965
682.521
438.015
589.277
321.444
168.964
228.617
172.376
309.628
589.491
374.564
671.208
335.505
160.089
305.447
270.91
490.365
696.777
396.887
709.545
285.952
222.88
329.717
279.356
470.812
728.893
360.007
806.574
403.602
200.019
212.418
226.783
529.069
830.711
475.287
822.264
344.081
186.723
196.386
177.504
497.084
847.437
412.16
863.252
348.678
117.704
129.538
192.007
509.217
883.167
444.951
937.777
412.36
172.218
163.318
204.468
375.593
920.384
527.792
897.972
395.978
221.017
219.603
193.055
448.39
903.209
484.472
900.514
391.826
202.25
262.047
264.687
516.68
924.176
465.432
951.027
446.631
245.44
296.641
235.647
345.589
925.957
561.098
892.369
437.737
297.578
464.847
343.334
550.118
903.886
499.312
1110.5
611.228
173.762
164.413
178.733
338.291
1056.36
750.497
848.36
507.873
200.03
181.581
140.101
281.477
790.204
604.064
853.002
570.402
180.716
150.138
190.893
303.964
800.583
658.093
1086.51
486.173
97.3964
93.2312
138.152
399.665
1065.93
619.974
1223.22
493.546
104.185
132.836
115.016
492.531
1221.06
642.982
721.649
275.94
146.737
159.495
175.718
394.041
736.396
343.972
816.744
317.937
182.737
326.648
219.801
413.535
828.505
403.876
774.383
481.712
163.496
140.38
149.206
324.523
748.388
564.336
413.968
228.963
215.425
232.991
214.509
270.043
412.125
264.274
461.128
298.54
234.941
341.22
326.835
284.6
457.158
331.933
457.591
290.783
305.811
501.252
348.791
264.531
455.686
321.697
562.129
346.773
302.719
461.309
298.09
293.41
557.945
390.792
509.955
267.088
212.269
280.297
258.978
376.21
532.469
300.238
474.838
245.271
198.217
176.806
183.265
413.358
505.576
258.387
1090.12
489.661
194.989
236.299
164.702
375.356
1067.96
622.291
808.886
403.212
133.612
169.102
186.301
499.634
824.675
485.1
799.515
330.058
101.724
105.088
131.829
507.891
830.557
410.323
663.961
357.929
228.156
392.407
300.972
430.789
682.152
408.438
818.757
385.828
207.359
305.738
345.556
573.062
850.371
453.155
663.045
424.212
298.234
332.21
413.787
636.678
689.762
455.943
1053.45
605.201
171.736
197.477
168.595
324.402
994.275
731.401
1212.04
617.715
147.815
121.053
139.363
391.701
1162.28
771.147
830.961
374.208
166.506
111.219
163.727
354.758
815.084
455.603
1131.65
568.227
112.91
108.041
88.0692
354.536
1088.18
709.721
990.315
409.57
158.58
193.203
176.872
417.226
987.698
526.408
1160.37
456.105
134.613
150.619
132.967
479.959
1158.67
600.428
815.232
357.198
224.935
265.372
242.275
340.361
808.995
452.011
553.787
321.706
206.354
303.842
244.417
300.137
542.266
368.371
607.929
372.123
344.748
313.383
251.207
420.457
620.358
399.308
679.838
287.842
183.202
213.486
279.647
530.025
710.236
354.758
691.667
304.455
239.619
193.953
256.639
527.366
717.419
365.919
703.5
368.365
173.73
274.428
276.326
486.207
722.47
432.028
590.364
369.115
212.834
253.764
255.046
558.119
623.239
393.006
499.06
246.608
155.932
262.87
280.899
374.128
518.044
288.702
494.737
325.92
237.821
299.976
257.392
292.212
496.084
367.289
797.007
407.45
240.312
198.724
198.586
541.51
816.777
473.225
897.613
386.335
270.764
424.452
330.911
401.141
894.167
489
771.717
311.737
167.353
217.601
208.928
380.802
771.576
403.581
663.014
350.952
198.69
227.447
298.555
558.747
709.766
390.571
926.858
563.273
251.932
363.815
300.88
596.763
945.532
637.613
695.304
478.593
188.592
309.991
199.66
280.398
646.537
558.856
1038.67
539.044
124.705
141.329
101.282
327.144
995.014
667.043
689.601
311.823
117.944
253.274
233.258
275.527
666.802
399.504
1069.37
480.334
195.781
308.444
223.959
414.492
1050.82
604.332
675.14
315.413
201.635
290.024
283.029
352.912
674.444
386.495
1065.6
441.225
180.615
210.417
195.495
468.289
1068.87
563.048
963.97
425.879
131.13
260.372
168.15
419.254
956.462
537.395
734.255
369.72
186.762
304.732
340.166
559.766
767.652
428.025
723.594
284.147
146.118
125.626
158.389
456.063
749.466
358.476
831.402
351.493
186.105
227.123
218.363
451.336
837.159
441.883
686.576
294.637
157.93
218.163
236.265
506.957
716.861
360.221
702.259
308.203
208.093
395.471
342.355
526.782
726.233
372.199
643.503
319.283
205.097
248.85
239.723
475.633
658.904
371.128
673.27
354.158
217.989
150.908
309.512
550.087
704.332
409.098
804.04
360.716
175.966
100.712
193.433
547.347
826.532
430.642
652.984
319.446
217.735
149.882
240.578
417.381
666.16
373.3
757.285
372.602
160.096
188.909
209.462
443.541
766.101
451.99
842.448
355.546
144.087
208.932
312.427
586.125
875.766
425.182
1005.64
440.493
223.894
220.948
312.243
459.107
988.462
558.255
835.403
467.356
184.275
227.06
161.174
534.289
865.415
542.001
1270.15
641.193
193.726
229.644
236.334
421.912
1227.42
797.207
898.685
464.725
153.177
140.399
133.174
308.596
869.159
557.469
966.321
495.034
138.401
115.397
107.41
313.701
926.903
615.49
1295.24
537.459
92.9472
77.8349
81.5426
490.251
1278.75
701.604
725.601
351.937
220.813
239.559
223.58
313.979
719.854
413.762
719.689
334.885
145.827
141.916
205.788
377.791
728.824
404.8
774.592
395.768
213.285
242.345
209.118
331.048
763.636
475.837
717.163
341.711
177.961
145.229
214.747
601.401
770.111
390.177
760.426
348.007
201.086
163.653
241.415
584.783
801.17
409.634
531.585
277.702
174.668
265.85
282.482
476.79
559.563
309.289
568.677
265.758
232.428
372.931
342.223
511.493
602.971
313.565
559.48
227.98
158.573
161.061
320.399
530.195
598.898
274.36
606.696
332.07
181.849
278.385
323.227
617.524
646.317
373.332
645.069
312.306
273.25
333.135
312.187
597.057
694.298
353.878
673.888
307.799
187.178
174.866
217.607
509.613
703.297
346.721
1042.77
489.765
381.488
396.292
403.522
603.081
1047.44
582.987
995.116
447.794
225.035
158.73
259.041
686.237
1029.02
526.935
766.279
388.604
314.166
395.38
397.52
582.225
802.647
438.795
935.408
451.52
121.531
179.351
222.587
573.371
953.838
550.069
1038.2
448.874
135.933
241.8
158.115
415.711
1029.21
571.844
439.54
234.579
185.587
346.631
252.869
218.952
429.724
271.838
624.422
279.474
178.383
265.939
217.469
305.27
620.064
348.019
625.959
318.068
193.343
328.904
269.857
278.146
612.598
382.022
600.145
379.091
177.505
296.535
287.576
347.033
591.563
443.436
1083.82
447.014
178.547
229.794
178.307
450.456
1084.43
570.441
888.602
432.264
142.294
173.378
173.049
475.96
894.241
522.382
936.602
405.597
142.176
145.835
146.567
480.362
943.487
503.626
750.739
319.975
202.951
342.659
287.053
511.13
774.967
395.487
567.146
272.74
228.094
270.372
378.975
598.336
616.036
313.01
548.727
308.887
167.617
162.292
285.057
612.635
597.138
322.958
620.111
320.907
192.711
187.159
360.69
632.893
662.387
351.899
666.809
330.472
188.101
190.966
218.505
542.805
711.523
376.799
531.327
272.65
220.784
270.93
361.435
576.28
572.098
291.162
526.99
398.874
271.91
281.572
345.535
574.703
561.701
409.798
558.374
305.245
228.252
162.052
274.276
575.275
596.746
315.641
397.572
217.506
189.921
371.783
356.414
336.912
403.259
248.055
897.666
378.446
134.327
224.66
276.338
612.928
929.321
473.506
729.056
401.645
235.739
333.626
231.878
304.392
706.083
481.775
685.967
542.267
287.918
244.285
337.896
662.725
728.142
556.679
849.804
461.722
144.897
125.55
215.629
693.07
910.992
518.991
1051.85
585.611
125.422
70.9239
87.3294
308.29
997.751
715.54
1013.71
603.903
221.537
152.857
154.587
326.659
965.527
704.489
933.974
558.613
176.079
124.132
127.034
311.392
882.892
666.464
772.783
356.361
174.789
197.045
173.565
233.468
732.354
452.003
688.04
296.32
283.574
336.681
318.807
263.381
671.297
368.146
764.38
301.994
148.34
237.005
223.315
401.93
769.825
389.649
696.828
315.132
194.118
336.439
292.674
473.985
720.028
370.342
664.196
281.699
185.209
132.452
246.164
593.063
709.685
311.993
662.492
284.631
180.174
158.695
358.103
598.522
706.198
334.26
509.629
432.091
288.291
410.658
347.993
526.876
537.37
443.379
450.214
396.947
281.323
372.283
319.656
543.507
487.446
400.546
350.881
320.273
256.852
259.447
388.34
500.571
383.822
329.576
386.422
379.285
230.303
245.561
342.487
540.493
417.403
388.442
475.373
412.677
247.453
278.342
395.108
571.667
468.552
442.666
690.572
424.893
257.802
303.719
326.798
658.508
738.881
467.059
501.081
450.929
219.483
218.3
355.12
607.167
533.277
467.89
602.545
331.279
170.314
244.306
187.425
465.06
636.901
380.081
585.208
377.316
202.809
151.325
262.522
572.864
633.192
416.554
460.64
350.457
298.055
287.226
344.656
478.16
487.951
354.972
783.852
340.141
216.02
260.78
207.9
316.071
775.739
433.484
887.218
544.015
219.765
159.024
174.527
295.266
834.893
642.815
984.446
542.809
148.127
102.755
154.575
402.65
955.948
651.581
734.829
459.433
159.477
153.272
156.802
300.051
697.213
538.321
843.024
406.969
171.533
87.1206
125.232
319.964
819.158
499.806
741.144
262.698
133.541
135.34
86.7959
213.407
725.108
347.932
533.569
294.803
162.895
139.583
143.468
268.751
531.168
346.67
631.484
342.082
165.384
126.704
269.855
559.756
656.967
391.949
605.071
408.538
257.517
357.672
331.019
556.598
638.636
417.436
332.567
234.494
262.984
250.466
329.186
516.541
376.208
228.202
371.82
297.23
274.115
215.676
399.706
614.075
412.807
288.701
472.255
277.809
297.584
254.206
473.332
667.994
522.381
292.571
603.082
448.662
195.936
167.682
371.975
721.798
654.17
471.811
323.251
273.551
149.396
174.608
184.037
350.5
326.974
291.578
478.403
409.415
265.801
297.733
334.101
574.96
507.745
419.769
493.432
303.155
186.885
119.241
212.876
401.368
519.232
332.305
467.633
382.883
240.308
292.043
380.811
584.695
507.914
391.096
392.405
254.584
217.355
257.61
287.31
426.446
421.861
277.121
674.919
397.841
212.746
153.866
279.011
633.814
725.33
447.297
831.431
487.305
241.189
207.301
241.48
545.394
846.303
538.66
909.371
352.881
156.071
160.547
225.099
613.945
935.66
442.475
