321.253
326.042
228.445
215.907
176.786
219.994
317.64
330.246
432.834
520.752
328.735
213.596
230.849
271.683
395.907
532.483
366.944
609.687
468.997
174.3
236.174
325.211
332.309
585.949
373.118
556.836
468.506
258.664
219.961
334.327
361.752
526.412
299.574
515.995
589.958
364.039
339.022
435.543
303.121
462.445
230.694
359.868
516.479
454.521
320.917
234.751
222.014
326.382
411.756
501.299
577.353
516.763
258.837
251.42
389.822
488.035
309.788
389.535
625.633
643.73
315.084
283.968
312.251
354.519
213.864
219.991
579.848
802.951
430.132
172.231
212.666
201.162
181.301
237.844
551.851
822.042
464.617
204.541
176.485
208.86
187.551
145.564
410.007
701.92
434.891
159.891
193.83
131.852
272.654
267.484
497.936
919
642.468
237.161
264.404
261.816
425.47
291.845
421.203
723.029
447.063
263.712
411.642
310.186
330.664
350.021
305.839
510.716
609.559
431.892
332.763
360.531
180.11
201.817
339.956
404.08
540.174
354.44
191.66
185.205
265.32
244.171
249.311
492.623
640.262
458.172
276.705
250.059
288.67
291.114
234.543
330.87
479.812
410.068
305.899
284.597
371.549
185.977
222.407
393.089
463.54
488.61
404.655
206.58
410.261
266.689
213.258
346.335
473.888
534.424
448.062
281.654
387.358
247.533
189.204
243.446
336.997
469.332
412.835
261.994
400.565
510.795
255.136
93.6769
142.654
242.582
358.675
518.903
535.682
514.814
365.355
128.722
240.408
342.191
496.496
520.34
448.781
607.421
469.326
199.072
274.661
314.313
404.983
596.798
373.053
465.9
440.025
225.841
241.21
284.522
341.629
451.712
368.983
489.564
501.29
349.211
372.679
310.646
362.543
465.208
245.497
280.91
464.027
436.957
275.716
225.033
247.072
252.976
387.683
384.132
582.921
579.394
307.135
225.806
373.971
382.845
370.314
488.616
734.439
649.539
398.245
297.551
352.557
451.228
358.314
319.206
544.651
739.332
380.79
200.384
339.352
319.891
257.281
252.566
502.413
843.075
510.766
213.112
247.867
255.685
296.596
185.712
417.322
722.573
437.487
223.843
295.052
200.241
559.105
340.246
361.829
630.411
403.027
277.973
544.21
378.069
276.315
263.775
333.779
740.971
582.779
289.267
260.622
271.226
326.345
275.452
225.757
416.456
441.366
380.569
323.714
294.468
276.407
214.241
258.46
560.362
499.136
345.137
281.183
230.663
338.761
246.596
232.244
419.134
478.916
369.045
337.092
264.626
314.136
340.614
267.122
362.458
540.521
514.583
333.758
344.701
326.756
288.569
371.598
354.458
480.977
509.51
362.607
284.572
392.548
249.588
293.446
422.376
513.541
475.964
414.675
256.219
479.529
304.525
308.483
271.693
538.59
668.2
526.275
316.182
305.226
433.9
343.748
170.624
278.368
280.492
279.488
419.773
547.388
563.356
319.601
224.647
262.007
264.011
487.693
596.563
505.866
698.263
386.746
138.535
146.581
330.734
450.127
700.671
321.731
436.35
434.609
340.788
323.133
276.094
322.601
413.153
341.199
491.181
625.912
425.357
426.803
404.472
328.845
438.271
393.861
558.302
562.192
436.185
268.243
285.208
357.202
531.718
469.451
493.851
651.302
485.03
369.524
274.397
430.728
500.01
150.678
344.45
633.367
567.741
333.578
210.875
149.844
293.015
377.812
287.346
520.623
614.993
367.187
229.098
371.387
282.703
137.33
206.054
524.547
817.235
395.515
117.312
127.895
185.241
275.418
211.568
349.003
547.056
338.348
279.046
274.637
221.333
262.043
218.971
321.643
638.18
516.133
262.894
265.17
217.676
243.539
237.885
264.863
522.761
607.222
401.708
250.071
245.417
310.332
263.379
302.834
526.35
468.429
404.075
326.953
272.121
341.07
280.226
197.983
355.45
481.674
515.174
366.409
290.861
219.4
248.361
316.925
413.063
505.878
438.595
233.05
228.825
429.934
321.949
304.711
303.702
434.007
458.514
432.635
332.601
341.074
225.313
232.788
344.131
588.051
596.875
383.444
227.855
473.874
282.182
250.136
389.381
620.207
692.966
523.59
299.854
600.82
322.846
272.659
453.939
543.506
588.511
633.376
372.174
563.063
458.556
161.582
121.469
138.692
326.593
550.82
507.159
570.999
633.207
357.979
263.069
230.741
261.43
506.773
652.44
541.454
608.201
418.245
293.27
212.695
218.979
491.127
619.415
424.92
660.078
595.696
281.499
334.45
362.227
372.786
624.689
372.446
588.027
548.675
354.312
330.75
297.294
341.877
555.723
414.938
512.367
570.483
471.585
253.864
275.339
387.207
492.081
545.645
471.666
593.931
434.924
462.816
422.094
556.397
460.451
294.523
369.376
600.85
572.005
417.577
319.89
282.855
345.455
503.434
335.293
466.352
662.103
343.119
278.455
504.072
348.502
288.448
253.468
468.411
721.631
297.335
186.499
281.455
246.699
175.029
153.428
347.329
635.213
573.187
241.764
181.923
147.313
193.654
181.533
363.454
503.462
513.789
270.798
197.963
162.767
199.057
193.591
212.323
397.894
545.691
422.42
211.538
194.472
242.096
205.62
204.435
387.456
508.817
397.245
250.425
220.104
379.402
310.723
255.835
328.662
324.921
393.404
371.508
338.071
258.467
206.504
266.508
493.331
598.139
413.964
266.891
204.084
449.783
291.634
243.804
221.751
441.715
582.964
489.063
300.569
365.622
270.911
216.457
207.991
373.962
463.472
387.722
272.528
454.652
231.237
244.137
387.705
471.745
634.828
507.643
247.967
578.708
439.081
290.081
352.619
415.777
774.674
642.783
465.643
349.533
401.907
189.887
214.182
189.23
289.767
321.841
419.612
662.549
640.774
307.384
177.367
217.349
361.498
605.572
678.092
608.327
659.439
490.37
293.994
304.486
305.764
553.134
663.981
446.413
689.229
575.608
216.348
392.489
465.055
396.661
657.076
458.845
528.819
500.048
281.731
309.53
380.16
443.74
511.077
388.876
413.439
443.195
363.131
341.4
344.066
396.733
397.841
598.361
407.753
358.764
343.864
197.42
348.696
587.689
429.866
355.52
218.732
527.538
619.07
306.466
223.986
367.193
214.287
313.447
260.707
510.965
675.099
411.301
304.595
311.581
270.199
333
380.438
396.476
562.213
340.19
351.455
318.232
386.752
288.049
227.941
243.796
531.311
470.694
324.573
293.803
231.979
246.948
241.633
315.607
682.181
595.928
317.307
236.098
250.264
191.878
186.813
317.386
429.494
391.584
388.187
220.629
162.527
188.468
162.686
276.054
350.112
502.114
420.765
215.26
156.23
369.968
234.832
245.565
337.367
508.834
566.122
414.093
248.192
377.67
238.827
265.22
341.207
542.252
609.985
427.185
248.027
433.49
395.147
232.73
260.277
451.115
686.87
484.855
407.158
595.618
340.081
226.232
254.644
468.009
691.305
641.348
373.351
631.776
411.329
253.366
263.801
458.752
730.084
683.088
434.724
761.732
378.784
252.146
307.167
390.56
582.29
786.153
438.957
561.393
507.092
233.966
155.447
164.316
277.731
510.118
541.526
487.519
609.951
406.952
178.977
309.519
333.21
444.726
619.495
536.429
695.838
519.407
217.026
304.588
330.887
474.189
697.702
464.312
602.884
451.623
240.356
255.377
338.589
438.065
596.715
523.389
727.07
619.894
283.269
322.966
520.417
498.275
710.69
591.442
579.382
362.59
246.889
238.332
437.546
602.169
600.478
455.286
597.354
495.677
308.778
330.752
419.203
466.122
582.697
260.463
315.259
419.111
417.666
329.487
260.974
268.823
296.258
350.842
297.511
541.887
777.226
372.53
275.44
345.545
280.689
291.015
296.785
469.691
723.135
353.004
270.464
297.542
301.482
262.988
191.927
369.423
766.617
555.372
205.568
247.874
217.981
291.842
258.611
280.572
433.598
510.011
425.473
294.917
253.067
351.028
195.413
317.148
415.632
556.143
512.059
386.554
214.565
374.43
324.57
367.661
297.504
446.393
489.064
396.031
319.779
332.577
207.933
215.266
238.321
458.038
549.558
375.419
206.536
299.826
184.806
202.462
289.189
484.633
573.661
341.252
186.49
437.258
191.557
245.128
402.342
635.726
586.816
479.573
218.529
577.667
361.898
270.846
285.799
538.148
736.63
634.848
407.192
426.458
287.205
256.524
328.891
390.735
332.829
426.867
311.194
639.734
333.943
343.57
235.624
614.502
904.603
714.611
337.467
484.26
572.207
256.536
213.015
177.126
336.883
433.524
592.678
522.709
676.16
331.994
199.225
172.839
353.496
475.566
684.824
418.613
573.487
436.967
491.302
362.113
264.258
386.094
563.785
611.502
622.674
396.844
281.852
374.945
350.149
551.393
652.989
603.289
869.859
571.035
366.646
412.639
561.757
562.042
859.946
451.49
564.914
486.11
237.027
232.648
275.322
408.323
564.646
311.537
434.356
568.066
524.927
521.097
304.164
314.599
416.079
440.388
299.141
317.652
342.973
313.261
269.408
442.348
302.188
339.834
250.132
361.792
456.195
327.391
250.044
332.316
276.966
342.171
264.256
291.927
518.109
300.017
294.162
342.844
275.197
218.126
192.028
379.252
781.255
569.308
211.219
204.09
203.135
239.44
248.877
377.491
671.032
563.313
302.349
229.664
253.232
225.941
248.031
304.051
626.197
644.419
487.974
247.918
230.37
339.166
320.227
328.61
441.006
584.926
581.408
373.358
314.652
487.034
247.506
242.32
256.613
341.126
461.89
512.694
275.606
485.75
388.743
293.693
461.638
663.752
670.714
529.627
401.451
413.028
255.809
246.038
242.45
486.742
651.886
465.837
270.981
490.432
328.182
269.253
326.123
346.602
594.667
529.885
354.007
436.487
322.142
261.846
302.007
213.78
368.741
468.241
339.402
740.209
449.651
237.34
278.858
418.787
803.401
795.903
476.076
341.862
414.826
333.486
173.227
267.222
314.433
328.235
401.413
521.933
572.11
318.934
358.997
255.397
234.537
458.036
606.687
547.998
629.708
356.228
315.094
274.766
307.758
499.12
654.469
552.851
777.825
516.316
305.776
311.076
348.368
490.88
775.294
552.817
743.838
532.068
326.231
438.634
404.896
499.224
743.691
517.861
694.078
432.06
307.046
266.641
501.134
508.032
693.709
426.061
561.601
379.242
209.419
220.579
239.047
380.942
565.987
310.425
505.102
553.629
266.013
395.415
505.502
320.424
443.165
509.295
347.62
459.575
341.057
307.357
252.755
489.673
374.259
549.273
371.055
552.908
734.507
431.337
286.596
520.817
411.165
368.883
252.203
479.644
739.11
455.604
236.688
358.692
280.348
334.072
260.913
274.244
535.872
609.954
388.675
330.552
275.909
172.054
189.808
352.951
726.759
781.531
443.502
191.727
175.707
477.534
310.053
325.293
418.46
598.644
705.127
532.204
325.982
449.027
372.943
261.379
305.133
462.335
644.284
497.793
383.21
374.934
245.779
271.978
433.759
491.303
487.554
401.439
250.684
450.201
324.759
299.817
466.889
628.012
582.531
485.467
332.137
559.018
266.167
154.858
234.11
354.936
567.24
606.9
310.955
792.532
361.7
147.611
187.973
275.277
578.897
820.771
439.377
893.472
531.94
262.214
180.587
294.124
729.52
932.184
559.557
467.773
453.057
177.117
137.415
130.648
237.697
432.373
497.47
593.34
673.621
258.206
253.138
218.56
389.049
563.587
713.152
510.533
733.741
409.042
237.162
321.329
374.976
444.96
735.566
745.665
898.342
480.3
343.929
291.895
464.769
671.123
926.239
691.528
878.485
503.648
290.604
258.923
459.051
622.738
890.111
654.622
739.888
468.273
261.132
187.565
477.853
639.535
765.211
380.645
496.55
362.416
329.14
324.861
330.937
383.394
487.361
374.056
632.809
600.803
275.769
371.284
471.807
356.581
587.262
406.893
388.631
370.444
284.43
242.256
420.503
427.85
385.529
336.014
252.118
462.023
452.216
323.426
285.55
355.583
240.225
191.326
194.373
433.594
816.044
554.508
226.878
185.603
189.458
166.582
188.337
367.633
827.331
646.722
292.608
172.471
168.12
164.755
227.593
323.228
799.186
859.793
497.398
192.531
205.308
273.103
228.922
292.766
661.765
644.595
434.732
293.329
224.774
337.857
217.837
225.641
283.908
465.989
500.576
371.22
226.044
395.105
248.88
268.253
429.825
594.176
551.737
430.349
256.871
424.6
248.592
226.862
379.742
499.82
542.283
456.827
263.389
533.052
358.413
234.951
233.619
223.038
337.742
528.038
399.431
617.293
302.372
228.224
257.059
466.213
666.965
662.273
334.22
846.118
386.907
223.101
232.031
328.674
746.763
898.039
432.785
434.789
413.128
199.718
199.043
261.436
244.821
389.957
445.213
516.421
579.217
271.525
229.048
311.512
294.465
475.323
609.019
691.171
870.805
395.676
121.501
232.757
463.325
612.395
882.824
756.087
644.903
318.573
195.159
266.149
330.388
703.19
697.831
659.717
743.057
418.717
341.615
277.539
433.09
637.974
778.145
611.91
814.947
445.612
295.548
285.046
507.464
558.027
817.003
639.648
649.951
353.575
233.897
211.225
336.403
586.623
689.017
510.258
608.216
503.635
289.83
360.432
363.832
475.403
593.348
389.923
213.163
346.101
352.85
394.654
450.336
410.744
226.813
458.523
370.8
453.927
439.489
322.033
297.462
450.609
390.158
446.294
269.108
332.519
523.852
380.881
258.061
441.786
305.69
309.568
202.661
378.923
723.769
543.285
312.894
321.167
209.847
299.393
207.65
234.708
485.092
646.033
599.531
335.641
202.309
411.248
294.867
344.886
415.113
613.392
625.296
456.58
308.998
433.542
264.435
220.342
312.626
482.293
602.016
471.934
282.503
359.385
332.414
245.089
284.633
433.905
473.029
384.954
341.088
257.182
254.319
304.39
393.038
439.61
376.461
276.622
248.291
553.559
288.702
240.12
286.339
360.526
546.283
580.391
329.455
417.767
269.788
247.428
337.183
477.888
636.702
468.048
278.958
548.922
311.351
247.67
379.082
344.138
451.46
555.608
363.309
394.456
397.509
272.38
249.683
227.623
199.819
363.953
430.467
678.03
731.619
333.46
121.335
198.416
329.03
605.526
758.508
689.828
782.551
511.953
239.504
388.448
415.838
619.606
794.045
1073.12
706.876
309.548
285.008
248.136
298.386
1008.16
813.186
714.708
822.456
459.818
219.174
264.953
356.121
641.768
845.394
622.586
563.219
392.093
351.389
294.176
262.692
574.497
591.451
805.447
734.212
376.302
243.032
221.424
332.901
738.219
788.318
564.965
477.418
226.429
265.385
254.428
291.51
532.944
524.776
312.076
464.786
456.936
281.544
167.175
228.957
292.431
438.007
319.388
271.887
349.268
495.945
286.128
225.263
307.009
285.475
309.043
219.361
253.306
406.674
419.583
319.606
316.084
229.727
312.666
196.559
257.238
594.815
622.981
510.261
347.94
205.232
321.367
239.872
334.105
399.293
570.216
525.727
357.032
246.09
358.813
250.563
265.989
389.682
619.341
607.491
391.123
245.93
425.451
361.877
274.915
371.18
604.911
636.049
469.632
377.433
492.186
247.446
249.691
310.965
411.873
575.035
528.033
271.089
511.456
356.057
337.853
343.652
500.5
535.252
519.177
398.752
536.181
349.751
267.943
215.717
271.116
487.61
561.778
367.809
610.467
350.432
189.886
258.671
459.309
645.521
651.922
383.909
547.735
377.318
194.142
230.395
359.925
637.494
594.553
395.538
582.239
570.177
253.679
145.272
167.118
302.589
540.637
614.268
515.833
631.012
330.735
279.302
294.776
333.806
467.133
657.547
357.095
484.208
308.865
210.674
172.12
285.692
347.524
481.821
1118.45
917.123
356.249
148.57
227.776
419.375
1021.23
1005.33
1103.96
849.698
346.859
205.882
172.126
381.923
1028.44
956.418
809.067
705.484
363.472
246.387
266.204
335.36
748.895
764.144
545.197
612.268
326.872
161.342
222.345
482.478
536.745
621.809
461.514
435.416
330.611
266.47
353.602
252.476
428.054
448.405
335.768
255.31
304.101
280.366
300.36
307.616
349.481
252.32
525.107
390.288
432.513
368.861
370.538
278.214
514.393
400.819
231.862
200.781
248.106
494.583
537.242
373.051
238.184
203.665
311.692
238.111
284.168
493.543
563.349
531.993
334.283
227.179
312.24
311.46
364.276
430.055
621.826
497.812
330.62
320.768
354.981
256.206
281.216
288.989
504.45
590.169
401.164
248.621
455.345
214.759
194.925
266.995
324.542
342.896
462.696
258.729
510.869
231.893
148.862
216.665
311.889
455.407
533.856
274.979
723.609
327.051
219.903
227.916
296.121
645.313
762.852
366.657
534.593
231.496
203.034
224.591
461.83
650.051
587.416
251.862
616.205
296.558
146.308
177.681
252.683
470.631
642.856
350.397
523.544
290.683
322.375
405.086
338.472
314.983
520.649
330.367
713.139
618.177
204.726
149.875
176.288
328.91
653.819
685.427
646.91
694.773
304.331
180.682
173.538
368.915
583.278
733.442
799.572
849.157
353.487
171.164
238.879
465.097
732.931
909.932
1006.38
784.914
322.765
247.888
250.65
370.336
921.868
881.243
858.023
773.693
389.284
225.141
184.116
294.394
786.514
844.323
865.866
690.376
344.596
203.085
252.476
351.145
806.413
761.67
712.646
660.343
345.417
156.324
190.346
270.203
655.347
698.181
447.022
418.057
254.704
265.137
268.773
240.814
408.645
452.825
517.737
539.665
250.288
231.875
287.872
473.662
485.177
569.239
383.299
463.645
532.641
437.92
427.093
295.198
351.819
449.161
189.224
206.397
560.516
919.732
515.845
191.623
193.265
183.592
376.75
364.411
312.056
393.66
479.204
484.411
399.895
366.82
268.527
234.581
312.75
539.119
631.619
435.548
291.016
233.057
237.833
279.658
317.108
535.172
510.45
358.939
240.737
284.148
605.483
291.041
235.83
225.76
357.242
541.706
640.483
345.119
682.171
301.531
178.337
148.203
347.787
630.753
728.299
354.63
613.28
362.279
246.645
247.74
366.421
737.669
676.868
370.4
755.119
355.201
254.33
176.957
441.006
715.459
807.546
409.025
605.066
291.17
178.207
227.636
266.958
432.899
620.28
341.476
622.033
283.706
184.928
226.289
373.783
564.778
650.452
337.104
601.96
589.723
272.135
206.24
185.5
330.422
552.341
621.399
685.143
654.316
375.388
280.895
250.737
340.342
640.295
697.965
720.098
765.288
351.92
249.712
225.613
439.185
652.162
810.129
954.205
809.129
351.702
257.145
210.041
331.047
877.381
884.558
659.016
642.037
251.368
202.178
141.593
320.008
598.216
699.732
981.518
899.635
398.661
195.566
195.256
462.836
896.868
978.04
815.773
551.566
342.394
311.396
318.898
257.539
768.948
626.79
476.92
358.117
304.862
399.615
275.861
199.672
449.127
392.027
295.362
424.199
317.118
300.894
294.004
179.891
257.707
421.027
254.629
225.314
288.151
358.095
266.967
199.345
254.531
225.737
298.308
236.01
535.729
791.108
444.343
279.604
304.993
229.739
341.309
230.875
276.269
622.048
509.762
354.321
354.133
243.265
311.323
202.621
229.766
493.231
684.645
594.306
349.102
209.354
400.116
228.036
175.584
257.908
411.639
493.473
434.562
247.416
557.834
311.3
190.929
275.31
301.379
372.562
558.749
362.47
554.269
398.1
316.739
372.872
303.924
449.026
573.99
416.125
584.632
310.53
341.655
309.61
511.897
712.76
637.907
322.131
769.448
343.46
225.971
241.255
326.799
571.547
806.687
414.137
683.464
327.436
231.238
246.503
293.302
492.245
700.291
387.509
713.148
318.023
179.344
209.254
313.214
543.01
737.633
389.532
614.825
611.826
272.125
221.396
201.211
359.623
567.064
667.748
657.633
681.873
298.746
232.802
197.004
304.116
584.727
714.839
857.954
884.211
409.18
210.473
207.184
441.978
779.261
927.335
769.292
751.242
404.63
268.101
206.095
401.882
701.448
799.914
905.569
741.743
301.495
197.972
179.052
379.677
839.296
825.825
880.33
666.481
321.444
263.639
244.449
294.339
821.691
732.775
781.516
426.912
263.301
241.494
168.458
301.471
760.196
508.276
804.414
555.645
257.845
250.72
259.968
326.678
758.483
640.321
612.364
335.968
261.193
339.733
269.935
320.135
610.032
389.72
259.58
196.187
288.287
339.925
278.718
185.059
254.217
204.553
307.022
322.29
402.432
429.602
357.896
223.22
295.187
322.344
274.4
236.183
361.834
486.015
689.724
501.86
301.183
242.591
424.659
250.209
299.425
365.273
479.758
480.56
447.701
275.124
367.691
337.452
252.127
231.478
324.198
480.369
390.441
339.186
543.513
246.636
196.024
252.499
425.251
602.605
576.794
288.409
558.961
291.389
191.369
192.069
340.075
635.059
602.354
317.608
547.831
338.34
229.546
214.378
403.818
616.634
590.569
360.112
658.588
420.63
214.736
113.352
202.918
502.318
679.32
448.55
654.714
376.25
169.891
199.726
345.027
654.988
695.844
406.24
514.982
413.58
206.736
200.713
277.238
503.084
540.876
421.2
447.818
479.199
236.702
190.25
154.849
263.346
402.223
505.717
702.773
720.606
311.966
146.888
169.116
367.949
641.68
773.624
622.635
654.737
371.686
276.659
214.194
278.131
561.11
679.379
827.175
529.069
254.699
142.749
172.965
411.422
816.209
606.033
1002.04
794.713
326.852
157.67
165.323
373.555
938.578
870.427
844.924
665.509
224.815
193.746
227.275
442.66
789.042
752.841
791.191
587.367
225.061
255.973
277.217
441.168
746.763
671.209
594.827
414.244
228.592
216.045
209.235
310.926
574.479
466.158
740.89
459.174
207.87
262.572
210.025
328.311
720.178
537.314
502.562
392.539
171.044
393.02
259.781
279.109
485.859
434.935
301.299
419.332
468.082
333.122
261.791
244.443
279.105
388.628
348.428
275.045
249.847
420.479
549.417
494.676
375.89
273.513
540.045
348.509
183.048
233.094
409.286
656.547
588.914
369.025
594.615
325.487
197.979
201.138
352.072
551.179
623.356
363.36
399.045
297.542
267.687
331.061
287.741
323.627
402.188
304.746
640.011
383.465
226.296
179.833
308.15
593.61
676.384
420.199
498.752
428.247
239.639
177.726
313.593
614.419
542.324
442.058
562.059
287.762
144.063
141.052
250.35
567.315
602.725
317.603
596.476
268.248
148.079
190.7
336.12
608.146
636.439
315.702
642.11
359.826
183.817
169.479
283.641
651.682
689.799
382.049
522.284
539.802
228.599
190.604
173.475
278.234
480.13
581.264
823.612
810.763
396.232
237.296
253.396
316.98
739.94
877.591
668.492
670.769
369.33
140.367
271.333
329.784
603.242
712.556
909.951
681.436
232.972
186.538
241.686
353.765
842.996
780.187
838.389
671.694
259.151
198.402
235.109
366.889
780.883
748.976
886.299
601.546
170.092
128.85
141.119
309.632
834.502
701.708
545.967
434.531
242.45
220.69
178.072
243.316
520.883
468.064
265.483
283.42
226.202
249.538
237.833
278.466
255.398
293.708
429.632
360.017
218.28
245.048
249.255
318.939
414.864
384.625
284.911
236.799
248.062
232.592
259.513
284.948
284.175
245.433
314.548
231.778
274.524
413.389
257.322
323.269
331.932
244.018
556.49
311.984
234.157
304.351
460.158
619.504
597.75
342.347
512.546
283.629
317.673
398.003
463.388
542.247
541.971
309.44
545.831
270.086
214.264
164.117
332.359
520.308
575.271
300.562
553.654
289.558
145.971
166.318
290.116
557.894
603.941
327.633
569.683
320.688
271.839
226.893
336.526
550.967
602.108
351.84
571.344
375.612
296.876
298.792
390.664
438.96
578.389
399.429
517.232
332.39
208.471
210.562
220.165
435.411
537.414
362.702
553.747
297.508
174.516
157.125
286.966
465.107
575.001
340.818
726.208
340.755
200.393
248.7
312.698
526.644
746.008
410.818
545.377
596.665
270.473
111.57
174.944
285.686
496.996
624.499
794.258
742.487
271.715
226.807
146.087
314.908
719.601
816.882
676.297
606.592
303.185
272.308
253.623
338.554
632.424
659.411
710.244
577.469
240.044
182.419
173.203
238.942
652.906
643.877
705.994
632.242
257.533
283.6
254.898
341.298
647.868
699.707
604.901
567.929
381.793
300.919
237.785
308.14
561.4
597.458
688.533
523.219
286.26
229.679
194.206
321.325
667.424
563.981
749.422
547.737
403.755
419.182
313.678
311.158
711.23
612.93
495.423
345.742
271.839
305.275
291.669
386.52
507.609
366.126
467.745
239.345
218.354
345.789
345.214
409.147
486.995
277.395
466.458
387.231
225.109
223.757
352.156
498.248
481.128
393.113
762.574
374.297
272.962
258.977
449.466
722.611
809.57
425.71
646.482
330.805
179.223
261.518
400.09
724.083
700.421
368.758
680.761
351.938
198.076
174.063
315.387
548.356
705.161
400.335
515.188
260.714
249.142
242.153
306.327
449.347
529.244
307.39
557.958
287.277
195.637
215.314
265.579
423.425
574.401
334.227
646.229
302.471
189.227
171.764
281.846
512.018
674.004
356.951
675.862
297.634
207.097
230.124
295.657
533.407
708.379
362.502
580.242
277.598
170.238
206.945
330.583
478.365
602.587
324.037
787.135
374.938
143.591
150.29
247.64
551.967
808.763
457.226
772.196
628.296
291.627
124.198
169.45
330.264
712.356
688.315
812.881
757.835
367.275
324.025
291.214
339.088
740.285
819.515
710.358
643.359
271.582
174.895
150.41
295.525
649.418
703.34
572.336
541.616
248.254
252.594
234.424
250.392
532.998
587.567
1159.43
603.917
267.652
259.955
211.922
403.114
1120.22
729.25
789.646
509.08
197.46
286.086
197.914
239.344
731.005
606.069
930.029
625.439
184.811
222.943
149.396
369.75
881.641
726.313
918.844
409.415
246.37
306.603
261.62
378.614
905.878
513.074
901.577
360.64
144.702
142.089
182.162
473.551
905.82
460.464
658.85
283.801
177.826
214.779
166.365
352.914
668.718
348.31
963.006
400.489
165.586
136.273
143.056
440.826
961.27
509.81
778.549
433.524
175.171
159.34
209.092
444.684
777.604
513.409
414.134
256.924
160.709
222.798
334.257
460.946
433.196
274.272
547.667
389.12
177.434
140.174
280.294
566.104
585.515
408.673
705.617
468.019
273.64
160.451
259.608
614.285
734.307
487.57
630.26
296.026
181.602
220.452
250.421
486.616
657.539
346.944
643.39
322.214
167.251
172.083
266.892
495.65
668.401
378.588
718.087
321.472
144.907
206.358
255.703
495.018
736.809
400.053
549.878
307.781
176.816
156.196
180.206
430.732
572.336
348.203
602.321
345.291
249.312
269.762
313.828
616.734
647.218
366.829
506.163
552.825
299.117
123.258
132.456
188.052
454.129
572.966
636.644
562.69
398.026
283.453
317.78
415.053
606.135
587.363
791.716
787.973
387.776
184.28
220.228
383.182
723.806
840.039
910.792
659.845
290.502
176.208
232.447
315.442
836.085
754.592
1018.42
687.515
193.756
215.479
151.18
325.994
950.917
799.835
713.378
498.148
301.456
438.293
347.9
228.549
656.874
571.233
827.082
464.19
268.665
266.507
308.826
450.216
819.856
539.337
869.365
373.457
206.159
265.922
195.718
342.933
857.467
479.256
657.682
387.601
163.369
148.907
133.375
281.697
636.371
457.6
717.42
282.455
187.115
203.632
143.066
390.236
734.713
348.251
701.141
306.931
171.03
222.379
241.762
507.986
730.38
379.678
673.302
339.589
142.194
165.5
274.397
581.155
702.761
389.358
561.376
283.459
223.999
243.586
273.95
438.396
595.812
318.559
749.076
375.333
238.076
257.834
264.038
491.968
763.664
445.914
608.776
316.741
201.353
205.935
236.973
395.977
614.39
379.982
501.555
235.091
120.126
166.962
252.576
464.552
530.532
278.236
470.839
298.183
167.252
258.973
316.566
463.775
496.853
324.802
517.131
278.673
164.704
214.041
322.088
514.725
543.143
317.852
626.06
295.604
262.395
318.055
380.055
542.268
648.473
348.064
588.932
410.914
246.653
194.453
288.655
545.2
618.563
426.754
