649.763
844.314
576.593
257.16
286.474
371.296
583.622
851.604
630.13
735.494
612.154
375.21
336.671
313.15
574.208
735.051
516.784
734.733
596.597
303.854
352.443
373.004
459.234
716.079
369.91
571.417
540.859
286.048
273.73
263.644
337.272
537.324
348.313
364.77
540.16
563.136
284.975
257.191
358.489
335.327
169.4
277.552
619.72
759.837
330.534
194.484
172.25
243.759
189.575
151.963
483.111
939.409
604.385
180.4
191.702
143.584
119.581
127.339
458.118
1009.84
787.744
243.118
119.051
116.991
245.086
282.948
345.522
755.385
769.962
509.006
254.537
264.834
237.77
240.226
288.441
567.629
711.495
595.313
275.637
217.617
376.247
304.286
423.18
514.626
737.636
597.779
410.966
317.843
372.15
314.105
302.921
390.735
681.598
711.722
420.293
311.888
546.351
326.106
316.735
336.346
613.603
746.786
602.024
334.794
560.975
381.191
344.873
335.163
508.978
743.282
612.149
395.384
584.205
309.479
279.818
317.291
394.778
466.634
612.518
357.593
749.643
338.306
199.253
190.883
311.55
708.106
816.803
391.075
769.122
422.76
245.522
133.959
297.239
749.766
839.9
476.055
849.689
378.808
266.727
189.63
376.617
817.601
924.91
429.736
746.161
327.087
212.298
203.247
273.97
650.992
798.367
368.371
630.752
363.636
215.715
226.695
237.831
531.356
681.887
402.734
513.273
731.064
543.964
236.976
238.326
309.94
449.355
721.004
604.629
816.203
675.278
337.725
264.86
341.896
539.922
804.785
486.153
706.875
586.771
291.648
269.982
310.172
432.416
690.005
404.93
653.046
632.995
446.525
315.49
310.969
358.156
618.765
216.767
415.704
556.621
443.655
259.348
267.207
202.159
367.989
171.648
233.389
568.503
818.6
437.794
187.426
176.459
214.264
127.103
200.192
333.536
525.324
357.191
244.29
133.804
179.643
195.548
207.491
420.436
901.945
696.261
253.757
188.519
208.904
291.443
221.65
381.211
775.019
839.581
520.372
321.649
223.231
255.178
305.959
329.24
449.169
754.808
714.435
302.356
264.144
452.546
288.174
366.74
459.457
713.815
702.845
504.722
298.897
480.007
389.278
380.807
431.613
632.046
698.961
530.733
398.636
582.987
316.132
232.769
288.355
517.771
760.533
643.835
342.117
715.821
297.577
203.145
258.22
410.434
718.118
777.415
352.03
755.044
340.53
174.173
157.847
286.999
644.454
809.205
400.938
846.091
373.029
227.272
153.363
383.447
780.082
900.722
437.773
957.343
346.164
167.864
225.153
289.208
727.667
1003.34
436.849
898.73
399.553
228.332
189.102
310.181
794.117
970.391
463.257
826.023
468.077
229.698
150.734
205.714
686.63
888.32
520.396
703.448
313.447
224.072
178.538
202.596
484.485
744.253
362.179
679.968
716.26
390.572
229.531
202.74
368.477
626.643
739.84
648.815
711.137
458.465
235.032
294.197
388.857
623.903
729.757
509.473
840.266
609.453
321.624
309.629
452.523
471.464
812.759
372.055
666.28
662.293
300.155
285.203
334.701
322.837
617.128
431.076
582.083
553.236
482.292
282.485
301.682
394.961
574.974
188.501
405.649
539.068
542.35
313.995
257.362
173.939
360.66
173.967
241.655
522.233
754.11
459.571
167.958
159.859
224.05
187.315
245.352
430.358
652.543
766.458
444.588
194.181
225.477
159.746
117.795
367.288
929.024
841.107
392.507
180.305
114.955
339.829
295.169
427.653
766.978
511.26
257.718
336.095
302.297
397.3
247.719
258.685
327.983
622.891
695.91
445.178
240.734
504.267
346.258
271.828
335.757
618.679
795.659
567.959
356.794
746.494
472.632
239.185
225.443
490.4
845.811
817.269
528.703
819.174
361.317
290.373
323.576
423.99
637.283
842.263
450.133
822.555
401.43
205.203
137.358
337.044
769.965
888.703
457.254
998.671
447.725
177.38
219.775
346.206
784.908
1048.59
538.977
1092.25
429.524
236.267
190.334
291.633
697.021
1116.41
536.935
1065.97
412.624
258.958
206.77
325.283
824.858
1122.58
483.621
918.884
475.15
165.423
120.201
241.95
789.907
993.843
532.554
917.974
348.923
221.481
249.618
214.264
525.399
942.738
437.085
792.236
906.26
493.369
213.101
233.806
362.726
712.549
928.671
906.901
987.868
467.571
192.362
186.665
413.087
815.445
1021.73
813.534
922.68
560.434
263.144
309.893
426.301
736.222
950.2
577.147
748.939
530.029
278.404
274.724
438.665
529.993
752.347
398.672
576.534
618.573
497.799
375.754
330.24
366.399
559.294
329.885
523.688
648.597
524.132
298.104
230.229
295.624
492.909
228.386
305.565
561.956
612.062
379.891
200.915
221.122
280.921
286.169
268.112
593.615
927.749
552.197
215.806
271.974
265.433
230.399
179.626
366.345
841.954
710.125
393.148
246.041
182.028
283.976
301.044
338.406
499.629
617.614
526.854
303.22
292.187
473.864
264.686
290.536
422.325
694.924
710.144
526.897
292.924
435.682
299.169
273.001
298.984
579.968
692.932
476.64
300.245
445.635
404.376
421.101
361.925
506.896
554.08
470.561
388.596
717.564
513.586
358.887
372.18
310.125
631.993
750.591
538.631
853.067
402.377
257.397
152.298
393.728
766.17
912.794
466.924
885.858
420.356
317.944
298.005
323.443
691.304
924.153
483.859
1121.97
449.095
242.795
186.16
294.187
772.938
1162.99
543.401
1095.01
420.098
218.276
104.697
288.166
832.17
1149.76
496.655
1020.9
431.965
238.004
155.159
217.427
747.148
1084.51
506.969
975.784
375.615
242.207
120.932
316.814
777.146
1038.59
456.187
1037.2
862.416
377.053
176.119
231.254
372.052
952.979
952.128
874.596
763.865
373.31
280.928
255.92
330.778
801.018
839.225
989.403
867.718
383.808
148.593
192.885
393.29
913.48
929.885
590.601
699.82
551.119
311.183
355.841
373.923
541.564
705.932
475.356
704.335
631.17
380.241
220.128
371.187
433.413
682.528
392.869
631.892
628.092
381.525
230.957
345.542
367.602
600.376
340.459
423.192
556.978
494.406
368.541
276.558
321.509
411.737
165.781
216.705
670.509
1088.43
590.826
165.465
167.859
189.813
217.37
258.934
419.505
902.492
726.954
345.179
223.921
249.894
228.629
221.927
379.15
811.594
689.862
474.318
247.739
209.007
357.357
339.404
293.578
369.376
571.118
609.747
389.74
331.377
485.161
392.78
270.891
426.165
621.919
701.243
536.773
405.509
691.98
481.705
243.685
299.213
482.086
843.318
753.879
501.785
641.92
412.276
287.662
333.472
494.044
732.256
694.362
428.174
904.543
396.046
250.352
219.886
474.33
851.11
969.731
467.566
860.942
447.406
240.431
181.679
378.626
840.196
921.695
484.097
1031.21
466.516
258.814
171.729
326.05
837.714
1079.28
522.404
1125.65
429.171
199.904
208.663
287.285
732.172
1158.02
535.107
1059.74
590.286
185.823
152.479
257.073
867.334
1135.63
659.229
1048.47
373.412
188.034
296.995
262.288
603.812
1082.59
478.562
983.673
904.038
327.606
170.152
213.699
447.488
898.306
992.97
1054.56
881.221
331.004
132.352
176.077
370.785
967.509
982.949
1085.89
922.992
437.566
217.61
200.217
417.839
1017.19
994.162
892.044
894.806
465.347
250.095
234.564
305.644
803.24
958.257
587.951
716.786
557.097
327.489
256.857
312.761
535.729
724.118
563.703
669.888
536.749
314.412
249.028
234.654
514.618
671.216
282.502
368.349
471.352
509.048
309.156
224.817
271.67
347.222
290.983
489.715
684.403
710.724
362.403
284.555
272.328
439.265
289.228
282.137
428.129
568.978
382.134
278.024
299.235
275.298
155.155
166.94
374.265
841.896
676.517
310.379
168.176
150.793
426.954
332.023
496.536
514.145
755.417
765.071
486.255
304.07
419.849
278.344
284.602
357.667
476.395
541.735
439.012
282.838
749.211
410.745
387.423
290.02
604.718
836.099
804.412
427.455
897.924
383.037
233.718
303.825
281.754
471.195
909.877
474.583
790.29
406.042
253.473
162.397
380.98
888.549
874.192
429.047
846.923
385.87
236.46
151.13
282.741
793.686
906.125
414.895
1035.34
410.918
258.452
158.218
315.324
749.48
1075.58
499.651
1155.28
469.209
233.363
230.922
335.224
846.081
1198.04
565.804
1067.8
515.006
198.435
249.868
243.547
793.891
1129.63
588.412
1240.34
446.357
139.224
147.951
183.387
639.474
1274.84
582.003
1121.84
871.237
308.886
165.877
199.911
363.122
1035.05
983.139
1448.19
947.54
360.114
149.542
182.058
466.658
1369.1
1079.19
1219.29
964.089
319.117
99.8829
137.879
438.18
1128.6
1086.97
905.477
879.311
437.683
190.231
175.121
327.181
817.728
953.849
710.363
785.569
390.163
205.506
163.909
368.217
636.215
825.464
610.298
536.787
275.185
193.788
159.54
256.608
569.733
577.035
570.985
671.976
550.597
352.219
293.263
326.918
521.716
678.348
335.058
483.013
621.672
560.158
302.191
207.335
307.057
463.884
501.595
405.971
395.131
321.292
366.994
324.825
503.818
408.391
385.121
273.536
525.536
876.928
596.268
298.443
374.102
278.024
183.826
217.029
342.184
618.047
653.283
381.528
198.726
196.116
390.974
307.04
229.287
389.044
540.602
607.52
433.693
321.684
654.537
372.471
202.002
270.462
480.07
822.843
717.89
395.937
805.419
339.296
322.901
363.193
378.156
733.667
854.268
372.638
841.931
469.652
360.054
196.479
356.88
819.774
917.367
495.776
938.597
437.625
252.659
140.452
246.02
787.75
1014.27
498.455
977.847
487.544
288.362
132.982
290.918
816.702
1034.19
537.654
1182.8
475.26
229.928
110.07
302.955
747.806
1213.78
578.744
653.251
362.814
153.875
178.795
233.776
541.488
677.223
426.203
1053.65
385.974
137.265
196.515
186.503
543.18
1094.42
488.781
886.259
781.045
257.785
178.152
161.53
460.596
808.362
867.693
1182.08
699.939
190.707
146.176
101.69
355.159
1115.56
835.993
1009.9
847.176
271.078
152.113
104.345
349.806
923.704
951.501
927.982
725.494
243.756
173.745
121.964
338.678
860.346
820.169
1096.11
852.167
270.776
146.87
172.132
409.21
1016.05
963.955
760.4
639.476
343.863
208.792
180.873
268.224
709.068
690.009
430.333
440.081
288.189
207.387
207.266
273.728
403.662
455.176
515.638
531.594
436.311
287.291
205.207
239.232
481.334
544.367
330.188
437.352
494.221
464.704
268.175
251.946
310.397
426.659
410.229
318.539
364.6
608.506
411.389
244.21
395.762
350.745
280.51
356.663
361.3
520.607
424.824
314.902
267.222
352.006
542.004
355.487
265.609
361.288
547.354
719.586
591.947
372.216
628.598
312.533
266.667
253.46
453.192
720.049
685.792
347.298
694.743
287.128
224.105
235.624
247.267
505.931
735.068
332.718
927.215
360.167
258.639
234.926
364.822
828.037
991.644
419.786
837.094
419.698
306.326
265.83
304.543
751.54
909.307
470.042
1017.96
407.383
249.932
194.415
289.686
799.881
1087.13
489.137
1179.03
415.329
185.095
112.792
231.725
719.603
1219.82
534.618
560.736
270.485
169.804
251.794
237.889
411.289
602.543
310.989
801.225
290.219
187.004
248.482
168.338
459.381
847.681
363.742
1200.36
796.03
249.509
160.333
188.512
348.543
1113.93
931.318
1432.15
807.822
206.635
205.974
138.31
391.591
1352.94
984.771
1472.67
855.637
261.668
101.602
122.992
437.824
1402.01
1015.42
1157.41
727.285
256.617
161.424
149.628
344.063
1086.77
858.1
1126.64
664.937
222.718
139.209
152.319
330.962
1068.37
786.87
848.117
617.83
228.095
197.326
225.496
377.143
807.834
697.369
553.9
468.332
335.341
295.756
186.355
248.198
522.292
505.4
580.155
386.229
292.626
269.97
188.532
310.579
572.906
428.718
381.355
309.855
327.608
400.446
281.325
229.654
366.47
323.759
391.526
391.085
499.634
616.448
463.708
519.354
417.111
369.47
449.928
256.967
254.427
364.516
564.163
589.371
489.534
278.742
571.89
378.165
402.352
507.11
533.126
635.283
595.785
388.297
755.719
369.55
362.884
377.746
445.4
617.818
787.135
422.245
488.11
284.246
247.618
212.098
210.33
336.566
495.331
327.782
833.841
499.334
254.66
142.994
319.084
780.208
899.138
550.221
871.413
375.811
268.643
227.195
242.547
555.096
898.661
431.816
1050.55
554.906
162.087
140.141
212.095
787.301
1116.4
626.231
1252.93
457.306
273.921
201.339
295.066
731.01
1289.36
579.265
834.019
308.691
141.21
159.191
149.541
527.525
888.337
381.317
934.976
367.812
156.91
129.99
231.262
465.58
919.963
461.108
1323.76
909.556
319.463
125.657
133.507
360.643
1230.38
1042.78
1284.24
696.125
203.316
213.446
180.673
436.972
1231.74
845.089
1234.31
754.417
179.565
53.8148
103.819
475.696
1187.51
890.803
1097.46
590.875
225.714
323.952
224.973
386.104
1050.28
722.932
832.649
662.194
268.696
196.815
132.841
326.649
771.102
748.525
959.236
593.134
218.425
146.751
130.204
277.962
904.81
696.559
711.44
585.425
228.374
202.615
198.27
290.11
657.338
655.801
693.779
525.249
262.903
342.005
278.832
316.792
650.957
595.613
282.431
277.124
259.293
279.401
196.028
229.809
276.698
273.798
272.383
283.703
391.736
666.649
537.938
274.583
264.652
278.918
308.117
265.709
303.566
562.059
520.235
381.099
325.824
262.472
591.626
445.557
312.569
274.131
490.442
699.304
635.291
459.043
580.075
425.454
320.164
276.924
462.201
752.801
637.071
428.94
748.922
373.58
185.509
222.358
325.038
691.224
797.869
429.781
750.096
404.613
269.029
251.841
459.602
782.79
816.491
451.458
899.471
467.136
187.604
119.07
159.454
454.844
899.067
553.386
868.944
372.88
233.13
169.161
207.02
611.747
920.617
425.784
1236.78
485.339
184.645
106.1
218.256
796.023
1288.44
592.645
956.99
403.088
219.894
195.229
258.966
457.007
980.318
488.379
1300.82
458.931
159.357
98.5755
134.576
624.565
1325.5
611.79
996.885
732.234
234.557
206.148
144.606
334.094
926.391
837.147
1016.92
678.572
198.034
207.208
147.551
396.033
966.675
789.762
1034.81
657.965
207.863
158.014
144.994
463.195
1004.44
764.468
1009.21
475.102
201.567
299.792
236.086
438.006
992.315
589.001
1063.91
750.422
276.891
201.187
202.909
430.573
996.135
851.761
894.757
645.348
278.256
289.936
258.748
374.628
849.269
734.803
595.079
476.086
234.871
167.604
184.05
300.844
554.962
522.222
482.267
481.036
270.013
184.861
143.82
208.764
441.858
506.656
374.101
428.005
308.362
182.599
184.926
203.648
342.002
436.149
482.328
449.407
526.536
500.148
394.034
322.224
449.861
477.104
316.212
367.421
424.498
485.286
485.831
487.341
330.952
355.453
617.299
557.893
378.74
409.86
496.232
738.553
665.99
562.802
817.321
460.345
360.91
458.525
400.511
675.391
843.44
498.234
805.859
333.59
303.233
316.918
400.424
662.193
839.047
409.178
760.622
404.758
367.308
414.369
272.248
509.021
783.046
457.264
964.981
386.628
165.761
250.493
299.949
561.977
977.209
492.232
1065.4
490.1
284.997
252.872
292.51
618.026
1093.67
565.367
1067.65
428.522
236.359
209.278
196.694
660.194
1110.05
527.266
826.058
347.182
168.676
131.009
155.114
329.669
822.683
413.635
1083.36
517.116
171.075
174.365
194.924
760.815
1148.84
592.957
1413.29
815.698
221.525
138.188
155.472
422.921
1338.99
983.52
1278.57
709.043
241.88
192.518
193.29
432.887
1227.21
852.771
1167.82
733.264
204.959
124.609
151.42
523.905
1134.28
855.721
1091.31
631.961
188.79
139.435
147.772
484.201
1064.41
745.341
986.177
597.802
196.555
294.698
244.063
408.547
950.749
708.736
737.736
494.746
300.79
334.999
208.865
292.093
704.268
555.378
822.236
481.97
206.886
204.961
172.38
392.533
807.391
565.472
840.845
568.603
295.251
297.285
294.662
372.439
809.973
646.499
828.232
623.174
294.907
242.819
285.472
409.566
784.9
699.007
581.774
502.422
276.189
212.167
153.716
278.893
546.77
547.13
322.996
314.376
326.254
343.72
364.283
408.692
341.718
305.037
645.935
310.488
277.187
305.16
411.388
685.096
689.228
349.184
667.552
383.144
389.017
324.93
493.389
759.549
711.316
383.718
753.033
351.746
266.337
211.701
268.368
604.109
796.922
408.085
941.795
392.039
200.337
190.156
307.847
679.051
975.872
487.752
966.424
433.097
189.26
181.473
272.928
672.941
989.321
524.853
1062.37
488.559
204.072
107.887
232.088
695.686
1093.26
571.817
1127.75
513.774
172.604
179.691
247.119
772.734
1177.74
612.538
1000.03
441.209
226.454
147.444
227.885
649.043
1031.07
533
1003.64
577.168
225.11
168.507
240.83
814.673
1074.13
647.881
1048.05
674.571
206.548
229.662
189.529
368.922
975.993
793.213
1086.85
415.258
144.636
166.747
148.166
465.497
1089.36
542.297
1095.89
632.997
197.1
117.183
163.149
485.487
1071.06
747.284
1022.71
618.122
181.725
130.307
142.73
466.797
998.059
726.446
1121.09
559.168
198.27
172.903
179.942
402.135
1092.3
688.067
732.038
407.32
206.064
278.23
233.583
368.496
720.749
481.022
967.25
632.241
199.574
174.132
186.746
425.898
935.981
729.463
863.542
537.754
244.702
325.094
314.173
444.796
843.839
625.513
977.79
517.835
175.544
227.226
287.486
331.651
938.539
633.917
802.084
654.406
309.073
303.834
254.097
326.131
742.775
733.768
691.49
412.64
407.238
556.359
476.769
474.73
699.046
454.322
679.108
390.242
214.581
268.984
417.496
703.693
726.426
431.154
823.596
503.272
319.248
297.206
293.304
636.589
849.54
556.05
807.723
398.683
226.5
382.432
302.355
630.412
854.768
460.408
939.942
410.458
264.696
297.868
376.202
773.692
983.571
479.211
867.49
427.8
183.464
204.955
198.325
557.642
896.094
507.872
899.72
400.119
254.367
207.309
292.246
616.65
926.185
478.861
964.78
544.445
274.622
303.766
257.448
791.119
1034.15
610.991
1055.61
464.73
156.041
171.713
198.462
744.803
1114.89
549.545
976.529
371.455
196.192
267.606
233.011
581.656
1004.47
472.606
1176.63
707.474
277.712
166.937
156.07
393.263
1125.53
831.544
1252.35
669.596
151.263
104.789
101.432
370.1
1195.39
823.523
1220.2
617.526
170.732
119.433
112.65
407.736
1181.83
759.172
1034.62
642.656
199.037
151.803
218.626
490.629
1006.92
753.408
1035.45
532.606
150.499
106.337
138.304
378.506
998.003
656.055
924.369
552.854
202.131
157.32
118.068
430.871
905.314
648.934
966.333
602.644
194.567
176.785
181.004
467.912
946.293
700.083
670.479
420.338
255.531
381.876
230.409
371.238
667.889
476.708
710.684
337.717
229.017
304.048
217.588
339.585
701.323
412.912
755.097
415.23
293.611
277.003
327.237
411.855
755.619
460.275
804.771
360.787
147.917
185.975
208.331
546.082
838.151
432.138
786.628
372.936
231.003
319.002
310.841
492.722
800.439
445.057
863.249
384.686
189.024
283.457
287.763
598.337
886.222
459.226
894.368
421.815
258.054
350.695
353.508
626.055
926.894
506.257
953.722
436.963
217.481
226.319
352.148
646.984
974.036
535.273
896.149
433.464
217.244
149.984
344.537
743.263
943.436
500.575
806.991
394.058
268.918
244.654
313.227
628.24
851.224
441.703
873.577
404.711
168.205
169.954
254.177
685.299
933.942
470.952
911.87
389.18
197.132
338.011
245.043
658.088
968.538
467.586
973.373
463.74
269.329
126.347
336.009
885.075
1056.67
529.376
627.927
361.172
261.147
152.155
275.552
353.825
595.143
415.606
1426.07
700.088
120.476
145.835
118.241
461.992
1379.45
879.159
1304.37
613.898
173.749
110.962
124.706
429.046
1268.75
773.3
1009.35
624.584
254.517
224.575
206.95
481.468
987.921
726.112
997.691
544.342
171.284
143.276
114.212
349.595
958.369
657.54
1030.01
566.667
144.325
127.58
143.025
512.558
1021.15
678.8
900.954
582.575
212.557
171.269
141.917
381.473
864.147
676.908
872.14
421.156
232.246
149.283
183.219
349.688
854.303
521.796
862.21
374.762
123.564
189.667
212.271
514.003
875.777
466.456
724.019
369.744
255.82
342.052
230.162
423.244
735.828
439.065
720.044
412.791
285.872
230.214
285.15
541.24
740.952
442.907
815.037
401.737
168.793
159.376
231.328
521.559
828.946
482.917
786.38
386.648
284.931
290.963
362.179
591.964
805.9
454.995
946.098
386.506
242.804
312.023
315.394
683.02
986.387
471.359
875.187
462.6
263.737
274.906
281.064
664.62
922.953
530.405
914.17
401.531
162.348
160.446
269.835
625.548
940.666
491.678
924.59
403.561
162.717
152.823
238.97
678.044
971.936
487.516
981.404
397.382
191.074
231.555
314.311
770.135
1048.23
480.596
877.23
438.813
190.373
120.121
247.938
747.45
948.677
492.653
1009.39
456.618
232.402
182.033
340.763
826.206
1072.09
534.191
1208.79
598.264
150.545
231.204
157.365
386.576
1160.48
756.775
1313.26
651.887
192.006
137.169
159.178
457.744
1272.6
807.711
1237.39
624.901
276.042
164.765
175.744
446.115
1199.86
766.213
1072.35
672.925
227.538
165.022
162.273
473.624
1040.3
783.996
1166.85
498.533
196.986
169.253
154.38
453.691
1154.97
640.624
965.92
517.191
173.54
206.774
143.229
492.407
961.679
619.774
1036.53
463.238
153.644
131.875
159.684
403.82
1020.38
587.784
1085.23
456.65
257.534
256.852
303.68
518.109
1082.7
588.373
826.245
383.015
256.838
249.202
209.001
531.917
847.928
464.445
754.323
328.319
234.433
311.489
246.791
456.484
762.079
405.546
717.514
320.551
136.366
200.348
253.945
502.734
747.115
389.886
644.012
328.353
134.534
146.209
220.768
442.026
654.881
391.695
712.578
354.953
220.287
217.062
240.949
482.013
730.609
413.253
881.135
421.84
266.268
314.181
329.225
632.436
904.875
491.834
968.283
471.185
194.497
241.554
241.999
649.322
1004.88
561.881
990.794
382.565
206.929
155.189
252.823
650.202
1024.53
464.648
883.338
423.458
254.002
362.151
316.318
672.832
924.733
495.374
987.792
453.511
193.331
230.382
315.231
848.473
1066.92
532.803
896.887
530.874
230.766
162.632
393.15
878.422
976.02
592.126
930.717
470.7
162.771
154.357
361.104
806.111
995.68
547.099
914.03
633.134
184.871
115.366
131.226
271.866
847.184
735.958
1000.72
636.301
229.546
174.171
163.058
422.265
967.137
736.586
1389.02
693.245
217.221
258.132
161.808
448.191
1343.89
864.104
931.527
645.627
218.926
151.984
188.047
406.614
885.268
734.931
1116.24
544.976
154.955
116.651
174.418
457.869
1094.19
672.172
966.267
473.595
123.267
156.145
124.084
440.32
955.663
580.846
1044.24
476.556
121.954
166.927
118.536
425.537
1025.86
597.627
949.792
525.747
158.775
91.3491
174.443
506.327
941.703
626.059
1097.61
440.717
121.118
207.229
155.054
463.524
1092.21
575.121
851.292
376.752
154.904
248.013
275.729
576.473
880.246
463.578
624.656
290.228
132.755
147.95
192.085
408.104
627.729
349.594
576.936
301.64
170.319
206.994
204.654
408.188
599.003
343.239
668.768
493.357
352.549
299.123
375.939
632.305
699.694
510.742
784.047
432.426
227.967
273.107
249.296
620.116
828.232
485.757
859.348
398.829
275.475
242.478
346.57
635.76
887.991
468.59
855.813
391.64
207.039
283.271
305.726
619.289
890.469
472.087
1007.22
421.719
259.643
220.975
237.814
556.279
1014.68
530.747
937.907
480.7
199.071
167.089
210.798
669.792
981.537
557.911
908.817
518.949
199.337
310.179
256.149
717.616
976.732
574.087
857.66
339.874
138.064
166.853
344.832
744.94
925.776
417.276
1059.65
785.233
291.096
171.507
152.163
305.408
969.625
896.604
1257.24
542.08
181.736
165.39
129.463
520.261
1243.78
690.028
1041.15
546.087
216.332
183.52
231.904
405.702
1007.93
662.533
959.398
494.116
163.649
164.838
172.686
330.42
919.314
602.462
1077.51
489.02
224.23
206.308
205.82
465.88
1067.91
609.074
832.024
569.699
242.74
268.86
135.095
339.467
788.681
658.111
833.448
480.362
210.2
208.81
165.832
378.216
813.826
567.422
665.731
339.99
195.751
186.391
210.055
451.099
678.54
403.848
870.352
409.284
149.94
163.609
193.175
500.219
889.303
492.792
899.476
349.928
192.419
205.051
154.574
445.401
911.318
451.355
779.752
375.262
135.863
206.919
215.085
449.96
788.844
458.929
733.419
375.266
242.54
277.144
281.166
524.764
752.536
446.865
760.325
373.768
183.65
186.304
215.037
490.493
777.691
450.15
758.486
335.499
272.092
287.908
333.471
562.242
794.238
409.767
909.741
349.378
237.185
326.709
316.476
594.549
940.517
434.436
779.3
359.287
157.046
233.665
202.998
542.474
818.131
431.725
698.207
396.441
246.591
176.709
325.36
489.534
697.09
446.311
833.201
397.352
407.056
195.906
404.938
769.824
895.644
428.574
939.399
419.731
325.575
372.85
379.336
769.602
1008.29
481.229
943.662
497.318
210.504
231.07
406.029
852.644
1014.22
572.31
1241.64
689.625
208.53
191.471
198.493
360.05
1176.27
844.443
833.365
641.081
243.021
310.204
212.996
364.693
765.483
731.077
787.793
497.842
279.296
287.306
227.996
357.124
762.117
570.888
570.007
337.084
273.383
356.547
207.419
262.111
560.39
392.844
712.375
423.543
343.493
507.168
323.313
369.837
708.447
481.398
684.999
317.206
172.581
238.762
270.337
405.997
687.366
391.082
769.831
410.337
200.285
349.492
316.061
443.006
769.62
491.884
651.092
279.035
247.272
307.882
281.376
360.925
651.093
355.845
760.021
382.541
166.849
172.487
169.951
457.851
770.4
459.38
846.549
404.61
122.37
92.6085
129.021
415.712
840.834
497.843
654.263
297.875
216.018
194.076
217.677
508.476
683.456
348.699
409.29
338.609
255.859
231.602
168.318
215.623
406.932
355.005
603.871
382.274
194.445
148.068
232.687
423.436
607.744
434.952
790.989
444.023
323.52
315.642
491.987
824.558
862.848
499.216
980.487
439.711
168.637
170.55
291.666
721.526
1009.18
526.25
854.42
465.428
209.155
171.388
227.681
644.207
894.299
522.086
848.138
358.278
181.477
199.58
276.057
626.222
899.961
427.5
721.699
292.775
151.414
189.494
236.698
599.25
778.118
337.607
878.094
563.869
302.312
312.549
381.112
836.609
952.091
626.205
760.573
345.136
199.948
205.271
305.145
694.673
811.989
398.452
646.997
455.798
212.02
324.731
253.164
364.384
615.951
512.456
755.424
382.938
223.994
202.056
193.96
335.808
743.101
451.78
707.811
431.462
215.376
249.707
197.094
328.081
694.057
500.797
729.82
500.284
217.845
180.449
122.834
331.412
707.11
567.106
808.648
541.991
230.829
307.818
170.472
354.795
775.247
622.986
808.033
475.723
183.538
176.461
157.583
288.708
774.804
560.546
774.44
477.826
217.689
196.066
170.856
362.634
748.876
556.651
729.168
339.662
193.149
209.416
195.413
450.427
748.368
412.252
647.257
304.756
148.141
214.353
215.468
413.715
652.46
373.59
761.227
415.351
141.331
187.984
216.795
419.937
754.278
496.327
556.078
299.676
187.065
232.559
234.587
414.45
573.557
345.082
761.08
317.334
95.1316
137.579
145.464
442.681
778.579
399.304
867.67
382.908
158.675
125.361
204.054
591.906
903.876
460.239
889.218
353.663
274.379
194.857
341.233
737.135
939.869
428.729
882.863
378.224
149.05
291.249
238.644
532.23
901.256
469.687
967.387
378.372
256.38
149.582
346.038
712.667
1000.01
469.466
950.259
427.393
272.339
159.089
393.173
864.42
1021.3
487.845
768.101
288.6
180.473
279.356
249.165
620.895
823.355
339.955
778.489
403.786
256.571
199.912
295.416
729.368
835.905
445.443
643.462
351.617
244.809
313.886
349.9
671.535
697.076
389.281
