659.9
786.4
472.069
166.041
289.13
395.481
591.344
801.237
657.95
704.178
417.788
263.661
300.257
337.765
603.29
742.988
555.533
841.603
542.978
319.005
283.688
487.084
516.675
823.594
380.467
626.317
549.955
228.403
268.826
319.769
343.031
596.018
333.524
496.341
535.238
493.817
310.333
291.765
316.313
477.569
274.082
560.349
652.371
460.793
262.411
243.287
237.411
506.747
197.546
288.131
489.718
733.515
393.284
185.237
192.486
261.917
170.88
192.803
351.024
710.893
533.883
284.041
177.278
184.968
178.976
144.393
320.469
709.403
736.744
392.026
196.905
137.416
204.469
195.205
450.253
601.503
670.747
375.926
221.028
169.065
466.098
312.791
372.352
271.404
432.724
534.129
492.521
314.149
398.951
239.07
259.954
369.283
594.691
642.159
441.323
247.431
575.01
391.61
315.404
332.803
647.455
843.168
637.367
400.286
788.844
375.284
278.566
235.341
554.072
862.122
859.91
430.493
647.18
506.975
248.37
228.685
458.378
819.362
701.701
531.018
975.145
512.715
202.463
162.703
347.274
827.99
1029.77
589.227
971.902
428.094
215.364
237.285
338.963
743.689
1021.7
509.949
1039.34
445.267
173.728
107.581
277.935
789.454
1099.93
533.56
1068.16
508.819
301.835
210.674
383.978
944.988
1147.72
573.772
994.763
492.529
222.262
170.872
253.963
807.587
1068.66
561.795
971.872
848.946
373.618
176.44
163.171
347.698
891.285
926.792
786.222
909.766
457.233
214.751
245.741
388.153
704.857
933.265
819.766
930.94
554.556
274.572
259.76
371.715
737.346
971.3
531.263
718.944
433.717
265.905
214.375
410.264
482.996
720.049
353.648
599.658
671.156
530.059
272.41
260.09
330.182
566.793
488.191
661.521
635.977
451.069
255.815
321.771
455.061
645.819
305.811
320.354
607.448
784.786
403.093
211.728
302.619
294.928
180.834
213.422
390.099
466.737
261.051
151.922
172.238
200.413
236.774
173.374
401.351
573.959
392.188
288.713
247.105
175.969
208.207
257.526
314.916
308.251
345.891
297.27
219.673
245.776
514.294
321.178
245.944
431.208
686.615
787.441
573.757
340.508
485.538
402.802
219.148
356.035
498.353
566.563
510.493
424.602
442.967
272.341
325.683
405.517
665.06
716.595
494.431
277.319
681.095
352.47
290.452
357.897
492.057
521.408
696.171
405.005
811.766
396.911
313.585
222.641
375.496
739.758
864.409
445.741
832.845
425.174
252.596
267.923
373.156
802.626
884.358
472.737
896.743
429.894
251.096
177.778
302.378
709.101
931.999
491.201
972.128
460.332
199.02
258.126
293.869
775.21
1034.52
538.664
1157.46
573.07
165.625
81.3755
262.153
901.107
1233.73
658.43
1071.99
472.9
198.947
152.759
226.661
812.658
1144.65
551.8
848.777
819.703
361.332
249.195
252.512
399.262
774.721
891.479
862.025
693.771
281.325
254.64
230.85
318.98
798.59
775.723
807.368
916.546
477.517
189.581
247.375
493.378
739.188
941.894
478.487
620.209
463.488
255.955
219.94
311.905
431.644
624.523
495.748
600.716
496.442
282.389
286.287
288.351
459.341
598.017
382.957
379.978
419.358
348.463
259.952
229.373
364.631
388.318
218.036
367.317
635.074
560.624
275.388
157.774
201.364
334.006
181.656
218.497
502.921
789.258
449.137
192.126
185.151
192.461
205.842
186.357
369.038
475.296
313.464
198.881
200.53
182.309
197.173
170.855
320.632
688.792
556.531
310.647
205.187
164.379
220.294
264.875
278.755
526.736
513.363
310.549
213.366
266.287
358.041
269.813
299.474
386.668
599.63
617.655
397.138
253.154
408.436
238.865
368.765
375.547
525.941
541.415
443.591
242.342
690.814
338.771
277.009
290.492
435.744
696.433
738.81
389.881
641.398
515.889
276.508
215.566
421.735
724.22
687.149
534.193
853.926
419.044
316.555
299.917
466.111
829.695
907.965
461.389
1048.15
507.32
178.858
157.115
276.967
769.635
1100.05
590.823
1015.74
460.567
242.71
169.849
334.771
844.147
1086.62
534.349
1004.72
478.932
170.99
247.265
240.51
746.077
1066.38
556.713
1029.52
596.022
176.392
152.667
248.448
855.288
1108.85
666.494
985.204
851.098
385.976
193.611
197.737
310.291
898.9
929.741
903.229
695.186
297.09
110.752
122.614
293.354
838.077
778.592
968.348
879.887
409.078
181.456
237.83
417.106
896.122
939.003
843.657
701.11
290.944
182.013
164.737
346.387
784.267
778.619
520.729
531.26
412.724
233.96
237.075
224.198
477.193
551.716
477.694
561.055
419.695
251.885
226.982
311.659
443.557
564.428
221.412
309.103
384.179
420.575
298.356
327.624
230.795
290.353
333.24
337.164
498.559
628.797
338.901
264.743
329.614
336.566
248.457
191.256
321.417
811.447
468.669
213.144
240.619
209.223
249.585
204.783
321.695
698.743
536.541
292.182
260.678
206.554
383.987
381.03
283.166
407.303
567.488
585.365
408.409
380.586
566.992
419.29
342.136
418.29
607.46
687.139
608.986
433.681
547.972
262.788
294.369
364.462
598.042
727.35
599.218
286.267
862.545
460.83
196.266
286.371
469.875
838.618
935.887
527.214
563.282
399.652
186.346
212.406
305.598
492.826
589.636
431.983
670.354
383.859
321.141
207.698
369.326
738.532
733.112
396.908
867.7
450.116
218.105
203.409
270.242
737.025
936.074
503.299
1012.26
467.161
143.994
126.919
218.255
743.988
1073.09
552.572
975.213
450.674
266.133
223.49
348.72
832.675
1046.51
519.552
1006.99
490.536
147.77
93.8571
177.082
762.768
1075.79
564.818
939.797
769.582
267.568
238.04
192.756
373.381
862.539
865.129
1148.6
765.005
277.789
102.174
147.035
399.944
1091.65
871.925
938.196
750.454
371.845
226.279
219.385
359.777
875.897
827.223
876.582
778.839
348.632
148.529
145.291
300.076
804.536
850.196
474.213
574.732
415.393
332.882
261.886
312.699
443.122
576.985
508.867
394.791
372.943
388.572
345.48
355.39
502.37
421.524
430.538
417.634
253.383
202.025
166.83
245.65
403.736
439.736
293.935
373.545
377.482
368.453
248.566
278.997
284.186
371.625
326.174
410.844
344.636
222.837
237.138
199.082
295.817
405.49
290.797
237.693
263.585
455.316
507.264
433.228
309.829
233.434
271.929
264.759
286.715
401.998
420.129
261.664
259.134
266.279
656.778
332.372
290.157
295.284
440.359
556.389
683.139
382.69
527.962
381.27
360.168
416.234
533.78
655.062
561.802
400.001
653.277
556.553
308.356
341.466
451.167
845.244
717.096
568.974
805.694
508.713
202.539
217.419
387.668
800.692
870.317
565.921
841.186
452.984
272.737
266.956
380.288
834.933
920.232
509.317
894.773
405.135
226.676
331.078
345.886
762.881
965.796
468.781
889.764
408.651
227.98
192.155
311.174
777.192
958.714
474.812
898.246
430.812
128.129
158.781
220.365
663.256
954.413
491.268
908.768
487.388
188.475
256.98
270.123
713.114
955.694
560.201
909.347
713.411
258.224
151.727
193.183
441.925
858.539
796.894
1094.91
591.623
202.861
159.514
194.938
544.328
1085.91
698.206
921.005
612.476
199.112
173.499
100.676
312.449
873.01
709.706
635.187
460.189
191.386
345.833
208.039
331.554
604.767
523.241
657.709
563.276
277.3
230.317
194.23
313.386
612.316
609.414
757.642
685.644
311.582
243.977
175.771
295.265
692.669
749.784
359.478
307.745
262.811
267.434
180.063
231.273
336.987
324.551
555.588
525.47
407.986
429.85
298.082
204.469
512.919
555.742
324.063
388.368
566.026
637.234
343.502
325.425
322.437
365.543
345.111
326.566
459.002
692.505
510.86
473.685
363.149
333.313
365.596
420.552
405.559
718.616
545.912
520.148
368.676
414.185
376.011
265.842
332.464
429.05
525.181
447.766
391.384
274.342
499.377
255.124
314.749
363.569
608.057
725.602
550.018
262.895
539.083
417.706
350.39
320.169
471.276
786.501
597.794
424.938
742.697
287.747
220.205
239.805
263.72
623.861
786.704
337.596
845.371
384.32
298.353
227.928
335.786
851.655
913.718
409.796
986.869
615.095
241.243
198.994
272.314
805.634
1060.13
680.402
961.802
440.616
211.185
262.577
322.254
793.733
1032.49
516.506
1016.96
433.863
199.859
280.096
281.671
639.939
1060.46
515.703
576.832
255.78
192.196
254.213
237.4
456.545
629.368
294.438
1042.51
603.718
219.928
145.957
150.555
318.079
982.283
733.578
724.08
459.373
196.431
250.225
198.576
219.618
673.132
535.624
1171.09
607.085
188.017
184.182
200.214
365.075
1127.49
747.698
629.171
444.188
214.887
288.687
245.041
283.172
599.259
508.517
721.586
418.393
131.692
105.173
170.52
264.811
685.484
500.816
658.086
556.116
273.743
365.07
269.553
267.293
606.019
618.803
553.468
528.499
275.97
240.042
224.485
296
515.901
563.147
621.739
414.318
230.562
190.298
189.531
268.473
602.054
470.62
453.071
451.245
290.3
358.288
301.797
328.12
429.828
470.523
287.04
299.946
531.128
662.616
343.347
305.591
305.37
279.382
380.482
287.612
372.423
452.96
603.24
525.117
400.4
280.303
448.74
381.137
276.068
292.605
466.601
524.57
479.276
390.584
627.691
345.209
282.226
335.549
439.366
588.734
653.457
382.7
551.752
313.342
293.738
333.632
394.039
583.991
595.734
342.398
756.911
399.183
290.578
263.914
403.333
599.797
777.043
446.344
855.166
415.363
249.138
196.964
237.561
598.602
897.579
468.607
955.95
341.321
156.772
154.317
253.203
651.263
994.011
433.897
887.404
357.037
243.497
123.5
234.672
736.567
957.137
420.782
1109.3
411.351
202.566
218.533
226.141
593.773
1138.94
529.432
576.007
293.552
199.945
155.965
167.637
427.997
610.062
328.706
787.026
630.332
197.76
137.375
158.68
376.485
723.532
716.825
1067.78
513.384
147.635
108.804
95.2184
361.653
1035.39
647.594
1041.03
581.125
308.948
303.38
294.12
329.273
997.333
698.83
988.248
479.29
234.741
150.578
155.049
352.12
962.048
594.918
971.918
554.435
229.035
262.483
194.498
308.411
925.928
660.183
780.803
516.032
242.152
238.404
206.859
285.429
740.572
595.183
556.259
444.767
261.689
224.586
175.721
187.138
519.242
482.009
436.71
512.528
340.533
424.037
331.558
359.144
399.899
524.185
353.296
416.738
328.799
258.987
205.039
247.058
338.197
417.916
185.362
309.101
546.475
598.163
300.727
179.794
177.76
278.418
406.372
404.074
425.749
550.662
437.98
477.369
400.157
418.734
499.071
281.183
208.326
345.089
378.171
457.977
515.605
317.987
561.046
329.457
272.518
266.918
460.039
609.107
592.125
350.17
502.141
368.394
273.862
275.156
371.126
517.762
535.92
392.698
500.339
424.053
224.491
198.831
284.206
562.175
538.545
426.542
684.193
286.745
162.795
175.302
245.158
523.525
726.713
344.572
847.948
432.191
335.789
323.692
309.768
588.009
861.607
494.012
807.377
442.902
234.065
177.781
165.136
616.013
860.202
493.066
1142.58
412.4
182.723
202.869
276.884
635.367
1167.7
537.242
1089.19
422.764
140.16
159.095
195.079
484.416
1105.93
545.368
929.083
699.634
231.153
229.126
194.171
447.603
881.76
796.425
754.308
536.586
264.499
176.392
212.322
328.801
716.719
609.172
837.108
509.118
292.257
318.325
314.324
402.539
816.035
595.974
1118.02
555.503
151.34
137.112
123.326
383.055
1088.1
682.797
518.612
348.748
207.664
345.283
251.421
213.905
484.276
404.026
755.018
587.319
229.01
189.655
152.887
286.301
707.016
661.774
665.475
492.314
232.587
206.819
132.064
302.817
634.612
545.322
485.709
430.442
269.498
354.904
279.679
312.19
464.087
457.318
271.557
319.4
241.951
290.234
240.432
216.777
250.931
323.88
290.437
407.646
421.133
307.209
259.379
277.301
274.02
389.98
307.363
359.982
421.718
888.075
533.561
327.606
312.453
357.38
290.772
209.456
200.702
348.978
445.657
456.266
315.29
218.158
474.912
390.734
265.717
268.479
431.078
625.124
519.54
404.694
596.041
395.896
306.464
351.266
402.275
624.553
632.722
406.908
630.656
356.03
189.375
184.845
261.13
535.279
662.777
396.127
834.999
391.406
139.516
213.938
198.331
510.294
851.524
476.323
817.856
353.312
177.263
166.717
217.037
498.704
839.99
435.382
1098.32
432.426
150.247
226.294
168.905
578.943
1115.63
557.206
1040.7
421.724
298.67
195.729
226.14
564.15
1067.39
513.509
756.717
267.611
209.517
202.774
187.603
400.736
780.365
335.063
1166.82
682.958
214.552
148.711
149.147
414.403
1120.6
809.095
928.082
494.705
154.532
172.795
113.077
319.42
898.126
598.529
897.272
537.625
176.261
124.391
135.811
399.765
876.003
628.166
1161.13
572.438
166.671
237.072
197.865
435.787
1129.75
707.816
528.737
347.755
221.69
264.439
230.646
256.436
515.145
395.859
747.988
460.048
211.731
221.869
146.692
280.576
721.798
533.267
740.077
467.17
289.105
210.754
167.264
268.735
710.929
535.805
669.474
440.208
262.467
388.5
288.86
303.482
643.761
505.515
552.523
525.773
283.502
174.645
183.446
258.234
512.63
553.451
401.242
553.609
461.052
301.629
337.865
314.421
360.444
546.031
388.124
467.206
476.958
351.481
235.484
236.389
356.145
457.605
537.148
380.146
313.893
361.016
458.482
500.154
529.478
409.811
616.146
481.94
259.433
296.008
409.56
647.073
653.617
494.408
507.98
398.375
327.267
294.273
310.846
590.083
548.984
406.059
653.372
308.187
180.943
192.196
285.028
593.582
700.97
354.995
723.315
375.149
295.282
255.77
299.1
546.536
741.368
426.977
880.198
395.047
206.874
180.194
218.387
561.117
901.419
461.949
976.348
386.518
161.589
208.645
220.312
530.792
992.756
486.19
600.802
307.929
234.51
134.95
236.032
574.233
647.914
320.644
888.297
376.97
181.634
181.336
156.105
434.844
878.333
477.588
874.033
622.577
192.151
142.388
134.746
289.77
808.863
721.755
766.837
431.613
167.576
160.694
148.713
372.019
778.765
496.846
1036.55
542.561
158.9
208.215
175.764
433.559
1015.71
659.256
1007.75
584.555
214.086
165.367
143.251
371.977
967.133
696.556
901.232
498.591
201.529
163.327
144.312
425.229
889.051
593.397
696.699
389.172
204.429
315.576
224.158
330.253
685.49
462.723
799.351
497.981
224.263
196.225
197.385
356.615
776.543
579.936
791.434
514.329
181.422
230.085
204.72
356.722
763.251
598.318
732.39
458.64
164.779
203.261
197.046
320.094
708.638
535.97
558.176
471.892
280.269
237.614
250.816
207.173
516.263
511.692
373.288
451.562
370.926
467.298
326.6
211.859
339.367
454.918
427.481
409.374
371.614
336.703
462.766
558.318
453.88
415.789
622.837
290.482
200.022
279.849
334.923
546.606
649.18
349.068
615.22
401.299
250.42
266.665
246.8
533.171
642.862
430.089
571.941
253.58
274.972
298.644
329.543
506.44
613.913
292.109
659.872
329.432
205.183
173.794
319.415
560.901
681.952
375.676
838.261
428.69
290.498
291.84
325.087
526.252
845.074
503.995
894.098
421.872
296.198
234.284
229.987
579.98
930.248
479.417
773.85
387.974
186.587
135.691
219.656
609.737
820.753
442.032
1250.61
486.577
153.109
202.868
212.795
534.962
1249.08
642.949
1097.13
654.684
226.398
158.293
152.349
372.407
1049.58
766.356
782.898
485.625
222.916
99.0577
130.471
253.884
733.376
568.793
1007.96
506.12
173.411
196.694
154.098
365.884
979.85
621.377
982.146
579.696
165.237
168.569
178.464
469.87
963.089
682.328
782.464
371.122
127.367
137.072
144.832
330.447
763.353
462.437
814.748
471.806
173.416
195.753
157.882
360.496
796.296
559.053
692.869
469.646
184.062
241.588
291.306
336.174
667.149
539.014
664.053
405.287
216.054
221.525
289.662
329.398
650.696
468.916
691.825
368.275
227.951
260.758
198.7
320.947
679.29
438.417
723.345
423.432
178.672
202.068
182.373
316.467
706.643
500.247
554.866
384.932
236.896
347.688
366.502
401.931
553.964
424.31
479.473
282.151
245.217
331.953
258.213
395.277
493.636
308.643
669.703
426.846
214.973
168.24
263.882
563.252
693.746
450.359
708.931
321.26
162.144
174.685
249.09
541.603
738.062
377.651
852.925
392.155
172.493
154.42
218.277
571.907
887.308
467.846
787.625
336.844
183.586
168.554
223.363
538.298
815.437
403.565
605.131
386.785
216.165
259.203
237.665
481.395
645.131
417.401
814.027
335.982
249.294
202.776
243.83
622.528
861.986
402.775
800.342
354.977
127.21
158.698
169.827
551.731
842.928
417.453
873.542
527.486
231.114
250.638
257.332
740.173
935.934
581.34
739.231
494.417
206.649
115.825
150.703
337.665
713.878
555.428
1067.45
584.022
149.365
128.39
176.72
446.036
1021.11
718.47
1204.35
607.076
171.468
106.293
109.427
370.939
1163.8
751.811
999.225
607.917
188.7
156.381
129.21
476.287
980.019
711.085
791.753
358.135
137.464
212.486
166.323
343.462
779.471
448.996
739.644
408.06
158.365
183.959
206.071
388.964
735.929
484.064
778.21
480.863
185.968
208.147
179.915
368.598
758.503
561.657
695.141
424.639
217.508
443.659
321.175
293.281
659.371
496.918
700.967
377.705
308.643
284.782
312.748
379.41
698.269
447.161
593.222
298.593
170.885
208.77
167.954
310.444
592.373
355.721
715.838
296.51
209.767
414.024
261.019
360.781
721.537
374.091
612.36
324.901
201.827
275.483
264.741
404.671
618.366
382.062
639.564
329.247
185.394
200.749
210.133
462.542
656.971
381.7
708.184
376.949
231.676
183.912
268.04
547.626
741.652
434.901
738.407
328.155
249.141
306.238
295.91
502.388
749.63
400.305
605.379
417.622
234.907
171.695
148.633
423.523
627.93
457.037
858.053
338.986
170.319
236.612
219.355
536.028
883.4
421.63
800.587
513.78
295.469
282.293
289.156
595.423
850.857
556.253
799.902
397.647
127.318
129.756
205.267
644.638
857.081
457.48
871.655
496.245
231.411
188.94
253.58
643.03
909.555
568.957
500.373
317.984
216.033
206.07
159.429
198.811
466.386
356.813
1139.2
508.644
184.858
149.564
115.89
393.566
1115.86
649.867
1180.17
552.9
158.289
112.868
145.932
394.696
1146.29
698.563
1049.28
626.315
207.39
130.515
147.747
515.201
1031.24
734.29
722.901
406.686
184.595
193.143
168.261
248.981
688.694
485.64
821.759
504.16
219.492
221.95
171.243
356.404
798.558
589.674
883.296
465.192
161.91
177.752
139.355
454.866
878.991
557.747
703.377
397.997
177.933
216.023
149.234
245.204
680.359
463.749
755.271
375.269
191.436
191.581
219.854
486.039
773.893
446.031
783.3
389.556
261.975
248.59
251.909
430.525
788.441
458.529
619.497
296.243
211.909
336.796
218.839
395.322
634.657
355.035
631.94
340.341
349.656
339.833
238.741
329.858
626.529
403.789
657.048
324.716
169.464
134.915
190.689
461.237
679.948
381.279
674.362
440.12
314.468
251.458
216.346
490.56
698.625
456.988
682.354
321.147
203.089
214.738
230.981
543.517
712.322
375.695
725.4
362.571
173.261
146.532
205.912
536.788
761.227
423.93
779.556
456.771
251.815
139.129
222.958
614.062
808.257
484.754
847.637
406.476
212.402
226.67
191.194
550.521
872.803
481.335
844.171
383.391
183.641
145.705
241.011
662.505
897.257
448.118
762.675
441.298
239.971
107.286
272.114
674.46
817.244
488.809
776.13
426.351
216.888
377.18
256.178
247.139
734.365
524.33
976.336
538.586
201.711
215.926
205.93
337.678
940.682
647.455
1306.96
588.69
160.413
170.15
136.678
443.066
1273.07
754.898
892.191
544.378
161.673
138.532
151.811
431.399
870.281
637.311
583.436
331.243
170.886
156.444
191.815
389.758
594.88
376.125
789.846
404.757
156.208
196.229
178.192
402.832
784.898
492.44
811.926
462.428
247.9
328.163
260.823
381.495
796.116
548.212
1059.18
512.664
171.279
253.147
231.182
382.42
1032.48
638.307
783.726
376.071
178.985
280.995
238.744
460.064
790.87
453.524
780.506
407.221
226.318
255.668
188.894
451.721
790.663
483.607
577.667
261.037
147.903
176.749
160.315
362.676
585.592
321.645
638.66
320.456
204.315
238.518
232.614
473.159
660.803
368.611
569.994
295.71
238.88
209.832
258.999
500.395
595.329
333.345
789.53
335.813
213.005
200.958
232.587
521.127
809.074
416.921
735.397
339.365
192.416
391.911
281.161
485.054
754.889
416.855
861.845
330.37
333.656
301.919
291.22
547.081
883.885
413.587
707.349
293.165
244.635
202.148
250.545
503.6
736.692
355.946
584.038
367.838
299.008
409.94
365.724
630.296
620.697
392.695
719.616
347.317
174.592
144.989
278.217
603.572
760.797
413.595
795.424
414.634
275.152
283.544
250.132
624.461
838.26
468.973
725.958
529.456
170.403
188.802
110.698
257.778
674.344
608.71
624.454
423.376
250.272
228.435
204.182
368.065
620.247
466.224
1156.18
527.009
103.578
88.1909
70.8621
377.756
1122.41
677.33
1293.78
679.905
240.163
191.111
168.793
375.528
1241.25
834.271
937.235
382.878
112.542
148.15
142.092
419.467
938.523
491.099
759.029
375.696
188.087
195.189
181.356
359.726
746.756
461.131
787.769
455.407
206.49
293.473
218.72
391.575
781.624
535.011
1033.04
439.618
174.482
218.082
187.79
409.694
1022.4
562.611
846.679
481.524
171.689
120.724
129.245
447.399
844.947
567.626
758.302
363.685
228.725
243.874
222.635
450.921
759.957
433.136
761.829
441.339
157.594
130.457
197
382.014
749.713
522.166
609.65
356.359
133.065
142.831
197.503
389.738
613.791
415.456
535.483
301.026
204.579
233.65
247.279
380.293
538.483
347.398
589.441
289.971
208.37
283.788
271.222
428.818
603.093
343.855
619.172
356.678
238.335
218.658
302.49
484.963
645.361
400.7
689.814
325.469
282.939
337.87
323.05
481.908
697.173
396.773
735.769
319.882
121.021
151.567
259.542
533.204
764.026
397.625
541.909
250.565
159.366
171.864
254.446
513.985
573.272
285.089
627.854
309.769
241.256
292.839
326.878
630.094
682.932
343.414
914.2
477.663
191.603
135.015
227.426
707.86
965.968
553.324
957.638
626.286
224.364
169.379
158.261
311.679
899.783
731.367
778.101
542.635
196.468
235.717
156.947
296.462
718.897
632.221
1103.66
558.572
183.844
169.108
165.059
380.738
1070.22
690.637
1079.09
543.546
244.834
196.972
187.194
354.089
1040.08
677.128
930.511
491.91
185.807
224.239
205.799
328.544
897.563
603.936
899.56
401.127
331.082
431.877
315.944
410.598
887.353
509.457
618.615
375.822
253.577
363.043
257.882
360.329
616.325
429.482
562.973
269.706
181.533
285.894
195.538
318.414
571.319
319.425
639.56
292.434
198.097
265.619
187.189
273.568
633.188
366.018
763.811
360.486
151.106
205.273
242.544
494.918
778.687
441.785
606.87
261.389
219.495
245.789
209.732
368.328
613.135
328.393
610.812
344.936
196.376
283.782
215.908
349.089
611.739
401.348
495.57
310.644
204.518
140.052
240.162
451.735
513.957
330.71
407.604
269.803
137.382
196.419
343.779
460.058
430.201
295.185
653.423
341.844
248.388
191.517
322.613
583.837
675.692
380.521
692.48
398.06
186.549
214.778
253.888
483.798
708.627
457.961
536.362
227.294
158.14
147.165
222.478
397.42
553.983
279.791
574.22
297.537
165.41
181.723
182.65
406.477
590.476
347.631
620.375
380.47
287.32
222.509
242.678
577.143
674.948
418.417
619.342
308.03
329.739
279.311
389.469
625.5
669.828
343.949
646.687
492.527
263.284
284.823
244.024
250.671
604.496
549.71
541.819
341.633
175.09
320.25
352.24
335.442
530.381
397.011
549.729
338.706
303.36
324.861
191.287
306.435
551.588
364.308
582.839
323.236
273.795
442.721
273.401
229.096
562.992
382.932
816.018
436.22
273.358
306.456
184.51
349.977
800.175
517.656
810.072
367.587
245.108
377.077
212.998
296.811
795.223
462.443
785.986
441.736
228.473
174.807
174.545
383.413
771.328
525.674
746.918
368.124
187.753
251.208
190.704
473.24
769.01
433.688
717.127
290.669
209.858
326.696
223.157
358.488
718.448
373.129
827.675
367.423
167.223
142.37
123.229
451.904
843.081
444.708
687.268
342.71
188.565
148.244
183.401
399.947
697.059
407.479
765.788
343.08
160.356
190.602
177.292
327.742
757.647
432.471
709.954
329.872
193.354
219.313
251.819
436.695
723.258
378.472
489.534
287.06
265.973
341.028
262.394
366.622
505.575
318.078
764.559
363.209
168.241
171.877
231.364
584.43
794.935
427.506
778.868
430.984
174.452
209.188
209.588
600.535
826.243
486.634
978.681
357.245
203.976
203.075
260.939
602.002
1007.15
454.294
864.7
313.456
138.702
169
196.094
506.2
882.193
409.796
658.647
280.74
158.967
191.55
232.468
537.898
704.314
328.485
842.929
363.621
183.992
156.444
350.451
732.141
906.681
431.834
762.839
378.443
138.554
245.362
208.916
305.9
744.436
466.373
665.266
407.928
214.909
341.077
218.235
270.846
632.324
473.251
748.773
500.832
213.178
209.625
168.149
347.736
719.442
575.948
633.356
392.651
254.369
409.734
258.201
224.513
601.455
457.495
996.433
488.453
140.354
165.942
149.09
334.302
967.34
610.74
1051.47
468.754
147.482
172.362
121.918
365.364
1032
597.294
735.496
462.811
209.039
245.058
204.156
342.115
715.228
537.361
641.698
304.762
243.393
182.35
187.3
426.84
653.352
356.416
720.905
357.59
210.737
357.433
249.662
476.125
741.374
423.367
863.136
391.737
195.911
247.175
291.32
558.805
883.36
468.095
688.009
281.025
232.687
253.808
330.63
356.152
693.389
354.508
607.399
266.876
140.159
233.768
218.819
332.584
616.102
328.167
881.335
349.538
115.474
211.99
208.071
409.807
884.42
455.937
747.697
358.099
164.425
173.959
264.868
571.623
770.961
408.564
767.236
399.934
233.249
129.135
188.29
555.344
809.644
438.657
565.869
310.632
173.605
190.34
254.27
476.391
595.585
358.509
557.312
414.104
237.667
146.279
290.803
611.105
601.47
420.676
739.067
282.097
189.134
180.724
294.796
564.332
768.63
347.81
618.787
234.85
169.686
140.43
172.682
470.215
660.833
280.611
680.478
382.606
212.525
288.517
331.056
528.84
707.66
420.851
856.561
541.131
239.952
257.252
137.072
219.907
799.956
636.774
767.354
525.97
259.024
331.876
295.861
347.414
716.102
603.777
1105.68
526.729
117.055
156.142
105.027
350.36
1070.33
664.921
900.349
519.192
200.057
183.871
206.268
439.427
888.496
612.128
935.071
469.302
113.238
69.1401
85.4503
341.922
907.802
580.343
933.216
429.198
145.527
117.121
142.185
419.863
927.116
530.339
761.793
423.351
223.575
247.569
203.025
428.195
764.796
494.631
596.098
293.697
144.882
154.645
171.711
373.138
607.744
347.501
733.704
335.242
129.1
127.621
180.725
437.709
743.52
410.784
741.624
373.184
215.491
213.43
230.466
462.414
753.975
448.75
618.567
330.501
115.875
143.775
178.338
350.801
617.89
396.444
506.114
217.606
237.701
283.356
199.849
339.902
519.362
260.722
800.187
342.572
142.633
188.437
152.769
435.401
816.879
425.984
621.849
352.368
198.116
197.658
232.592
476.386
644.479
397.669
532.006
321.723
307.287
252.43
306.446
431.208
549.539
350.256
570.898
283.583
263.568
355.034
284.882
506.898
616.05
312.639
414.759
479.709
296.402
269.219
276.937
372.709
396.943
486.683
550.898
344.588
257.676
245.43
242.63
480.944
588.247
384.516
531.55
410.258
185.643
159.343
280.353
531.987
571.348
452.647
635.686
301.066
172.558
183.816
273.972
616.272
682.22
332.34
