624.177
710.779
567.495
297.232
275.388
279.935
570.073
716.78
535.975
830.532
557.924
314.158
268.977
369.192
475.893
813.324
497.236
602.473
528.488
328.95
320.276
356.945
463.811
602.008
367.684
490.457
517.043
373.416
241.033
173.283
331.5
483.812
167.119
350.563
719.146
785.474
481.558
261.807
159.577
300.632
179.191
245.146
454.951
525.266
285.928
201.726
191.795
216.37
192.549
180.457
294.099
532.071
590.646
315.034
192.149
170.69
136.478
189.802
413.462
788.718
582.917
205.646
135.045
175.004
262.448
166.511
331.941
639.871
738.9
474.12
288.012
167.579
269.081
277.099
306.397
496.905
657.75
632.251
312.961
240.133
531.781
370.119
351.072
475.046
689.527
688.702
573.907
393.78
391.864
312.107
265.214
357.209
610.3
660.119
431.503
307.585
645.105
324.898
349.362
352.995
646.237
823.791
700.518
336.287
753.91
374.774
232.891
197.968
445.531
796.888
811.345
416.55
705.529
433.02
207.039
183.194
330.133
692.13
748.641
481.077
704.493
555.345
321.326
263.496
378.844
773.407
758.015
561.88
901.645
493.408
198.105
184.488
324.288
763.109
960.192
559.847
1086.03
426.064
225.873
141.442
305.473
798.625
1139.6
521.542
1145.28
480.257
241.14
113.772
285.731
831.567
1191.15
563.327
1016.24
381.862
162.411
170.46
235.889
591.29
1039.28
490.337
656.447
710.327
450.757
416.279
373.879
270.271
593.954
732.089
529.721
716.39
522.717
278.911
303.635
359.757
495.273
708.575
370.049
518.081
382.492
261.689
229.124
241.582
328.761
514.952
308.051
394.226
490.859
506.13
262.207
267.373
310.832
378.456
398.461
481.059
431.302
272.791
249.776
349.499
373.287
471.077
172.988
303.884
566.023
557.814
317.8
180.159
168.316
267.195
255.746
205.924
385.049
677.316
487.671
308.456
262.723
207.713
260.255
199.096
300.825
566.56
627.185
436.355
282.724
178.288
161.225
151.45
319.125
766.913
651.406
303.687
172.067
152.591
506.689
361.718
504.813
703.101
501.19
567.752
541.983
377.758
331.368
228.839
261.563
474.713
614.155
609.952
367.788
218.827
591.469
379.747
408.046
453.36
738.019
827.708
652.68
397.214
786.378
497.405
279.92
256.039
473.738
919.138
852.027
523.057
762.073
352.346
301.181
210.37
489.395
747.915
804.486
405.169
818.964
434.388
342.566
257.034
489.309
834.079
878.009
476.938
954.941
382.527
340.623
381.728
464.228
711.565
983.683
480.275
1072.28
468.017
226.209
239.074
352.595
845.19
1136.27
562.57
1096.47
444.856
269.907
151.557
310.863
836.841
1152.08
535.426
1207.28
610.708
280.185
165.762
347.277
927.354
1259.63
673.213
1003.12
376.547
266.14
181.91
229.02
609.104
1040.01
470.593
693.536
721.506
399.704
189.435
293.862
378.695
628.124
768.816
484.498
619.08
492.365
359.993
338.735
321.867
443.542
618.002
359.938
425.068
312.267
228.666
227.479
339.336
372.621
419.406
220.765
349.677
523.464
496.68
302.001
219.968
219.779
325.247
418.859
472.637
439.64
318.978
281.888
352.111
414.016
453.567
325.863
326.53
498.487
587.805
279.494
194.393
315.017
318.599
162.793
251.666
496.812
702.182
396.825
207.219
165.176
227.408
254.111
266.451
381.882
491.606
438.631
416.995
264.513
247.458
215.563
221.147
355.09
803.36
724.032
377.733
222.301
218.767
283.935
213.695
281.67
344.071
424.503
470.684
315.915
204.374
450.586
448.988
340.984
464.405
650.457
609.644
478.488
462.644
481.23
269.914
330.668
379.9
642.991
697.144
522.722
277.031
476.859
313.887
424.235
423.015
548.467
460.561
488.987
328.978
857.035
462.242
243.659
216.378
377.196
721.134
907.688
526.741
886.121
352.745
193.657
206.579
376.686
749.814
941.497
432.134
1068.02
466.687
226.228
262.76
373.827
870.757
1113.59
548.056
925.751
488.157
242.875
277.693
289.043
713.222
980.788
561.43
849.732
421.416
166.6
124.385
268.407
697.956
903.306
484.631
1235.29
492.075
247.247
181.049
265.796
779.031
1270.96
609.101
1107.86
487.349
189.778
111.846
247.183
771.147
1159.18
581.825
364.847
440.18
278.554
274.928
337.712
303.875
342.46
442.925
796.115
688.716
294.472
224.72
200.577
387.348
747.338
747.988
492.383
318.651
216.854
238.043
254.902
283.521
480.22
356.464
393.088
299.36
247.207
180.51
199.789
235.183
385.471
318.907
381.329
411.847
372.965
433.953
263.411
222.187
353.61
428.166
300.229
427.195
424.939
521.364
287.385
238.676
280.732
416.396
219.799
237.408
393.445
547.972
292.381
176.882
209.03
229.873
173.539
209.087
500.743
859.244
503.147
228.369
179.939
195.158
187.36
193.322
440.473
827.906
767.547
371.486
197.485
163.366
167.636
207.64
357.271
747.357
654.368
355.416
175.727
200.523
359.219
275.699
319.613
573.457
767.866
700.911
400.054
266.204
516.262
355.909
289.17
439.438
572.652
641.295
558.704
372.238
589.14
335.993
256.46
385.77
482.047
648.999
640.036
360.733
643.853
331.774
217.223
268.313
371.592
575.198
677.508
375.375
622.336
327.635
383.685
323.025
529.456
713.889
671.425
339.335
943.878
424.567
221.418
292.525
320.818
757.907
980.744
496.042
836.728
409.607
178.724
120.386
265.527
695.291
891.599
465.201
874.149
400.475
285.983
227.057
309.688
741.824
936.739
461.391
1081.19
487.107
197.448
139.294
260.185
735.779
1120.45
571.347
888.319
406.898
184.785
188.337
229.486
701.104
947.275
475.359
704.408
570.593
288.488
174.667
213.709
344.867
668.91
614.619
743.344
649.504
326.03
242.609
302.276
365.925
689.859
700.802
572.471
528.663
285.065
251.091
264.664
304.658
531.01
575.932
419.375
406.74
268.334
253.345
264.482
288.96
391.958
430.791
335.846
331.113
302.04
329.25
182.764
190.842
319.873
334.099
306.548
445.348
609.489
561.846
431.347
261.409
279.729
422.092
285.952
339.199
513.862
565.506
344.483
217.169
278.146
323.925
159.564
218.742
457.109
812.191
495.706
268.459
174.055
190.489
304.245
236.682
270.157
516.02
603.237
387.167
308.388
254.498
222.986
171.129
338.66
747.747
719.927
418.762
242.285
176.088
561.222
374.308
326.245
499.354
728.56
793.239
617.835
392.533
621.865
405.248
270.778
259.089
522.875
720.066
663.957
424.754
615.967
370.039
297.189
315.161
518.349
740.776
669.896
411.388
693.246
380.466
271.058
270.101
271.343
586.289
731.378
399.437
617.658
393.678
203.407
198.447
339.393
717.274
677.055
407.353
634.631
334.647
223.874
177.323
284.118
602.955
677.672
354.661
888.663
497.357
342.53
213.755
283.755
664.591
918.669
551.63
828.109
455.294
217.965
233.429
251.417
677.978
884.087
508.965
807.115
390.781
168.686
148.28
202.027
633.493
862.377
448.63
949.175
468.247
146.771
97.8407
174.969
696.869
1008.54
533.689
981.974
635.812
226.602
192.369
199.965
421.081
944.128
738.036
777.804
616.402
316.789
303.792
295.756
359.956
730.378
674.342
523.333
508.907
200.369
165.751
159.843
314.105
490.574
555.043
314.141
361.038
299.473
403.356
297.996
324.614
304.365
365.88
543.629
296.9
254.97
243.163
199.912
328.938
550.784
339.651
414.673
400.091
260.873
380.077
346.901
239.426
385.107
421.008
358.151
375.497
487.148
634.756
338.501
227.095
345.169
368.521
313.99
368.097
325.298
275.668
272.449
299.107
297.031
367.549
407.312
354.16
356.707
705.485
558.97
514.101
440.877
369.908
191.181
231.044
372.568
679.486
687.95
352.652
206.17
209.201
368.754
293.056
335.976
427.993
423.607
351.229
378.5
298.801
392.593
249.972
218.151
356.868
455.582
446.423
405.502
270.854
627.087
659.906
382.76
308.403
523.543
803.908
656.62
674.644
581.022
298.438
261.11
308.72
333.799
643.075
642.847
326.204
705.361
403.757
254.825
347.981
303.73
657.637
763.998
447.122
719.876
310.101
289.838
236.493
305.422
653.029
775.719
351.985
768.957
310.972
281.908
221.86
352.229
692.067
821.44
356.864
824.18
435.075
274.898
221.172
277.46
688.726
883.877
494.027
789.925
346.014
100.833
156.401
165.637
370.845
787.979
431.527
844.433
466.762
199.53
202.389
194.659
660.763
903.305
514.321
787.278
400.559
257.073
359.952
284.448
395.536
767.274
480.069
577.255
444.511
192.557
219.519
148.516
246.584
539.617
501.903
490.46
346.27
249.85
368.174
236.395
282.905
469.48
398.041
404.212
369.236
261.528
268.21
254.513
290.37
375.583
388.13
642.372
573.943
231.86
181.368
186.558
310.365
593.324
631.817
458.631
455.541
251.081
332.76
332.07
326.288
428.362
480.918
535.98
614.717
416.285
310.432
339.234
353.586
488.086
626.992
368.865
315.608
430.41
622.975
376.981
361.306
368.867
332.362
221.79
232.496
504.844
673.676
439.868
349.172
236.957
219.848
295.635
223.43
489.992
866.267
575.317
311.043
309.9
228.063
354.907
386.286
282.61
435.881
526.523
432.148
354.933
396.662
460.229
254.51
480.431
529.703
713.306
592.951
493.082
264.845
425.51
358.187
263.842
235.304
427.369
573.87
460.585
359.197
626.728
441.045
231.98
303.796
264.426
545.663
671.144
485.968
600.153
309.954
271.87
169.925
331.5
608.047
656.193
331.484
694.26
383.231
346.193
222.086
350.45
681.096
753.031
409.237
823.152
410.573
223.333
266.945
285.831
611.654
870.492
454.309
844.117
389.151
168.517
171.963
236.261
631.421
887.579
454.135
638.166
322.207
210.441
243.128
213.151
346.796
658.875
352.107
724.479
319.736
121.495
124.71
155.606
368.26
740.772
387.216
649.197
484.447
233.291
171.874
289.723
399.455
602.955
542.674
927.589
434.079
207.985
213.922
289.102
323.28
905.269
544.968
562.528
423.871
223.178
376.816
315.46
267.646
527.988
482.563
502.211
340.118
132.609
125.738
190.04
231.783
478.954
391.174
550.659
386.966
225.114
255.313
204.555
238.108
524.746
433.241
533.525
420.988
263.422
212.134
211.221
213.564
503.402
462.453
279.941
299.761
250.273
280.648
199.048
175.935
257.163
310.035
417.114
366.7
303.759
280.566
259.446
307.133
399.272
387.398
169.341
192.221
413.98
511.362
335.857
178.27
172.455
169.377
268.726
274.908
362.002
692.038
502.127
287.76
267.965
281.42
371.252
293.008
222.403
414.782
479.562
458.229
379.465
309.352
509.258
283.369
256.874
226.604
337.158
558.583
547.841
306.625
457.841
239.505
247.106
276.064
375.566
559.97
498.553
259.996
541.232
287.884
215.831
244.467
395.943
474.441
555.838
317.053
574.718
391.329
218.31
238.019
261.198
581.848
619.79
408.079
606.323
258.544
209.408
287.622
273.48
499.661
645.583
299.345
655.112
318.263
216.004
189.105
192.112
469.856
688.818
365.605
968.816
375.036
164.513
117.319
162.394
514.842
983.893
478.787
751.63
451.824
241.05
241.285
210.792
481.089
782.781
493.246
487.041
370.266
178.758
193.404
157.061
319.978
468.23
416.347
752.373
342.262
234.956
188.754
193.759
291.132
737.112
427.15
757.628
454.207
283.985
250.608
262.249
259.88
723.764
529.926
737.57
343.025
242.301
194.491
206.29
289.973
724.012
425.527
760.468
440.755
224.14
284.597
199.991
288.304
728.708
516.478
505.691
377.38
220.496
261.057
199.535
228.526
479.17
422.173
500.845
299.638
209.585
279.469
243.946
217.478
485.67
343.722
323.772
323.13
236.516
380.336
302.653
299.791
306.921
333.787
384.325
348.174
250.946
315.15
270.016
230.907
357.016
380.794
285.098
397.605
504.446
544.92
251.291
267.112
278.206
370.841
288.45
274.455
457.771
688.72
438.114
340.767
313.819
264.574
308.317
255.532
277.309
369.636
326.506
246.062
315.885
250.761
385.936
215.369
229.81
255.115
409.383
470.78
404.898
233.712
421.929
243.023
231.556
254.343
253.723
381.973
442.534
272.77
409.514
238.21
252.334
258.836
291.571
383.537
425.609
268.878
626.166
364.105
200.085
216.432
243.668
501.283
657.514
406.723
496.725
222.748
238.961
329.007
214.302
284.797
501.765
259.649
751.985
377.444
298.227
241.313
247.512
509.858
772.387
435.878
747.622
342.684
263.932
233.734
190.208
481.544
769.222
397.86
671.101
256.929
132.065
141.559
158.112
336.368
686.714
317.644
815.413
326.531
148.7
130.606
145.85
438.47
835.325
407.038
589.876
358.776
191.521
273.53
232.454
272.191
574.134
417.942
744.487
445.902
300.596
328.396
350.076
366.463
726.69
523.698
1109.53
495.805
120.886
98.417
97.5524
368.926
1083.19
634.482
531.125
253.795
174.488
322.932
215.2
237.164
515.749
314.86
468.277
338.85
204.997
225.329
158.463
159.913
437.261
382.174
481.518
392.363
201.437
231.096
159.449
214.189
452.075
433.453
460.677
358.562
297.076
345.318
310.583
269.073
443.32
382.885
265.201
320.714
208.752
236.656
154.659
185.66
247.959
324.222
290.958
446.93
451.332
313.563
214.319
239.414
263.219
430.379
116.26
197.995
318.98
640.96
475.859
199.47
110.337
181.82
229.667
192.335
300.298
395.27
427.161
314.675
246.44
187.707
345.176
219.418
167.368
362.482
408.904
369.258
349.558
243.798
532.716
408.004
342.421
254.642
370.65
579.204
559.523
410.131
589.935
424.981
232.808
193.337
199.989
494.32
624.889
450.745
684.957
337.597
157.606
226.212
181.33
392.912
687.459
406.37
675.078
363.182
189.747
171.818
188.879
437.529
692.533
417.982
697.333
358.819
279.887
242.519
190.485
375.606
708.165
396.543
676.547
275.224
194.901
177.34
192.276
483.675
709.185
326.639
823.347
352.341
161.148
130.955
126.145
346.534
834.308
437.277
1009.99
372.289
264.519
278.019
177.471
481.952
1028.85
484.063
727.275
387.602
158.97
286.605
165.848
267.59
705.418
466.411
775.04
474.601
165.841
112.721
171.307
354.921
754.04
555.46
949.673
437.731
204.706
316.519
273.16
332.272
923.495
556.075
591.24
318.729
171.548
311.038
265.477
289.335
582.518
382.278
530.179
369.971
181.256
210.013
190.288
245.633
507.158
421.429
562.753
307.804
253.936
206.867
132.89
183.706
541.867
366.812
342.347
275.504
228.967
381.444
267.734
221.896
327.457
298.621
307.003
306.971
233.404
264.935
237.571
203.233
286.441
321.149
313.82
259.436
192.847
260.442
251.624
233.927
304.087
270.217
268.051
455.64
536.619
359.708
286.945
268.752
246.25
424.453
484.289
384.146
269.913
292.532
342.195
272.198
467.549
413.967
451.24
381.85
214.37
182.693
279.746
506.673
482.674
390.358
371.301
370.107
291.133
272.247
283.066
496.842
401.634
375.788
396.539
219.409
268.414
328.775
278.86
354.97
415.824
235.333
606.139
330.962
236.799
228.92
258.017
379.795
604.442
392.93
512.931
275.812
200.475
157.344
197.36
345.067
521.172
311.228
599.896
392.401
172.802
187.862
145.692
468.526
637.258
434.704
586.998
296.67
195.827
189.29
174.704
467.821
626.539
331.49
405.311
329.411
318.942
358.48
235.696
349.433
413.322
334.497
824.751
331.641
165.507
126.749
159.798
506.096
856.695
399.195
586.061
291.874
171.9
255.688
229.848
415.52
610.635
340.275
863.723
456.271
168.661
223.784
240.029
445.887
861.873
548.05
879.709
442.651
186.45
224.318
161.668
295.167
850.156
549.426
720.947
451.036
270.188
291.176
175.57
339.727
705.204
521.3
354.563
182.436
210.424
322.882
259.427
215.227
355.306
214.788
397.994
247.302
155.746
256.686
220.69
185.859
385.159
287.547
439.296
299.974
220.446
381.644
226.857
205.05
424.188
339.951
365.36
291.038
217.157
223.551
210.156
206.486
347.899
315.77
440.756
433.056
326.509
140.015
235.271
266.596
410.91
447.321
504.717
443.678
296.309
204.783
228.104
224.401
470.198
476.928
278.05
291.749
357.374
426.523
354.506
350.805
296.811
285.678
547.699
271.509
254.274
242.919
337.091
455.501
565.234
312.48
557.482
353.123
244.489
302.223
243.289
432.822
581.027
381.406
461.191
241.046
284.023
252.286
243.83
374.585
480.072
264.378
558.421
364.298
208.211
148.917
242.224
530.391
591.162
376.899
632.956
302.52
240.617
148.151
179.085
383.265
650.838
344.932
675.054
361.069
299.901
227.207
229.01
456.948
690.518
410.572
612.706
370.693
188.59
163.19
210.574
518.733
647.136
424.14
650.872
294.673
156.025
245.631
167.722
426.832
675.04
357.497
624.063
303.18
221.499
314.321
219.91
473.036
658.279
346.856
771.752
446.303
203.065
195.166
170.286
281.042
729.632
536.578
678.999
403.148
201.029
201.91
256.932
318.53
660.043
472.164
864.292
440.888
128.086
230.825
199.882
333.188
833.557
544.553
605.832
320.414
127.795
288.318
216.566
301.866
598.298
388.609
364.017
251.975
141.697
166.563
159.31
179.502
350.724
281.883
474.056
349.537
190.152
262.003
245.131
220.56
448.768
391.93
484.624
283.161
119.939
138.152
143.081
234.352
474.08
334.07
464.41
266.199
191.372
251.754
217.069
255.469
460.25
310.66
516.654
296.446
139.707
136.058
164.197
259.365
508.103
350.814
462.669
267.636
184.177
304.987
226.437
270.45
452.525
311.385
364.477
195.965
277.31
398.401
251.148
254.861
372.617
223.196
461.267
271.894
238.063
236.628
269.153
366.736
477.531
291.282
437.746
255.448
171.102
190.238
211.342
393.301
459.523
279.36
476.118
272.548
185.011
233.19
211.732
388.65
504.301
307.64
455.039
293.197
167.065
120.042
172.365
390.887
474.814
310.822
539.057
427.544
179.158
164.867
175.104
434.777
561.651
468.53
574.737
317.977
299.336
385.407
226.68
410.25
589.56
354.542
740.872
283.289
256.846
164.252
222.114
475.539
767.557
349.432
625.682
333.434
272.079
137.438
294.279
562.358
663.306
352.599
625.026
361.079
357.524
247.998
346.331
653.317
678.193
383.889
696.01
431.551
188.322
151.649
272.918
361.367
663.19
505.292
765.853
456.261
196.722
170.4
197.164
283.578
737.736
534.956
735.671
411.685
139.584
162.662
130.629
306.647
714.728
492.047
742.663
393.624
145.92
221.306
165.82
398.533
741.977
473.177
420.085
240.074
190.201
215.569
251.233
278.985
420.89
272.318
594.288
364.741
278.723
305.697
192.903
291.6
581.449
414.633
529.787
391.731
224.642
261.914
289.574
303.499
500.27
442.388
585.82
374.025
429.228
334.972
324.179
405.383
597.329
402.672
598.513
329.74
206.881
277.882
216.797
333.198
595.216
389.388
512.172
238.63
235.337
283.306
279.775
281.004
512.015
278.844
521.71
278.597
236.801
287.87
252.719
340.139
528.813
318.011
438.435
271.235
182.473
236.842
222.585
346.401
449.326
296.032
516.338
368.411
251.968
248.658
185.533
407.372
548.616
389.333
528.9
230.925
156.095
163.659
172.884
333.225
543.585
270.341
510.484
237.863
245.526
255.715
272.916
409.308
543.538
271.475
618.72
298.971
169.87
206.641
240.905
427.922
630.61
360.666
602.977
316.177
202.135
153.529
234.903
468.869
620.422
358.303
784.409
355.826
273.141
387.624
245.664
516.952
803.703
407.953
606.982
395.022
268.286
240.95
266.525
534.888
646.571
416.124
696.451
314.548
179.244
132.434
239.042
540.083
731.64
372.574
798.846
405.061
188.866
213.934
151.739
303.327
772.782
498.708
668.364
387.971
159.131
173.196
217.77
242.557
639.422
458.698
734.28
417.006
212.898
182.644
141.627
296.951
712.567
492.735
716.384
445.836
221.307
338.984
198.182
318.139
695.388
520.253
510.995
302.221
210.85
281.729
196.969
209.425
492.513
353.942
619.642
378.143
185.288
194.38
176.773
292.321
600.101
445.172
608.19
352.852
224.238
370.183
243.184
270.105
590.754
418.19
661.416
315.313
184.964
269.288
214.798
431.372
677.489
378.933
496.645
222.106
192.467
155.799
208.396
352.67
512.842
263.54
551.218
333.4
324.921
501.625
355.773
383.674
552.416
376.905
463.432
270.779
343.684
391.064
217.771
311.891
470.844
293.812
356.618
285.693
188.875
203.511
200.822
351.681
376.87
285.618
435.124
234.721
287.102
399.394
230.023
319.413
446.466
253.266
537.074
239.782
168.045
178.631
191.654
383.076
554.215
284.774
486.848
287.216
133.69
176.007
148.554
376.903
516.914
315.853
729.514
297.707
167.775
216.525
172.361
372.989
731.52
382.522
489.832
302.301
213.127
209.18
228.596
285.935
485.156
341.525
624.62
334.137
182.406
190.168
219.233
491.219
649.789
365.576
623.922
506.218
273.232
224.896
217.769
539.601
655.714
528.007
506.807
315.061
145.065
190.983
158.948
393.51
534.691
343.165
762.205
403.524
242.497
212.91
182.271
285.379
731.408
492.404
812.937
416.6
139.845
163.726
209.478
379.332
793.947
508.427
711.714
409.976
149.11
177.574
145.612
346.185
698.952
486.956
632.396
382.292
137.743
122.594
198.506
494.969
656.759
438.397
684.296
338.01
127.187
155.058
134.348
366.94
684.961
412.314
654.701
352.584
187.46
307.006
212.673
342.325
650.97
423.494
586.386
399.239
266.176
281.413
245.444
268.481
566.515
446.174
750.381
352.867
132.997
221.87
213.007
338.848
740.011
440.469
615.477
285.358
201.594
171.294
180.415
350.694
624.905
348.519
377.259
218.955
203.75
316.721
222.666
267.247
382.541
248.949
600.302
312.144
207.504
245.965
239.25
337.93
602.543
374.615
589.064
333.305
181.057
215.211
191.248
325.295
583.501
387.946
621.649
336.811
138.48
160.945
174.753
335.271
617.388
403.909
626.562
354.215
316.293
384.372
352.757
401.809
625.418
413.176
549.254
317.601
224.406
254.639
228.362
395.78
563.053
349.165
463.68
332.908
210.246
269.018
208.951
374.436
478.606
343.648
539.012
303.554
220.161
211.524
150.349
382.813
556.253
339.156
577.441
242.071
203.701
231.603
223.029
361.25
589.869
296.612
592.302
382.574
316.166
238.56
254.879
517.619
622.227
391.547
621.443
448.473
350.193
318.002
274.102
524.895
651.953
466.346
460.947
385.896
118.045
133.483
139.62
380.072
484.364
425.599
769.16
400.823
171.918
233.475
121.127
330.923
756.078
483.579
738.492
456.006
142.41
120.076
129.264
343.33
717.281
534.499
913.173
402.33
138.193
211.344
155.819
377.641
905.119
508.003
688.409
452.671
281.755
267.321
228.582
364.062
676.673
510.153
691.769
339.478
151.038
229.056
165.773
288.389
681.035
411.45
726.224
414.255
250.287
297.975
278.813
391.107
724.089
484.492
718.558
315.259
194.311
241.202
192.066
310.671
707.182
404.042
666.008
293.299
174.661
225.174
185.246
361.744
670.053
362.326
476.533
225.389
149.592
142.398
207.834
297.51
487.634
265.333
349.627
197.297
123.485
112.724
118.178
230.763
353.175
225.33
495.267
223.574
135.373
161.64
191.824
289.28
495.72
276.408
538.626
250.259
173.794
222.701
189.877
330.626
546.442
306.476
505.107
287.36
278.968
379.656
362.78
347.896
518.013
323.116
628.19
338.309
313.685
329.548
244.838
478.02
642.227
381.704
672.216
455.316
229.377
205.178
211.888
505.25
693.532
502.005
595.378
279.771
244.545
375.695
283.386
349.617
598.903
338.089
609.108
243.811
182.799
286.906
306.123
465.949
637.47
303.602
748.727
336.09
270.876
361.055
308.917
451.758
756.13
395.538
649.685
362.127
219.127
187.214
285.701
604.438
695.367
404.84
545.712
413.458
280.57
291.29
260.153
211.422
500.964
460.521
607.517
423.584
248.337
251.456
189.789
199.734
565.182
475.583
682.945
505.801
219.296
224.884
144.392
254.498
640.317
574.585
602.683
304.565
269.767
410.275
271.385
272.129
590.027
366.382
424.296
268.341
267.852
267.253
193.772
263.795
421.748
289.052
388.642
302.34
257.452
401.757
290.72
308.739
396.688
301.23
412.487
293.206
301.601
398.248
304.282
272.679
417.564
305.857
463.208
279.619
190.695
276.44
214.335
250.17
457.438
323.328
821.057
361.428
173.166
289.578
240.55
403.456
824.547
443.936
612.65
284.756
167.114
245.304
192.799
378.494
629.365
333.708
568.063
235.844
119.149
226.716
209.046
353.385
580.119
294.428
371.013
208.402
246.168
345.697
288.855
342.955
391.605
229.412
396.853
210.689
136.077
162.825
204.69
352.486
414.057
242.677
603.401
305.671
152.248
223.745
277.628
439.767
620.339
364.05
509.509
249.955
201.136
220.788
299.669
415.959
522.796
280.93
491.6
377.744
181.831
127.598
167.223
401.215
516.028
407.797
568.831
298.558
212.522
173.107
176.724
470.921
610.301
332.448
439.449
267.767
250.448
151.19
241.209
443.446
463.672
269.203
384.709
349.284
246.448
242.455
251.849
481.771
418.276
348.287
648.095
350.003
218.415
291.611
280.885
517.75
682.496
389.605
308.278
215.894
221.962
379.574
279.135
172.288
289.9
238.546
428.63
270.235
282.82
515.314
321.131
239.293
411.532
308.312
541.88
331.418
332.487
405.345
238.718
219.127
522.68
386.967
535.249
333.624
318.064
387.209
256.44
254.259
514.28
370.875
678.037
489.968
355.472
450.908
257.499
326.597
649.912
544.517
605.145
444.153
317.862
376.898
220.055
211.862
573.262
497.258
624.472
295.846
159.713
234.466
186.339
346.713
627.482
361.287
624.525
337.903
194.71
169.732
144.245
359.447
632.708
397.247
619.331
368.771
143.349
163.448
173.064
349.639
617.842
426.672
642.241
352.858
182.572
189.496
172.927
474.709
669.195
402.439
621.979
310.154
218.91
193.496
235.686
404.39
630.644
346.368
503.888
261.839
174.128
191.004
183.33
362.846
523.807
295.158
501.494
268.662
142.534
166.595
173.004
347.87
524.928
307.49
652.025
313.812
115.026
133.959
164.871
504.255
694.22
367.007
588.592
358.663
256.105
324.404
225.639
426.168
600.982
405.269
643.302
339.81
215.794
279.235
283.963
545.415
673.643
391.431
600.403
348.215
177.248
243.27
233.083
511.406
644.222
391.006
532.554
309.975
239.866
216.243
248.221
498.144
577.067
343.826
507.508
340.51
263.243
301.962
300.365
438.597
536.255
355.555
481.936
414.52
465.315
299.491
340.065
564.037
520.598
421.307
912.028
557.44
252.371
345.496
253.461
289.175
864.401
650.54
702.77
464.598
273.769
279.715
234.263
238.295
664.93
537.238
689.574
407.449
256.721
346.272
229.159
220.078
656.364
483.523
711.631
389.255
282.351
440.264
315.252
321.475
693.572
458.278
611.452
364.621
225.734
321.72
204.215
311.935
601.481
423.159
569.601
247.935
177.282
212.216
201.272
339.996
577.943
302.458
538.549
333.341
250.845
240.919
200.54
312.428
543.246
358.359
597.878
244.718
122.344
121.993
140.743
355.714
606.635
306.216
510.418
284.094
277.278
281.15
331.664
471.976
533.336
312.818
514.085
261.815
183.775
283.609
229.303
337.407
519.554
306.373
477.293
301.484
172.769
225.509
235.596
288.532
471.634
344.362
676.07
305.389
132.358
150.942
155.289
347.928
676.402
381.003
640.697
346.574
218.052
269.098
215.215
380.748
652.946
379.173
490.617
249.438
282.254
281.18
297.506
431.717
523.71
278.803
441.202
240.336
221.434
310.288
334.688
516.918
473.762
245.617
512.406
297.057
314.013
282.334
280.099
378.724
520.588
315.307
442.25
293.484
179.448
236.768
245.652
453.729
481.186
315.414
354.075
245.133
193.493
133.473
247.179
415.297
383.383
259.589
484.827
204.858
187.036
269.047
278.838
458.876
524.832
237.658
205.261
195.944
261.765
349.743
257.872
260.999
222.429
185.224
