159.11
221.162
584.285
744.458
371.268
176.603
163.403
190.901
178.304
256.639
353.012
386.264
320.847
204.143
167.677
237.938
231.297
320.908
507.543
521.163
265.837
191.8
218.092
293.523
185.506
181.065
370.724
382.245
239.959
175.509
191.867
170.027
178.943
195.918
346.726
514.185
344.078
135.289
171.032
190.552
162.182
119.043
298.28
584.778
396.283
130.652
158.907
122.797
111.226
118.988
242.838
488.845
348.114
144.543
108.98
117.118
248.167
190.283
271.811
421.279
296.729
164.58
237.307
207.356
214.986
190.785
230.49
551
500.951
309.719
220.82
191.665
208.619
140.977
194.321
342.544
393.239
268.418
214.64
149.357
224.246
273.422
224.631
332.56
402.591
321.075
226.967
269.996
305.201
160.969
266.337
346.083
492.513
450.521
332.553
178.235
567.617
312.832
225.693
430.068
433.395
578.183
606.633
367.553
337.216
266.197
273.69
325.073
525.861
489.121
347.222
270.551
287.707
218.021
202.673
298.576
356.149
282.889
291.08
229.12
352.988
299.536
251.032
343.178
537.832
550.578
387.197
317.502
345.337
198.893
206.597
191.877
371.559
488.723
379.891
207.356
211.389
215.123
214.94
231.373
392.736
401.935
234.594
196.654
310.578
226.259
299.364
387.68
443.392
368.352
332.017
228.228
451.296
248.516
201.479
272.034
424.811
531.14
482.82
278.556
142.852
266.133
483.399
577.164
264.702
208.271
143.873
229.843
172.538
192.369
357.947
511.106
313.431
194.42
176.492
183.746
148.449
221.072
467.515
518.827
264.867
177.53
149.175
190.729
123.558
222.481
531.083
719.826
404.375
193.885
122.015
187.67
131.732
209.688
342.143
430.457
254.698
162.445
125.771
190.605
114.653
130.557
220.152
380.328
250.616
129.295
111.817
124.191
119.818
143.514
206.694
337.576
300.462
183.362
120.191
138.248
309.598
268.347
314.253
575.864
523.374
346.773
309.174
279.443
225.27
201.109
311.184
395.475
547.091
339.636
228.288
202.598
187.221
217.026
255.819
316.77
276.601
198.023
180.491
210.682
192.463
232.551
219.473
347.408
550.476
472.193
215.946
218.875
254.994
174.972
280.534
457.583
345.564
212.846
253.073
184.36
272.95
293.672
387.593
387.332
549.972
478.583
280.604
269.065
302.034
301.729
271.789
262.339
460.715
500.989
311.721
295.766
244.523
212.838
286.472
387.305
454.895
358.487
264.277
215.268
221.561
263.32
302.163
363.961
478.286
440.096
235.171
244.48
354.591
275.506
167.285
217.368
428.333
546.995
394.243
286.518
374.491
292.311
272.087
350.277
524.72
606.685
415.357
295.7
299.432
310.044
219.577
224.044
429.344
485.702
307.266
316.028
441.466
235.531
176.584
226.458
383.952
537.186
473.06
260.693
190.036
339.431
561.936
360.859
284.253
251.074
189.989
290.492
165.828
160.907
314.007
364.481
254.193
125.206
159.642
157.329
185.074
164.88
292.994
435.587
237.01
149.859
187.486
163.157
117.292
265.245
593.254
733.327
326.126
101.903
106.674
226.932
169.848
226.815
393.24
582.638
305.197
186.918
162.391
210.273
174.937
166.577
456.451
725.322
399.404
140.449
173.045
155.669
196.35
128.079
271.72
565.248
408.248
152.632
194.114
139.666
308.435
141.926
262.56
344.721
315.7
317.894
327.208
161.723
165.225
156.824
308.813
531.491
345.269
205.582
174.654
156.573
409.251
273.026
362.054
590.945
616.393
423.531
415.395
288.846
129.09
131.292
246.822
465.416
431.46
210.179
132.963
125.997
349.217
275.478
203.054
319.462
432.155
370.48
343.603
296.277
422.664
286.391
288.079
240.567
311.872
348.128
426.953
302.858
466.776
392.833
202.763
288.136
471.265
579.67
466.597
426.59
421.592
305.711
261.197
344.796
433.813
491.981
433.429
330.813
339.197
364.407
250.423
325.011
337.136
423.958
358.647
369.493
334.812
231.736
187.385
300.431
281.617
352.99
354.498
243.274
368.812
244.407
221.395
255.894
363.757
429.784
391.211
253.481
468.926
371.598
224.796
178.832
420.201
681.696
520.956
381.225
527.614
300.437
234.805
252.95
453.003
761.579
592.352
316.367
167.407
278.464
503.437
553.817
281.748
146.297
162.88
253.75
216.424
270.47
471.755
474.242
288.261
182.636
207.003
245.008
363.643
423.186
538.454
672.161
383.649
365.218
365.331
405.106
201.783
255.667
599.646
751.837
354.593
182.58
195.072
222.266
166.406
204.128
455.136
574.358
309.295
172.028
164.016
185.299
133.099
143.278
379.739
732.416
466.535
141.331
133.618
135.37
95.215
93.6307
394.292
779.411
508.642
148.316
97.5224
83.0588
186.19
221.702
274.139
459.341
330.181
207.035
183.874
222.909
270.079
223.188
234.778
333.829
381.451
240.043
262.27
225.555
314.8
273.848
290.828
592.193
630.671
525.22
333.836
265.12
399.047
371.413
293.963
419.157
343.907
351.81
406.639
377.853
280.312
216.979
204.718
299.203
375.647
343.144
285.638
221.837
269.712
230.873
279.559
340.186
463.888
366.866
279.454
234.754
315.011
216.004
193.863
230.236
298.733
343.695
330.466
216.282
264.356
176.52
162.904
256.439
388.018
426.977
299.438
186.232
614.931
279.447
219.546
198.57
298.19
423.766
623.328
345.179
362.072
233.937
156.007
205.911
339.311
489.578
399.55
244.854
345.695
287.894
238.755
302.037
448.091
476.678
374.347
294.779
533.697
384.195
265.157
236.909
398.082
611.187
567.951
403.974
566.498
370.31
174.462
214.243
314.528
534.972
594.108
409.658
310.603
253.137
336.791
495.886
291.588
186.901
305.638
261.023
295.154
468.82
578.344
594.298
284.281
199.509
265.386
435.47
248.999
285.34
333.647
358.339
193.619
153.644
234.364
279.626
181.814
251.72
556.782
645.696
314.268
140.606
181.032
220.178
216.284
247.935
378.908
503.041
330.166
223.004
213.163
234.139
108.414
140.316
399.143
655.453
358.128
117.175
108.807
122.604
227.904
183.325
280.684
522.447
303.034
139.023
219.113
196.455
334.73
243.185
241.069
373.764
294.172
191.466
322.824
267.694
128.764
136.83
246.983
498.21
471.83
247.979
129.337
136.116
338.048
222.238
152.929
271.87
235.742
240.29
340.096
250.325
350.795
235.267
261.187
332.924
418.28
324.888
350.132
255.819
394.092
392.211
472.508
438.464
614.063
514.777
394.235
394.306
373.675
354.564
347.309
296.786
492.121
551.028
390.829
341.174
309.292
267.992
185.157
257.058
337.954
379.979
332.155
274.323
263.894
191.733
191.485
231.212
319.689
352.365
280.053
187.93
228.161
196.139
253.219
238.45
390.76
431.783
254.306
192.215
367.387
264.429
144.204
99.2021
225.418
477.012
405.902
268.985
415.265
271.042
202.045
292
389.698
508.19
452.369
286.731
536.033
349.625
238.326
260.322
362.434
603.513
585.29
383.268
581.245
234.223
229.389
267.008
399.165
591.956
623.265
280.97
446.867
496.995
469.751
447.312
228.845
233.054
417.869
503.164
317.42
391.79
375.609
334.77
239.859
145.403
288.533
387.88
221.557
345.371
376.417
347.861
246.181
246.569
211.132
319.647
292.357
296.237
383.373
390.082
217.692
201.618
284.331
301.204
431.133
484.681
563.316
633.555
335.633
337.322
420.151
487.192
157.929
169.47
298.297
506.174
304.234
165.922
160.471
162.046
266.37
189.126
219.462
347.821
237.033
176.71
261.412
204.654
327.292
210.479
201.013
295.561
178.311
190.999
318.647
241.114
233.198
215.584
214.971
175.29
209.44
253.996
240.72
204.774
208.705
198.204
228.383
296.95
284.05
234.502
206.785
189.328
199.566
154.522
333.028
620.88
487.273
190.61
200.006
153.788
201.932
138.808
170.405
345.809
346.335
237.602
204.095
143.026
425.62
290.926
262.445
280.663
411.94
498.276
453.487
305.945
458.201
430.252
276.598
368.919
398.007
467.394
445.278
450.911
333.674
321.791
181.321
210.803
225.157
373.918
353.914
327.843
392.346
310.914
195.364
250.288
297.485
394.244
411.986
318.37
362.84
196.777
206.597
264.183
370.56
461.869
399.976
215.771
422.5
201.359
158.981
238.24
351.336
468.057
454.174
229.075
487.827
294.029
168.647
261.686
347.518
459.063
506.769
330.687
460.116
264.416
242.089
298.52
309.298
411.792
485.927
291.611
206.153
286.229
574.15
524.903
308.581
245.194
209.218
243.467
213.813
333.23
404.102
300.992
190.374
185.091
194.259
307.542
305.411
515.122
536.553
381.202
219.771
170.292
269.501
488.26
309.671
287.02
310.252
284.36
228.69
180.073
292.496
300.061
201.29
237.552
343.727
524.631
321.873
197.273
188.916
234.457
143.796
177.857
293.012
378.793
209.46
154.62
138.263
168.105
180.066
188.813
310.932
366.955
195.649
162.477
182.417
176.17
388.912
288.683
273.901
374.446
270.485
253.644
386.29
308.865
136.085
96.4302
176.493
275.259
225.755
145.867
143.771
96.8913
180.168
149.784
195.927
369.063
386.507
273.252
187.965
146.422
210.281
171.881
221.454
251.135
256.433
291.742
227.347
163.095
325.892
248.433
158.495
218.996
265.366
324.302
322.664
271.428
273.893
179.839
172.163
219.394
326.613
386.887
298.886
184.303
330.405
246.499
266.52
296.321
403.994
481.642
360.506
237.78
309.642
192.331
205.75
274.426
402.143
445.569
339.76
206.821
257.951
286.417
267.602
232.428
449.832
522.477
274.241
269.512
323.765
248.497
198.569
262.085
410.58
380.837
342.552
254.306
439.297
363.279
289.022
316.988
407.801
529.413
470.702
372.949
391.975
299.313
254.409
241.67
339.807
517.82
426.977
305.768
520.959
331.35
243.815
321.33
433.93
592.733
553
348.53
308.345
269.838
331.525
299.617
192.598
209.73
302.031
275.382
480.966
532.222
663.779
773.175
457.539
275.548
445.693
522.844
228.501
232.524
296.75
366.941
212.975
217.462
231.821
223.899
207.483
319.024
469.451
400.004
309.139
200.16
205.571
293.127
224.029
243.171
323.576
290.098
202.7
197.043
226.623
234.129
202.309
341.801
404.565
278.456
173.814
189.089
199.38
310.666
105.235
129.688
398.075
588.867
293.253
96.4867
104.101
113.439
142.853
228.803
337.472
509.281
422.054
239.755
149.116
203.927
297.967
228.1
248.731
438.213
361.956
219.099
296.893
239.412
208.279
191.446
201.583
365.717
347.541
302.641
212.789
196.488
214.366
142.84
210.944
363.23
258.408
170.387
211.461
156.612
161.696
240.743
183.864
224.732
298.366
257.578
159.788
231.111
379.402
305.528
165.34
166.499
265.768
463.102
411.437
313.201
415.885
281.314
401.301
387.237
479.729
394.68
417.377
303.723
454.774
281.659
208.434
217.011
213.647
356.098
468.693
312.494
245.54
182.12
173.945
268.365
259.995
266.18
260.708
186.761
509.139
324.522
279.475
408.778
419.877
696.132
570.292
335.52
510.755
354.603
264.238
222.405
296.068
393.075
504.497
381.608
550.189
270.663
141.127
134.035
316.41
612.958
596.788
291.346
444.245
212.987
166.925
194.502
311.706
491.137
480.411
235.517
294.277
459.663
364.822
146.466
126.664
159.467
258.022
444.099
343.675
420.194
343.399
224.678
123.541
206.701
321.52
420.743
347.107
431.295
379.903
298.455
265.549
217.436
315.567
431.813
322.348
309.247
235.739
195.287
162.213
204.174
311.945
311.381
532.406
497.137
597.376
616.253
375.512
361.343
518.927
485.428
243.004
227.817
330.783
400.61
195.234
182.077
242.118
224.326
187.285
308.323
461.451
608.032
319.005
171.571
173.048
280.309
201.885
256.134
292.613
234.226
173.667
174.713
196.506
244.775
188.519
149.45
147.305
227.275
162.987
132.751
184.611
159.693
431.31
353.713
178.397
148.577
141.832
223.924
411.51
374.994
244.086
205.732
231.416
315.144
387.243
273.81
244.548
214.422
282.405
163.024
208.716
223.653
326.234
405.508
313.171
170.512
193.417
252.126
255.737
319.631
448.518
369.784
209.708
228.247
306.4
274.282
231.546
233.509
392.997
483.519
336.158
285.54
340.221
250.782
285.837
302.576
429.772
431.171
358.024
261.707
396.728
306.636
237.933
275.676
218.263
341.08
399.826
314.714
524.23
290.528
159.645
195.039
208.151
360.065
527.259
337.14
598.968
336.448
199.497
245.717
277.542
438.102
599.686
390.392
585.587
266.731
217.783
194.063
320.587
483.551
610.282
316.072
455.05
274.932
242.913
231.656
289.045
412.931
466.21
298.869
375.064
310.6
237.484
245.585
195.508
213.168
366.229
326.257
398.91
505.35
374.554
299.132
176.522
297.126
369.855
508.364
405.556
500.828
413.916
337.317
217.484
244.355
370.628
500.257
240.647
438.841
489.882
278.543
217.591
284.555
228.886
396.621
306.204
370.021
343.43
287.712
199.196
264.883
293.291
366.875
281.535
432.179
501.89
383.879
227.565
190.809
255.411
415.2
264.156
282.931
444.746
422.273
239.703
127.985
248.362
271.557
227.562
221.537
355.296
597.05
403.937
133.588
216.686
215.86
215.099
175.8
314.166
397.113
247.653
171.739
215.168
173.708
310.355
274.81
217.525
293.046
290.867
267.86
302.93
277.627
270.986
259.161
188.027
237.326
259.416
303.774
273.252
272.233
333.947
199.404
159.379
248.671
188.679
214.788
330.404
232.121
561.811
273.934
147.334
114.886
225.003
472.23
585.646
305.579
368.046
329.76
210.101
281.031
441.576
521.51
390.889
344.031
410.042
313.849
176.555
252.185
387.367
563.475
450.55
323.57
541.995
447.873
239.021
222.446
288.813
531.777
556.074
469.031
364.681
242.221
171.259
345.826
328.97
401.106
389.908
272.534
427.989
226.894
206.936
246.557
372.759
342.659
433.824
260.869
476.384
266.154
193.362
322.81
306.265
429.836
493.364
299.493
494.897
241.187
163.64
207.966
257.836
385.57
512.477
287.314
506.018
549.567
484.623
360.967
250.522
250.551
465.778
551.357
362.426
539.731
484.429
249.898
213.727
223.618
315.229
517.268
295.848
380.68
315.503
324.794
208.567
161.206
268.703
378.794
290.547
316.293
303.866
274.033
198.497
245.038
277.367
312.318
329.551
451.726
405.78
251.221
195.97
154.572
296.158
441.605
249.638
361.452
419.104
326.334
161.854
180.001
233.664
334.469
160.534
177.117
239.439
307.166
251.142
190.33
162.268
170.788
172.527
201.588
278.294
297.94
237.029
142.496
159.238
202.043
338.418
283.935
294.381
446.054
466.282
325.47
333.483
310.198
127.493
188.247
206.259
237.879
278.566
210.472
127.299
171.597
560.828
549.293
289.124
221.557
308.803
499.135
543.818
570.781
261.058
185.103
242.623
331.484
366.846
274.676
261.996
197.74
357.91
189.853
154.341
284.557
337.104
372.274
378.014
216.075
379.689
186.179
171.017
197.11
327.153
458.873
411.54
209.954
452.885
204.408
185.114
187.408
324.041
501.77
492.276
233.571
428.836
428.914
279.403
246.857
359.583
512.261
453.904
432.219
371.816
276.057
207.399
242.329
233.492
326.279
378.365
301.832
350.968
199.116
198.631
288.818
339.262
369.813
369.716
216.655
461.969
349.486
248.547
271.702
493.881
659.673
511.101
362.437
530.451
361.664
175.715
183.431
355.899
615.659
575.029
375.257
550.548
456.701
254.933
172.229
155.463
285.197
524.769
490.34
393.471
349.527
310.178
231.678
215.147
226.349
380.791
362.568
354.812
303.077
227.521
284.447
238.899
262.481
347.452
328.456
562.11
498.058
444.257
513.5
298.209
335.437
535.445
514.99
333.143
399.361
280.971
226.759
168.367
205.523
307.644
406.187
353.782
427.093
468.191
356.968
302.164
261.516
339.086
408.156
303.379
445.53
519.619
367.887
319.623
204.813
271.755
429.601
400.678
273.851
273.117
450.718
311.377
322.418
406.626
291.04
226.269
189.847
164.126
168.53
214.427
241.665
226.042
199.542
294.617
152.326
201.297
228.723
239.146
253.283
299.798
177.971
248.203
208.011
229.495
235.984
244.996
178.727
241.526
223.268
215.248
193.211
151.464
153.546
160.286
189.956
209.685
196.928
477.678
202.25
189.829
268.929
372.902
395.732
496.099
254.604
421.339
190.549
173.898
162.441
292.358
437.479
450.374
217.463
265.559
157.158
162.277
240.986
303.75
307.867
274.673
171.161
575.717
470.678
307.493
357.867
319.414
589.903
611.435
487.391
449.393
314.709
330.224
237.884
370.656
596.458
493.464
299.893
436.648
201.486
152.137
199.249
315.901
482.38
465.906
229.53
369.63
281.905
266.156
258.377
274.658
423.051
396.2
288.894
442.043
356.101
364.552
400.42
429.789
477.694
461.901
371.729
448.41
540.702
392.993
309.744
226.994
213.127
402.665
549.944
477.475
520.878
335.871
202.762
192.302
273.793
439.808
545.469
797.188
640.565
349.625
343.571
276.92
516.166
786.053
686.087
333.761
344.797
358.969
307.763
203.109
213.375
319.984
349.909
569.405
604.765
454.463
325.419
204.106
243.892
518.666
627.087
587.005
450.649
220.685
155.389
188.631
263.873
557.912
501.489
261.387
231.389
195.56
224.799
182.145
221.324
268.874
239.779
282.872
176.216
205.524
192.561
160.545
206.291
291.297
178.366
371.845
293.025
252.565
248.215
298.912
409.57
394.292
293.533
261.169
335.362
214.634
182.119
163.56
273.612
253.931
322.262
407.221
340.835
259.075
159.138
161.583
285.6
390.121
360.51
684.436
469.971
260.321
515.473
453.552
441.099
673.09
529.474
258.439
180.996
135.389
130.679
128.726
240.861
272.435
189.306
371.671
233.73
221.122
387.431
338.208
281.963
374.737
260.688
389.622
312.515
180.139
246.466
287.088
532.064
432.596
321.426
208.464
211.5
238.434
288.841
260.145
207.907
210.183
203.53
218.215
223.432
235.89
304.268
300.271
270.937
232.384
206.596
449.706
270.222
231.89
275.96
271.11
343.969
462.21
296.457
366.968
265.265
188.991
228.161
329.467
479.825
401.111
280.557
416.491
217.484
249.499
183.611
361.594
509.443
449.777
232.688
356.301
333.161
366.427
471.689
284.739
219.475
339.532
341.606
368.684
358.284
381.772
431.461
266.648
220.632
346.522
362.445
530.822
486.738
282.07
287.309
198.7
196.417
488.415
517.734
762.273
684.392
437.891
171.103
228.878
288.076
704.542
732.549
614.123
433.65
256.037
248.299
219.076
280.943
590.608
487.961
693.071
382.318
171.353
233.48
245.405
395.044
698.047
448.261
363.199
217.606
235.077
323.742
219.125
232.896
361.981
242.693
341.336
237.603
274.652
156.436
206.677
323.542
351.065
230.558
485.599
273.28
198.355
270.817
230.954
272.71
480.882
319.826
218.695
206.966
220.972
248.235
237.252
243.694
209.957
217.708
655.193
293.633
227.251
272.549
214.009
295.603
648.275
366.991
434.979
332.3
158.096
93.3484
163.999
348.619
432.416
367.851
454.356
269.99
160.262
284.989
267.374
296.594
451.218
316.064
445.388
286.881
247.512
257.595
249.58
315.534
442.382
316.915
309.362
313.846
246.389
232.761
252.248
360.521
331.397
313.518
446.148
315.929
285.977
375.272
361.216
350.815
451.795
333.027
510.25
231.565
220.817
311.051
337.661
510.424
544.051
263.507
556.934
251.518
157.384
266.872
309.977
458.366
580.406
304.35
410.6
344.368
230.465
414.195
418.151
497.289
442.815
349.808
386.394
254.173
227.773
217.23
261.093
334.377
390.394
276.73
451.783
325.962
237.552
292.969
294.848
195.939
433.176
361.356
699.805
483.788
311.624
216.945
244.299
301.716
675.519
542.003
777.664
547.878
254.326
224.392
204.015
322.176
743.125
624.044
460.823
310.161
210.332
154.918
160.644
284.181
456.976
344.405
518.614
366.68
211.959
150.058
140.483
244.359
503.424
404.106
645.565
356.522
129.647
103.601
109.919
308.261
635.587
424.353
521.654
255.938
114.006
143.254
210.831
413.053
541.23
298.711
615.808
342.856
177.7
246.949
240.231
379.361
614.236
403.13
447.255
267.377
273.813
368.007
217.86
248.479
440.768
304.895
497.926
292.176
165.02
120.639
151.621
243.833
486.403
339.828
313.563
303.05
391.446
461.518
376.686
272.874
319.064
288.089
172.988
213.824
214.555
275.616
300.59
298.581
180.763
202.05
464.598
248.038
216.582
273.417
232.13
361.485
477.887
286.5
320.177
302.552
173.369
215.871
280.071
372.789
328.616
312.035
449.675
314.139
225.97
266.167
432.939
442.221
456.433
342.573
275.735
188.87
175.766
398.328
340.381
235.945
272.083
211.211
398.941
272.086
172.749
239.03
297.116
382.484
417.552
287.11
274.29
221.939
188.266
289.607
393.768
395.539
295.22
216.359
381.831
194.373
275.723
328.391
525.126
490.113
413.134
209.559
449.864
272.345
174.175
183.411
320.103
448.176
469.42
290.405
693.911
610.251
313.886
224.925
196.961
410.722
654.149
650.645
743.39
489.98
297.834
369.478
242.838
314.401
715.211
565.029
755.855
462.945
310.645
416.79
285.026
367.743
737.232
535.977
464.966
344.374
359.105
432.842
244.269
231.025
450.181
373.5
244.64
225.857
262.286
267.148
226.58
200.956
251.042
218.372
696.465
370.364
224.679
337.593
310.726
380.697
694.447
443.579
651.245
374.085
276.448
393.271
325.343
407.862
644.732
427.977
463.13
373.861
347.023
282.612
251.494
257.585
446.422
401.283
200.295
187.357
232.352
172.056
225.81
277.291
211.413
180.097
447.32
377.145
339.441
314.008
218.852
302.022
450.256
386.319
346.28
237.746
172.561
232.324
208.558
266.677
340.994
265.961
419.012
354.341
169.887
164.275
187.36
327.789
414.266
387.604
413.428
273.942
169.313
194.73
166.782
197.456
394.1
313.798
340.216
228.669
159.554
261.016
319.259
371.331
367.179
240.346
309.236
246.16
322.042
356.521
398.26
278.686
307.81
252.627
321.693
199.561
157.094
254.723
270.031
272.602
316.657
227.85
290.847
256.628
239.629
316.023
341.599
452.562
320.257
254.004
275.518
268.043
284.406
413.175
491.756
446.689
300.592
264.778
331.198
256.866
374.221
399.781
305.462
197.017
315.605
277.656
331.62
227.695
190.573
303.861
206.041
193.382
327.624
250.774
469.983
266.659
184.941
233.186
223.704
292.75
471.723
304.904
395.125
258.06
174.524
182.086
199.014
299.259
402.479
277.091
648.565
369.376
271.252
268.793
249.199
352.15
641.928
432.435
442.971
333.379
196.583
261.498
156.034
193.859
417.055
372.219
339.251
258.535
256.638
308.317
215.076
236.594
342.651
271.739
539.413
288.065
223.796
163.267
189.347
363.314
551.3
318.349
376.054
202.663
240.943
366.072
305.811
325.529
392.382
230.491
404.275
346.947
254.063
305.925
301.465
365.114
401.436
375.329
497.382
401.109
314.725
399.25
288.219
477.022
512.628
415.821
431.943
380.075
214.642
209.072
142.603
289.353
413.065
416.435
497.524
410.976
225.377
188.932
202.497
362.06
470.515
450.532
257.453
345.426
298.582
265.727
286.378
267.942
247.323
335.813
718.999
596.579
568.392
789.011
689.816
605.833
707.424
586.841
140.09
189.857
348.537
425.861
288.356
132.057
136.492
174.343
261.775
186.269
258.307
355.151
377.548
367.749
280.861
186.376
272.678
246.186
306.361
363.945
379.824
287.994
264.163
254.284
235.56
209.494
230.541
339.981
285.56
178.311
233.812
210.862
259.971
186.357
289.069
494.089
331.278
199.168
257.83
196.027
265.644
168.308
195.938
343.284
453.184
324.964
272.928
184.859
230.513
203.211
314.085
483.04
534.179
319.029
243.094
185.835
324.704
229.215
343.954
462.74
308.044
210.605
310.137
252.742
496.226
291.137
345.932
487.823
300.886
248.258
483.113
333.122
592.881
274.741
208.835
281.069
214.061
396.717
605.167
326.908
343.754
196.256
192.889
321.343
189.602
217.437
349.259
227.077
537.986
324.389
286.351
239.394
176.256
340.406
552.129
348.665
254.425
311.693
328.763
307.666
284.854
313.974
263.563
288.125
393.657
331.86
297.334
251.017
256.329
325.981
392.049
340.147
267.992
234.981
319.949
512.401
418.487
352.802
284.981
241.532
332.207
280.737
303.471
350.06
199.969
183.134
316.711
300.939
551.589
331.539
420.837
726.255
406.549
319.865
535.173
369.624
397.397
271.322
330.299
372.552
231.02
167.169
386.358
292.679
310.786
249.948
265.67
357.355
227.713
231.938
298.78
264.578
245.617
193.746
156.178
151.532
143.443
259.319
253.836
197.283
266.798
276.966
261.485
350.366
440.991
354.45
282.811
272.304
277.613
183.09
278.075
484.369
541.663
446.987
304.867
174.563
280.958
279.183
256.313
350.668
438.938
422.262
303.071
278.054
458.646
237.577
327.907
341.241
318.099
353.464
464.991
270.497
554.075
287.509
209.542
260.182
287.701
520.365
583.685
327.232
444.941
270.766
188.896
248.979
431.543
576.401
486.468
301.518
442.447
306.872
147.137
183.389
359.313
553.8
468.153
332.61
442.649
484.723
322.831
233.291
267.239
293.808
407.617
497.488
601.143
484.236
253.76
239.148
202.24
350.07
571.111
535.44
347.148
345.024
378.31
450.214
241.787
168.38
320.32
363.717
369.836
276.524
383.496
558.382
333.486
348.889
386.095
292.302
243.022
305.41
498.889
620.54
332.528
240.139
237.233
273.548
100.913
175.598
379.741
474.667
267.914
137.985
95.9981
151.599
241.472
211.422
244.342
331.847
269.752
171.385
227.723
222.602
208.235
223.122
321.92
547.99
373.791
258.784
221.858
215.861
207.349
191.558
227.959
419.959
436.317
348.199
223.49
190.17
255.078
256.001
320.279
420.014
310.429
382.065
272.474
238.938
409.245
219.68
161.332
313.91
366.401
445.534
428.17
250.271
329.551
274.696
242.211
313.49
309.543
233.543
325.821
285.785
543.307
310.392
175.99
211.943
370.384
524.874
571.02
349.9
357.972
228.237
247.047
382.49
448.764
497.691
389.205
241.369
445.43
304.045
286.203
365.097
411.352
492.259
468.135
313.001
542.297
443.858
243.099
284.76
297.304
477.095
540.87
469.156
463.29
327.751
176.73
197.479
252.963
464.333
481.829
345.034
432.896
265.85
159.643
230.654
291.863
383.853
442.684
293.178
406.12
218.585
192.109
224.977
414.961
522.543
440.621
227.708
485.895
269.569
201.753
224.745
319.889
445.897
509.582
304.732
426.04
281.388
353.468
590.299
332.942
251.098
419.159
311.918
286.119
221.971
331.9
602.102
369.531
239.619
281.34
240.653
289.242
221.703
318.878
348.39
214.536
213.329
300.728
215.184
368.591
237.132
331.506
444.801
422.036
323.071
372.331
256.943
268.327
270.442
361.507
404.086
262.858
228.102
267.371
266.625
351.457
396.793
375.289
478.471
230.805
255.75
328.418
400.277
356.937
226.941
223.128
315.611
273.74
331.877
371.15
243.004
408.325
497.193
272.469
345.551
359.876
404.94
394.537
496.307
420.571
435.726
358.932
414.619
468.636
536.863
429.576
450.686
229.087
222.958
277.502
363.052
451.533
256.574
215.021
234.423
289.694
284.492
208.994
412.192
374.832
300.393
286.675
292.914
273.26
174.416
277
329.26
431.67
408.629
297.661
183.71
286.797
184.288
281.532
512.062
379.658
338.265
305.344
192.741
321.978
242.032
210.999
304.875
348.907
374.955
341.511
245.633
470.217
294.382
170.619
179.644
313.513
418.528
483.571
314.527
507.876
240.336
272.259
372.077
450.559
429.418
521.655
285.264
338.841
240.081
173.484
336.816
427.084
450.521
371.457
253.981
359.044
311.967
347.885
384.692
505.642
459.487
358.497
312.767
374.622
200.936
257.742
296.233
361.41
469.234
407.172
219.984
407.542
429.603
513.587
486.328
496.658
436.337
406.491
426.704
