173.129
294.234
502.327
551.805
284.081
156.458
161.441
266.371
159.332
310.734
510.267
492.675
231.433
154.706
152.373
270.625
219.028
158.3
261.444
333.758
243.37
236.046
230.977
157.011
202.202
218.314
366.418
439.038
232.491
123.938
190.829
215.356
144.445
158.444
393.883
619.731
325.211
130.346
147.553
140.009
181.231
118.949
341.135
666.106
452.465
163.291
179.745
121.296
130.44
130.03
243.701
550.313
475.265
216.722
128.341
118.261
149.947
148.588
255.014
496.102
368.44
200.39
154.688
143.701
201.753
225.079
249.801
348.494
426.081
280.804
197.842
226.401
248.346
217.479
325.287
431.009
515.833
371.947
254.074
201.627
239.099
199.058
259.321
369.463
338.474
229.063
235.281
207.592
302.733
273.346
216.966
364.687
494.805
413.062
302.402
277.64
336.754
284.873
277.62
529.362
374.637
261.465
342.32
301.798
295.302
297.331
279.81
492.178
515.907
368.458
284.836
298.508
239.882
196.222
210.842
331.494
345.411
272.743
249.459
192.553
291.74
205.311
151.417
194.378
347.179
452.029
327.356
216.438
417.185
245.412
191.376
229.686
227.544
440.219
447.832
263.054
362.595
307.425
259.814
307.486
425.291
532.17
367.668
331.612
534.667
308.551
341.135
321.149
337.5
470.665
563.653
328.03
422.894
282.27
187.023
291.048
310.61
483.248
458.28
302.247
184.267
277.007
412.446
528.319
327.863
194.287
186.279
253.14
141.471
286.424
558.956
573.895
263.281
136.507
130.891
246.922
167.087
206.597
373.086
379.867
323.479
145.542
157.408
197.423
147.064
153.53
298.778
491.959
295.024
160.349
147.324
145.946
119.127
183.117
336.115
545.263
283.901
147.412
115.167
162.199
198.509
135.407
257.203
648.98
365.575
143.82
192.452
148.375
183.909
167.684
180.616
369.98
303.041
207.349
180.713
174.321
107.147
182.236
244.525
349.569
331.212
210.502
111.517
164.75
248.196
193.083
231.481
533.715
518.188
320.33
252.965
200.802
246.65
187.2
209.254
393.252
403.705
370.971
265.063
190.549
204.188
205.936
303.676
377.475
452.323
262.72
197.638
209.268
428.269
282.315
187.58
165.059
265.069
351.58
429.931
306.027
313.905
205.908
309.776
393.44
556.347
530.432
348.27
201.65
503.733
451.362
447.112
527.971
620.412
577.739
500.699
451.093
298.19
248.625
191.166
304.607
366.167
372.768
316.326
256.395
355.148
218.735
225.576
235.324
341.427
393.234
371.949
231.865
311.773
190.576
202.798
189.611
326.189
418.256
339.502
187.315
340.947
203.902
208.305
150.275
379.781
509.276
376.321
205.134
354.331
289.595
270.951
299.903
451.424
533.611
390.225
306.532
555.314
286.849
255.241
244.393
392.789
567.478
588.065
311.903
144.343
215.012
398.222
484.256
287.77
163.583
136.766
197.143
188.305
234.222
475.748
708.833
267.385
128.668
182.068
218.153
215.496
204.636
405.692
416.862
258.45
198.699
214.895
193.408
167.456
181.135
285.08
363.577
258.442
171.051
170.08
171.893
92.5576
120.312
325.86
605.811
386.017
133.652
97.5084
108.902
154.068
123.62
300.49
554.434
331.524
166.032
159.976
121.133
175.257
168.885
262.782
504.937
360.312
154.236
168.575
170.981
178.731
159.956
211.761
396.731
456.614
294.092
185.89
156.225
329.107
221.863
193.55
318.04
399.02
340.515
348.504
236.002
180.861
275.66
247.335
315.254
277.175
239.897
178.011
268.687
228.12
163.369
214.018
408.693
550.982
372.058
245.022
174.039
220.58
195.52
219.833
233.722
300.257
316.579
238.531
192.224
401.428
410.999
384.182
346.61
449.003
597.925
409.6
402.356
291.595
182.845
216.67
252.335
399.137
374.97
314.577
191.666
269.621
230.2
286.285
272.093
439.902
435.579
280.446
219.608
372.66
403.619
363.657
367.148
531.598
449.356
365.473
417.215
481.629
429.643
255.94
240.01
378.862
527.022
496.921
434.17
439.494
324.372
211.601
249.415
369.401
507.781
462.856
345.122
342.005
204.454
162.976
191.606
312.322
441.171
366.415
221.037
388.51
201.973
187.743
265.536
467.57
550.031
421.672
207.424
225.923
239.553
307.956
277.57
266.418
251.952
236.327
228.985
147.495
227.941
456.214
555.152
276.583
128.322
141.034
206.42
103.135
246.255
583.392
713.465
344.628
132.377
96.8166
209.707
152.711
228.997
479.85
565.707
321.554
161.573
140.888
210.32
123.559
172.663
474.446
690.826
359.743
125.033
122.795
145.005
219.946
182.969
317.526
763.76
396.93
124.051
210.723
194.061
164.514
111.236
271.287
692.905
387.436
178.289
171.382
117.539
271.221
233.438
208.746
377.885
347.125
232.573
275.418
236.875
179.129
177.677
248.999
480.636
375.312
218.259
183.893
181.47
326.541
232.925
235.474
280.164
444.964
405.252
336.951
243.954
384.609
237.929
189.913
326.662
307.302
301.033
385.945
266.497
312.999
229.441
270.314
377.275
398.389
414.176
325.178
233.324
225.503
241.359
282.016
256.991
355.018
360.271
242.307
229.798
420.363
350.449
379.869
421.492
518.001
470.527
424.184
347.589
350.342
286.924
182.247
256.461
282.258
484.313
382.757
299.953
366.579
238.349
138.803
137.038
252.116
446.949
401.388
252.123
339.189
162.473
202.47
187.846
284.98
383.808
366.194
173.547
359.44
248.378
193.556
183.413
339.109
503.449
398.768
252.608
365.814
217.234
162.348
285.381
437.282
496.113
401.718
229.329
336.657
246.988
199.252
229.41
349.15
429.622
363.348
253.765
202.997
236.477
356.781
371.622
217.774
152.274
193.702
236.034
135.478
271.259
568.635
642.63
347.59
160.488
129.415
234.627
89.0277
207.711
512.929
641.169
296.825
130.832
84.6613
168.224
248.662
225.986
480.639
656.35
344.833
155.823
245.29
219.669
135.372
162.95
377.418
734.313
330.697
138.145
138.35
147.426
144.013
120.741
329.55
730.784
400.215
147.122
146.411
111.845
257.29
154.686
218.662
481.87
458.034
288.913
268.767
170.951
90.9053
82.5517
194.934
320.213
246.028
121.593
91.0843
80.075
304.038
248.785
260.552
320.885
370.029
254.901
291.962
261.808
480.039
358.185
438.741
672.219
647.16
381.212
485.034
373.418
318.659
184.312
198.62
175.433
238.439
253.707
323.836
210.66
272.236
146.73
191.305
250.427
340.827
382.232
301.124
157.182
260.754
174.091
157.842
252.117
388.679
462.199
293.593
178.471
331.93
232.773
168.674
257.626
269.478
386.878
358.451
241.995
309.932
206.821
203.793
200.678
273.981
281.262
316.457
225.403
266.019
159.64
175.49
163.444
243.356
295.562
281.334
167.63
405.685
221.513
191.596
206.678
294.206
374.936
424.442
247.067
489.8
271.036
145.617
188.16
359.873
624.378
540.252
291.05
522.318
234.183
158.324
179.424
307.583
550.227
560.873
270.526
487.549
370.197
261.324
208.479
298.687
610.732
536.395
365.987
293.153
474.22
468.618
277.016
178.172
203.65
268.379
446.709
263.111
295.887
375.885
426.161
248.328
174.249
253.597
287.743
192.584
275.213
494.866
591.265
300.015
166.348
189.389
247.319
169.268
175.069
275.991
449.558
308.821
182.299
168.318
170.492
184.65
200.102
494.324
683.557
376.504
147.99
179.251
177.72
157.247
223.346
442.163
693.549
410.022
158.75
145.997
204.598
205.823
267.882
446.564
364.029
302.463
195.043
197.036
245.718
206.75
170.104
172.393
278.677
310.931
208.233
203.11
183.128
246.045
216.389
267.253
519.208
391.917
217.796
231.767
225.194
393.435
250.714
237.432
193.619
290.679
342.52
394.84
272.884
441.205
341.733
206.776
320.959
416.581
448.492
442.581
374.474
189.239
190.125
211.949
267.397
358.366
356.918
215.359
170.315
379.935
268.784
206.396
384.195
372.863
399.583
391.161
291.565
240.317
168.326
217.48
156.767
300.211
387.703
270.614
161.568
236.421
168.173
154.774
191.344
289.927
343.688
253.548
179.948
330.169
243.038
209.998
194.291
290.528
300.426
337.161
258.05
299.854
199.327
278.111
326.65
389.359
396.513
325.705
202.8
419.803
372.667
273.443
239.485
333.478
457.262
438.977
378.843
465.31
285.744
191.212
253.86
369.946
513.78
495.478
308.527
405.303
243.452
278.91
272.224
374.234
445.106
430.168
261.387
187.997
356.596
376.487
274.16
172.855
172.737
175.959
319.313
251.447
341.066
323.992
315.702
254.77
143.444
224.72
336.046
298.717
381.55
430.479
339.073
184.782
261.114
293.099
372.723
207.396
268.343
512.344
478.072
370.283
261.053
209.549
241.565
89.2295
130.704
292.025
364.828
280.708
134.279
88.6004
114.866
128.53
242.766
447.768
401.08
306.125
158.617
123.509
214.3
224.394
185.326
188.847
320.718
307.472
165.479
219.992
194.544
237.694
340.096
371.998
202.306
292.788
373.5
252.887
300.875
295.979
173.284
199.262
292.07
253.062
211.26
298.155
199.489
233.618
182.879
226.65
334.141
220.397
194.702
236.865
191.837
332.256
219.421
262.948
357.204
436.68
377.55
333.603
226.229
385.563
232.732
400.146
456.622
464.772
410.698
405.086
236.08
247.568
209.649
349.999
306.309
339.96
313.017
261.687
205.579
254.044
232.668
235.798
241.489
358.171
377.581
271.927
226.287
282.74
159.382
151.721
156.766
222.406
359.183
311.274
168.109
289.449
202.967
160.765
102.436
288.008
400.787
306.746
204.182
364.885
225.661
142.215
174.078
307.651
497.165
407.556
237.857
376.702
335.214
204.426
218.539
345.144
496.566
399.859
348.224
361.542
205.728
164.628
265.459
235.514
360.306
391.031
220.459
455.96
224.279
201.776
204.948
350.757
526.321
495.998
245.522
206.736
259.175
386.49
523.023
304.105
185.963
198.75
245.126
194.401
418.387
544.132
355.064
251.241
180.177
173.054
374.743
139.976
219.998
354.253
337.381
263.201
208.526
145.77
190.741
223.374
306.098
346.412
444.398
281.657
217.178
219.519
296.984
95.7435
155.04
267.085
283.976
194.312
129.062
95.4609
137.915
125.65
133.83
271.182
335.179
204.258
121.586
121.617
130.441
148.203
172.256
214.097
314.02
200.419
147.818
146.805
162.876
245.116
161.239
141.81
210.555
173.762
163.63
246.032
176.229
221.357
135.352
185.16
269.058
292.904
211.685
225.847
151.2
218.33
201.763
174.632
455.607
407.708
285.963
226.282
214.879
292.529
165.882
134.934
130.784
176.921
256.159
307.39
190.414
298.259
244.595
223.37
261.435
329.647
428.553
305.264
262.746
415.974
204.098
155.305
268.792
347.838
459.872
443.948
231.447
272.206
212.953
197.696
277.056
272.958
344.315
296.583
218.416
346.932
333.312
387.11
393.776
365.834
368.571
350.371
335.798
457.463
200.492
195.184
394.026
425.131
422.824
475.605
244.092
433.138
216.634
135.255
228.607
327.348
399.928
442.565
256.986
342.115
190.042
133.215
221.246
278.521
405.276
376.414
219.162
431.74
215.104
258.594
290.435
379.207
485.163
459.773
232.352
272.449
238.195
221.183
194.294
363.166
418.709
295.722
228.241
251.94
405.735
421.504
284.793
192.622
194.512
224.28
376.467
347.957
409.793
391.812
327.071
183.313
292.825
336.627
399.61
410.07
290.798
272.225
419.935
311.509
291.081
411.517
314.045
135.862
179.751
290.677
252.084
217.44
135.951
126.419
165.513
139.391
249.137
497.124
377.662
249.07
163.365
135.042
214.308
196.329
299.058
453.639
416.447
319.33
188.368
182.966
281.274
176.054
212.185
368.142
468.243
283.329
189.698
179.027
195.261
198.676
181.511
157.432
204.959
190.187
156.326
193.567
186.812
258.385
170.501
223.183
496.361
492.589
254.46
246.655
193.146
188.59
196.422
182.682
316.404
322.151
264.153
184.199
198.945
178.777
165.44
269.837
272.865
320.79
206.283
174.051
164.053
179.59
188.901
266.348
279.919
226.711
193.505
177.45
185.174
533.437
465.195
453.198
436.863
514.124
615.282
544.632
458.638
496.761
371.014
238.192
291.649
241.136
409.347
523.303
395.447
312.095
187.862
158.145
235.333
320.945
361.434
326.197
203.894
372.153
350.099
254.255
259.168
288.604
425.393
400.749
356.102
365.537
437.095
315.936
381.969
437.082
438.657
384.108
434.077
503.105
312.72
179.806
224.64
333.705
535.571
533.463
340.756
446.967
217.123
189.555
179.35
243.889
349.786
458.924
258.435
383.634
280.282
259.715
254.862
349.261
389.508
402.361
293.382
418.694
429.869
281.571
215.526
196.508
167.107
383.677
450.655
416.832
367.078
263.803
177.276
149.12
195.74
394.044
385.301
308.128
330.931
272.077
282.124
183.809
200.343
286.83
340.61
353.071
474.728
469.029
318.137
212.423
185.107
317.903
460.421
259.067
302.355
283.379
253.263
170.169
149.74
238.825
303.42
242.149
372.617
516.983
405.218
294.592
222.076
237.574
346.327
209.504
179.248
266.004
479.272
345.144
163.317
208.088
183.81
191.54
167.708
163.736
177.012
142.233
143.079
187.514
173.549
295.53
190.349
173.469
261.814
243.201
162.817
287.648
213.292
428.009
397.097
255.458
288.978
212.911
315.95
424.954
409.055
244.262
190.486
204.073
249.936
292.958
336.117
265.374
189.347
404.926
316.728
220.434
294.625
428.804
540.954
432.375
352.549
455.669
285.846
130.235
242.857
311.388
415.915
468.662
328.336
447.338
213.965
154.115
157.347
334.7
477.428
476.993
242.275
332.878
196.224
291.191
271.912
333.115
359.556
356.869
198.333
293.617
196.536
152.548
226.78
185.487
311.063
308.588
208.364
590.638
236.735
168.338
228.316
305.2
459.23
611.553
290.569
473.932
222.542
118.572
171.227
269.354
496.634
510.638
256.556
380.639
166.187
247.49
241.689
287.097
432.853
412.917
181.736
373.607
244.6
165.911
192.818
318.289
504.357
411.177
261.518
408.616
478.473
318.643
243.867
186.826
248.689
374.43
488.903
319.827
472.368
431.487
269.767
227.369
299.521
312.398
457.605
247.161
448.599
491.301
392.183
261.604
190.757
219.536
412.01
287.35
402.69
389.368
285.942
194.897
256.835
270.721
391.365
151.141
331.139
395.133
312.98
216.062
158.275
134.369
292.656
184.551
321.903
458.87
389.734
199.008
174.777
176.65
286.589
152.051
162.798
362.757
451.104
250.905
143.851
147.85
152.35
182.094
134.093
243.996
459.301
289.654
163.351
184.005
141.139
197.317
210.027
237.68
256.01
181.597
130.807
190.948
214.156
360.147
245.09
189.736
200.281
247.306
285.719
373.119
267.015
284.29
141.581
116.798
151.319
244.299
290.843
300.444
165.258
305.078
301.139
182.552
142.947
244.61
438.013
336.462
304.058
420.035
334.574
252.904
300.87
413.586
521.79
455.008
343.595
419.481
294.378
183.762
211.862
279.309
502.778
457.074
301.783
421.451
206.886
165.179
188.448
230.813
343.746
432.823
246.981
206.744
197.263
182.851
189.976
233.181
233.847
211.468
194.047
321.492
197.541
144.546
250.493
192.969
177.07
315.204
226.544
445.877
243.301
225.998
295.598
232.841
290.692
451.432
283.795
407.597
281.378
232.807
262.117
274.684
390.609
425.11
299.412
344.871
310.96
296.986
293.621
370.545
364.961
352.889
311.349
375.665
523.229
424.988
171.035
156.65
187.309
332.458
513.63
256.047
446.941
370.599
201.755
155.747
181.038
226.647
426.823
260.23
290.535
221.154
215.463
192.103
199.629
252.024
292.117
366.626
423.393
261.135
196.622
192.209
229.14
332.895
431.904
496.089
400.771
283.306
200.045
162.525
210.851
471.181
431.623
275.11
321.421
364.686
321.66
210.17
243.691
261.86
310.169
203.185
262.781
335.714
444.735
291.042
175.214
183.857
258.958
363.647
304.046
287.47
475.475
373.047
265.677
351.198
317.067
316.745
220.891
260.128
262.158
355.787
363.438
315.642
233.841
368.838
275.378
237.187
216.501
214.994
251.593
375.577
287.758
327.896
285.965
237.088
223.443
178.139
220.087
319.946
295.666
380.012
297.476
171.222
177.878
219.846
468.725
416.498
306.922
478.521
386.084
210.934
224.427
244.846
515.772
510.986
392.18
443.48
284.267
142.896
140.463
241.341
460.507
472.662
308.077
434.334
223.726
130.544
165.662
221.763
434.186
467.147
250.248
393.038
172.484
200.717
255.934
268.68
375.262
420.644
203.786
365.161
234.035
171.997
200.967
311.104
506.313
405.582
238.27
277.861
204.328
215.698
197.079
421.51
501.686
312.659
187.307
556.594
302.347
173.704
209.082
310.854
472
575.002
342.108
495.828
402.538
217.803
174.969
301.719
549.109
527.897
421.714
387.667
306.391
182.145
130.165
137.581
227.696
379.004
327.122
159.757
218.049
230.686
306.844
199.07
166.285
157.28
207.914
338.326
486.005
484.036
274.111
189.633
324.814
340.998
466.661
319.355
480.226
555.902
383.723
215.774
240.353
292.851
456.113
303.182
297.121
294.56
202.609
200.551
193.374
287.74
298.917
412.109
412.555
337.963
216.065
164.565
202.633
383.924
424.376
330.695
211.428
223.1
414.876
249.221
218.097
328.089
236.741
252.169
174.901
142.813
156.419
184.761
295.636
273.709
177.114
215.807
269.207
191.367
194.015
214.675
286.844
226.166
264.995
285.496
211.071
144.453
172.981
168.615
205.71
284.374
230.033
656.929
598.103
396.435
430.203
453.636
635.381
658.4
627.705
358.634
261.382
160.839
212.069
243.19
380.251
371.161
285.532
435.783
347.253
176.693
132.242
216.385
420.107
458.485
355.935
344.499
294.881
237.358
318.02
335.702
414.73
359.298
314.476
511.725
335.888
299.311
372.402
296.519
402.423
513.489
362.183
461.698
284.447
223.209
297.129
254.201
347.293
475.711
302.362
361.289
207.462
245.596
253.053
332.476
356.608
376.303
230.367
388.372
247.807
187.25
220.319
266.029
343.451
396.842
269.487
424.002
255.614
244.745
366.362
364.596
422.492
452.582
277.501
470.734
246.506
210.485
200.596
384.319
550.465
510.379
276.114
594.921
549.791
368.018
328.142
270.858
289.681
550.219
585.859
454.542
357.135
238.952
213.489
208.381
212.621
433.691
388.738
392.31
392.982
200.478
170.459
132.175
204.88
365.595
416.954
378.181
374.154
284.484
239.265
202.273
317.76
367.319
385.017
625.2
379.903
144.833
156.914
157.939
281.461
604.722
445.322
255.355
151.042
125.265
215.8
157.969
198.982
262.914
167.425
356.629
242.92
259.525
194.452
202.399
310.099
362.163
256.429
410.42
318.698
157.105
201.663
239.1
370.405
422.684
338.036
325.811
258.094
222.605
228.269
216.398
243.179
319.241
278.392
679.97
438.574
308.925
356.603
352.432
489.773
671.103
488.708
246.805
242.812
238.855
242.411
224.215
234.103
245.102
249.161
474.989
375.139
290.273
364.08
308.441
414.539
495.111
408.75
311.302
202.549
142.608
298.945
383.188
403.819
334.69
220.248
403.785
181.061
180.718
273.412
307.848
388.718
432.226
208.521
268.216
151.35
144.291
124.467
221.676
282.038
281.103
160.928
284.22
195.99
263.559
337.403
277.172
249.819
282.991
209.075
345.849
245.844
233.823
324.984
255.858
377.669
373.01
245.658
438.082
224.685
120.305
177.855
242.113
420.247
462.792
259.84
362.277
319.455
246.425
279.51
292.903
478.111
391.538
328.545
534.495
369.493
254.797
200.747
363.959
529.16
558.425
378.774
362.987
305.989
184.442
175.024
188.609
300.101
368.74
323.012
677.875
504.676
226.134
142.514
126.094
254.074
641.049
564.601
476.363
614.438
368.393
171.737
146.702
214.22
422.491
621.224
717.804
534.531
247.197
189.292
142.99
279.317
679.762
599.636
490.983
330.789
225.439
336.479
195.158
184.382
470.505
377.612
494.816
216.981
169.353
260.203
163.037
196.829
486.818
275.364
294.383
258.085
305.359
397.115
380.92
307.012
311.272
266.299
466.223
337.175
245.753
248.344
179.162
364.711
484.622
367.289
396.645
295.75
177.303
199.649
256.647
319.868
403.018
311.316
317.452
252.15
213.022
246.446
211.204
248.261
306.003
276.036
246.675
201.902
249.395
179.419
192.955
258.531
260.023
190.889
271.539
148.043
141.696
254.027
243.026
272.481
283.367
167.179
333.532
272.621
238.548
244.893
167.578
214.716
318.15
302.325
364.397
257.219
179.01
246.46
236.699
245.729
353.753
297.405
426.795
342.29
447.254
482.328
517.631
392.521
425.994
340.168
597.36
301.953
176.322
204.106
190.113
483.572
632.641
344.161
425.267
323.858
199.546
240.262
266.573
425.712
438.803
346.554
406.678
271.11
266.031
287.595
244.246
325.11
411.42
286.675
313.879
200.059
162.172
262.692
310.817
371.942
335.064
215.103
455.961
289.752
214.475
375.554
247.493
433.61
481.647
302.814
707.274
476.948
250.388
244.143
267.871
307.567
674.94
546.829
585.535
370.111
208.709
251.817
169.562
328.857
581.41
417.956
401.682
329.306
230.069
301.756
274.811
273.232
388.873
354.22
264.576
368.311
333.73
187.24
152.83
153.062
240.033
358.548
662.787
439.059
143.838
223.582
169.324
286.311
638.257
506.666
507.744
299.522
151.148
184.719
201.486
324.046
505.53
343.726
492.132
449.552
248.526
167.187
195.448
374.782
473.486
482.87
195.252
238.876
171.619
231.614
191.841
228.962
191.293
241.817
412.98
300.865
298.382
278.946
240.908
335.856
422.715
321.39
295.024
247.678
241.017
235.049
222.326
272.674
302.09
253.325
351.913
306.789
259.742
363.782
305.351
237.091
345.382
324.865
443.743
222.794
192.882
249.832
219.088
274.004
443.449
258.727
339.587
173.488
185.344
258.579
263.323
350.77
354.061
198.615
338.144
226.946
197.015
247.23
262.719
281.328
341.063
244.824
318.047
272.8
187.416
282.144
228.514
249.513
309.293
300.224
432
241.282
166.739
224.792
273.681
406.933
446.937
273.088
379.607
253.501
178.296
274.805
405.078
487.392
415.741
270.846
264.629
234.963
193.845
351.468
472.113
427.829
274.11
240.346
385.643
313.719
159.667
196.117
309.421
450.5
407.142
334.609
210.403
255.756
211.703
242.3
277.718
233.826
199.623
257.916
568.84
399.159
218.805
243.047
213.222
309.245
558.111
443.182
585.053
371.867
232.927
316.543
227.122
284.193
570.956
424.503
400.236
286.957
203.976
231.677
154.206
228.366
391.449
312.704
395.124
254.025
206.205
224.139
203.142
232.567
392.962
277.41
673.872
408.065
273.253
170.13
142.054
362.085
672.865
463.735
414.689
388.958
372.985
463.607
353.462
400.467
426.714
390.038
261.544
337.837
314.882
356.173
235.234
287.077
261.505
320.852
417.572
276.208
173.613
205.341
276.57
455.543
442.45
297.748
330.994
371.043
220.228
154.067
230.773
336.052
337.765
364.07
429.463
293.323
293.081
414.99
331.364
363.978
432.012
311.551
261.384
174.213
161.91
174.157
187.088
199.376
270.004
189.58
397.607
235.646
200.056
276.086
274.135
285.706
392.945
261.524
291.125
180.849
158.776
270.04
319.999
231.492
293.531
192.667
334.811
245.416
221.4
331.278
267.114
310.271
350.944
255.111
248.944
201.916
195.679
166.56
210.912
282.485
266.982
192.174
154.762
160.041
249.915
394.287
317.885
218.316
159.987
156.341
185.364
177.619
333.84
379.878
217.953
131.864
182.59
167.04
319.355
206.104
159.413
159.344
110.567
181.996
320.742
230.027
302.645
191.73
195.658
289.656
228.249
244.229
311.217
208.61
258.839
170.202
202.564
265.325
272.104
302.935
277.705
176.278
444.14
343.484
302.848
354.182
281.28
382.118
447.279
353.734
723.699
363.279
105.999
134.548
154.415
409.028
729.427
440.43
280.134
185.082
183.113
281.463
193.934
215.113
289.747
198.071
255.837
174.541
194.677
181.029
187.053
171.005
248.874
192.383
263.801
157.714
191.605
219.302
241.577
286.391
278.054
167.975
435.011
315.293
264.373
253.884
330.851
324.529
428.321
340.56
431.877
349.056
239.177
239.76
219.71
393.745
454.011
369.059
307.251
327.978
263.045
264.632
296.179
306.733
303.697
334.071
416.928
378.775
227.564
217.323
181.961
303.713
403.377
408.48
357.249
305.018
309.507
421.956
231.171
207.173
339.575
321.185
294.413
323.71
241.207
180.156
179.33
215.064
276.451
331.666
435.504
441.067
409.819
522.906
374.385
368.202
434.632
434.243
371.713
239.245
271.5
343.772
272.21
272.669
368.913
267.99
212.687
201.323
172.687
298.767
238.801
265.213
211.965
203.086
180.95
218.033
399.716
377.23
340.629
200.766
176.207
196.66
321.195
204.744
350.502
314.08
276.494
242.463
325.3
214.369
269.972
250.21
246.176
350.825
328.125
377.326
291.73
234.985
405.863
367.384
321.286
270.479
450.24
529.089
431.627
358.179
252.714
228.968
169.282
236.967
334.891
349.735
266.493
237.002
318.526
374.001
211.836
272.055
349.38
416.114
332.013
379.829
677.517
402.611
276.176
269.841
177.149
230.975
647.124
467.1
360.384
259.029
190.033
241.946
218.877
222.366
351.943
287.673
427.917
224.591
284.37
392.303
220.172
326.017
436.832
245.574
345.894
323.668
297.32
416.411
272.639
232.175
336.852
333.004
235.438
248.221
307.391
327.559
355.082
213.716
231.725
234.734
218.897
149.277
284.571
553.913
310.693
137.697
216.732
162.828
143.355
226.925
302.384
589.319
482.711
295.666
143.925
203.603
273.917
210.92
182.509
244.342
154.513
155.79
266.117
226.514
257.31
192.55
224.129
296.381
217.913
177.978
255.243
206.152
185.428
226.119
190.168
239.738
230.103
210.688
189.607
218.254
300.294
185.328
179.918
404.089
347.197
283.563
309.579
200.678
438.526
268.92
312.702
223.74
192.707
311.161
447.888
284.373
255.438
190.807
200.298
303.595
307.784
288.619
263.659
192.416
249.57
262.733
232.182
492.086
468.511
341.724
257.026
269.2
380.977
209.527
234.411
306.459
373.208
404.348
401.944
235.131
396.503
190.824
201.245
205.154
236.383
322.82
408.495
222.353
496.398
354.819
216.92
273.702
427.643
593.265
532.288
382.113
354.81
305.757
200.81
223.636
398.141
521.293
384.104
321.431
425.744
196.097
210.561
213.584
343.073
468.718
457.903
215.069
483.846
207.996
161.209
164.75
277.837
482.375
516.88
243.414
447.724
337.746
274.41
294.7
225.282
291.174
442.519
358.103
236.315
261.658
323.397
531.492
342.466
173.808
225.246
262.231
168.98
138.691
293.848
524.74
379.097
162.586
169.509
142.636
246.739
170.538
202.112
273.34
191.386
172.004
242.21
187.692
106.042
151.252
330.561
499.845
317.42
150.12
106.628
132.498
417.708
291.206
244.762
249.423
217.394
357.552
421.487
307.748
259.509
178.921
240.83
259.979
201.523
177.766
258.337
185.336
302.283
224.705
476.062
525.849
411.017
299.518
309.812
207.577
318.387
277.274
239.083
217.577
297.272
324.653
323.541
281.431
370.606
216.858
181.994
268.106
340.406
403.207
388.707
239.506
222.215
197.389
198.186
297.146
330.459
303.338
236.544
201.266
454.184
243.209
251.118
303.006
401.093
483.698
488.597
272.111
444.592
285.74
285.091
287.661
474.301
537.84
461.792
291.836
380.508
240.215
193.172
186.767
234.957
384.314
403.113
252.383
380.164
363.694
215.319
299.678
280.112
308.084
363.375
392.423
546.726
330.725
253.791
242.669
267.91
395.998
544.709
367.626
383.06
244.084
188.634
265.132
278.414
289.669
383.859
269.101
387.943
308.202
292.248
295.144
435.713
500.418
418.72
316.183
326.817
267.507
244.578
214.005
335.219
414.414
336.392
278.873
286.612
208.896
224.153
226.405
324.506
452.558
318.644
206.645
