364.558
764.935
780.433
374.224
361.97
409.358
325.707
689.76
509.085
904.741
879.569
442.963
377.599
429.727
446.073
846.759
373.209
678.552
754.79
564.795
319.209
353.193
346.036
619.415
325.925
570.216
784.381
604.406
394.438
318.916
304.796
517.628
267.621
622.041
828.968
716.091
336.192
329.423
240.598
549.267
243.988
487.358
882.107
772.026
434.166
287.451
237.126
418.888
174.608
364.952
721.994
688.895
500.594
248.268
158.821
315.038
271.136
337.568
742.731
782.628
418.268
296.374
261.289
289.307
293.337
266.237
419.244
687.321
386.325
227.086
284.756
269.831
256.311
260.509
460.715
744.121
406.705
203.218
256.811
258.149
270.223
330.014
334.055
672.15
446.657
266.386
261.192
334.341
182.439
271.597
396.156
773.872
794.247
430.859
201.071
237.197
281.814
314.124
471.718
788.332
934.692
527.023
297.037
289.861
284.16
258.955
506.841
687.383
986.125
635.913
319.948
252.784
296.373
378.3
552.547
670.813
1083.37
879.915
354.291
326.388
341.961
307.881
406.943
405.126
891.183
774.203
383.864
301.446
440.497
349.88
366.385
434.043
685.485
780.458
471.537
356.988
412.538
364.574
380.883
227.05
459.374
634.455
409.348
349.887
350.215
437.416
264.461
216.376
324.728
580.822
364.844
418.063
223.028
174.885
175.47
245.933
188.407
204.471
227.022
185.266
464.595
827.666
769.148
395.115
288.107
392.877
421.55
780.298
520.588
762.039
683.141
337.824
296.538
499.081
508.826
734.417
465.003
720.577
695.971
341.986
264.04
302.136
420.554
685.049
315.733
540.209
788.651
595.328
380.84
295.638
313.889
487.805
279.567
549.105
756.429
784.582
408.109
315.032
255.827
487.781
271.487
428.053
808.779
689.57
494.872
284.618
259.104
371.626
241.303
416.551
791.22
727.563
515.332
303.008
238.86
359.122
357.919
425.943
732.623
824.371
375.192
256.512
350.961
397.322
219.363
266.366
490.798
745.928
447.932
201.056
202.701
253.963
193.863
325.555
629.381
736.158
344.831
174.316
197.905
286.248
271.398
242.727
379.44
858.504
593.633
296.825
271.736
255.897
392.253
279.534
399.072
769.425
656.485
308.587
390.467
294.832
266.886
393.367
473.278
681.776
978.974
621.648
286.442
358.215
295.978
278.201
405.737
879.58
1017.87
637.007
326.857
280.87
401.385
389.149
545.19
634.362
983.027
808.119
437.414
361.386
427.981
415.21
415.309
448.28
861.829
878.38
492.441
399.611
466.071
407.166
412.802
376.073
738.95
842.99
486.743
395.31
358.259
368.875
330.084
424.532
481.968
607.897
398.791
354.571
500.682
353.405
206.217
125.428
352.65
665.802
532.61
398.639
376.704
278.439
247.387
244.679
285.359
367.72
373.104
291.05
584.86
848.447
672.743
375.067
289.143
461.142
553.162
828.324
390.448
708.455
825.318
488.116
402.786
289.322
340.94
661.344
513.428
786
776.538
438.694
369.009
392.089
452.533
742.763
380.073
597.586
726.539
483.357
435.969
380.958
374.239
538.066
335.258
545.2
775.879
749.448
393.421
247.183
317.942
507.54
326.589
576.316
854.445
740.107
370.082
313.644
328.142
515.437
328.643
494.254
703.869
637.572
358.493
279.102
322.509
459.775
176.805
326.926
673.629
716.324
390.326
203.197
169.614
279.631
300.373
409.044
727.339
707.734
605.029
321.722
275.073
375.068
272.243
288.76
419.253
691.495
378.82
237.936
273.292
286.096
238.722
220.684
369.409
766.306
596.814
320.966
236.186
232.832
228.131
264.062
423.703
895
721.685
369.614
222.673
253.06
263.02
231.075
378.189
878.007
938.914
531.497
283.28
238.775
299.333
293.791
512.167
846.399
1055.02
652.083
317.506
292.986
369.901
360.82
458.571
594.605
1002.82
812.352
404.424
362.82
496.039
372.515
404.123
557.131
852.086
869.89
552.821
395.014
493.508
430.096
394.475
511.549
755.983
878.759
555.473
448.658
647.902
475.483
377.97
443.24
509.869
574.801
624.796
537.747
724.532
404.101
269.645
268.45
424.691
899.82
809.87
448.431
416.238
484.656
302.478
238.767
289.246
655.482
458.403
455.025
383.427
591.634
579.85
355.566
289.008
388.184
377.95
557.001
424.652
723.979
797.654
471.984
394.903
473.923
427.824
651.232
289.791
743.657
828.646
387.187
377.929
451.379
250.62
651.486
298.253
552.613
743.961
528.106
367.069
321.009
289.219
490.987
332.681
564.252
648.75
595.297
356.926
288.177
297.627
516.342
250.619
407.739
684.71
563.211
361.161
206.79
228.411
363.317
325.757
483.137
731.662
710.187
429.084
363.21
338.48
446.214
238.874
336.707
609.772
641.916
377.343
213.216
228.086
303.567
178.686
152.222
307.946
616.85
451.993
203.022
178.99
148.417
462.063
368.131
409.646
731.661
483.825
321.265
455.395
373.34
320.707
388.162
460.707
905.444
677.762
331.752
330.315
382.483
261.574
296.865
438.186
702.786
852.535
482.025
268.245
290.766
354.849
304.148
494.584
826.828
811.293
427.871
348.407
303.911
238.839
376.433
592.939
717.84
930.045
562.985
251.16
340.088
385.101
475.854
436.594
429.932
833.101
881.858
426.488
425.046
509.801
484.654
372.876
421.237
708.007
885.277
553.49
503.993
533.707
384.081
366.002
372.142
657.377
898.405
601.617
376.723
754.023
504.306
434.215
424.956
701.274
1020.62
830.42
564.791
661.666
369.72
343.562
332.183
474.382
858.591
741.844
398.132
538.201
371.509
252.804
137.057
280.433
703.567
605.243
347.876
442.041
682.32
606.002
344.748
290.021
389.075
416.424
653.776
493.827
794.666
683.347
286.357
286.21
342.038
436.979
757.486
286.692
596.165
655.062
354.311
263.371
317.851
274.734
532.157
394.925
470.514
554.366
509.941
350.825
341.665
374.733
461.066
310.777
490.376
641.973
556.601
362.11
224.508
290.151
453.393
330.76
518.713
631.471
610.755
269.523
306.804
307.881
488.005
327.914
370.598
529.513
714.967
377.232
285.376
322.549
359.683
299.173
424.215
743.196
817.055
392.014
250.937
283.276
391.123
242.805
254.025
475.626
749.875
441.165
210.238
241.407
232.778
240.521
136.872
283.015
591.107
391.382
168.469
241.693
152.622
192.707
264.805
460.626
776.03
719.017
376.881
202.187
231.551
307.4
327.514
544.748
590.967
705.423
387.16
299.436
308.989
356.149
364.204
465.869
626.3
799.253
564.258
367.314
354.785
386.518
368.565
444.813
694.56
789.427
568.024
404.899
358.162
508.748
429.413
375.656
386.644
776.064
856.7
554.882
433.513
527.506
335.883
434.255
464.032
885.453
943.198
594.633
310.283
727.814
530.907
449.636
319.234
752.799
1102.33
806.208
542.29
974.68
528.162
428.174
230.584
591.825
1103.09
1076.48
586.204
874.273
539.442
413.662
364.156
508.872
974.617
960.557
597.352
546.988
346.312
204.012
190.468
252.809
630.186
610.682
351.543
577.965
798.693
488.256
298.405
282.098
477.039
530.499
798.793
497.145
637.372
568.022
382.504
271.809
328.384
459.416
628.758
471.966
759.29
684.646
350.892
388.807
387.983
414.244
720.823
548.831
757.341
574.156
381.383
228.051
343.631
496.435
750.812
433.305
646.434
786.972
553.187
369.769
360.511
411.759
620.446
327.215
397.987
518.44
410.79
258.761
228.637
312.807
375.245
245.69
448.444
578.55
549.74
291.98
234.145
235.094
406.344
278.998
359.97
581.92
783.806
395.114
252.029
266.222
347.621
217.21
283.676
556.412
819.746
470.657
205.969
202.379
273.755
226.539
282.47
429.483
739.077
474.311
219.019
214.97
279.889
315.685
321.337
246.822
496.473
531.591
319.581
296.278
324.943
396.851
294.493
343.007
473.027
621.4
600.324
439.615
297.07
493.61
475.482
463.218
421.029
559.288
668.205
517.117
490.936
419.768
330.963
515.301
527.932
773.054
813.44
492.96
302.323
446.2
310.12
382.725
511.845
817.398
792.824
494.829
314.104
715.274
459.199
315.056
370.955
647.799
800.548
759.335
470.344
810.045
571.148
460.345
325.998
793.132
1178.31
901.592
598.748
936.99
533.178
355.97
267.004
450.451
1050.62
1031.27
590.177
723.526
581.341
337.057
251.939
482.021
1116.29
819.318
557.726
594.949
401.504
330.135
273.656
328.098
756.088
656.935
440.102
744.418
894.038
641.406
284.027
285.925
472.382
697.984
915.318
626.014
862.654
569.069
305.117
258.011
507.204
572.71
860.579
526.459
762.149
671.482
332.239
339.03
365.589
477.403
737.719
463.782
665.325
623.859
384.397
347.06
274.066
410.279
640.556
424.866
572.541
598.018
375.141
224.526
282.351
396.212
544.079
426.854
587.031
566.662
425.984
407.36
411.256
398.697
577.915
384.552
521.582
619.079
435.945
352.927
264.734
360.26
492.335
297.276
367.54
486.695
589.696
340.184
209.248
277.514
357.933
421.875
321.584
627.911
885.79
452.096
297.031
422.324
322.466
147.517
184.992
421.473
808.173
542.111
221.737
142.894
167.509
376.41
258.937
301.668
790.618
608.435
307.994
379.921
279.91
295.312
279.198
256.757
469.965
336.283
333.821
308.424
286.413
390.101
339.005
359.592
357.776
483.222
554.223
403.962
316.556
470.818
483.06
437.061
418.811
604.885
714.536
509.236
487.293
388.666
301.228
323.866
374.602
645.956
702.335
426.748
307.187
848.988
433.574
186.465
263.757
470.362
805.564
907.772
510.202
1053.05
577.104
351.572
271.346
501.771
1071.62
1126.39
616.236
836.913
607.25
402.62
451.643
501.147
1056.74
926.874
610.259
777.158
551.331
289.999
227.039
413.179
915.68
850.919
580.104
905.886
481.632
273.078
293.046
363.612
878.701
991.861
542.09
626.24
909.219
533.509
253.821
239.989
423.098
552.874
904.968
639.479
822.334
574.641
354.635
350.274
431.817
578.641
825.708
732.929
851.037
586.053
414.339
405.793
459.799
670.235
868.117
665.493
813.751
545.833
333.753
297.086
483.597
609.024
824.753
463.169
387.356
255.807
330.923
399.594
459.764
444.314
414.907
465.601
634.937
634.697
519.853
342.609
303.458
423.839
615.779
375.603
545.376
526.832
373.35
242.527
259.335
338.231
526.697
391.93
610.062
704.773
594.914
395.443
342.127
365.225
579.532
261.655
437.789
779.166
778.246
440.322
282.018
248.568
382.373
111.03
147.433
537.205
910.795
556.217
194.56
111.644
123.142
299.508
207.917
236.104
447.539
443.695
293.385
296.93
220.678
345.729
396.11
226.566
290.617
367.111
426.32
334.01
389.513
477.829
364.518
314.712
318.569
373.233
538.221
506.763
369.169
401.042
242.873
284.766
359.118
486.22
524.666
433.483
262.348
590.513
343.478
283.067
337.641
523.156
782.47
652.032
359.681
942.377
611.215
400.549
362.831
540.582
944.817
1005.45
627.704
736.94
541.907
534.604
480.8
637.655
1057.96
821.695
514.019
1016.49
528.744
371.531
306.958
616.361
1128.47
1116.67
588.682
1089.51
618.436
311.982
335.175
370.49
957.296
1177.47
687.771
1238.01
534.837
308.408
197.314
364.264
1013.03
1296.21
604.593
715.027
794.686
421.966
317.606
318.298
389.665
644.768
840.055
684.6
694.273
387.849
302.2
265.633
274.897
620.366
717.959
721.994
805.178
488.69
208.392
229.771
304.806
647.335
842.41
467.04
744.993
561.823
270.527
307.454
398.104
417.469
719.946
638.229
716.639
506.782
336.299
278.153
338.626
585.296
736.67
490.812
594.402
465.011
294.978
317.85
350.773
451.809
591.426
521.086
694.184
684.442
482.135
532.884
434.069
483.134
679.178
443.29
677.52
650.278
403.292
243.472
325.642
410.339
643.874
292.834
375.047
467.39
539.494
300.221
240.581
276.258
373.732
157.933
289.774
479.738
994.773
678.892
318.348
163.749
261.789
268.388
187.624
227.447
437.854
440.119
332.217
278.824
198.994
286.207
369.79
364.314
295.604
284.457
205.604
269.46
355.063
415.827
222.206
279.339
432.405
366.666
375.159
435.394
241.175
371.429
312.184
322.101
326.793
198.888
345.264
381.62
317.685
564.879
264.077
263.288
403.56
385.584
559.766
608.672
302.598
572.902
385.188
468.21
410.88
521.432
759.981
634.252
376.993
1152.82
571.676
443.115
291.427
586.203
1065.88
1230.12
646.628
1124.55
580.849
338.204
233.733
381.287
1029.01
1220.12
648.909
1141.49
573.81
286.091
277.849
333.339
990.943
1238.64
652.822
656.816
308.287
200.785
201.182
237.862
469.805
684.06
337.756
794.992
817.189
423.327
264.857
218.749
351.732
720.942
871.553
832.665
1016.91
711.581
414.144
316.004
515.718
758.659
1027.89
883.645
872.623
423.231
235.151
260.987
422.429
801.892
940.758
885.85
877.044
475.814
289.654
271.295
471.625
809.937
929.602
1006.32
899.754
373.274
246.85
195.002
364.373
921.301
987.504
727.707
797.442
485.44
247.73
221.477
333
660.11
823.61
686.308
816.497
575.513
375.147
340.201
342.085
617.397
824.414
512.236
709.537
547.271
356.777
380.979
371.313
461.069
705.409
354.435
432.693
566.847
663.041
388.33
286.58
341.886
407.655
221.518
189.561
284.59
526.305
543.606
282.709
225.839
182.773
489.561
344.764
490.381
460.328
390.028
345.509
492.45
353.885
261.053
196.753
237.998
168.195
196.503
316.275
280.427
191.116
355.948
311.522
287.452
371.19
267.424
328.421
374.409
317.824
561.736
259.599
304.362
503.115
595.439
418.013
584.336
298.242
651.401
290.797
288.095
365.799
350.35
537.293
684.416
322.263
895.916
381.337
214.342
236.728
283.965
634.839
925.01
467.311
1010.5
418.88
190.8
233.725
389.399
801.678
1071.96
508.137
1151.25
522.733
246.668
221.095
310.526
934.501
1225.65
607.006
1173.09
483.225
383.057
358.61
321.798
948.161
1255.53
563.79
1062.87
397.735
214.549
195.065
242.688
669.244
1113.66
485.251
933.192
802.766
354.575
305.398
253.14
388.701
865.084
878.543
791.892
828.527
440.977
517.512
493.388
577.045
720.597
870.964
1004.33
928.162
440.006
295.127
272.983
369.225
915.92
1008
945.274
946.665
444.43
256.229
285.362
585.91
876.544
993.997
816.05
695.967
421.203
218.819
203.513
309.295
760.058
755.152
772.653
838.997
563.324
378.273
399.266
507.65
719.233
863.407
701.892
584.138
429.664
258.76
217.874
346.755
673.476
614.643
645.125
743.073
653.544
412.951
323.563
283.136
580.84
752.83
464.335
615.596
809.857
639.417
472.153
360.4
431.976
589.429
321.623
314.208
299.806
510.001
314.439
235.963
306.313
323.72
770.154
436.375
258.767
193.64
262.828
523.607
781.799
498.018
389.985
424.66
429.492
416.051
308.991
261.39
391.251
423.68
536.846
314.918
228.563
419.207
333.202
350.67
533.1
364.943
764.872
329.515
261.996
334.918
356.618
520.303
798.147
385.533
701.221
247.344
255.496
327.093
453.754
505.911
738.283
309.702
1209.23
462.295
197.27
237.037
248.965
584.025
1215.62
605.791
948.058
452.205
285.792
226.449
360.464
664.096
976.203
521.404
1202.35
577.933
161.176
171.413
281.174
822.651
1251.9
693.567
975.238
449.086
190.303
238.63
319.065
723.028
1031.96
525.957
1004.01
481.395
386.518
268.282
352.968
714.783
1061.22
531.459
657.428
783.175
552.194
338.458
352.556
485.087
604.38
792.812
750.547
794.222
459.065
248.371
269.478
366.999
685.892
827.766
925.666
851.165
392.948
276.521
244.531
369.142
845.823
929.08
830.417
812.174
423.88
365.638
343.004
339.482
750.419
857.339
866.297
899.829
454.534
395.401
328.936
409.63
776.072
966.946
942.419
931.723
480.533
317.353
259.437
382.051
859.756
983.038
608.779
736.341
508.905
279.564
174.713
250.083
540.675
748.863
736.276
843.332
638.168
386.616
440.589
416.462
663.005
846.4
575.896
551.673
520.75
487.047
279.201
324.631
541.761
569.627
712.775
462.448
230.519
204.96
214.314
331.103
684.548
528.135
398.316
324.767
308.27
333.046
315.731
335.016
383.76
345.643
625.485
382.649
362.016
374.745
343.323
337.203
616.053
439.487
665.282
380.252
261.252
271.129
305.566
457.433
673.379
429.752
636.885
386.637
354.264
299.107
186.896
413.92
659.408
412.496
682.446
359.722
241.725
349.972
213.098
391.164
698.6
409.255
741.293
443.738
247.241
228.731
179.448
337.104
721.508
514.313
901.571
435.011
254.159
278.923
254.531
499.154
916.244
521.927
862.387
612.622
263.398
328.913
307.645
569.138
889.893
672.099
755.814
559.665
352.524
216.591
219.452
362.716
716.125
619.148
1097.77
394.613
191.429
292.427
279.765
646.667
1147.41
500.023
925.247
928.152
408.447
300.041
246.07
534.509
849.21
981.659
885.552
787.38
392.845
399.599
240.043
350.73
814.314
841.399
874.851
893.143
468.525
240.356
184.688
310.699
789.428
949.268
1016.85
907.098
488.1
354.155
270.641
497.655
951.573
966.159
768.879
758.132
473.083
343.075
202.879
305.086
696.968
811.869
736.377
649.884
327.375
174.766
121.033
283.205
680.583
709.598
852.882
556.75
334.364
249.688
254.994
398.98
821.89
639.281
615.695
706.665
560.516
419.015
370.665
316.641
562.697
712.295
675.845
822.554
604.461
407.633
313.913
426.44
620.353
827.774
823.765
499.205
285.116
260.11
269.274
352.116
801.142
578.884
809.431
570.743
260.277
408.236
263.466
335.012
766.994
649.096
789.378
541.503
302.322
356.51
266.774
340.577
753.3
613.968
547.42
369.942
324.003
337.978
300.077
354.641
538.786
414.765
591.43
462.881
313.202
350.107
348.308
340.229
548.068
522.066
867.195
423.32
271.014
252.676
293.13
339.47
842.988
520.671
1258.41
573.554
138.699
197.823
167.379
419.279
1225.8
733.173
1438.8
618.579
137.018
113.888
126.532
554.836
1424.69
794.149
1076
526.245
234.129
236.378
226.138
712.023
1131.23
588.198
895.636
444.627
282.525
258.743
212.856
389.355
893.051
484.749
995.326
391.895
235.317
222.373
268.594
520.423
1034.42
474.835
1167.89
764.324
511.776
419.854
305.792
530.346
1138.54
862.94
959.749
927.822
547.625
525.799
292.394
526.845
889.61
978.014
900.844
826.861
398.279
380.399
365.675
475.279
836.604
895.109
776.715
788.076
424.267
304.906
242.411
318.49
704.505
820.986
810.556
724.558
336.879
312.125
276.607
313.276
744.192
792.8
866.713
794.501
519.384
221.892
260.83
357.274
803.209
840.575
558.449
600.341
439.592
400.848
220.82
241.178
503.397
619.272
989.434
871.53
364.473
135.52
164.003
354.842
904.873
953.277
617.331
610.44
493.448
454.988
505.151
410.005
577.887
630.316
995.949
733.924
357.248
284.333
196.506
336.417
938.943
825.104
1238.5
742.937
195.52
92.8173
110.96
456.216
1188.48
881.587
902.708
520.201
305.754
388.734
264.624
427.484
891.893
603.634
884.327
500.236
321.733
226.692
289.69
472.748
873.979
572.087
704.506
411.272
173.04
190.953
192.441
365.698
689.728
484.083
439.769
327.425
322.955
287.302
364.775
395.394
454.288
329.731
1175.32
494.5
316.612
296.433
310.99
541.514
1172.43
629.528
1289.64
617.099
385.982
241.251
298.918
577.509
1279.69
733.283
1473.03
579.13
278.483
284.34
199.394
638.745
1482.01
744.94
1308.89
557.719
217.266
203.756
193.24
532.814
1303.23
712.853
1098.94
408.643
149.576
196.924
222.333
544.03
1127.24
520.037
808.558
521.115
211.614
244.923
182.184
332.366
773.224
605.499
559.232
632.659
497.341
479.09
267.833
291.379
513.075
653.467
961.806
991.879
512.161
284.823
252.078
428.446
868.652
1041.99
594.123
630.379
548.507
427.248
397
392.771
559.568
623.858
483.414
514.882
463.191
405.504
397.488
310.679
459.329
519.348
576.353
430.396
352.364
407.108
260.77
263.876
551.076
470.684
575.519
502.866
307.73
322.688
253.267
238.21
538.817
544.494
631.6
653.347
626.699
458.428
309.314
323.181
587.675
669.047
790.257
704.295
404.281
396.376
262.061
366.16
742.584
751.407
517.225
544.935
386.077
380.582
316.367
291.382
490.768
562.876
717.187
524.795
261.601
260.5
178.473
340.524
693.085
579.68
736.017
567.15
269.42
298.152
221.008
295.891
697.148
622.731
764.737
500.083
316.694
290.288
308.656
380.687
743.589
569.871
808.313
426.845
220.697
275.927
201.9
403.45
799.119
514.805
1032.14
492.389
260.423
204.42
265.102
381.606
1006.97
608.868
1063.98
536.878
237.169
220.689
192.642
357.315
1024.22
667.705
1058.32
534.514
191.21
163.465
186.181
603.924
1072.57
637.546
1384.45
577.857
157.255
164.066
198.227
631.212
1388.95
736.402
1141.32
361.66
174.275
185.056
190.116
405.032
1134.79
487.413
1181.05
451.962
204.86
298.395
199.311
566.773
1201.53
562.229
756.311
863.875
634.593
474.075
507.317
523.726
697.387
880.434
615.335
558.576
353.637
464.972
310.222
372.617
575.972
598.725
482.419
443.605
416.273
395.299
282.692
264.968
462.309
455.943
499.504
781.097
614.441
370.283
268.918
350.92
449.405
756.917
546.517
786.602
630.36
303.428
316.508
345.346
489.619
764.726
455.51
723.358
653.571
254.885
225.477
257.746
400.448
686.201
622.805
761.73
511
599.979
458.149
349.249
562.324
773.157
378.13
511.289
445.509
391.863
346.171
378.842
371.893
496.719
408.878
481.006
295.69
323.708
287.457
318.219
383.981
489.049
586.482
429.791
266.88
191.856
172.627
253.389
562.24
471.094
972.68
566.927
368.827
284.335
227.236
410.717
945.209
661.621
789.887
463.696
222.508
250.308
164.099
342.096
769.834
544.367
1208.03
726.808
258.983
193.185
206.042
585.429
1187.11
851.506
725.638
457.041
332.518
255.749
205.075
334.497
710.707
515.454
997.067
640.582
209.853
135.661
174.459
403.477
955.175
744.701
1271.37
605.946
287.363
258.2
333.756
486.88
1230.97
762.197
845.358
533.574
202.835
281.803
274.34
393.628
821.724
621.116
931.93
433.354
187.454
182.923
169.906
447.91
928.74
533.342
1571.8
631.923
176.422
141.254
153.406
622.837
1570.55
820.017
1182.04
455.506
274.399
250.088
279.104
626.494
1225.02
571.085
578.223
770.385
596.802
792.436
666.229
614.97
573.841
760.95
616.839
804.891
524.439
270.84
280.996
485.625
566.459
809.973
400.631
845.085
893.391
510.421
365.934
356.928
342.068
761.549
356.746
758.701
763.479
376.818
327.783
387.162
304.055
689.676
436.483
515.248
421.474
533.085
389.584
306.52
418.113
517.725
619.525
441.537
305.05
314.969
264.425
385.39
616.281
475.346
432.193
650.473
628.243
486.765
364.075
257.066
386.093
630.867
565.548
584.519
633.597
501.367
490.312
283.755
514.743
603.131
535.31
600.17
430.641
284.723
332.412
382.27
498.147
614.003
739.1
641.508
365.192
321.852
287.555
325.478
683.865
698.521
1028.7
743.453
245.809
164.929
177.418
398.87
971.149
844.548
1049.06
853.925
301.061
181.315
171.943
448.612
967.096
958.343
1136.72
946.507
382.47
269.017
209.307
400.106
1046.35
1051.64
837.559
355.647
251.371
272.123
285.932
405.416
832.234
451.264
901.761
493.181
180.059
211.175
176.519
461.058
892.273
590.392
913.661
400.199
281.552
345.446
260.44
415.739
912.406
493.06
945.82
498.513
177.862
248.913
370.128
548.438
949.797
595.654
968.514
469.632
180.092
317.332
256.884
412.528
953.628
578.617
994.056
426.532
194.626
166.016
189.459
638.786
1036.28
500.614
1139.05
480.629
240.656
164.247
238.638
685.882
1187.12
572.162
684.258
862.573
666.361
450.852
370.77
378.863
639.728
856.997
567.905
734.12
636.504
568.057
416.669
374.054
515.842
713.945
376.459
711.242
491.314
321.741
282.434
385.334
325.414
678.206
405.202
665.998
841.027
564.536
353.504
300.694
385.413
619.394
368.444
417.306
507.758
717.219
455.35
258.568
340.465
420.637
454.555
686.958
589.458
399.95
263.083
284.938
403.623
671.296
522.616
625.622
499.228
451.4
378.764
307.575
470.612
631.19
550.888
643.499
474.983
278.01
227.255
174.22
484.141
661.378
668.78
823.365
479.849
378.755
313.539
413.283
599.854
838.871
634.989
745.978
553.133
415.144
241.254
270.534
573.865
768.81
941.662
915.192
366.378
256.76
254.325
504.529
858.073
995.617
977.499
853.394
295.551
201.582
193.116
414.961
893.611
951.442
1030.28
652.734
310.766
268.831
224.367
438.775
996.547
755.594
1139.46
655.152
280.77
260.795
339.789
403.775
1088.78
783.458
908.747
557.52
196.986
279.396
267.704
408.147
865.111
658.375
787.989
524.4
235.121
209.156
193.566
329.722
751.884
600.518
813.177
483.662
213.598
303.852
293.268
360.109
789.086
571.368
1292.61
540.543
205.854
161.946
205.317
630.172
1303.05
684.073
1541.82
635.726
243.451
290.841
266.039
640.428
1533.22
816.082
963.25
430.247
234.862
294.109
249.184
630.089
1004.8
510.27
593.228
824.595
682.042
387.032
402.297
482.03
558.729
809.103
443.273
582.417
665.391
484.52
416.824
488.239
430.732
547.172
262.94
416.919
564.072
485.172
315.875
351.624
247.015
390.446
390.432
596.86
683
494.587
396.302
302.867
373.808
568.133
504.541
679.645
660.407
869.025
395.961
314.81
480.047
670.429
466.229
519.705
542.222
387.315
419.768
436.593
456.391
487.632
435.55
574.248
683.899
460.403
471.913
345.414
401.396
545.447
443.623
514.551
418.172
328.023
244.857
316.569
413.347
514.005
565.747
527.766
526.725
412.663
309.274
288.479
534.01
538.364
575.824
731.272
479.082
320.401
285.872
463.785
561.063
734.987
643.669
587.19
363.028
462.42
308.904
449.492
625.838
617.26
725.51
545.124
334.281
235.557
244.098
431.082
715.202
586.022
904.797
699.386
387.252
339.674
321.86
436.324
872.89
757.494
1015.03
676.162
252.892
190.804
150.442
427.613
974.218
773.618
832.02
463.917
228.52
285.377
189.348
321.231
797.178
562.01
766.787
593.393
302.471
264.167
127.365
307.548
717.964
668.622
598.183
354.183
205.981
243.39
303.03
377.944
578.854
418.262
801.031
437.007
320.793
347.155
449.438
441.538
779.312
505.806
971.983
438.406
203.88
169.742
213.425
632.867
1020.02
512.804
1299.58
549.616
208.304
153.173
236.072
810.309
1341.52
678.83
477.506
505.971
470.734
460.977
401.777
338.322
457.59
502.893
375.311
694.77
782.413
711.504
412.046
414.588
342.771
643.427
357.992
525.021
840.704
782.184
331.617
266.133
339.016
477.253
562.984
532.859
855.09
657.761
547.331
411.406
568.535
496.257
487.304
589.047
579.356
509.651
298.034
281.274
443.714
590.658
322.332
539.85
667.181
553.768
452.183
235.355
288.639
498.131
308.235
467.899
610.839
574.603
398.727
290.824
285.922
437.031
417.88
611.6
637.735
460.603
322.687
315.261
384.848
588.55
358.13
485.695
444.855
427.694
332.75
221.144
328.597
473.134
404.172
638.244
632.044
371.53
230.824
254.268
362.573
598.554
657.208
853.29
520.081
238.991
232.047
335.581
582.144
860.282
1049.1
978.364
421.512
316.071
251.808
486.534
963.341
1069.25
600.439
667.304
415.205
292.719
262.135
449.895
578.736
683.699
765.355
572.366
304.766
214.282
222.134
326.236
748.227
629.634
626.013
457.914
192.904
205.915
210.045
363.323
599.468
517.307
979.301
465.51
159.478
179.91
186.442
351.417
953.3
582.013
485.997
412.563
238.435
243.538
250.294
188.022
442.434
449.888
900.647
485.673
232.713
326.953
185.483
277.682
854.926
598.982
1270.33
545.651
205.443
290.076
240.358
533.921
1259.94
691.915
1079.73
473.74
159.964
121.715
235.489
680.131
1097.18
575.671
