482.636
785.557
839.839
513.411
383.54
333.708
427.726
749.345
527.052
826.294
856.726
551.603
377.576
473.308
509.167
791.512
387.044
655.4
875.4
583.303
498.646
257.92
338.116
612.984
435.819
632.336
806.828
531.365
456.056
322.949
408.547
604.95
244.626
492.49
812.062
790.778
386.149
262.813
235.519
427.839
286.437
532.163
699.385
681.95
426.748
284.691
266.587
485.588
276.21
505.338
841.227
645.148
373.062
285.307
273.83
443.091
329.156
338.433
558.068
677.928
391.965
251.112
317.165
326.347
260.561
284.495
587.008
747.922
413.752
261.536
261.647
280.035
199.959
278.65
496.488
914.615
433.985
179.691
189.467
253.548
282.834
228.032
370.972
1037.52
660.652
253.385
266.529
250.054
229.679
248.081
426.526
988.257
902.172
402.698
234.414
225.747
329.009
269.462
446.855
848.442
935.902
482.516
329.365
271.507
289.715
313.632
470.841
618.268
885.57
547.237
277.187
306.516
291.457
393.233
475.736
559.53
926.151
822.182
329.391
351.573
440.188
309.273
454.634
351.843
811.493
634.993
436.213
333.653
335.161
273.908
336.168
457.438
514.932
585.911
342.25
272.645
454.762
390.869
246.667
189.015
443.508
706.93
474.264
416.875
387.667
316.354
241.172
252.21
274.099
434.942
390.758
318.288
236.955
201.973
176.601
213.94
218.029
188.669
233.049
214.844
506.127
741.91
799.349
515.935
427.166
289.242
448.548
719.037
358.492
646.995
811.577
571.137
525.147
313.372
322.721
601.251
506.092
751.184
734.948
424.95
319.524
473.172
490.87
718.176
355.739
575.216
789.156
600.884
425.507
284.898
337.757
540.017
283.894
612.987
800.476
786.101
319.113
262.586
249.129
550.945
267.235
584.149
886.166
831.975
504.45
353.515
246.8
518.327
274.171
428.43
830.545
688.09
558.734
299.84
260.959
369.301
347.598
486.066
745.426
816.056
393.854
250.051
327.256
459.279
252.774
269.681
626.226
831.228
392.634
211.684
245.513
245.213
239.447
249.978
493.647
679.389
389.038
202.207
232.891
224.845
221.097
203.668
347.315
715.388
572.141
282.392
225.805
201.888
254.158
311.875
462.716
941.147
806.878
353.742
262.986
286.831
256.923
343.327
512.346
802.469
1023.87
607.65
263.851
314.926
210.779
341.204
457.039
879.56
1077.57
715.172
256.284
294.126
277.678
324.001
527.237
628.712
1054.71
720.283
299.591
293.937
562.518
414.807
440.248
352.195
799.56
749.898
553.369
446.627
429.145
369.609
341.632
394.598
687.239
698.106
436.895
366.71
346.905
265.479
268.194
234.258
393.512
622.748
397.583
258.824
392.354
245.442
244.116
163.756
268.723
506.029
427.875
274.635
394.688
276.673
172.382
146.826
214.151
259.362
379.298
302.797
640.89
869.239
718.58
475.588
351.555
346.902
572.766
860.139
553.718
860.847
744.886
481.744
307.669
491.499
524.825
833.609
578.36
836.623
685.018
415.957
327.996
483.954
539.59
821.366
407.97
597.696
659.944
414.701
401.159
339.001
400.534
547.389
249.336
534.054
851.694
763.856
354.372
289.864
232.577
465.07
324.899
502.023
828.098
791.67
417.223
283.912
313.581
459.511
281.933
500.409
898.189
828.726
463.044
245.842
257.059
448.347
337.147
403.683
660.874
752.388
429.788
258.657
325.973
377.244
298.027
365.005
722.081
741.327
396.819
258.684
299.386
321.783
147.963
152.545
443.518
737.745
373.782
169.095
148.378
141.77
170.059
229.087
429.129
872.203
636.696
230.736
166.199
202.662
181.825
197.409
320.77
797.795
735.537
390.718
193.941
181.594
277.639
273.414
412.684
910.021
1054.73
611.43
304.854
246.91
236.799
264.508
524.984
863.429
1058.07
578.956
251.592
233.305
398.499
378.966
483.661
739.807
1060.79
861.915
410.823
385.955
353.078
407.015
402.901
566.407
862.678
761.503
362.646
389.432
443.428
354.05
427.728
523.397
770.018
825.351
476.363
362.8
503.168
377.904
308.71
431.942
607.37
469.406
489.02
415.864
473.686
380.286
235.44
235.44
352.241
769.179
545.422
372.389
354.707
271.994
173.514
167.309
261.029
434.609
394.451
275.491
408.929
729.409
709.227
398.688
343.695
299.034
369.335
691.446
331.266
646.79
732.781
465.403
489.479
371.834
299.067
585.868
473.351
715.067
792.736
456.522
404.65
402.361
466.693
662.369
397.632
674.668
760.324
486.261
410.147
364.261
378.34
624.771
376.907
566.337
669.07
516.512
313.285
378.308
356.982
531.552
409.502
588.167
821.356
617.228
362.606
323.531
403.091
556.074
241.863
452.214
810.495
811.454
539.582
276.406
220.413
401.148
216.223
403.844
740.436
655.521
421.638
238.26
203.3
349.311
258.377
344.055
531.97
854.412
652.878
220.352
242.047
334.905
260.249
222.607
472.841
931.54
548.957
283.116
260.673
228.626
380.058
286.878
413.053
1050.14
601.921
333.134
375.159
300.841
298.833
254.088
335.318
841.845
800.509
523.181
309.044
249.93
247.48
237.835
435.844
954.411
803.532
363.478
247.135
238.589
290.737
358.428
419.025
720.453
919.726
670.585
317.045
319.523
473.423
405.023
459.416
590.32
1003.93
826.06
518.171
426.919
347.487
390.505
606.48
647.194
866.846
773.129
401.89
369.61
566.771
501.797
423.67
339.013
729.265
916.52
580.838
514.757
708.21
450.956
285.402
350.488
633.962
1038.7
796.687
467.95
511.714
451.761
252.005
187.061
381.331
824.979
577.374
460.632
567.412
398.364
197.07
197.935
264.264
629.919
626.041
438.564
517.284
730.827
503.957
251.041
219.976
474.32
519.382
710.873
464.324
841.708
831.536
472.663
404.771
386.796
402.425
791.029
421.592
719.01
769.908
464.715
373.866
394.65
373.927
666.062
429.599
651.307
681.339
488.739
422.319
294.663
392.844
624.207
275.003
583.6
712.47
540.006
267.782
264.726
246.294
519.723
334.043
445.408
675.091
589.654
430.07
314.633
318.123
406.181
312.623
460.285
748.21
730.922
431.5
244.008
284.314
429.126
341.66
404.339
689.118
695.562
383.069
210.571
319.116
388.55
218.836
250.026
585.975
903.312
478.867
177.397
222.375
239.977
209.288
249.116
406.224
860.283
549.102
230.31
197.732
245.438
234.971
273.465
475.618
961.085
850.049
380.438
233.544
259.675
375.138
337.887
420.447
807.024
717.748
432.255
389.937
330.948
551.512
384.986
454.009
607.866
716.792
588.128
565.176
419.012
315.84
249.631
353.485
729.96
905.042
595.43
331.928
256.818
482.303
382.372
366.337
383.463
761.529
828.618
530.715
397.915
572.879
478.969
379.354
400.714
787.564
950.015
639.82
499.037
531.971
572.133
463.07
260.149
734.264
1072.72
606.157
553.185
620.112
508.131
263.434
271.743
622.802
1115.92
720.812
508.279
788.434
442.154
253.84
274.946
383.555
917.563
871.019
453.199
405.297
293.308
206.536
177.584
281.796
568.553
459.602
299.484
499.034
694.292
540.832
306.237
281.888
322.78
447.967
684.338
447.193
689.851
634.51
348.512
290.248
322.3
397.838
667.284
572.07
741.723
581.279
215.338
308.127
366.196
516.977
735.181
359.858
508.084
464.741
390.923
357.182
293.466
325.91
494.596
480.878
698.824
654.009
489.818
275.02
326.767
435.095
687.393
259.29
455.017
533
386.69
269.702
212.584
240.285
417.878
272.933
437.941
682.289
553.877
364.553
287.173
269.754
388.644
237.025
349.064
614.124
564.226
377.093
205.331
227.657
316.419
249.417
276.682
608.89
849.408
426.133
244.267
244.244
259.413
111.284
153.267
460.231
921.533
594.411
186.292
107.612
143.163
196.877
191.644
308.379
676.554
614.468
262.18
194.572
189.159
353.406
239.251
299.46
387.575
523.812
513.504
384.092
239.796
399.039
270.726
286.37
529.033
630.083
550.239
413.235
287.351
604.776
502.705
427.314
522.071
615.144
862.006
668.629
512.578
430.471
482.364
490.199
476.653
868.011
914.38
458.715
451.48
481.156
464.428
495.319
376.26
695.21
784.497
497.426
458.269
574.271
535.712
356.555
342.745
695.263
1117.18
673.505
511.583
780.675
563.604
351.209
243.495
485.469
1090.49
875.865
573.18
778.399
540.013
454.799
304.667
538.365
975.97
861.53
581.015
510.351
365.961
299.97
265.908
326.238
693.088
578.826
373.201
659.96
925.873
697.927
309.875
422.447
500.173
601.731
910.167
562.181
793.188
548.962
488.785
285.51
372.405
499.501
781.725
537.233
750.795
656.685
389.394
387.806
374.784
491.735
725.478
467.284
754.72
657.502
329.39
330.544
443.735
429.686
724.131
531.886
692.869
574.684
355.237
227.052
382.78
492.36
686.21
363.862
569.689
646.272
462.038
347.201
247.959
330.368
542.938
305.578
617.48
681.681
441.716
344.075
315.082
270.992
560.911
254.114
378.197
589.551
530.569
348.971
281.128
251.781
346.144
264.492
241.909
540.135
818.967
450.261
189.171
258.082
231.123
201.313
196.844
372.847
1008.22
598.487
228.265
206.195
196.188
236.045
197.578
357.209
785.248
675.289
401.336
249.291
199.94
122.653
165.781
356.287
432.03
481.194
307.983
131.268
143.203
464.993
347.516
263.125
340.137
419.403
503.944
486.048
363.838
489.276
282.174
237.492
276.859
521.091
688.359
542.564
291.044
561.988
449.481
311.72
330.958
640.197
870.696
613.816
477.98
648.527
543.53
430.717
386.044
638.834
918.102
711.391
553.688
1044.6
528.648
246.824
280.142
576.1
1051.37
1130.78
607.53
788.546
439.411
429.003
336.831
510.672
926.708
873.969
460.719
844.844
553.366
378.359
390.003
430.386
862.63
918.037
604.807
763.612
345.221
237.326
160.321
294.338
791.918
843.781
360.864
698.357
1008.81
593.96
310.136
265.718
591.415
644.519
1001.59
512.471
735.035
552.561
305.864
359.689
358.782
459.483
723.655
644.206
858.437
526.839
338.785
313.066
469.404
583.269
863.472
607.49
762.156
583.854
283.923
260.404
264
538.253
765.386
448.391
387.098
434.92
504.979
382.143
224.586
429.081
386.36
414.122
485.409
439.775
313.618
227.98
266.018
382.371
485.242
390.754
493.993
485.667
350.277
326.701
260.427
354.85
487.997
294.064
565.994
663.145
569.743
276.445
217.478
257.718
512.556
325.411
299.65
510.354
692.26
407.755
265.07
316.67
294.032
157.709
200.703
288.163
636.109
371.693
196.903
153.852
199.171
303.482
177.452
293.545
490.196
516.857
274.689
304.878
189.706
302.744
264.026
271.618
268.704
457.356
335.041
295.565
260.49
495.648
366.427
497.427
469.518
466.326
445.357
517.729
382.501
495.019
469.994
320.417
273.227
507.259
724.304
543.904
477.283
727.588
374.49
225.932
319.297
505.264
825.966
787.467
414.944
791.402
369.199
397.019
332.938
616.62
886.179
853.068
391.815
862.16
600.235
347.395
281.753
419.671
963.9
935.832
608.996
916.682
563.525
287.514
180.436
488.441
1142.91
1015.24
589.016
814.285
442.498
382.441
269.058
410.325
997.927
907.33
442.802
1077.52
486.239
235.713
128.226
292.082
906.28
1159.24
566.057
748.703
777.039
391.874
185.585
199.951
287.824
670.533
832.706
721.588
794.958
455.947
313.008
256.471
347.47
655.206
816.321
644.874
810.325
606.986
320.333
372.318
367.305
583.751
817.558
599.198
835.316
554.833
313.941
290.252
482.019
554.268
826.269
700.397
669.368
333.512
213.966
242.702
349.787
637.017
720.39
490.769
542.943
351.076
216.596
194.784
318.237
459.795
555.548
490.274
623.036
587.76
386.957
286.821
228.732
442.401
610.104
418.681
607.882
694.233
531.319
391.66
250.955
377.199
591.383
245.492
381.742
467.337
513.441
357.806
216.353
226.212
358.681
131.726
207.907
382.165
588.952
409.301
195.863
129.156
186.368
281.234
259.56
247.482
367.772
438.443
333.042
279.595
262.992
275.126
347.588
398.007
442.074
493.417
399.402
281.795
322.808
378.968
199.128
316.896
530.505
370.578
415.883
400.367
218.749
469.334
392.192
324.697
296.329
300.841
491.849
498.5
390.726
577.009
327.72
245.247
318.744
367.788
587.09
625.637
371.654
710.096
427.499
363.408
387.527
477.007
838.144
776.09
441.172
951.779
503.061
397.42
325.884
504.114
918.41
1033.06
557.395
1067.67
584.294
281.991
229.885
444.405
1025.3
1165.61
656.135
1220.44
648.348
383.528
257.113
346.795
1010.73
1308.84
725.175
692.968
319.325
213.451
286.891
256.49
490.497
712.798
371.661
725.433
802.632
389.716
205.307
217.732
388.121
652.796
841.179
788.23
879.568
541.575
336.618
288.86
379.254
712.514
914.664
668.936
881.238
532.862
311.443
317.186
465.318
601.051
882.079
798.552
949.724
597.836
258.911
365.469
477.938
727.207
974.889
897.634
778.139
466.778
326.159
312.282
282.935
826.702
833.833
763.812
873.003
484.002
290.139
348.098
399.558
687.092
900.927
581.44
707.426
479.196
296.889
256.237
308.145
525.812
719.701
451.32
451.449
456.729
418.992
330.415
305.393
436.022
447.415
340.045
519.524
733.609
598.037
391.012
327.407
320.287
488.103
231.23
239.192
452.754
843.075
563.173
266.522
239.24
222.102
659.885
386.516
355.011
487.732
345.559
387.755
655.06
442.928
262.342
249.063
274.752
211.646
224.098
336.328
276.651
242.618
402.577
321.043
183.509
126.307
125.682
349.458
429.031
347.191
570.505
296.862
221.252
445.543
498.787
544.592
618.122
340.145
464.754
429.662
327.66
474.74
354.109
657.552
510.159
424.844
773.957
459.5
297.804
161.65
331.487
735.17
827.078
483.957
1033.32
463.834
236.728
252.706
298.122
812.645
1101.17
543.64
1085.26
551.37
296.052
211.333
382.154
982.939
1165.67
620.421
1107.48
603.316
240.433
307.583
308.945
935.937
1194.57
679.27
927.932
386.751
274.066
217.882
308.915
655.001
984.656
447.731
794.174
866.348
463.332
348.054
248.722
369.419
720.098
896.562
912.161
847.543
368.397
307.694
378.817
552.064
845.222
934.242
921.673
1010.75
602.064
341.796
310.929
472.74
834.603
1044.18
850.54
840.655
293.155
277.245
221.747
398.277
774.257
916.78
831.341
953.059
497.815
187.824
251.707
504.166
757.435
980.555
784.556
823.173
517.057
267.574
236.263
348.642
722.205
852.879
675.687
824.255
612.002
380.438
340.589
329.68
613.013
833.336
605.677
873.002
717.287
467.73
451.626
388.789
539.023
855.373
410.4
716.121
771.392
487.489
328.326
406.103
376.181
651.699
393.221
323.235
383.546
561.485
387.001
301.216
381.311
333.117
446.78
203.804
251.398
303.536
403.527
476.765
478.672
229.855
508.463
364.337
242.932
402.832
249.535
296.601
487.933
413.715
316.99
310.12
242.996
216.458
261.921
286.752
297.557
328.83
720.799
367.249
226.692
285.098
315.012
606.661
757.866
422.479
955.579
449.43
159.008
229.654
265.221
554.481
976.029
531.193
1066.45
447.024
237.776
179.175
263.702
711.219
1098.48
552.92
966.199
495.786
264.206
243.488
308.282
751.931
1024.42
568.811
1139.4
531.974
196.579
183.217
322.297
827.236
1189.97
634.713
1027.03
485.498
235.252
201.236
359.181
944.439
1106.96
548.046
872.841
339.886
335.339
282.867
320.997
580.643
922.571
400.601
644.795
815.341
471.699
217.45
255.72
356.2
573.966
820.929
911.471
817.066
439.311
224.45
223.189
337.603
839.406
886.69
886.943
829.177
415.187
279.254
263.475
497.334
823.633
879.18
840.874
830.962
523.36
313.896
309.624
400.58
769.211
872.424
833.995
805.997
524.82
445.678
346.694
329.822
770.775
846.419
819.189
936.131
523.336
226.998
229.189
417.095
740.1
962.846
612.162
807.894
519.473
293.23
295.404
391.301
553.626
810.325
739.732
893.4
507.253
387.497
276.975
462.579
669.22
908.887
521.986
656.179
663.292
506.005
416.521
507.304
514.554
647.666
540.146
430.489
221.583
192.938
175.693
412.775
546.553
442.755
619.821
362.779
240.709
321.093
247.589
320.935
613.15
414.69
618.68
364.525
262.48
232.845
254.318
401.611
627.002
396.233
673.568
362.88
292.313
305.854
338.992
449.975
693.391
414.73
856.421
492.087
348.195
230.581
232.328
576.492
876.74
541.009
783.058
323.052
183.33
194.196
127.456
363.836
784.847
414.777
755.015
372.978
318.135
285.54
300.32
348.938
748.205
438.119
1199.57
481.473
214.911
210.58
204.483
525.98
1200.9
620.933
634.542
453.883
238.936
260.554
281.052
520.221
654.173
503.294
773.946
594.64
381.06
189.685
265.085
492.097
745.783
640.932
1179.32
577.489
211.511
368.948
246.28
660.741
1223.46
679.568
845.202
822.465
568.953
392.086
501.177
481.074
789.941
861.223
906.439
686.713
422.388
366.872
312.694
371.547
860.681
762.626
917.638
899.57
440.254
271.786
173.351
401.703
841.746
951.069
963.303
902.468
383.454
250.525
198.834
316.865
873.281
986.636
950.612
945.889
478.452
341.142
294.863
550.651
872.686
996.045
571.74
629.518
399.8
399.946
331.458
435.998
536.152
646.82
595.93
653.31
414.172
263.025
267.935
289.436
543.372
676.308
771.63
699.614
405.703
342.989
285.68
350.344
716.606
749.108
683.483
831.57
562.494
328.581
330.616
359.92
615.34
844.205
706.516
564.57
433.338
313.888
242.686
372.418
689.935
606.922
926.342
464.477
238.212
355.719
274.525
406.263
904.82
562.514
821.46
471.329
323.924
323.398
258.318
327.095
797.839
538.802
604.028
365.474
337.505
282.827
260.258
342.886
604.309
408.226
583.374
451.231
277.721
267.005
375.239
426.63
557.266
493.583
520.754
276.95
253.189
300.241
331.421
261.279
508.536
328.953
827.94
393.104
197.591
282.866
265.799
364.86
816.838
486.243
1376.26
574.613
132.712
111.105
131.73
566.146
1365.88
744.864
1042.51
475.68
166.596
162.128
187.979
650.325
1094.57
549.292
902.168
462.722
272.525
200.837
233.417
405.59
905.028
540.468
995.155
505.62
230.734
179.965
208.063
557.296
1034.65
568.446
928.893
848.536
487.95
379.797
274.369
396.865
865.102
901.719
941.543
918.635
581.163
365.994
331.503
344.741
854.193
972.635
902.569
814.264
368.373
167.748
156.303
405.485
837.766
869.697
739.652
733.298
484.951
320.523
252.751
340.906
678.302
766.333
832.957
703.287
429.838
429.523
323.099
471.892
787.213
763.651
642.756
741.067
430.925
302.077
228.747
383.124
587.51
763.013
507.784
588.137
461.178
407.375
328.329
370.064
476.003
599.372
890.866
757.273
372.921
210.43
214.919
311.964
823.796
818.03
604.386
708.7
467.201
448.524
354.879
353.862
560.443
722.828
818.408
624.547
360.989
225.259
163.991
273.51
772.91
683.433
1039.11
683.988
266.419
121.481
158.265
371.576
988.458
785.874
994.281
663.929
232.985
207.691
159.259
434.265
956.488
765.866
939.167
552.969
309.517
259.317
236.514
452.533
921.193
649.262
650.809
351.54
307.379
269.956
344.394
393.503
658.677
397.714
473.009
304.001
205.31
214.669
187.506
339.221
484.857
336.151
753.211
352.936
299.319
312.498
252.776
382.991
752.568
431.071
812.055
456.741
350.304
274.462
212.434
457.491
831.752
489.77
1270.26
473.965
187.395
180.967
178.334
632.306
1293.62
616.618
1114.41
431.988
232.753
318.328
215.566
446.138
1121.54
543.643
905.08
338.43
220.583
337.871
247.349
443.841
935.475
423.273
1008.3
646.5
276.615
318.462
203.308
409.006
948.934
756.005
682.077
618.281
559.528
458.76
344.756
392.839
670.9
626.796
678.942
860.648
524.537
422.625
297.285
378.63
604.069
871.246
480.305
761.696
522.186
382.081
290.895
293.873
418.679
742.817
599.247
895.863
611.882
409.939
332.828
423.772
532.479
879.218
594.455
744.171
429.422
353.151
241.098
399.921
548.719
753.991
527.492
638.622
387.334
313.255
186.89
231.901
470.224
647.249
701.002
613.562
539.691
438.166
331.132
280.101
652.715
653.389
482.996
484.738
383.256
332.451
233.927
281.941
453.51
507.028
748.397
599.279
412.626
395.649
252.858
332.35
719.443
637.524
1087.87
716.585
251.245
145.091
145.733
477.113
1052.82
824.079
1009.07
660.916
249.892
319.001
218.908
367.939
962.247
769.081
710.784
459.395
232.826
201.049
178.211
306.946
685.81
526.362
666.91
378.368
175.169
221.565
183.603
320.756
657.675
444.936
763.023
391.698
211.936
207.333
164.299
378.372
757.149
470.307
856.098
599.816
281.551
236.293
158.504
303.196
807.51
685.015
1055.63
521.398
173.639
165.392
179.62
535.895
1052.36
637.695
1166.94
470.005
149.851
153.445
179.989
613.964
1184.76
597.342
1328.88
508.435
201.278
221.321
164.412
569.446
1337.26
662.867
1176.28
402.393
190.851
209.396
212.637
519.618
1192.97
537.412
682.753
884.414
569.472
374.936
277.303
425.186
618.841
892.779
522.109
683.59
571.226
418.863
443.861
397.117
474.506
684.516
528.939
648.536
544.361
613.429
319.757
301.258
476.943
657.146
503.306
856.071
697.617
470.908
347.635
379.24
446.345
822.926
619.996
855.598
575.14
336.877
297.847
431.94
567.983
845.007
488.852
693.565
574.78
444.253
343.649
385.093
453.385
680.971
485.47
481.592
400.276
359.964
338.206
305.553
460.133
490.821
457.31
729.104
552.691
354.253
296.39
374.036
423.204
694.887
727.155
604.853
332.636
343.878
238.916
334.358
687.277
663.359
428.778
436.259
257.775
215.589
226.843
261.665
419.305
448.964
502.473
489.784
358.133
258.784
196.411
262.765
473.124
509.543
492.414
436.038
266.081
274.678
253.317
336.004
474.398
469.186
691.475
462.751
283.63
273.977
231.65
358.717
675.112
519.807
1019.99
587.938
266.399
196.444
153.957
488.568
998.951
689.817
971.796
481.116
160.236
188.694
187.422
321.908
942.409
596.365
916.285
481.454
160.399
234.109
195.678
421.124
899.618
583.367
966.469
493.031
234.537
418.051
267.968
400.552
942.187
595.716
1200.48
573.611
241.08
375.054
251.569
464.968
1178.97
715.097
1190.48
432.006
131.121
97.8334
134.273
652.452
1227.46
553.852
1015.84
444.52
235.825
218.814
187.222
651.203
1065.28
520.848
614.824
836.107
490.774
547.4
361.87
480.158
569.57
843.516
586.422
797.209
553.819
437.968
382.63
346.195
517.354
788.788
462.594
740.677
775.916
548.995
385.013
358.924
418.457
707.392
511.094
756.757
754.194
577.601
425.794
331.834
455.532
726.072
498.399
495.245
437.86
323.63
244.455
276.258
475.441
496.991
607.639
617.972
423.631
357.697
254.075
265.977
557.202
645.93
512.631
740.985
659.017
376.043
290.897
327.885
457.261
719.966
578.246
721.639
593.67
371.732
332.792
337.714
537.56
708.802
777.113
551.912
347.136
395.722
302.72
366.104
749.723
618.655
642.586
682.085
573.374
447.746
322.439
249.443
572.863
719.007
958.164
636.327
262.649
222.853
214.74
341.891
912.324
731.221
926.72
664.933
254.006
178.158
125.612
351.26
878.426
755.276
1071.2
758.381
328.118
245.742
255.541
417.306
1014.87
864.601
932.687
481.691
273.691
225.423
177.95
517.105
932.397
575.432
981.639
455.333
169.333
164.409
164.171
389.445
961.311
569.24
823.004
400.806
238.661
248.052
249.476
442.268
821.063
469.781
1065.49
506.675
180.987
313.59
296.746
408.996
1036.31
638.983
1119.47
457.133
161.425
244.807
195.4
497.485
1108.72
592.117
1531.63
582.951
158.368
164.252
208.141
663.501
1542.7
764.766
1148.01
520.1
177.936
127.478
200.657
610.964
1177.73
617.165
602.854
765.136
542.788
306.913
367.035
524.128
559.796
767.093
638.388
580.541
560.337
431.026
478.639
453.486
617.927
587.998
508.547
631.247
558.668
278.383
301.3
324.059
464.259
615.804
397.964
721.789
835.968
600.385
406.887
433.21
375.038
662.668
367.002
478.381
719.601
665.956
484.102
263.459
339.8
451.914
468.223
711.482
746.148
481.065
399.216
218.543
408.457
680.195
616.897
808.181
445.642
267.733
266.432
538.075
577.706
814.09
609.332
765.938
471.193
405.32
384.665
517.038
569.433
774.946
722.322
778.435
465.761
330.814
277.576
323.174
651.986
822.985
675.636
887.73
538.474
331.63
177.724
318.353
594.894
890.422
821.547
831.161
352.936
290.508
260.674
471.728
744.976
897.908
1078.34
802.057
284.244
255.921
215.934
390.944
993.774
911.815
1126.45
695.828
320.974
262.006
180.747
428.833
1083.23
811.434
870.512
667.382
217.673
234.952
280.481
461.784
820.345
753.975
1007.85
511.688
189.7
246.291
239.327
421.202
971.637
634.027
693.919
525.643
264
228.58
171.946
280.835
647.643
589.893
731.034
475.849
303.397
324.654
269.345
353.046
704.085
547.69
967.542
432.808
227.941
296.683
229.723
476.086
972.719
531.786
1092.61
539.032
275.044
272.866
235.738
609.845
1114.38
623.942
1231.69
475.154
169.732
226.957
188.417
571.873
1249.51
615.066
510.11
604.675
566.636
429.559
411.585
324.358
460.452
608.004
457.787
655.429
690.736
498.247
453.511
322.182
415.045
633.404
470.502
604.512
590.622
470.448
219.126
260.178
425.696
601.525
312.71
529.242
663.054
668.471
469.941
419.615
311.656
479.012
387.725
523.312
790.112
640.03
447.235
303.031
368.201
482.304
507.789
462.888
435.909
434.683
379.385
320.703
485.959
483.683
342.375
458.686
614.332
512.722
473.243
278.433
324.408
429.61
395.357
476.734
419.908
324.975
388.352
382.651
385.733
457.39
577.487
511.006
374.879
403.651
272.365
306.923
535.494
549.284
465.705
473.39
366.096
415.369
287.089
379.057
451.924
482.657
660.53
578.034
434.582
483.43
327.602
332.847
625.405
608.431
872.287
617.292
255.572
283.004
180.261
363.95
834.214
700.585
924.491
930.853
485.363
323.757
283.635
438.417
845.736
993.446
943.149
723.303
327.174
189.713
207.908
308.827
879.182
809.55
655.145
454.931
180.47
213.835
169.113
257.071
622.915
519.026
930.712
472.476
273.991
227.223
172.674
312.364
898.958
580.12
539.19
337.12
160.116
232.05
255.977
312.347
516.982
392.654
720.075
368.697
239.513
368.246
293.253
385.587
709.002
436.927
959.17
390.987
232.102
285.412
283.707
627.39
1004.05
469.868
1165.99
469.619
153.351
151.398
231.193
776.82
1221.24
576.237
473.649
665.716
559.646
610.898
450.144
291.795
436.949
649.454
432.903
740.019
951.821
716.898
501.565
314.344
386.411
692.576
197.209
538.42
883.188
806.233
419.971
270.156
174.898
463.337
535.487
673.21
844.791
696.683
443.721
500.821
536.634
605.169
464.001
643.665
728.1
668.998
399.67
317.566
421.977
620.06
269.755
546.833
662.181
623.656
299.683
313.804
239.961
494.616
335.209
373.134
515.605
628.244
512.822
279.003
315.589
368.79
408.896
611.199
726.616
499.032
320.653
222.831
370.535
581.115
335.167
478.573
457.057
454.821
329.544
289.905
328.64
456.663
504.238
791.329
693.475
446.672
258.015
336.245
447.688
768.897
620.463
763.273
485.43
255.494
260.599
379.919
562.766
770.304
735.561
723.508
402.346
276.83
325.127
419.559
682.58
758.975
482.117
450.515
299.147
247.443
220.378
297.116
451.077
486.221
955.595
713.545
402.166
254.297
259.061
518.716
938.989
766.473
864.216
519.627
224.618
165.952
191.333
329.611
822.712
614.573
727.571
530.147
176.67
214.737
177.84
364.291
689.241
605.405
554.246
436.054
242.181
170.68
144.4
171.025
507.157
488.104
653.688
392.509
245.707
307.726
217.96
252.43
625.51
454.076
1049.05
465.67
221.397
294.719
204.91
449.503
1048.02
574.792
923.441
419.144
247.608
241.676
310.934
662.272
965.086
506.989
