374.667
457.38
530.275
373.92
257.906
255.26
365.876
444.412
329.566
361.527
486.885
408.531
362.072
284.093
318.527
365.972
421.777
689.36
629.909
352.486
337.461
395.652
404.021
648.629
217.806
505.889
581.491
308.626
274.899
345.157
203.85
441.718
340.266
464.776
589.44
425.554
371.935
287.726
340.029
421.985
342.057
514.369
645.2
658.69
373.08
331.799
317.798
477.613
368.756
529.849
585.196
587.475
385.576
365.099
378.91
507.249
185.992
361.613
749.227
831.146
435.243
213.345
179.566
312.308
311.22
427.206
705.936
849.869
514.633
319.089
288.306
409.951
172.486
291.615
662.959
1013.13
430.818
160.309
172.234
255.601
214.505
285.526
635.93
991.053
540.278
235.318
214.072
250.709
293.563
253.315
563.387
791.586
380.962
201.615
288.441
242.148
240.028
214.161
362.229
1038.51
747.026
399.888
244.008
203.13
287.922
294.952
325.26
394.792
465.45
292.107
264.905
306.538
142.894
143.338
262.962
678.717
537.232
248.615
154.232
129.216
322.134
260.533
456.709
895.268
726.199
316.132
319.096
267.458
372.438
235.08
249.66
515.265
531.392
479.53
410.774
252.173
298.896
264.87
239.279
409.333
459.131
346.178
306.739
268.067
283.345
241.911
240.385
344.195
397.813
347.451
295.839
239.113
417.162
438.779
328.594
439.559
645.46
622.203
438.052
453.728
287.582
563.588
581.417
338.572
329.675
247.198
257.624
513.456
412.081
716.96
506.81
257.776
278.885
345.235
370.702
684.569
347.918
522.302
541.367
610.915
301.585
279.074
312.887
509.804
369.245
457.282
633.833
476.614
383.793
284.415
373.143
431.592
270.415
553.311
845.478
700.486
346.22
258.196
264.203
481.955
260.899
405.619
657.452
743.701
369.947
249.249
265.025
370.704
349.843
533.272
708.934
635.893
613.047
418.596
358.831
494.205
303.228
576.2
824.382
864.505
412.132
312.499
271.602
514.324
229.741
415.453
628.976
732.935
409.656
227.407
210.92
379.921
177.835
332.402
576.723
668.646
344.391
187.95
164.135
288.99
167.966
211.146
490.774
734.092
406.596
182.984
167.133
195.131
224.763
188.738
369.604
467.365
315.471
199.948
224.005
175.155
156.28
162.972
248.151
449.794
423.328
211.186
150.861
158.045
311.235
213.215
330.54
797.398
730.671
407.467
315.056
229.376
183.908
244.99
411.533
835.2
764.239
332.911
188.959
228.226
208.528
250.719
455.639
582.701
466.879
252.519
213.238
222.542
275.42
206.314
266.98
415.089
509.528
436.894
305.64
199.814
229.424
236.863
309.794
366.545
362.583
313.333
245.768
225.19
374.023
289.013
296.176
406.114
535.804
544.349
412.11
297.753
382.862
227.639
215.49
278.75
450.037
524.059
406.479
243.186
317.251
505.355
446.223
319.957
235.295
221.965
286.836
488.313
302.713
461.229
505.284
357.212
374.027
231.237
277.465
440.708
232.56
443.725
575.674
424.889
230.783
211.87
217.131
397.802
467.254
643.326
545.281
493.462
273.931
414.881
454.823
631.448
318.496
635.51
868.95
528.895
478.359
410.994
284.617
566.322
473.148
473.161
485.121
691.717
474.059
298.385
448.852
480.036
301.219
455.893
650.138
596.117
590.582
342.625
282.246
430.584
243.952
639.024
840.545
657.328
409.733
442.346
226.901
551.832
218.595
405.183
668.971
777.812
359.11
237.655
203.228
360.761
232.389
376.473
710.169
881.03
424.397
198.934
222.176
336.963
263.784
274.894
484.363
626.562
394.761
311.06
258.964
268.439
229.044
215.928
323.376
561.301
355.644
250.932
231.039
207.048
178.597
200.676
299.832
428.95
350.126
180.056
176.653
186.378
264.557
244.293
374.694
578.955
460.482
264.914
269.151
233.466
180.893
180.087
273.468
714.969
669.548
464.68
202.94
157.883
316.719
293.45
344.653
624.768
450.804
264.658
306.986
309.974
334.785
303.079
263.439
380.251
380.162
331.081
333.46
322.09
278.509
231.689
214.378
327.749
423.889
468.241
304.182
228.885
446.287
328
452.519
433.518
576.625
501.253
478.173
324.191
473.533
291.718
202.46
350.153
442.531
548.923
509.934
310.054
454.478
713.358
562.201
362.918
231.241
339.144
412.763
692.571
288.5
389.676
575.48
449.382
358.393
221.846
273.511
350.273
513.592
703.477
562.488
462.817
289.462
347.484
461.833
700.77
468.776
767.734
644.454
491.05
343.715
419.684
437.01
740.809
425.999
500.98
659.832
561.298
436.997
410.629
419.795
474.038
446.34
575.49
623.256
458.406
437.997
443.158
467.359
550.618
347.701
475.881
662.978
558.18
463.024
402.503
334.758
431.486
185.765
550.317
766.25
540.854
307.245
325.401
164.275
470.438
288.291
279.245
458.033
679.43
375.051
215.747
288.753
274.728
219.581
320.77
612.345
875.009
402.869
158.488
207.251
295.887
240.18
239.845
682.942
1095.47
588.577
162.25
228.5
225.613
166.11
172.861
618.34
1034.62
615.903
217.721
172.533
148.671
130.083
201.996
443.291
846.886
631.693
278.095
133.777
182.238
202.634
208.005
521.95
908.241
596.579
260.252
205.063
191.322
595.058
482.15
483.636
579.604
536.55
406.401
569.753
514.062
246.417
218.37
326.429
500.756
629.274
415.386
269.869
217.854
326.345
260.03
492.973
595.979
525.257
411.197
343.854
256.203
435.99
353.533
248.215
541.481
505.931
525.561
457.809
374.361
419.008
243.273
222.466
270.206
444.451
520.642
438.092
265.519
335.446
255.875
321.462
461.129
549.995
484.612
353.834
264.653
514.163
601.827
340.427
245.793
246.072
342.254
503.037
620.637
441.209
619.041
472.522
391.371
326.738
330.82
441.926
598.449
354.018
580.146
427.261
217.566
175.327
269.983
313.489
561.574
185.121
372.105
591.471
491.946
439.303
246.303
167.179
330.804
399.052
494.977
527.076
431.561
406.747
394.231
402.768
485.479
363.13
531.577
747.897
634.538
448.567
310.822
333.238
505.599
275.404
492.968
559.365
353.728
335.841
312.087
279.114
450.443
336.587
593.655
718.235
468.466
358.685
316.867
310.394
552.136
413.965
411.511
505.863
666.788
501.492
217.522
388.157
419.662
266.38
322.091
594.308
595.915
302.745
250.292
262.996
286.108
243.577
226.113
645.035
987.854
532.85
229.832
241.452
218.195
151.822
161.111
635.044
1145.78
706.079
268.067
156.952
141.461
257.899
229.871
565.797
1170.35
829.467
328.602
255.348
222.847
374.628
258.461
350.587
606.165
647.865
364.063
371.844
273.938
256.513
265.19
336.298
539.141
411.591
286.604
268.169
251.418
391.058
301.608
261.318
361.069
438.425
412.134
389.133
316.965
374.686
304.682
363.612
421.829
430.497
387.403
378.392
305.893
362.325
325.816
299.277
357.81
432.703
498.101
393.046
332.61
460.764
270.565
332.881
428.739
565.552
589.564
497.116
291.754
371.478
270.457
242.733
406.289
444.042
420
386.275
288.459
447.891
510.692
405.688
421.067
316.498
269.408
418.744
518.647
410.266
607.974
355.926
273.031
245.076
371.669
392.836
597.478
499.301
557.751
441.123
278.265
278.167
312.977
460.597
562.552
491.039
649.997
535.938
429.517
353.313
397.308
459.151
642.334
538.736
662.948
710.747
688.405
541.733
376.87
498.145
649.956
308.985
600.781
670.366
381.386
376.125
454.9
301.595
542.025
415.729
558.644
667.449
366.877
391.681
481.087
429.546
495.576
398.395
411.619
558.838
743.519
412.45
280.253
373.293
417.507
351.417
583.411
831.557
694.427
349.592
243.941
327.242
542.519
197.358
381.899
810.431
875.392
548.537
277.191
202.071
320.446
168.415
230.045
685.737
1158.33
680.345
200.876
162.109
201.464
198.34
265.276
651.042
1197.69
785.35
221.405
187.381
239.961
307.285
290.125
408.987
711.908
734.503
377.91
306.861
287.763
353.148
319.372
378.346
625.601
540.205
277.245
337.898
331.155
360.197
265.395
272.306
437.232
591.427
545.48
378.821
280.967
289.637
170.691
378.553
455.923
601.464
461.551
319.096
171.542
372.792
304.455
294.407
330.629
481.926
511.555
401.446
313.275
300.096
261.454
265.136
418.275
503.01
421.295
325.188
256.249
647.227
425.351
239.894
272.489
408.6
743.024
699.839
447.338
604.739
414.271
394.999
353.546
569.639
684.163
609.172
441.438
491.807
520.933
296.225
362.877
281.887
356.84
454.094
543.91
572.195
576.922
323.664
500.338
298.513
258.109
516.451
620.367
414.916
488.29
317.659
238.558
177.728
219.671
374.371
488.642
339.96
336.364
329.788
331.461
327.902
312.268
325.172
330.722
282.575
622.634
650.586
333.948
382.38
432.192
270.479
542.581
388.534
605.215
577.763
396.995
285.127
269.418
353.924
572.064
571.569
669.362
709.282
530.934
419.953
327.845
526.801
658.41
589.151
667.469
550.494
445.716
427.998
396.7
542.156
678.808
554.106
755.92
669.419
381.143
214.12
276.821
495.545
747.169
340.207
357.618
548.077
618.651
411.061
317.215
331.759
348.054
254.752
330.913
488.518
894.633
565.032
289.029
241.16
309.493
153.135
201.371
441.018
937.203
606.208
258.963
155.955
177.943
236.12
186.492
263.228
458.409
436.494
299.866
244.458
179.198
239.97
231.288
340.681
522.71
470.61
326.089
251.684
233.281
429.319
433.164
417.305
707.689
602.139
634.933
465.739
430.148
317.313
271.953
358.678
550.774
538.411
498.923
333.855
274.237
491.597
305.554
140.069
220.871
366.622
629.155
541.1
330.029
472.157
340.264
286.322
311.935
330.784
452.61
489.206
357.368
463.664
341.299
434.813
341.528
396.282
579.355
504.26
347.194
719.335
399.255
261.079
330.542
448.158
591.82
737.17
450.321
564.272
476.103
469.232
490.556
301.238
261.403
520.383
501.706
520.506
468.587
316.737
229.232
191.035
276.639
493.015
491.786
387.072
374.746
293.259
258.743
272.908
234.896
369.009
381.465
548.296
516.195
301.658
232.709
193.864
233.137
503.685
555.616
686.399
751.351
466.873
559.505
488.942
593.552
675.351
769.059
622.147
736.029
626.447
354.65
426.095
528.092
593.373
733.727
590.85
693.424
532.042
300.603
273.835
357.993
543.678
699.174
470.315
550.894
421.149
361.458
436.104
391.122
427.801
554.554
581.344
806.359
670.789
539.864
257.94
513.783
544.189
798.912
394.31
472.165
489.26
438.107
334.969
323.586
372.782
461.346
150.265
249.643
436.391
464.626
302.79
143.272
142.275
224.665
225.582
158.909
255.179
438.412
475.765
295.403
230.836
163.421
330.832
279.792
292.442
508.824
446.893
346.062
333.443
294.27
366.72
291.572
297.078
583.269
695.862
489.441
366.244
310.775
360.963
248.01
331.485
620.777
556.505
420.474
379.329
253.182
349.309
249.182
268.933
372.47
440.38
459.049
372.79
255.718
490.621
359.201
256.286
315.226
416.362
636.281
538.908
368.588
389.371
379.014
272.899
286.102
293.507
447.075
403.949
376.047
579.384
331.647
302.849
298.934
367.844
629.977
620.899
347.492
776.916
338.339
291.993
316.474
440.166
756.122
836.855
397.761
454.536
304.064
277.369
295.993
245.728
238.322
438.471
331.381
404.728
420.475
288.37
391.297
308.169
259.545
369.014
437.433
522.535
454.852
253.994
464.168
319.518
309.469
485.981
498.316
487.865
442.236
260.896
305.109
192.942
308.948
466.541
476.359
574.173
648.626
409.869
307.473
331.808
452.368
537.816
662.924
471.144
622.057
463.066
375.895
389.12
286.137
421.62
627.44
367.22
336.223
365.243
517.79
438.479
274.471
350.795
347.892
953.076
549.941
374.292
504.914
249.027
386.036
929.694
646.106
401.867
589.344
672.469
525.353
526.521
485.961
422.009
540.065
333.856
447.846
771.056
880.213
475.023
406.952
302.465
432.837
185.03
243.303
504.344
878.14
469.986
214.065
175.521
236.866
188.253
298.78
433.438
806.414
492.884
219.464
170.972
290.629
446.29
374.337
364.878
497.1
724.236
588.483
469.957
389.201
405.334
298.815
282.226
379.894
328.814
342.524
409.278
318.978
376.583
296.094
250.762
343.736
388.502
434.434
394.85
295.818
414.778
320.11
289.182
327.703
297.002
381.91
419.166
327.944
483.045
349.14
312.386
261.008
402.809
672.935
537.51
341.714
623.597
384.459
193.94
231.096
438.4
706.218
670.983
409.077
490.379
436.277
313.726
602.88
640.515
654.637
533.783
452.195
361.366
295.594
327.116
336.663
477.641
430.255
374.335
308.944
425.011
493.618
423.759
306.992
317.033
308.345
393.113
505.669
658.264
579.657
441.093
405.052
354.351
301.353
623.277
614.691
890.792
740.032
372.862
297.42
324.941
444.858
839.364
798.544
745.8
589.376
433.915
602.012
358.227
354.394
699.062
641.242
753.064
600.934
348.2
478.598
383.915
245.62
695.147
665.04
707.638
662.472
330.54
392.71
302.308
314.104
652.825
713.094
654.914
553.706
384.468
254.157
263.938
372.053
621.563
592.65
685.541
586.336
431.328
278.621
345.974
424.575
650.428
621.805
533.133
623.543
545.21
441.254
515.492
401.137
492.937
613.407
401.992
541.69
399.542
438.253
257.478
322.024
374.839
542.39
368.758
494.027
597.941
601.178
366.921
247.691
336.186
479.306
341.611
365.82
389.557
550.423
455.288
401.613
351.219
360.691
439.524
370.626
426.643
463.836
417.104
482.578
441.011
381.486
407.27
392.471
339.268
357.77
574.244
597.184
440
380.42
332.34
239.753
309.459
358.313
458.787
473.388
360.963
236.745
398.222
340.383
289.439
343.356
423.392
484.397
427.339
350.496
537.958
343.512
306.333
500.566
413.723
537.014
569.478
367.246
667.776
380.146
236.327
263.604
371.779
490.883
671.618
436.9
605.369
415.218
198.495
244.271
221.978
613.767
658.952
460.509
870.993
418.308
232.527
244.491
421.26
705.389
905.076
485.689
535.862
408.116
266.99
376.59
315.668
292.622
500.167
465.795
668.586
560.32
295.231
221.486
201.621
272.307
624.084
607.414
589.506
607.367
325.952
208.551
176.302
334.93
539.4
652.553
808.958
477.928
342.598
688.927
423.384
418.901
797.591
555.847
983.299
696.932
249.595
297.005
271.059
451.132
940.324
792.067
637.161
562.792
452.056
675.258
475.424
465.534
594.405
616.172
855.111
648.381
280.983
297.775
222.112
332.979
803.849
731.589
825.977
654.582
278.608
327.596
273.494
305.934
768.092
734.911
802.93
637.946
392.902
234.801
233.191
380.639
761.032
693.799
826.979
716.478
402.718
405.687
306.591
288.27
771.776
778.531
538.087
573.817
375.834
479.255
455.203
386.103
493.639
595.467
671.391
299.256
260.579
360.092
487.738
589.194
699.98
360.432
544.721
328.388
332.349
379.521
404.507
496.556
564.031
362.367
404.889
382.896
254.567
356.035
467.953
536.662
409.453
404.586
670.553
464.461
360.156
349.13
507.527
741.888
715.862
463.507
300.558
297.692
329.434
535.548
445.99
484.345
333.679
285.9
617.123
239.6
262.638
379.442
556.061
635.999
655.797
291.011
504.085
303.106
295.557
328.415
443.541
614.571
544.622
323.57
438.352
376.541
213.626
265.878
346.093
604.198
484.631
384.446
504.216
299.439
317.566
310.574
359.19
424.779
522.729
326.496
692.956
719.824
326.231
247.854
326.036
479.855
637.095
765.755
646.42
700.23
564.149
837.169
467.635
250.808
580.479
718.94
520.64
526.497
584.949
878.787
465.009
258.62
484.891
538.717
519.845
489.398
479.563
458.593
308.529
236.781
484.502
498.26
418.569
265.306
308.592
449.487
420.224
294.514
422.058
289.32
276.214
294.481
359.144
487.109
314.68
216.29
265.541
295.415
505.947
275.442
252.314
392.91
268.043
304.728
513.168
321.633
544.717
324.872
216.297
264.336
238.396
365.771
546.085
366.009
879.706
481.461
200.867
165.191
168.473
457.96
875.065
571.074
751.406
505.14
315.625
419.472
376.832
352.037
722.894
573.883
436.589
251.125
287.041
352.739
323.525
362.956
447.6
281.912
839.133
367.079
198.942
166.53
324.403
628.611
865.437
442.936
773.798
350.939
238.622
268.602
427.239
645.389
809.708
419.703
567.705
252.89
325.115
358.52
454.968
524.244
593.024
297.141
749.784
407.996
204.149
207.279
350.925
584.668
761.105
477.695
646.725
403.644
343.148
335.16
379.008
601.325
693.986
448.159
584.546
343.847
252.688
361.088
341.215
420.311
587.255
393.929
308.246
228.703
287.635
377.757
498.673
399.16
322.856
245.67
686.82
284.222
278.344
282.976
320.888
516.408
715.063
346.06
589.057
310.99
244.017
382.837
462.965
619.082
619.787
348.13
470.982
330.684
322.04
377.393
309.765
262.236
460.716
359.117
668.477
401.347
322.362
313.641
323.852
385.367
664.973
449.501
282.752
241.482
267.103
339.403
240.54
214.154
279.032
243.871
391.124
291.68
232.89
327.163
252.044
231.581
372.102
320.751
522.844
336.049
223.66
215.872
221.001
248.731
500.474
386.823
573.827
467.911
382.639
490.549
271.917
306.251
535.063
515.359
396.853
308.272
312.338
490.326
323.302
223.261
380.679
337.443
586.723
446.193
312.361
451.487
350.288
252.31
552.122
499.314
883.729
572.162
245.458
260.812
197.768
340.067
841.966
667.155
777.396
380.479
389.688
628.885
437.318
490.798
778.804
458.428
797.261
481.205
278.062
610.648
429.673
604.461
838.773
528.414
452.551
260.013
284.469
406.095
375.737
397.6
475.386
283.883
363.016
260.426
321.396
416.15
395.798
416.171
374.625
280.109
458.782
300.156
283.013
359.101
318.406
465.003
483.875
321.215
795.525
478.262
385.499
328.802
374.502
518.149
792.245
540.246
733.936
290.899
192.516
179.268
324.725
627.521
783.933
352.076
493.445
277.786
265.192
281.968
401.863
604.273
538.057
306.652
498.463
346.651
291.681
363.06
386.625
582.757
533.196
370.178
520.024
314.467
207.251
313.468
427.72
658.127
568.051
341.795
484.336
300.574
255.416
392.213
326.003
465.302
511.506
315.316
519.119
508.422
324.68
379.201
336.294
318.908
479.264
535.049
401.392
415.317
365.535
463.56
290.824
219.412
365.697
435.233
322.052
384.573
331.709
507.666
429.907
327.848
304.641
388.875
456.509
421.121
345.723
600.772
359.547
223.994
419.238
462.946
800.064
477.67
357.292
311.209
235.203
323.703
762.572
557.961
807.781
454.158
365.461
529.254
254.027
407.908
802.71
532.982
755.971
422.809
287.151
265.627
291.297
377.052
741.366
498.515
1172.59
577.622
288.936
270.151
290.578
596.33
1173.18
697.613
919.217
585.37
386.556
356.65
209.523
515.633
920.356
642.817
1150.42
447.375
266.803
435.096
558.977
928.214
1208.29
563.986
613.638
492.473
240.378
343.661
258.497
592.752
653.482
540.135
445.321
413.393
271.193
346.036
270.924
441.445
441.932
421.887
604.272
398.127
360.197
471.018
474.089
571.637
614.4
440.858
582.102
367.241
341.628
354.07
527.859
703.349
628.907
386.787
562.109
388.707
386.51
341.731
366.564
411.869
556.69
426.913
839.358
420.683
226.291
213.546
280.251
540.686
853.874
504.685
460.641
262.755
258.341
298.596
341.238
433.247
479.589
287.655
518.587
320.615
218.952
310.557
384.947
461.811
534.517
355.507
656.971
466.713
414.234
384.653
396.488
653.407
692.873
482.664
537.589
356.019
353.092
412.989
475.957
759.724
601.362
352.48
764.164
434.501
329.444
304.791
264.215
354.057
739.48
506.216
645.746
562.709
523.255
481.917
409.866
352.154
610.986
594.935
594.712
460.102
298.846
356.8
270.246
261.12
567.089
504.63
719.818
416.447
238.414
239.845
228.623
450.041
716.767
481.587
805.442
393.03
423.496
363.362
279.271
447.708
818.182
441.366
944.155
518.38
221.593
291.548
326.384
493.389
935.579
617.17
569.454
330.242
331.029
581.674
325.258
329.859
573.332
374.697
921.317
510.803
316.396
630.017
478.028
700.055
961.399
559.268
551.422
352.609
243.8
321.247
347.448
647.972
596.577
375.477
602.573
327.22
334.482
364.205
391.816
474.664
631.256
371.447
416.03
361.815
398.794
449.937
445.867
332.722
404.702
371.038
450.492
294.796
387.132
606.289
665.59
546.998
475.794
313.319
503.293
313.363
259.196
379.112
613.984
737.705
558.287
328.795
514.748
329.802
384.283
649.506
590.882
594.919
552.254
349.006
519.55
228.342
338.15
676.361
647.786
631.867
555.904
265.454
719.68
299.69
201.384
304.763
572.831
777.421
777.264
353.605
590.998
316.597
265.58
417.796
512.845
673.085
637.99
349.954
588.273
371.942
346.988
249.09
506.485
840.404
660.777
368.722
621.58
468.101
268.043
418.289
484.894
745.788
672.761
500.456
507.607
316.57
273.981
280.252
420.243
537.782
529.202
339.535
540.282
334.276
247.783
258.438
305.443
256.238
525.387
367.344
433.28
382.082
422.104
812.826
558.554
334.13
422.839
383.094
736.853
449.791
231.102
258.299
242.516
427.496
733.217
510.795
656.431
355.363
250.324
327.016
268.616
435.737
674.159
408.784
698.05
393.612
320.409
419.661
256.866
447.391
712.55
432.3
890.883
516.385
418.11
611.143
434.582
652.08
909.697
560.376
778.051
461.71
343.086
458.06
347.589
446.602
776.316
532.541
548.24
267.683
257.037
291.908
384.16
552.368
592.621
290.967
480.982
382.483
340.42
507.9
308.521
362.313
482.362
404.784
515.763
448.813
318.416
522.979
449.52
400.005
491.268
491.906
339.49
220.706
279.315
567.175
310.542
200.894
330.893
246.762
345.012
227.34
193.222
349.203
217.09
226.829
346.428
248.279
360.826
414.862
335.391
243.539
243.385
224.23
331.413
414.135
462.282
265.637
349.894
749.94
394.113
302.752
467.174
296.761
289.655
251.729
355.489
523.499
346.593
212.216
282.679
252.787
245.818
199.038
265.418
450.59
445.497
270.611
240.823
211.013
381.189
284.42
275.288
459.651
462.443
351.361
389.31
288.575
535.153
412.486
328.2
639.415
503.115
530.847
565.705
462.773
298.096
248.649
198.198
288.447
449.485
499.556
314.811
254.692
383.732
261.591
298.184
456.762
592.353
547.803
412.953
281.854
653.031
344.188
215.363
205.299
169.056
285.965
643.94
401.606
614.431
441.429
211.975
166.524
149.999
233.639
587.703
499.829
950.015
518.522
319.254
352.045
279.148
540.942
949.898
611.174
811.644
406.423
369.687
469.091
307.662
336.759
796.302
489.451
922.29
468.003
235.177
304.751
333.656
575.465
929.222
559.437
698.047
441.104
270.589
263.742
305.253
536.115
725.884
474.645
891.319
488.446
228.66
260.318
430.98
749.958
935.141
555.468
786.509
521.721
337.182
284.1
346.219
638.21
807.8
561.133
366.088
279.763
260.656
522.36
579.641
494.897
388.809
297.874
210.815
216.106
410.046
470.73
307.127
316.636
233.917
188.788
410.34
277.696
296.458
454.182
320.232
375.086
414.597
297.791
502.522
313.283
276.71
437.471
495.038
554.3
532.061
341.468
497.267
335.856
308.043
489.098
582.13
653.306
539.567
346.116
543.036
350.401
440.86
372.387
567.959
726.596
597.807
363.819
474.04
304.581
287.57
378.785
309.574
378.753
481.826
337.39
595.788
341.466
304.22
373.459
526.31
660.8
628.249
374.462
346.025
234.039
188.693
365.558
462.766
488.783
381.915
242.041
680.059
377.558
325.843
453.827
371.182
431.222
684.62
441.903
388.729
268.505
310.622
309.114
346.339
341.779
402.353
271.107
459.579
349.275
294.962
365.987
269.007
276.989
450.79
377.734
822.473
404.076
226.647
207.411
208.256
479.878
827.945
487.347
645.713
347.731
233.952
221.054
183.417
311.725
638.871
413.917
656.938
380.937
252.709
214.573
285.475
381.249
657.575
428.795
442.375
284.405
265.138
376.447
289.933
401.1
470.459
305.267
777.896
383.817
231.084
303.769
407.635
712.832
820.154
437.352
851.382
602.096
294.635
585.086
733.813
869.829
913.461
670.567
736.466
368.897
287.911
267.035
309.666
602.811
762.423
424.241
477.117
243.339
455.485
463.808
512.345
538.975
506.912
264.921
460.23
303.486
331.491
480.995
650.156
688.11
506.982
314.426
517.057
333.483
244.304
409.507
408.85
536.737
550.58
360.916
564.883
396.908
358.76
465.545
520.437
663.079
605.522
406.493
512.583
328.541
331.675
361.603
438.743
576.99
520.936
373.177
477.676
346.76
323.94
420.905
408.055
452.452
489.803
370.327
621.347
486.723
308.239
280.248
321.583
606.543
653.165
495.945
1081.67
563.4
343.942
575.535
506.863
851.508
1116.65
651.188
591.685
377.025
280.491
361.746
422.773
694.183
640.842
394.353
757.868
358.841
377.485
369.432
384.627
594.295
790.06
424.003
655.214
347.176
215.449
338.702
338.276
498.388
676.505
406.848
646.8
358.568
238.32
352.158
357.889
470.518
654.336
405.399
430.874
300.202
487.098
495.804
571.206
470.376
446.571
300.133
1252.52
627.203
354.959
316.54
278.444
643.452
1260.16
742.824
806.995
533.782
267.688
241.296
213.802
453.032
786.736
600.918
591.835
314.103
254.841
270.801
426.755
611.497
636.268
339.771
626.341
306.4
351.625
346.783
510.035
669.851
662.942
340.212
483.146
362.436
512.619
518.198
590.942
706.167
532.98
368.351
631.504
433.733
388.136
453.129
432.615
504.673
637.328
470.021
364.074
301.659
286.068
457.543
469.704
485.432
386.854
313.212
316.345
225.114
326.128
665.7
706.284
473.244
332.446
226.789
402.65
388.152
287.696
484.828
484.067
443.879
404.795
398.243
495.835
328.765
283.292
374.249
615.652
765.706
550.196
331.145
512.76
341.816
289.14
247.151
357.121
401.818
515.601
377.764
410.145
417.488
492.523
517.006
568.602
525.782
430.372
389.005
941.81
556.368
440.272
705.824
692.596
808.396
973.994
595.255
566.88
413.2
319.908
370.674
472.779
663.37
614.714
428.132
583.396
301.431
373.726
674.246
544.088
593.768
618.526
333.361
586.861
340.37
267.305
299.572
363.922
498.156
606.993
378.727
667.619
478.8
320.816
363.126
444.566
741.004
714.829
498.569
600.55
435.948
292.757
305.38
453.223
663.514
646.811
446.348
436.152
398.489
273.133
255.159
506.352
622.232
467.41
411.566
460.321
379.503
311.066
363.498
444.526
538.924
485.541
388.329
955.884
485.467
243.782
290.769
287.7
624.229
977.168
575.261
699.632
353.546
322.039
698.391
588.967
637.139
743.993
406.453
787.986
444.4
444.287
550.563
363.301
581.373
818.166
495.428
590.037
336.12
533.692
590.283
577.754
507.168
607.817
366.501
363.937
304.388
315.452
441.12
307.435
264.458
354.67
328.141
591.002
452.409
398.119
567.813
390.031
320.935
563.852
496.865
517.928
335.744
300.723
418.346
304.273
383.986
545.001
355.399
426.831
272.778
463.42
543.787
314.048
269.189
435.005
293.579
433.863
230.538
336.901
386.582
323.371
352.607
449.1
259.122
414.515
353.092
435.413
423.989
534.725
540.617
434.471
324.206
815.867
453.763
344.933
475.785
634.171
669.902
846.821
507.059
794.103
389.383
263.965
297.673
333.941
569.577
806.87
454.27
605.865
438.91
403.078
510.566
463.298
511.287
609.346
467.291
635.146
409.539
317.757
392.415
367.285
620.206
665.855
430.013
1103.35
463.133
361.847
275.123
533.974
971.712
1173.69
551.208
947.246
438.764
320.877
427.562
552.252
821.127
988.037
507.091
639.046
395.345
259.618
253.207
426.417
759.558
691.733
415.451
495.675
342.457
301.894
362.382
358.322
464.512
510.092
362.316
558.822
352.511
336.557
352.733
473.815
566.026
584.653
368.052
561.056
418.073
368.592
425.707
707.024
723.148
587.581
421.954
