516.507
584.004
548.42
455.048
346.314
360.784
494.802
587.748
542.857
600.159
797.538
608.481
542.975
415.397
552.834
557.422
532.459
614.292
632.055
623.406
395.404
441.277
536.613
605.902
404.108
479.589
822.315
667.743
601.192
372.671
387.125
423.04
380.431
461.845
691.724
500.751
385.049
409.381
366.972
424.771
458.656
625.29
767.183
678.634
329.787
339.162
428.895
609.245
181.972
354.751
760.868
727.24
374.803
226.132
173.982
294.756
218.851
376.071
734.103
740.468
462.522
296.209
233.474
320.083
140.842
286.016
646.004
746.498
420.786
238.068
135.174
235.366
262.613
215.257
560.882
807.425
484.867
329.96
272.51
202.524
188.641
152.372
417.766
1136.59
645.996
242.054
200.831
154.017
258.507
220.486
330.138
701.924
386.04
161.304
245.733
237.894
315.403
232.594
486.257
510.395
564.054
377.38
330.098
219.28
181.184
166.401
246.838
499.244
656.523
438.358
201.037
164.615
474.353
317.7
367.765
529.111
706.482
603.613
491.05
344.061
294.992
272.614
326.788
385.565
640.586
525.795
317.363
284.702
516.712
387.148
351.095
410.601
694.102
799.932
560.763
405.943
469.732
410.119
286.273
356.533
505.435
594.543
473.932
433.57
608.354
343.435
276.011
332.153
548.651
833.615
674.847
357.673
459.217
368.646
351.701
307.447
407.614
574.795
483.278
376.217
328.231
658.543
684.353
381.376
371.405
308.487
279.749
608.761
418.496
686.375
695.826
565.081
397.451
365.639
403.603
645.696
533.727
538.1
699.528
616.326
496.988
398.579
518.486
528.732
399.319
533.42
811.212
620.917
485.347
247.108
366.309
497.925
386.704
492.936
695.66
560.725
395.579
275.865
371.317
454.948
242.163
389.32
560.251
590.794
370.809
391.436
247.13
350.316
223.328
339.019
554.052
543.078
238.635
230.606
221.476
295.697
272.907
335.131
628.455
677.943
441.851
317.017
284.877
292.346
339.731
373.05
640.654
602.758
397.401
354.042
331.523
333.434
206.658
188.904
282.297
663.336
400.396
181.105
196.024
198.81
171.78
149.17
384.402
654.051
413.894
260.003
179.581
142.674
302.98
202.716
296.955
576.277
542.531
314.632
310.228
216.944
237.509
224.332
308.196
570.322
557.152
287.827
234.873
223.881
409.343
426.416
341.553
454.96
641.844
623.96
442.118
421.169
454.951
352.161
368.04
501.49
719.789
554.794
450.531
361.46
506.177
404.52
343.325
420.549
639.275
751.791
558.038
419.267
520.171
490.097
321.511
314.976
572.27
834.263
574.783
505.668
527.71
358.636
378.283
514.206
582.803
714.027
580.926
380.042
401.785
332.464
265.058
341.614
419.556
656.476
452.25
335.708
455.395
310.002
283.96
246.958
436
672.267
503.874
334.235
531.563
857.224
612.267
226.977
420.27
474.027
498.197
829.075
507.206
654.78
672.954
465.108
460.42
421.317
515.428
630.252
579.208
782.547
643.828
478.641
275.421
517.183
570.067
768.814
573.79
623.412
744.058
562.086
575.973
570.157
601.738
582.518
515.301
662.203
510.126
303.494
218.06
298.253
465.167
661.962
337.141
499.648
488.905
404.38
309.572
306.441
313.822
484.904
211.884
332.397
545.55
602.27
301.639
219.673
211.317
292.528
399.236
500.637
645.348
732.896
378.194
405.891
386.77
488.158
167.23
258.811
614.428
891.313
380.387
238.19
173.031
223.781
295.897
217.01
388.582
688.751
349.907
205.637
294.906
232.73
151.017
186.995
300.956
660.885
427.373
213.389
150.177
177.88
342.011
289.974
283.05
489.916
307.673
247.819
342.504
301.278
279.403
245.22
228.085
485.81
546.837
392.077
287.57
253.1
463.727
261.374
393.392
510.403
689.747
552.114
495.894
276.75
489.923
316.548
277.291
356.452
574.642
607.262
519.148
336.811
479.154
384.048
330.694
389.048
598.086
782.001
541.049
388.692
510.784
310.324
354.275
396.307
722.938
817.856
562.029
314.454
496.896
366.559
346.31
251.274
532.421
744.198
545.723
391.813
610.428
330.092
315.735
417.287
647.508
766.981
657.544
371.438
554.828
441.263
375.999
305.362
520.466
765.62
603.094
439.268
533.704
929.067
589.019
296.865
286.503
525.305
478.654
896.606
566.93
755.799
687.364
416.001
357.808
382.15
543.922
731.516
425.561
480.078
547.644
405.43
284.154
228.408
402.24
472.055
427.895
626.673
666.988
516.665
350.797
315.73
415.828
597.808
385.562
514.492
664.249
533.285
314.339
255.171
380.056
470.122
471.06
514.657
577.058
455.624
305.93
448.914
466.284
490.945
321.467
578.556
812.094
743.029
394.871
304.763
307.647
531.151
231.452
379.771
647.482
812.816
421.884
310.352
219.727
335.764
336.866
299.579
596.152
744.229
385.308
172.169
324.565
297.34
369.411
322.712
573.995
771.634
380.846
209.101
353.128
324.743
167.555
169.189
280.693
617.911
491.198
252.935
175.298
159.957
328.468
311.332
378.825
549.528
568.624
444.418
319.112
311.915
265.193
275.788
261.492
416.658
693.607
633.647
290.198
258.974
371.203
261.795
394.451
638.771
793.606
646.523
418.711
262.775
395.364
279.147
314.084
399.174
615.96
682.19
447.369
277.603
521.916
350.285
407.409
323.586
658.409
825.538
588.221
324.215
422.32
285.5
344.849
340.962
482.06
613.396
467.92
287.897
451.235
390.043
441.724
466.647
781.466
831.503
511.732
373.29
391.748
418.737
244.91
205.69
322.178
418.094
389.627
433.319
827.94
471.742
320.425
222.852
504.705
854.746
876.136
507.205
501.08
721.747
616.325
283.461
285.072
369.382
472.285
693.441
472.039
599.688
528.366
427.093
473.858
324.368
426.308
594.551
433.255
584.472
506.999
374.732
342.788
384.554
429.908
572.234
625.085
704.16
478.855
256.602
251.717
367.918
583.311
716.994
302.989
475.233
593.247
482.567
404.522
441.45
312.936
426.079
348.932
610.429
575.11
419.116
401.243
465.515
337.073
562.37
426.944
533.571
671.506
598.357
433.643
274.645
405
520.446
331.679
330.353
539.253
413.918
278.869
211.836
318.654
310.947
325.328
341.365
530.768
477.973
393.588
334.037
327.517
329.881
231.151
302.742
359.536
666.757
361.675
195.955
221.938
294.192
260.853
171.046
280.78
601.286
524.65
393.896
274.817
163.164
226.064
240.79
428.336
696.298
547.453
282.642
231.348
236.553
408.334
283.023
321.346
437.941
585.778
538.09
439.434
292.394
429.275
261.639
314.334
552.522
738.551
634.107
467.439
277.974
724.287
389.292
318.473
347.981
644.336
725.787
757.103
438.45
605.231
581.251
346.004
340.075
475.153
742.675
653.896
588.066
649.325
382.426
339.009
524.029
641.774
804.577
707.56
404.454
726.643
360.993
331.455
388.452
439.765
746.633
770.844
402.364
789.226
429.894
316.965
289.452
454.758
849.108
858.981
460.049
786.553
481.545
252.854
295.712
400.659
866.944
859.074
527.474
537.535
798.259
649.388
489.151
447.201
354.609
469.001
779.389
514.605
626.889
433.732
439.293
336.352
428.528
526.395
623.572
575.936
680.13
590.275
399.425
385.42
345.947
544.612
673.284
533.476
478.417
342.074
332.119
271.376
353.605
511.16
510.227
364.33
496.84
513.613
487.323
345.864
470.051
370.532
467.931
436.232
615.857
476.54
339.731
302.783
426.772
444.163
590.919
369.324
454.916
487.653
461.328
329.474
250.018
338.873
450.507
376.764
489.183
752.868
512.159
474.974
299.788
381.791
439.861
306.612
307.773
476.257
475.472
291.408
222.465
292.606
307.683
208.428
197.474
399.58
737.414
362.892
103.802
202.704
198.877
311.163
266.243
363.47
854.539
570.559
273.081
299.623
280.351
271.279
204.04
294.647
731.485
630.27
323.858
254.689
222.339
377.857
333.411
338.018
465.285
470.526
441.066
386.011
343.358
301.035
321.733
305.448
315.812
623.144
649.935
317.497
296.952
517.163
433.201
360.227
449.715
624.207
573.352
527.704
452.116
793.432
328.534
319.364
450.768
512.037
634.512
815.661
405.58
687.275
335.036
363.211
558.636
550.994
739.714
741.173
383.059
628.287
291.672
196.96
301.595
427.237
767.676
690.536
318.885
804.709
391.724
331.848
357.014
421.443
766.551
858.754
414.695
711.813
360.586
291.964
239.696
531.892
788.215
770.132
390.84
653.441
785.585
552.536
432.035
453.038
544.962
650.827
789.364
502.595
696.549
515.573
270.896
215.62
326.353
457.252
689.441
603.909
593.69
445.903
424.751
302.731
359.114
571.756
612.696
238.705
321.013
363.126
333.807
320.777
264.728
241.591
299.179
495.425
518.66
545.052
533.783
273.388
276.546
493.973
506.552
439.51
700.072
532.612
429.024
263.953
384.092
433.084
669.381
387.026
674.526
547.054
399.668
276.559
324.586
352.37
646.4
308.502
333.945
325.01
321.047
481.819
418.106
297.4
338.782
316.529
360.724
341.876
327.734
203.62
348.481
317.923
355.982
363.714
317.332
472.392
471.025
287.712
308.788
358.276
308.184
349.287
365.26
369.96
573.793
385.12
348.476
356.578
354.754
216.665
180.311
269.521
639.197
548.268
224.968
207.504
192.303
292.154
279.735
363.094
540.48
583.265
400.738
297.213
274.826
647.349
377.261
332.276
453.443
665.83
788.521
704.39
404.664
399.985
289.996
257.714
336.256
558.787
613.169
420.147
305.805
768.096
560.912
394.845
363.309
501.522
833.159
821.27
573.538
572.546
309.675
303.695
336.075
477.026
631.265
612.078
340.488
755.463
379.131
335.073
325.281
526.039
666.057
776.958
438.535
919.156
528.33
293.878
331.401
433.107
828.683
962.66
579.719
834.854
403.641
303.603
348.689
406.676
682.882
871.043
464.385
659.508
675.781
436.466
314.765
374.469
388.115
618.74
691.8
450.313
713.348
435.1
267.43
315.983
421.454
432.786
694.481
824.399
512.463
358.845
300.263
358.617
423.669
811.62
580.389
318.062
414.467
317.386
308.285
321.001
297.025
294.479
406.616
356.053
327.987
365.35
397.979
260.087
184.727
342.133
321.949
540.848
584.734
383.206
213.059
188.014
288.562
509.861
604.748
612.721
507.72
509.468
543.441
341.367
257.667
581.405
538.996
290.088
366.898
491.155
469.975
430.232
264.322
274.11
348.972
341.975
307.217
352.399
462.023
297.192
421.105
374.076
296.941
340.041
390.872
633.216
565.693
314.72
223.604
318.389
375.967
310.914
286.86
400.909
699.598
464.059
281.19
325.384
285.941
264.075
256.185
389.231
716.285
517.62
319.195
278.43
252.362
387.695
297.979
373.285
721.832
833.078
574.32
403.242
309.597
612.615
369.329
283.52
341.277
457.858
498.157
611.266
416.846
512.057
424.9
473.749
425.772
595.453
752.168
567.107
432.699
637.013
354.991
265.453
338.607
465.674
866.772
710.723
370.908
712.095
315.114
323.584
381.489
574.351
893.074
783.489
340.734
899.221
369.637
192.071
189.967
367.107
810.607
962.787
444.854
917.122
392.381
152.833
220.903
374.954
787.711
958.377
463.419
1045.62
495.968
263.406
149.682
383.111
833.401
1101.35
575.058
624.137
625.538
306.201
330.75
268.999
549.187
633.27
666.371
659.02
573.689
304.886
313.723
346.343
510.05
678.152
596.341
670.295
675.634
404.851
409.169
342.817
515.765
626.59
711.347
501.78
512.284
371.089
316.664
358.707
336.867
472.116
523.236
498.184
363.103
381.204
317.082
264.699
288.784
489.291
367.923
525.838
459.696
472.317
340.474
258.15
308.698
496.383
489.227
281.642
476.696
502.962
341.088
352.096
420.405
284.603
424.043
475.515
514.452
331.031
260.736
193.304
249.916
437.509
535.779
370.541
431.089
342.817
470.146
349.567
361.178
362.544
438.276
359.011
509.484
571.933
517.065
369.798
384.255
355.528
471.661
307.546
296.595
536.735
895.368
552.07
289.312
293.851
301.965
184.893
226.749
479.208
596.043
701.37
415.962
202.513
185.119
414.009
265.398
496.249
534.311
702.241
591.669
452.432
261.769
486.21
285.368
289.304
400.363
651.035
681.692
523.793
307.849
589.194
409.075
371.032
397.698
614.573
697.586
632.83
427.996
637.969
490.545
290.676
330.952
491.268
683.143
666.476
518.854
796.016
418.144
269.744
252.487
345.423
617.295
820.088
481.438
617.597
569.684
405.103
530.134
391.152
637.329
650.898
575.251
977.132
476.983
324.244
273.507
331.477
705.405
1006.1
535.855
978.752
447.284
178.999
196.72
288.568
799.444
1044.4
524.985
525.872
570.89
382.906
403.604
220.653
431.163
524.713
582.438
654.729
564.758
282.393
396.411
314.606
387.323
607.608
607.571
450.011
424.046
363.133
469.309
419.665
428.46
425.643
448.729
414.917
576.511
390.614
372.15
380.656
412.889
379.369
560.25
757.177
630.55
398.077
416.611
351.792
462.473
714.856
700.437
387.723
241.675
272.195
519.995
494.462
403.697
382.121
272.757
439.863
373.062
325.06
340.18
371.652
391.574
447.999
385.47
685.921
632.081
454.076
410.796
293.383
378.576
637.984
677.069
461.716
416.001
344.857
305.745
272.553
277.378
442.439
419.01
316.86
450.596
479.512
406.445
509.93
361.01
300.896
434.829
312.724
352.349
590.66
544.839
389.447
294.336
317.224
318.298
563.384
310.391
385.572
644.885
889.239
625.213
582.557
339.832
286.927
234.825
326.006
471.932
445.914
391.112
306.549
228.523
578.12
404.423
224.534
306.688
446.765
725.899
631.124
424.338
602.406
296.246
164.364
209.856
439.002
688.814
658.025
337.055
857.395
360.215
193.167
273.579
350.73
712.951
898.223
429.449
599.37
274.058
205.079
239.749
321.913
618.217
640.076
310.978
648.113
355.78
284.027
287.945
347.974
674.211
697.32
373.63
878.999
432.977
196.675
236.519
267.266
562.014
899.09
521.024
773.835
503.062
379.852
438.613
393.451
706.454
816.36
539.907
890.384
597.937
302.548
396.556
238.639
372.081
851.988
668.927
831.211
499.976
231.227
229.846
331.413
447.642
816.232
581
485.76
376.459
300.95
587.475
543.548
308.069
452.866
409.634
496.921
423.572
254.697
320.436
349.635
345.173
476.8
453.136
541.01
393.055
291.722
281.929
275.323
280.225
509.748
442.744
377.651
343.29
237.307
274.991
163.098
273.848
369.2
360.146
560.854
281.789
301.351
322.433
374.98
342.264
557.972
340.262
629.038
415.228
299.83
271.535
265.458
370.866
636.291
454.842
492.251
365.399
329.179
391.175
425.828
386.459
483.97
394.86
589.456
577.832
384.966
224.812
341.779
552.581
554.822
606.533
418.635
575.299
541.97
391.498
333.73
545.26
439.456
542.758
345.769
335.533
313.675
618.672
738.286
628.421
374.066
308.255
544.062
513.977
249.038
211.284
372.273
693.379
580.954
526.507
784.99
407.375
244.656
347.873
574.521
793.952
834.843
468.385
781.909
414.022
206.748
194.922
276.674
608.714
807.946
475.667
796.317
408.607
413.25
385.619
526.435
722.361
830.619
462.198
832.955
471.49
339.896
359.51
330.758
526.712
839.202
513.598
739.976
419.978
266.887
258.23
388.238
787.758
806.064
457.221
709.149
378.591
262.213
250.064
198.985
575.077
757.487
418.22
866.428
427.665
301.125
309.422
357.963
689.213
894.505
482.285
460.268
377.197
253.52
305.632
294.201
295.862
432.719
417.653
629.817
377.246
364.126
458.832
475.261
441.005
626.923
424.1
697.931
523.903
411.801
572
362.548
302.602
671.761
566.415
235.401
234.251
405.895
434.872
476.873
282.086
230.126
231.302
272.275
242.392
221.926
252.553
323.143
330.985
279.442
244.355
406.253
293.009
218.099
301.881
293.816
342.98
402.223
313.237
480.366
270.212
183.676
412.354
334.471
292.51
478.102
311.589
453.55
424.867
384.087
647.57
419.165
417.795
433.288
438.855
792.862
416.056
142.298
114.617
161.558
456.746
792.372
499.2
1078.33
523.312
383.058
353.432
308.758
441.538
1045.85
643.114
775.856
516.934
290.86
296.344
277.047
514.816
778.644
548.316
631.781
396.214
230.213
252.109
411.825
671.553
673.17
419.5
625.151
416.93
243.655
264.444
337.948
552.485
647.617
439.105
620.727
273.255
231.816
332.682
437.948
613.219
656.991
327.111
739.049
365.964
242.478
192.743
346.385
721.685
784.001
405.052
721.534
379.445
258.618
181.123
316.459
656.938
758.922
414.642
672.68
341.268
404.794
521.977
409.791
573.195
703.594
383.291
629.904
300.815
176.859
235.007
272.051
428.04
643.694
359.484
717.686
379.167
199.299
186.708
234.079
487.627
725.663
438.064
953.3
474.265
271.992
321.681
348.34
584.309
962.388
564.325
860.722
588.275
337.527
245.639
196.9
335.343
820.565
657.352
474.616
407.795
355.101
442.823
330.84
237.241
447.905
434.452
471.192
477.649
367.27
429.804
320.963
376.133
432.833
500.328
468.503
286.179
245.694
485.364
238.091
240.463
446.033
330.48
323.455
367.547
295.667
376.608
394.093
306.591
303.038
368.479
503.68
300.091
335.058
467.644
411.951
500.952
535.452
319.537
896.263
549.369
201.658
295.866
312.242
493.318
876.967
640.715
839.073
489.56
428.032
326.786
323.276
408.31
822.573
568.121
735.654
447.978
427.828
627.531
418.106
371.992
717.457
520.984
939.279
440.122
278.702
349.422
335.336
529.914
953.681
527.896
775.039
421.119
286.162
290.12
310.942
571.876
788.841
483.462
793.319
395.905
277.46
377.672
342.108
595.043
815.766
462.21
677.082
516.331
347.884
212.185
250.224
585.407
705.607
520.576
650.16
448.292
272.27
273.365
315.209
654.592
697.329
460.608
503.51
350.141
311.881
462.972
425.364
617.937
552.766
358.796
759.641
293.758
229.325
359.26
410.416
664.502
797.553
355.184
620.428
312.649
253.359
185.627
252.024
598.295
673.459
329.948
805.459
477.719
366.154
492.63
446.292
599.964
844.246
511.666
695.139
258.273
244.219
303.39
316.441
486.391
717.643
320.558
898.688
523.982
349.063
326.339
322.587
552.28
896.613
607.182
464.597
494.407
360.702
398.643
415.583
532.805
485.753
502.328
338.816
290.19
225.864
348.193
345.98
264.91
313.044
316.294
368.504
376.473
312.142
366.612
298.341
248.934
348.365
399.223
350.295
341.594
242.925
298.861
279.184
204.575
312.401
373.871
703.028
343.37
300.043
370.417
269.285
371.481
710.534
391.79
927.003
630.102
297.106
271.683
320.536
508.194
897.907
718.175
816.198
356.048
228.781
248.258
283.441
504.501
835.676
437.259
864.975
504.331
211.182
204.822
231.433
325.984
834.975
593.17
1096.82
549.899
260.26
210.99
195.764
367.243
1056.2
679.995
922.368
425.185
291.019
250.592
412.106
751.958
958.538
498.987
640.365
293.983
297.909
561.336
409.409
509.418
673.585
347.453
664.686
333.077
306.7
323.337
261.512
455.404
677.898
394.185
477.084
360.255
240.116
288.745
384.272
460.721
486.689
377.541
558.978
401.761
230.886
274.578
304.673
497.462
585.409
417.601
616.723
478.215
242.152
176.302
238.219
488.878
628.794
503.813
775.517
429.826
283.96
323.508
370.003
497.759
774.73
497.953
829.524
419.739
253.621
216.807
356.504
531.689
835.55
510.679
696.784
474.164
233.829
227.579
330.486
642.665
735.16
503.534
848.713
369.647
292.247
262.438
345.264
721.679
891.528
432.21
911.791
331.756
150.191
86.9258
214.377
597.442
946.031
431.423
622.744
506.51
342.978
355.218
239.024
264.209
587.589
548.209
385.395
345.539
179.224
189.325
215.097
299.961
369.585
368.861
508.119
364.488
217.488
284.27
284.641
276.43
482.087
412.311
544.886
364.371
260.36
306.072
218.826
312.445
535.063
405
579.376
474.799
256.017
325.752
209.518
248.655
539.617
530.287
880.329
502.674
182.156
234.343
267.466
499.136
868.822
595.797
768.094
478.979
226.427
268.498
238.775
359.962
746.445
559.776
879.484
472.383
225.532
146.253
235.041
358.359
851.073
561.62
1057.22
491.759
227.068
306.588
345.644
561.443
1069.11
580.971
924.73
490.212
154.823
132.704
213.277
520.045
926.547
588.532
846.994
445.962
281.592
414.844
413.654
613.847
884.545
505.195
556.823
392.056
310.197
424.426
325.862
504.85
574.699
424.666
619.104
375.555
278.276
500.456
413.959
536.774
644.141
407.156
783.117
467.329
201.915
241.405
306.249
690.153
841.855
525.546
610.173
328.159
153.627
238.44
315.995
547.63
656.661
372.398
729.889
306.587
252.597
319.554
340.152
642.591
783.379
367.621
558.18
299.985
170.139
200.595
286.317
443.367
574.837
336.529
665.478
456.562
321.346
460.981
466.438
644.911
700.463
474.025
897.883
485.346
275.168
354.759
338.837
609.75
912.935
556.233
740.646
453.283
337.595
316.822
342.837
663.319
771.385
497.795
553.164
320.687
211.859
393.812
322.643
341.484
536.361
378.513
580.066
407.602
304.388
342.275
299.78
309.696
556.54
458.581
988.479
498.651
433.983
440.254
357.936
391.388
958.049
611.995
571.963
309.747
295.666
410.858
239.622
195.712
551.1
363.3
584.51
339.616
224.611
436.716
392.614
270.756
570.832
398.815
494.935
253.366
292.441
497.589
285.238
249.439
485.82
301.146
883.758
413.023
207.885
251.385
260.144
571.892
909.19
502.971
851.339
441.884
271.319
292.489
294.527
555.848
870.248
519.316
804.705
420.645
265.397
389.036
284.237
469.985
806.597
506.569
831.704
440.522
281.929
357.958
335.854
632.966
870.076
491.58
517.373
260.964
213.485
370.133
290.787
433.967
535.102
307.188
755.634
350.951
221.431
262.044
433.457
720.909
798.569
405.882
783.41
383.968
237.122
221.212
233.991
589.579
825.153
445.824
688.489
381.399
301.095
334.364
299.238
454.805
693.743
444.227
593.416
368.003
221.655
228.098
360.861
473.673
597.589
416.055
412.835
232.032
268.502
281.449
400.678
448.718
439.604
251.271
680.555
521.232
243.987
221.578
279.676
641.379
716.808
541.966
540.755
375.033
306.096
330.879
401.876
623.146
588.501
383.508
560.461
278.417
299.673
269.488
317.078
595.65
615.162
305.506
872.961
368.264
262.037
267.877
330.472
633.935
900.879
452.22
554.672
381.795
301.283
715.623
530.636
253.009
526.208
433.477
342.642
230.107
221.303
299.444
213.286
274.458
347.555
245.723
676.898
567.669
278.805
228.491
256.44
345.441
627.239
622.623
637.917
374.217
203.002
162.331
108.88
345.536
636.006
432.121
792.116
520.713
257.001
375.911
286.589
387.153
772.023
573.588
563.039
258.452
199.451
259.72
215.525
338.571
565.751
318.932
599.167
332.464
212.074
230.691
244.45
452.932
611.276
384.598
430.055
308.145
238.19
256.994
291.304
439.029
460.687
313.563
718.59
392.912
235.778
343.088
283.591
452.775
719.118
457.486
924.964
471.969
262.52
274.818
297.747
554.185
929.781
555.22
537.572
325.443
277.695
320.461
297.441
453.465
551.855
358.523
637.916
412.54
334.05
403.732
439.429
681.354
680.359
426.841
344.173
354.486
263.594
348.259
417.435
397.38
360.688
357.871
397.909
321.787
270.952
299.063
364.126
474.976
422.211
327.036
761.522
300.475
274.907
376.319
400.46
700.867
813.519
352.97
522.98
276.589
296.868
229.665
459.768
671.738
566.791
296.518
524.389
331.522
253.562
285.979
286.646
539.202
567.779
367.051
505.75
410.341
230.365
272.439
246.718
389.355
503.418
429.486
905.703
452.086
256.571
275.15
425.568
764.388
943.629
529.423
597.59
303.565
369.615
514.664
619.538
521.225
608.89
349.177
757.567
461.113
216.539
332.449
224.488
311.825
726.962
543.191
719.08
359.022
203.42
226.871
245.586
576.633
767.996
410.69
718.921
408.189
273.653
363.328
245.97
409.664
717.355
460.309
639.474
392.122
217.025
325.869
181.059
249.761
615.319
457.508
817.746
392.028
175.097
171.727
220.878
560.03
846.707
466.51
882.995
503.386
241.094
224.573
312.434
601.857
892.43
577.212
873.4
456.68
247.258
206.107
222.98
513.378
881.734
544.205
821.891
391.568
169.999
210.26
299.746
585.033
839.806
475.874
801.167
404.525
223.622
215.525
246.977
500.398
809.558
485.647
941.005
482.073
188.516
340.575
340.99
736.136
992.843
565.836
546.683
346.114
284.462
350.983
515.329
690.864
594.713
361.152
533.205
400.902
326.202
337.965
500.296
720.439
587.911
412.415
537.35
390.046
315.9
528.031
432.654
631.801
588.349
396.195
531.967
265.165
331.592
329.574
476.834
639.41
582.095
294.815
584.347
342.017
214.044
245.014
289.044
420.969
584.996
389.263
268.077
264.777
426.106
460.837
550.201
503.704
297.85
233.906
401.619
325.534
373.618
563.548
534.024
357.553
402.436
336.431
513.663
276.471
274.89
390.587
409.452
644.837
564.489
296.813
440.078
317.755
554.982
506.79
709.681
673.226
481.979
297.16
452.193
392.593
328.274
396.584
416.475
452.738
451.755
397.645
787.77
402.206
293.727
456.207
307.04
361.242
777.224
479.947
461.979
263.422
257.023
428.168
353.82
359.109
460.021
300.101
243.567
173.051
208.802
296.399
202.522
145.544
229.403
198.1
443.931
330.731
330.632
239.227
380.6
423.311
441.512
329.11
755.47
353.012
216.114
105.201
187.667
328.524
746.729
432.465
1086.21
456.046
207.614
334.946
280.889
645.036
1108.35
571.425
822.32
356.759
225.481
287.739
296.86
616.616
858.762
417.258
704.563
302.944
245.829
272.746
334.892
631.907
740.59
356.806
749.628
353.631
160.66
206.381
230.838
490.181
768.294
429.326
619.797
290.337
186.559
281.531
384.509
597.799
656.084
354.952
699.962
358.241
255.909
231.676
317.116
544.118
712.827
421.522
554.184
357.289
255.286
392.464
307.488
509.69
577.492
387.314
582.455
385.969
359.197
327.934
377.125
463.529
590.669
426.428
493.377
300.417
222.323
355.629
407.723
487.492
522.729
333.359
326.582
321.728
377.613
312.13
532.84
686.375
377.316
294.017
477.043
369.161
280.377
385.888
376.674
504.31
481.95
409.564
239.869
317.957
351.407
248.032
438.301
565.48
261.303
284.144
424.471
334.382
266.117
176.301
221.357
370.831
428.984
361.113
349.414
219.249
223.956
377.492
535.728
593.65
392.414
224.048
478.479
422.25
476.517
545.93
554.589
657.634
505.955
408.891
415.746
399.146
258.082
390.942
362.363
351.878
395.316
423.316
609.286
321.712
207.419
288.461
288.535
384.195
618.38
382.845
347.338
232.823
280.022
550.94
564.405
327.346
333.724
258.853
949.294
465.16
260.788
249.44
307.01
443.648
933.511
559.176
858.735
459.86
219.983
241.416
263.78
506.015
867.442
535.399
900.597
431.024
205.376
308.996
376.855
722.055
957.193
506.881
909.452
445.206
197.077
427.976
488.652
650.857
925.461
533.993
625.527
292.382
187.48
176.115
238.451
478.289
651.021
343.564
574.962
371.861
311.235
362.281
382.801
518.225
584.209
409.528
624.405
444.877
236.599
335.997
439.154
668.587
642.111
498.047
802.073
364.666
214.216
367.081
407.644
647.048
841.831
438.128
513.885
436.734
326.363
434.844
320.539
502.804
526.741
456.966
591.947
461.829
346.9
525.448
485.82
772.572
657.877
468.278
351.796
255.119
356.016
440.538
569.721
607.977
385.287
239.172
337.427
371.656
490.385
341.193
411.419
510.557
348.998
349.613
326.721
267.118
256.994
281.724
428.995
486.803
355.384
272.979
310.328
346.247
464.852
398.402
474.564
530.107
342.809
327.834
528.197
334.551
366.055
306.958
340.543
413.236
537.385
354.126
370.544
512.953
377.393
350.926
528.808
586.435
379.594
500.677
466.131
384.143
254.434
296.235
522.551
717.268
512.428
400.076
