485.207
740.587
627.501
334.553
219.507
433.7
463.861
705.946
521.626
968.925
885.057
361.078
536.777
595.045
474.736
903.567
285.942
692.316
895.969
526.841
442.172
456.877
279.917
610.451
392.906
519.691
896.51
702.15
600.729
373.739
388.277
477.825
410.374
430.022
560.498
656.137
331.144
381.358
427.313
419.426
363.454
531.489
572.842
442.987
368.32
326.993
333.542
500.352
330.398
570.498
909.736
752.848
503.458
329.931
323.983
518.077
362.22
446.811
870.854
1044.34
470.961
265.23
348.131
407.476
193.796
443.946
908.53
959.414
488.722
230.506
183.701
373.725
244.267
289.661
670.322
1026.2
551.222
371.555
240.658
270.669
338.454
324.418
558.518
1185.53
621.594
329.678
331.865
338.117
346.452
258.763
463.987
760.98
473.36
261.386
341.399
258.905
331.849
276.438
375.453
819.968
712.211
329.084
319.928
289.972
256.143
238.528
305.883
560.777
599.99
419.262
267.209
245.794
273.977
322.048
283.226
430.93
466.381
435.534
293.285
316.185
389.473
348.785
327.251
389.36
606.982
462.502
383.994
359.676
411.758
298.278
219.753
297.383
562.31
610.857
453.555
318.195
399.775
339.931
223.796
243.646
446.431
544.657
399.055
371.57
450.238
369.492
236.583
217.062
431.171
720.916
504.126
366.222
298.932
284.127
326.299
351.347
323.839
256.533
311.065
289.939
373.078
664.732
685.22
336.755
356.027
406.168
341.663
612.228
530.446
910.997
777.774
585.87
528.437
440.465
493.709
871.473
449.791
808.119
696.778
418.068
380.296
372.421
392.335
767.264
642.32
733.865
869.809
569.446
573.474
428.678
621.98
694.534
340.343
574.882
883.194
585.976
411.847
275.985
340.976
506.825
338.526
579.097
996.632
745.74
543.141
312.327
332.29
498.733
362.935
557.233
832.057
673.838
515.741
317.704
340.826
512.025
365.117
338.262
697.423
739.587
413.528
277.543
367.518
319.434
324.085
471.02
718.702
720.343
405.731
230.246
296.374
445.339
255.177
192.763
476.511
791.769
482.327
211.277
256.123
189.426
206.254
263.151
509.524
842.41
483.248
287.443
200.246
244.901
399.421
321.111
257.134
650.87
533.291
380.734
407.661
326.184
267.061
206.98
245.308
465.448
505.992
287.025
258.08
223.148
485.281
356.271
392.676
508.864
725.45
566.934
508.185
376.875
361.32
320.552
302.396
401.3
718.849
739.932
401.069
310.359
423.489
367.873
286.294
278.007
518.413
654.648
465.211
362.146
431.624
458.791
474.178
293.81
621.825
830.593
477.103
427.623
307.101
289.213
357.741
459.304
451.077
529.136
338.68
294.964
489.79
375.883
247.699
278.597
522.734
702.701
534.257
394.224
522.295
444.063
313.381
274.823
393.531
533.431
550.09
457.267
740.217
905.527
676.824
266.465
329.082
540.809
737.978
893.748
421.57
757.792
764.102
435.737
350.891
342.798
372.301
714.962
380.235
764.704
870.617
519.086
398.573
485.453
373.985
676.648
495.479
803.705
890.309
504.635
513.781
567.325
458.352
722.711
683.767
884.952
765.236
554.244
354.858
350.858
612.505
880.295
318.737
497.443
744.876
606.876
463.974
324.947
307.93
462.888
295.854
514.317
686.791
586.887
379.262
394.485
301.744
455.963
348.544
523.49
965.349
895.377
628.66
381.914
322.031
453.465
213.301
435.294
851.177
974.367
456.024
355.037
197.653
370.045
252.602
206.476
438.899
704.013
321.649
255.033
263.719
199.918
176.456
158.402
464.781
806.584
508.422
156.054
169.007
155.353
317.493
249.907
410.019
628.799
456.66
287.203
309.099
262.328
225.154
176.157
305.571
602.679
673.472
366.096
229.992
178.83
422.068
255.034
506.053
638.067
780.797
538.294
448.917
248.507
406.195
266.727
286.005
292.902
558.708
613.019
438.953
260.087
452.942
301.199
355.593
233.222
582.117
773.547
511.677
277.562
548.284
385.711
355.988
440.309
657.718
818.213
609.353
397.499
399.121
319.472
278.975
322.192
504.064
626.209
444.542
321.866
592.503
411.702
416.605
358.131
551.369
661.573
624.697
426.57
439.338
410.081
332.908
468.01
439.465
574.996
456.537
433.714
666.827
966.383
786.939
310.301
401.033
479.594
613.749
937.519
498.613
923.53
889.179
373.961
484.839
544.411
454.136
857.067
650.926
927.888
915.336
420.937
437.091
545.669
617.552
861.99
349.407
745.107
785.609
378.597
352.825
383.915
318.317
671.113
308.76
692.774
794.591
450.5
332.414
398.584
293.642
615.061
443.238
611.501
957.939
648.726
602.801
336.654
424.254
553.763
344.362
660.422
893.57
650.578
387.67
294.285
315.481
598.343
237.479
421.232
782.894
766.973
514.856
314.865
226.457
364.34
279.009
290.008
540.605
616.192
322.523
228.277
275.687
269.028
327.285
296.914
625.826
872.488
387.574
194.952
312.834
279.679
144.484
143.517
361.42
754.305
406.046
173.661
152.309
130.698
581.181
377.952
337.202
638.963
621.31
402.145
576.978
398.001
218.337
223.955
254.27
423.847
616.424
539.445
239.207
212.45
424.548
284.836
426.407
636.396
766.319
589.046
458.719
286.523
436.39
400.065
345.943
421.763
627.777
662.044
475.025
406.065
600.694
436.112
416.835
285.277
659.237
895.689
658.468
435.849
424.8
245.236
300.217
341.788
471.833
498.728
449.391
252.794
615.367
300.538
326.412
429.488
685.839
686.626
657.32
350.422
433.816
313.911
292.847
330.577
313.064
378.206
438.016
331.075
607.796
377.418
227.365
174.802
411.292
835.592
683.039
390.939
684.916
724.359
498.022
402.082
257.746
450.904
678.957
738.382
505.715
793.001
651.528
352.416
329.744
438.678
472.406
760.671
347.238
584.788
587.036
328.665
254.192
271.415
306.079
544.658
390.753
781.284
810.407
376.129
475.53
596.589
352.779
693.144
348.595
707.003
822.63
419.707
421.194
515.09
325.727
619.034
554.123
622.031
631.239
413.409
373.901
485.245
573.197
599.73
367.552
689.91
747.603
425.975
354.441
351.973
331.344
627.415
328.586
440.776
786.947
625.846
516.372
308.564
318.194
388.93
273.51
331.679
369.056
407.319
276.682
213.936
254.522
325.996
239.097
242.363
505.128
630.963
449.338
246.324
237.42
235.065
281.217
186.802
296.369
695.885
589.976
265.811
285.648
204.709
282.107
265.091
405.399
584.43
477.157
271.11
274.136
273.256
408.626
316.479
292.905
489.493
580.19
535.341
436.911
326.199
463.788
308.884
399.263
585.798
820.65
668.245
499.992
324.211
672.954
354.56
318.254
402.997
661.02
691.62
690.237
405.852
598.293
583.549
304.623
361.986
457.324
761.406
650.702
593.365
533.859
451.988
391.336
484.042
594.207
763.028
588.39
457.24
564.445
364.992
379.246
270.67
382.357
554.589
579.336
353.525
732.927
312.166
245.733
326.197
349.64
685.032
782.656
366.266
611.874
386.875
359.29
256.753
482.165
783.749
680.877
399.323
801.558
919.791
603.166
409.619
350.775
379.86
717.337
944.147
576.859
831.445
738.195
532.014
470.865
484.867
536.354
801.969
472.38
574.019
472.238
262.114
302.107
310.675
431.127
577.304
544.669
720.417
435.17
216.559
220.781
369.703
498.524
722.25
543.958
711.328
541.321
280.45
292.605
417.697
495.273
708.099
526.759
638.723
446.56
321.59
266.46
417.849
528.9
621.671
384.304
653.108
669.713
404.083
389.173
419.362
364.117
603.824
391.82
558.955
626.321
348.15
323.344
319.253
368.1
528.327
364.751
272.99
440.98
574.204
407.54
219.968
341.371
297.253
323.027
253.883
524.618
675.803
365.251
196.871
325.805
253.27
370.717
264.708
318.994
705.122
418.5
251.876
363.894
292.982
190.764
135.861
258.757
682.927
652.379
304.515
192.971
137.946
306.222
358.505
267.86
493.608
413.539
340.635
304.903
359.952
403.869
373.739
321.101
317.109
580.019
584.087
404.198
371.915
480.783
395.73
369.75
461.935
638.206
598.53
491.927
419.879
720.683
303.058
213.49
252.007
352.895
631.116
756.677
365.996
710.63
349.923
259.53
338.014
481.461
796.802
769.31
400.846
659.917
360.908
236.679
304.663
460.725
823.576
725.518
388.429
783.63
451.725
337.905
303.37
336.048
731.505
848.074
496.504
842.428
713.048
402.682
363.064
503.026
888.452
885.74
732.696
880.29
971.682
499.142
261.503
296.307
603.497
854.521
1023.34
538.183
755.7
494.327
373.995
408.067
443.295
498.09
750.879
609.456
869.954
704.231
427.119
406.61
360.667
536.47
858.985
539.108
554.206
453.291
249.28
194.149
277.645
505.128
560.696
380.262
523.478
572.449
469.876
413.079
366.804
365.864
507.348
562.996
677.551
525.516
409.505
393.442
495.422
539.586
681.666
501.158
639.647
723.938
578.266
422.067
328.933
448.989
634.979
386.766
433.798
302.896
281.742
339.405
381.38
368.088
445.267
256.532
298.566
429.303
441.996
328.649
241.436
251.534
275.633
335.767
392.427
473.867
479.615
285.56
174.693
314.306
385.234
349.783
220.794
445.693
704.696
428.899
314.807
362.876
224.677
249.24
269.228
299.289
535.275
359.859
303.024
256.409
272.674
286.794
286.866
313.182
498.736
454.066
334.906
298.553
277.445
621.004
558.526
359.221
461.801
681.767
884.704
679.831
569.082
366.264
278.361
407.875
515.946
693.859
640.662
402.772
285.455
686.297
352.284
324.189
373.307
517.934
697.102
727.576
395.225
663.006
411.139
255.753
286.47
464.106
662.895
699.675
446.003
886.471
492.101
323.6
343.671
457.733
757.096
920.183
568.631
1200.33
533.697
233.289
231.772
343.155
780.833
1230.49
650.291
759.391
418.337
404.378
367.976
385.765
714.091
813.21
449.079
682.414
914.145
499.71
395.617
315.008
434.051
603.911
912.076
724.552
812.599
408.831
309.989
269.074
433.553
681.168
858.561
847.389
772.927
544.379
301.774
284.516
317.868
793.556
809.085
414.18
499.563
317.466
246.285
292.578
452.655
399.602
504.281
264.561
369.49
362.014
340.22
259.573
282.258
250.53
352.814
384.776
398.571
339.475
363.897
371.385
283.565
358.747
411.486
721.708
487.335
354.471
312.474
428.786
517.219
721.861
535.47
429.073
376.327
350.596
469.131
237.507
231.919
418.171
382.356
377.953
428.794
537.452
468.107
520.006
458.162
401.695
388.798
341.273
469.802
475.804
445.838
406.732
237.224
303.655
461.017
296.715
298.417
411.021
620.36
425.015
246.527
285.752
295.004
310.91
226.876
279.003
508.694
425.647
294.438
322.859
235.733
354.113
253.791
333.33
512.789
564.639
352.815
358.183
256.479
554.395
325.46
336.543
420.118
537.8
555.311
576.195
355.582
551.066
413.097
284.25
304.237
552.404
786.913
611.422
431.341
905.09
436.2
227.242
335.364
394.314
718.973
947.347
516.939
751.768
389.586
335.76
291.722
600.223
947.626
827.627
414.95
1053.02
449.174
230.069
271.589
354.315
844.448
1116.97
537.889
891.693
394.211
225.722
266.506
395.366
749.342
933.358
470.595
1053.64
429.219
233.598
376.333
361.498
759.43
1095.46
527.965
594.081
733.405
422.616
276.517
291.341
404.517
519.27
737.857
605.407
719.641
419.882
365.087
359.903
660.188
618.942
727.527
727.23
707.602
330.503
244.656
204.211
476.07
709.406
757.457
877.475
830.434
338.92
347.729
237.34
442.161
805.531
902.835
352.499
505.881
470.216
512.797
379.672
343.308
333.834
481.709
573.625
492.835
405.593
284.778
333.417
369.305
546.244
531.534
457.616
522.711
421.008
256.422
189.282
233.992
415.818
537.069
673.363
534.297
252.204
311.189
216.24
293.372
632.292
589.34
541.125
400.548
365.477
376.974
232.186
235.053
518.064
422.858
271.96
329.483
303.837
410.518
293.316
262.555
265.861
330.339
249.09
407.73
520.697
636.64
396.913
320.305
239.294
374.206
317.202
296.331
317.111
603.805
522.689
452.535
346.934
294.302
404.706
289.715
210.432
419.401
587.792
570.966
428.599
304.812
614.986
316.789
266.458
376.27
548.33
648.814
653.405
366.889
567.125
305.739
252.126
398.391
549.659
635.361
603.046
333.714
794.092
420.722
360.431
372.666
526.52
758.623
827.432
462.712
945.388
475.507
235.886
276.161
415.192
664.702
963.326
568.372
785.64
552.849
347.184
284.624
403.308
725.965
814.552
578.423
1017.92
472.039
220.824
236.101
315.561
780.689
1080.44
547.005
1005.52
461.145
210.246
174.714
387.22
925.49
1070.35
509.609
807.206
865.3
402.582
202.719
283.725
445.228
738.699
923.194
771.662
674.766
279.305
248.323
299.451
353.713
705.149
739.718
788.353
753.41
353.453
418.973
374.482
497.242
737.049
819.663
562.34
617.095
415.772
346.489
464.719
447.355
521.066
629.692
595.449
570.938
309.651
381.078
366.685
410.764
566.711
612.326
594.489
542.387
308.347
346.926
278.79
330.066
557.825
577.746
337.825
263.981
340.575
456.25
439.832
379.209
336.285
282.338
439.127
571.013
562.056
428.014
486.724
286.251
393.16
565.662
607.691
603.006
303.07
227.144
273.49
443.695
562.948
633.684
530.782
518.001
404.946
264.79
272.948
239.458
491.799
539.513
261.155
347.131
589.456
632.766
422.722
269.175
255.45
331.145
325.015
234.32
352.235
634.995
645.759
464.055
345.625
235.572
546.743
298.173
269.493
423.082
654.913
711.711
589.796
334.74
629.56
329.104
369.254
282.681
538.169
745.203
675.884
337.068
639.437
277.335
240.522
224.57
406.77
645.509
680.986
320.022
953.091
453.562
311.343
412.252
500.706
844.858
1009.83
526.169
882.743
492.132
241.546
228.911
326.06
778.745
945.863
546.233
785.31
554.767
361.311
402.956
347.698
755.934
835.024
562.772
805.008
383.779
309.454
383.664
362.98
635.535
850.07
446.112
799.416
367.032
209.649
311.031
367.327
757.716
849.907
412.668
865.338
730.553
264.426
355.708
340.655
395.819
790.605
822.087
669.272
511.745
261.048
283.27
308.602
384.674
622.651
569.018
813.537
738.387
439.227
498.717
466.196
383
758.096
794.236
514.353
384.251
304.274
361.082
387.391
421.709
492.783
422.807
823.815
420.481
332.112
358.167
270.149
341.571
797.871
507.967
394.778
443.145
330.936
325.526
336.705
285.777
370.783
449.178
564.29
453.973
348.542
154.177
235.028
355.771
535.373
493.694
631.618
395.182
268.5
375.224
314.143
356.328
620.186
446.21
424.452
339.946
363.672
342.733
300.516
356.908
422.477
347.557
458.695
426.223
413.932
322.475
453.018
437.17
458.405
437.119
248.147
358.791
490.513
550.594
309.798
282.195
245.52
327.258
645.428
354.557
231.619
387.301
551.072
603.372
679.129
412.6
615.885
301.602
311.36
318.292
483.893
671.195
657.481
330.484
714.8
504.296
374.123
340.26
500.646
706.048
745.507
529.328
911.511
441.974
248.813
235.568
344.834
670.573
936.666
522.796
1005.67
526.965
350.691
431.444
445.688
721.891
1038.65
616.76
975.185
594.222
346.113
325.572
339.757
691.163
997.615
652.859
889.334
403.076
218.063
230.012
412.931
798.634
943.087
469.963
613.488
315.358
228.667
218.615
274.618
565.457
658.84
347.507
938.643
579.15
372.642
320.317
389.052
887.298
999.883
597.964
621.999
543.658
292.091
281.299
382.392
405.804
581.258
596.205
859.823
474.556
288.598
386.477
277.136
317.867
823.867
564.376
333.731
262.092
369.71
454.709
399.343
228.976
328.017
278.401
329.161
375.491
288.715
292.952
355.819
277.556
303.832
377.904
595.457
465.82
418.112
411.769
475.042
430.805
555.309
516.312
372.681
420.015
273.901
312.215
286.357
371.246
365.115
428.016
525.63
418.676
269.435
261.663
237.587
332.454
518.511
450.261
530.997
512.024
389.089
551.359
377.835
464.763
511.158
534.841
1044.43
646.897
367.664
366.401
446.217
523.454
1010.97
742.111
1148.56
701.89
270.973
298.962
257.063
559.99
1122.98
821.504
1084.09
493.743
265.392
318.585
476.552
550.726
1078.1
612.498
886.176
373.703
253.746
338.68
441.183
759.595
934.373
455.333
648.023
380.004
452.433
379.709
503.502
705.623
678.282
392.293
977.961
409.096
273.115
320.749
572.597
856.209
1029.38
492.66
1091.13
458.241
125.179
167.631
314.242
836.099
1154.27
560.742
968.224
412.02
144.209
136.484
215.468
655.329
1008.52
506.769
828.315
565.396
366.501
436.839
401.745
772.236
870.062
583.355
714.302
425.695
281.639
189.046
298.181
641.303
752.506
462.034
727.563
432.606
259.415
152.882
228.069
530.372
744.674
478.656
917.533
427.473
262.888
339.533
294.665
681.001
963.327
499.347
1202.01
743.694
381.26
456.028
280.224
344.474
1128.1
875.463
725.666
442.536
321.142
289.268
298.971
280.745
694.498
502.6
387.205
449.458
418.373
532.067
335.956
430.926
396.836
445.721
377.214
410.277
375.526
384.224
250.257
277.288
351.861
417.567
848.067
594.537
497.813
598.408
481.204
300.187
790.463
668.723
714.993
352.711
188.222
365.057
339.13
390.729
721.114
419.697
816.747
543.604
274.541
246.521
233.062
285.567
774.305
626.118
1022.09
533.784
271.712
349.682
404.585
431.471
982.788
649.935
1026.58
649.44
251.78
262.466
223.145
439.173
991.147
758.048
1114.19
555.606
279.028
239.854
287.144
646.197
1130.29
659.242
958.738
451.254
264.009
394.461
356.597
571.642
970.833
545.294
637.851
291.179
257.938
255.609
387.357
576.101
672.43
334.099
659.399
329.014
294.645
259.269
399.795
675.591
713.268
361.237
925.405
473.652
275.033
282.209
336.925
593.6
939.977
561.973
705.316
455.535
254.827
232.86
294.969
574.811
738
490.066
1018.72
492.179
185.092
179.768
334.62
759.608
1052.44
578.982
805.604
386.834
228.334
242.991
250.907
589.266
836.005
427.827
810.912
459.703
239.137
287.551
313.818
638.014
863.066
502.122
970.918
395.688
261.234
201.159
259.786
646.091
1000.72
471.01
976.699
506.707
311.355
291.169
330.444
680.016
1011.14
586.217
762.823
682.028
343.023
407.1
343.787
317.822
695.26
737.537
637.162
491.418
283.328
553.532
349.929
415.556
604.509
550.324
425.49
318.279
325.791
416.029
432.002
374.102
410.532
357.823
531.188
446.445
318.818
354.261
192.287
286.838
507.747
478.969
511.064
491.523
555.301
376.474
285.408
365.849
495.485
483.088
624.852
456.725
300.759
351.199
395.86
473.739
596.976
505.53
993.023
458.596
234.632
361.972
337.955
442.608
973.98
575.04
995.721
564.387
250.74
246.437
242.428
437.988
970.588
670.166
1095.38
609.265
178.732
225.853
206.602
543.477
1085.94
723.9
1006.25
473.961
245.212
270.847
546.729
881.285
1070.14
555.352
916.633
417.707
290.867
401.272
470.829
718.429
941.474
506.843
394.02
285.652
252.912
275.814
228.45
338.862
403.899
305.116
438.551
326.393
260.87
490.427
493.806
391.712
444.339
339.296
651.935
384.773
244.836
257.636
399.277
681.744
694.958
408.322
624.415
351.732
223.958
204.371
265.733
603.68
661.471
385.099
811.772
560.785
343.036
400.345
483.34
802.726
855.95
584.604
898.087
484.41
275.365
284.136
394.052
622.091
914.207
560.842
789.778
490.356
285.452
221.556
340.87
686.926
835.926
528.145
908.024
512.389
334.854
342.34
426.01
779.154
944.682
546.279
972.511
366.672
217.592
226.21
266.535
696.869
1023.31
460.171
753.242
631.561
268.616
331.581
228.227
307.916
685.374
709.086
973.759
517.071
241.788
244.176
143.025
299.868
931.943
628.221
569.747
540.131
247.882
265.158
245.424
310.931
523.844
585.903
496.401
283.821
420.438
465.811
333.213
254.182
490.419
328.979
508.48
409.013
232.721
304.924
323.333
258.776
474.766
454.956
753.095
419.804
307.711
321.823
274.113
355.147
739.396
484.604
1009.81
530.853
195.26
245.798
244.117
494.775
1001.65
639.525
1058.54
578.311
345.467
305.39
313.507
447.303
1031.99
692.892
945.469
535.96
162.329
182.764
215.4
451.243
924.628
640.127
1019.19
416.276
197.625
251.799
390.794
721.723
1057.67
520.208
735.573
333.304
216.519
386.02
346.798
547.531
750.822
409.877
744.517
316.391
308.469
259.225
416.334
633.642
776.171
375.794
641.498
399.391
287.458
250.391
320.308
774.649
710.268
405.426
770.449
311.363
307.977
398.75
431.655
633.335
809.502
382.153
605.754
316.806
187.903
290.15
399.185
606.033
645.186
363.937
649.771
278.806
215.089
360.436
369.746
706.748
706.81
309.752
770.31
313.189
130.561
176.52
282.177
647.038
825.224
383.566
831.192
446.351
304.673
256.034
246.644
579.947
875.207
490.168
878.253
494.585
283.228
271.559
332.105
694.949
922.046
548.487
931.677
503.517
260.639
226.117
322.344
764.433
963.771
571.6
653.581
459.368
358.752
446.923
462.964
293.047
602.776
532.992
643.635
460.531
230.477
210.615
204.506
297.797
611.317
522.476
734.133
474.635
189.105
279.733
250.686
359.277
711.594
545.159
817.504
537.129
322.786
204.925
184.538
305.042
779.7
616.544
857.816
629.275
312.704
319.097
337.504
463.103
808.82
704.142
843.108
401.105
276.554
293.58
317.089
452.333
836.97
481.882
1111.68
633.806
229.855
343.663
246.698
528.756
1091.59
752.462
740.252
407.788
226.829
298.143
293.901
532.96
759.009
465.569
701.798
450.186
296.123
292.111
368.508
722.342
739.728
496.568
715.507
346.182
226.746
213.081
330.828
643.791
748.541
403.132
740.266
371.626
260.082
282.311
398.502
633.123
765.464
427.05
867.586
431.899
282.813
314.176
375.656
585.112
884.429
518.027
612.943
362.07
247.4
362.685
309.805
430.944
613.919
420.529
661.811
339.754
216.38
241.266
313.657
495.362
676.628
401.451
595.917
394.55
324.928
282.797
405.637
652.411
640.245
410.898
678.697
528.471
280.721
340.306
500.476
731.788
716.928
550.133
468.747
295.098
340.598
339.409
289.673
437.999
493.374
312.043
640.562
347.937
201.975
252.815
306.718
610.378
680.816
385.697
621.775
399.517
239.144
181.367
438.027
854.035
693.408
406.634
796.581
366.069
283.588
215.913
300.906
595.498
821.669
422.416
969.994
668.152
280.031
273.675
399.03
421.274
917.011
762.614
539.107
335.9
198.902
241.779
301.767
384.691
540.095
378.241
935.568
607.825
284.873
352.853
281.8
334.223
887.355
698.883
718.959
451.687
169.433
151.903
104.501
314.026
694.945
527.786
1217.88
577.822
276.002
272.18
322.986
567.268
1197.04
710.97
1289.42
562.35
140.221
206.58
176.758
449.415
1267.66
722.688
1061.9
540.466
164.137
89.277
197.028
620.484
1073.77
651.989
910.905
495.931
268.569
229.961
248.006
540.006
922.275
580.39
1015.15
570.099
226.296
164.327
208.837
608.172
1022.62
665.048
966.045
422.954
188.629
195.268
334.062
707.237
1002.18
521.35
810.681
408.76
235.562
356.366
448.707
689.609
835.851
476.917
829.351
374.96
151.584
191.684
289.52
580.21
857.429
460.698
597.918
301.127
288.752
233.456
457.75
691.216
645.495
325.004
506.332
346.139
400.204
330.632
665.996
787.522
561.913
313.904
585.381
414.182
224.396
176.133
331.649
731.801
641.967
427.792
463.852
250.95
398.872
473.993
472.026
496.503
488.932
250.093
764.356
382.536
242.165
263.738
245.519
549.166
798.642
438.67
511.365
271.8
190.979
251.707
371.437
550.906
556.122
294.858
721.737
581.724
533.547
531.437
693.139
1028.25
787.397
571.453
373.586
374.75
350.758
505.784
650.385
689.187
388.617
381.68
956.228
670.069
244.591
179.244
142.543
393.398
909.715
767.726
348.869
261.424
306.021
365.829
407.847
354.643
346.915
288.352
990.23
473.041
248.465
260.795
289.272
630.171
1008.88
554.453
632.327
305.665
226.831
301.308
205.241
305.976
631.92
362.581
609.062
409.746
315.733
347.644
310.047
379.97
590.712
460.102
950.529
372.758
185.976
239.512
329.636
676.183
988.862
470.382
943.35
373.245
228.858
303.691
345.791
771.518
999.98
456.671
893.459
369.868
257.657
277.974
298.454
652.593
934.922
451.452
727.076
353.289
165.072
240.595
379.843
639.402
770.051
408.076
728.148
351.164
273.746
254.884
366.742
629.713
780.286
388.714
618.826
292.56
223.57
352.306
432.809
615.538
664.189
340.904
698.267
349.351
234.116
300.488
325.826
528.663
716.659
408.889
718.192
327.819
217.514
226.628
366.391
594.698
752.772
391.377
520.284
411.314
324.543
242.478
316.278
481.143
522.349
443.732
601.942
435.07
328.58
221.738
370.709
676.553
651.811
447.31
389.442
241.428
247.865
360.719
593.197
647.026
439.676
255.293
227.853
235.722
272.853
374.328
541.007
441.768
244.725
226.588
417.244
321.942
277.556
269.726
393.187
500.204
439.798
322.405
537.623
314.159
370.984
496.932
593.788
573.579
564.766
333.806
580.973
341.843
578.034
601.877
757.62
683.084
613.259
347.884
476.875
527.864
470.405
382.557
328.589
351.01
474.631
514.982
738.314
336.843
168.68
191.402
201.104
328.795
727.347
424.277
443.806
334.765
174.938
220.706
229.987
263.81
414.262
379.567
641.376
349.424
273.101
270.373
257.998
358.89
630.856
401.073
886.824
480.788
261.407
273.336
303.632
460.062
883.315
555.044
1070.59
552.445
154.828
170.787
181.668
544.785
1065.14
669.911
941.248
568.007
309.548
385.261
296.568
444.749
917.901
661.632
746.524
402.739
235.749
351.383
320.196
457.153
744.785
477.966
596.976
391.944
166.909
203.601
214.885
388.827
592.191
443.85
488.157
368.546
273.28
276.628
226.494
392.6
497.376
387.84
521.635
276.038
267.04
337.895
360.493
547.539
555.217
302.487
614.653
348.928
210.271
331.195
515.269
717.653
659.68
381.275
768.388
364.052
253.691
305.014
365.182
686.35
822.853
413.981
641.451
295.067
278.863
330.545
680.02
888.791
712.621
326.007
368.729
360.729
462.769
298.102
541.413
677.124
407.816
324.141
400.391
294.105
379.207
439.321
449.781
399.073
410.611
291.102
507.676
385.468
347.352
371.4
640.475
633.598
536.661
422.481
252.513
321.297
331.201
231.227
515.192
630.434
293.931
287.067
494.529
392.455
204.613
271.779
448.506
698.054
551.031
408.02
916.661
472.08
320.967
530.207
404.111
535.27
921.843
538.205
745.543
484.121
290.887
308.646
251.109
394.459
715.57
559.584
667.164
419.877
288.809
252.475
259.556
462.987
696.29
439.783
728.072
522.266
423.247
375.211
621.425
704.779
708.596
561.263
929.864
381.986
301.88
366.502
535.658
531.17
930.857
482.873
1059.06
611.697
168.458
175.171
144.529
510.136
1042.92
723.502
493.209
325.516
238.531
149.974
260.832
463.184
514.418
342.755
683.41
390.997
208.442
271.643
422.936
534.5
687.993
451.798
665.364
404.981
255.114
195.771
306.564
530.483
686.39
443.446
870.861
390.082
205.605
353.116
535.333
805.616
925.627
472.7
682.115
314.867
357.953
468.027
562.686
747.819
735.311
363.554
708.554
361.11
278.567
247.379
440.644
756.856
765.773
407.36
469.607
265.735
321.413
296.023
439.315
448.769
488.444
296.719
698.015
369.378
313.226
336.141
432.167
630.809
719.148
411.995
519.652
325.593
256.874
347.954
372.357
457.82
527.099
353.818
537.276
247.205
217.326
251.714
503.766
720.333
593.099
274.514
462.931
302.026
244.451
346.989
538.488
654.774
502.464
330.573
422.969
344.699
258.751
422.745
432.839
466.41
437.418
352.197
560.297
469.702
389.166
366.683
515.962
714.483
607.277
487.104
425.419
331.136
377.54
248.397
606.827
805.035
486.043
304.959
458.861
350.929
490.548
382.573
601.379
834.908
528.992
316.832
