866.904
772.013
231.458
125.469
147.008
330.067
780.93
859.072
855.18
836.114
363.808
127.149
163.016
334.719
766.906
892.885
925.406
969.127
463.008
199.326
226.334
477.736
840.92
1025.59
587.404
747.368
614.072
271.366
222.963
308.054
530.024
738.483
620.236
824.57
498.006
330.537
289.086
402.786
556.163
829.662
755.486
829.48
591.908
326.138
291.205
333.333
685.312
848.853
370.682
480.195
723.065
770.16
339.071
265.77
364.604
437.033
275.483
365.238
516.291
442.68
244.432
227.219
271.353
323.97
154.929
266.853
603.165
827.087
399.407
112.499
142.408
239.922
206.053
171.022
372.393
873.788
607.414
226.524
208.005
180.955
213.271
192.765
356.981
773.777
624.797
265.436
212.255
177.102
179.553
192.234
384.112
549.479
689.028
372.71
196.091
169.047
275.067
264.499
312.972
485.25
683.883
506.783
299.067
255.764
471.954
344.012
351.28
447.258
583.877
631.441
511.906
356.159
523.29
288.765
322.392
374.822
621.921
717.402
576.629
300.597
573.826
473.816
349.136
310.184
591.075
933.711
653.599
465.092
766.158
433.568
226.777
179.743
364.476
843.048
830.38
454.596
912.485
462.907
309.047
261.048
453.041
938.918
978.353
508.961
934.485
406.838
427.05
513.232
630.423
1017.84
1025.54
466.58
990.054
489.072
356.148
244.093
412.862
1006.92
1086.39
539.277
1019.52
891.975
358.66
118.368
165.178
304.003
914.123
973.35
962.973
977.754
391.109
196.934
265.48
436.053
866.168
1058.65
837.048
919.451
471.7
181.684
257.567
385.44
748.945
975.891
582.316
770.103
454.539
281.359
224.353
355.385
521.06
780.082
747.572
850.86
645.736
254.521
253.453
318.85
670.645
870.262
334.408
613.156
610.169
351.961
301.328
265.554
296.676
572.587
503.251
555.859
371.459
265.038
229.86
347.159
467.678
573.015
231.355
418.691
574
545.203
282.946
289.762
219.312
377.88
270.493
281.628
695.712
958.298
467.638
207.859
276.803
248.336
160.984
246.542
486.71
958.237
523.369
251.208
160.043
216.907
193.645
200.465
335.962
579.918
557.378
328.005
202.199
184.492
281.301
269.338
325.242
447.357
658.759
604.724
315.044
260.348
315.466
347.038
325.144
358.815
618.337
590.734
333.566
340.01
495.593
365.507
308.824
486.539
596.195
687.932
544.785
374.71
606.746
400.574
292.433
257.863
523.775
830.241
669.479
414.131
714.046
409.212
420.847
265.727
551.231
875.093
785.389
439.006
575.075
338.787
261.825
256.527
271.976
533.401
614.011
369.001
1016.67
428.9
249.958
267.618
316.147
821.862
1081.22
513.155
1070.84
541.647
195.697
143.572
263.141
833.735
1138.5
623.838
881.047
389.72
287.809
295.223
336.563
789.323
960.021
436.138
1144.89
901.448
329.44
276.65
197.978
428.238
1053.46
1016.24
1034.17
950.454
341.451
232.085
238.153
420.652
936.698
1050.08
897.955
926.054
410.689
229.246
210.53
415.91
804.769
985.559
692.805
843.829
600.114
332.652
304.794
344.91
616.632
851.039
501.469
692.587
379.932
233.757
231.756
470.69
477.248
689.788
529.49
516.189
292.725
247.502
268.802
373.92
513.039
540.387
364.434
595.158
657.532
477.283
307.83
344.315
327.778
550.232
187.238
402.769
512.063
365.643
273.332
264.033
186.327
356.017
221.32
157.891
439.773
774.484
456.849
169.154
219.869
155.826
202.049
166.109
330.356
745.865
470.556
146.182
190.489
177.753
305.676
197.39
416.554
747.219
453.462
247.194
317.081
206.298
267.447
251.298
269.15
296.029
549.586
498.686
282.626
241.239
394.641
297.488
334.905
210.234
555.996
734.358
450.261
269.129
442.502
283.787
337.849
251.294
590.246
721.196
490.332
258.457
607.243
337.466
384.962
248.725
537.436
820.949
679.021
356.387
643.345
438.849
251.078
314.436
543.03
920.991
719.626
460.034
868.97
448.688
355.691
292.441
519.793
897.817
928.607
505.33
1034.14
455.057
204.464
174.043
353.702
800.775
1084.47
544.692
1064.73
443.929
175.193
203.99
247.343
753.189
1122.9
543.079
856.913
295.19
141.764
228.936
246.165
583.147
915.644
378.714
1103.16
928.005
319.85
291.251
227.318
422.7
1006.62
1039.38
815.27
887.378
366.211
175.419
237.107
382.763
723.861
943.503
776.413
843.363
313.379
206.945
173.428
421.178
701.916
906.222
755.567
633.844
282.8
265.83
182.212
359.768
695.963
711.179
720.178
779.671
404.605
279.254
282.098
490.088
681.203
821.368
501.844
566.963
375.437
256.188
185.01
226.044
445.372
587.856
441.531
626.174
492.876
304.973
181.65
257.462
395.36
618.287
336.49
539.46
696.292
499.555
262.507
290.653
329.828
498.313
438.422
351.924
560.424
492.454
303.515
318.808
440.767
349.143
223.254
257.767
367.236
710.462
344.993
178.985
221.873
254.274
270.026
181.596
257.99
464.516
468.34
302.366
278.844
188.984
319.875
347.567
363.874
363.929
521.126
442.39
324.187
358.431
408.007
280.266
279.55
338.938
606.068
738.976
471.4
274.612
660.808
466.323
244.382
290.674
556.383
925.619
736.266
483.155
758.295
377.762
250.957
335.35
414.018
746.92
812.476
430.873
710.484
391.051
324.203
230.604
429.178
712.696
765.187
419.475
925.202
465.298
326.439
355.201
371.66
771.762
961.816
516.556
1020.05
448.024
214.141
179.562
353.746
891.668
1087.07
524.602
983.271
467.198
184.141
205.69
313.41
805.2
1051.06
549.867
893.397
409.513
342.199
384.199
615.783
765.979
928.73
480.563
991.744
951.231
273.229
136.246
212.491
493.888
894.908
1046.42
772.084
705.061
292.183
290.731
189.792
316.874
686.804
775.041
789.802
705.207
294.207
224.52
254.349
372.637
707.384
772.17
844.741
815.819
249.821
162.093
229.39
527.306
772.666
900.774
656.268
578.015
274.824
256.514
246.015
282.012
590.46
632.835
621.484
495.085
276.113
250.011
201.446
349.811
593.866
538.086
594.795
699.2
460.36
264.435
218.668
280.111
537.68
715.123
280.577
500.975
600.479
444.902
361.481
284.537
266.872
454.037
383.619
552.214
585.675
511.686
334.818
368.541
377.139
531.707
207.157
219.993
434.844
650.274
348.448
178.459
206.495
203.371
259.065
255.494
372.783
595.406
484.601
285.384
263.112
254.251
362.215
266.696
441.049
495.577
482.178
463.185
393.442
262.207
720.688
375.113
231.237
309.725
405.874
629.46
760.401
435.844
581.009
347.13
347.47
360.227
527.887
707.003
630.789
358.971
654.466
346.592
372.449
359.99
478.24
715.913
703.372
380.616
770.003
391.086
245.549
232.585
436.32
845.44
831.989
436.576
810.379
306.259
316.436
321.481
510.178
776.619
865.163
356.969
1119.69
519.013
248.367
240.029
346.736
888.251
1181.63
603.312
945.241
432.123
234.844
294.435
390.239
874.995
1029.14
501.956
1282.55
641.569
241.229
238.14
317.08
966.088
1349.67
739.735
1052.4
1001.36
331.121
259.295
189.315
487.914
948.684
1104.46
967.333
894.794
315.696
305.504
251.737
453.012
874.635
989.6
752.237
617.162
270.428
301.891
287.543
394.288
693.657
683.101
781.84
694.626
233.89
201.841
183.858
324.926
708.34
774.994
713.668
598.778
258.492
234.149
261.626
276.836
642.58
663.007
557.723
486.587
276.103
236.941
229.581
235.638
508.654
528.717
578.574
756.66
405.025
238.4
195.251
404.963
521.016
764.554
460.808
576.305
478.457
309.906
235.186
272.469
419.436
574.73
443.353
551.191
408.775
336.657
248.783
315.868
409.283
555.441
267.968
291.263
336.562
493.707
312.855
238.055
258.555
302.744
243.547
293.709
331.319
443.051
358.206
247.698
235.198
287.86
439.632
227.352
286.134
476.176
647.325
581.764
471.925
254.762
597.33
317.753
280.546
306.811
455.651
692.24
646.181
352.051
652.337
402.897
237.62
159.654
391.683
731.377
705.85
421.395
590.32
280.912
271.951
247.736
370.075
617.016
644.986
314.351
805.159
301.641
259.776
289.348
295.029
602.665
844.566
355.507
984.168
515.395
252.108
187.182
378.099
868.179
1048.67
584.546
1067.51
395.24
216.878
263.958
368.586
852.792
1131.95
493.813
1016.3
548.281
190.376
237.24
352.393
812.949
1073.51
639.483
997.922
445.251
252.911
285.429
287.171
749.961
1054.09
521.39
1063.94
846.918
270.89
217.163
170.399
392.013
977.56
952.286
993.344
647.049
228.48
355.812
256.238
268.412
918.86
759.212
644.325
543.429
286.007
270.459
317.022
278.864
584.942
607.035
876.477
820.252
348.984
172.777
223.017
343.569
791.421
896.177
495.644
413.512
217.644
284.037
189.33
192.161
444.58
465.078
649.061
482.919
244.496
160.977
234.442
298.635
600.135
544.994
627.04
665.694
325.299
227.147
207.002
351.377
566.355
707.788
550.913
625.82
418.165
323.02
271.366
300.635
499.638
638.067
324.319
554.02
554.464
319.019
290.211
239.951
283.525
517.179
315.237
217.679
354.396
699.52
508.178
234.785
310.884
230.654
407.428
251.564
387.823
494.256
466.9
382.987
416.499
276.44
421.19
333.666
315.866
456.148
569.34
569.055
455.443
345.419
534.999
270.766
309.909
405.048
495.977
671.327
589.183
293.8
727.331
331.702
242.972
304.946
292.497
565.365
756.537
397.859
596.121
345.283
406.369
253.613
380.289
609.005
645.687
364.094
785.503
430.563
289.313
367.914
363.29
661.239
830.314
489.263
874.83
387.115
247.193
286.643
307.269
709.773
941.406
451.691
964.599
437.443
376.379
231.53
386.851
806.485
1032.28
494.131
1069.77
457.482
234.037
157.333
270.109
774.1
1120.33
549.971
1008.1
492.11
302.98
187.957
365.895
906.418
1090.69
560.197
1092.69
855.021
264.378
104.487
114.954
368.658
998.412
967.048
1270.12
698.355
328.488
279.48
293.48
393.717
1206.77
847.602
854.824
687.097
383.919
370.745
353.08
400.325
802.723
755.519
658.787
652.907
248.699
259.054
203.945
358.557
599.474
711.404
782.355
558.442
259.948
259.831
225.762
320.894
727.14
636.803
722.585
478.577
250.083
233.582
232.289
262.329
679.129
552.751
752.122
739.385
365.543
278.121
222.336
355.209
686.844
790.936
823.707
730.003
446.132
375.78
336.977
335.488
765.913
784.832
570.531
607.266
443.676
315.328
214.775
339.637
539.312
617.706
267.201
285.591
384.208
701.041
539.045
299.279
269.102
270.344
267.478
307.885
304.761
507.736
360.176
330.201
284.678
299.448
453.671
363.079
297.266
353.459
334.699
401.912
447.567
383.791
622.274
313.069
282.64
285.973
406.562
683.449
681.59
349.524
754.016
368.445
242.205
271.876
301.59
601.316
786.505
429.827
577.325
274.011
193.952
311.979
366.478
635.149
625.665
303.054
658.392
308.542
182.528
204.806
381.199
714.63
705.707
354.062
845.156
392.318
265.721
218.62
386.879
745.67
890.158
461.215
808.423
582.143
250.303
246.531
289.409
648.046
813.366
656.055
1156.61
491.295
255.114
310.228
316.246
768.351
1172.93
605.09
1042.27
516.707
242.428
328.591
348.93
693.253
1064.14
616.901
925.778
771.545
236.767
195.515
165.148
395.098
844.2
870.135
1091.77
880.314
335.487
157.317
181.125
368.927
1004.55
987.039
731.129
719.521
358.738
207.377
255.001
363.485
668.509
772.581
862.531
775.401
284.82
274.311
213.163
324.615
779.825
858.898
1080.67
623.531
322.336
326.499
290.565
381.345
1034.25
732.662
581.453
727.803
421.019
218.368
175.059
283.303
513.67
739.852
804.801
671.623
365.678
232.153
334.53
338.563
744.925
735.576
702.956
682.484
294.028
277.134
245.604
381.146
643.577
737.49
510.608
599.391
454.052
330.315
422.629
301.106
465.414
605.851
286.042
424.03
571.51
498.98
243.17
182.174
263.767
403.341
204.398
183.9
269.534
379.487
262.386
267.649
216.489
181.042
396.471
298.976
266.587
360.027
389.666
511.627
431.874
303.862
741.229
340.348
232.45
238.141
302.571
624.161
784.503
396.968
688
365.946
388.238
288.52
391.11
720.268
740.411
382.162
671.824
327.287
295.247
341.99
403.598
648.597
710.084
362.548
731.866
368.153
199.178
234.388
324.344
661.595
788.125
422.04
718.095
466.172
336.42
318.804
514.889
899.463
789.847
476.019
924.453
431.23
189.947
187.165
394.188
854.055
986.417
502.995
937.495
595.882
342.515
338.338
471.371
980.083
1003.6
624.023
1026.16
490.632
331.785
399.474
556.49
1004.91
1112.47
568.566
1189.5
899.799
319.175
142.903
154.777
415.944
1102.85
1020.62
948.148
670.21
184.947
198.16
160.074
314.587
880.573
776.5
816.208
694.423
320.527
395.536
237.103
309.422
748.853
768.209
755.218
586.844
204.709
173.938
158.829
261.286
690.343
667.236
763.406
593.249
445.902
404.722
285.278
419.508
713.605
649.127
869.318
634.68
303.56
239.266
273.846
349.495
811.162
704.728
708.448
583.313
279.764
187.169
139.228
231.699
655.761
634.036
969.252
664.915
252.463
168.68
143.089
341.667
915.766
762.205
738.825
714.637
413.323
289.969
231.769
264.998
674.379
763.412
414.713
423.879
565.315
463.519
429.222
301.284
387.94
423.077
261.268
235.942
384.425
725.757
560.978
273.783
255.502
242.684
481.15
287.534
381.632
494.739
448.911
496.371
495.17
315.338
702.081
357.079
164.348
181.759
348.184
672.024
744.651
407.854
658.132
406.598
272.501
304.518
315.531
598.67
699.998
447.211
627.708
328.057
259.846
348.52
463.92
676.675
673.377
376.566
767.398
392.457
207.426
343.488
385.233
694.81
817.98
447.019
861.413
372.371
290.622
240.913
407.259
739.006
905.834
441.889
826.474
448.937
345.349
288.404
431.459
883.264
907.815
489.962
805.508
528.779
323.369
345.859
473.635
657.954
813.162
561.479
952.209
423.618
322.082
247.244
394.891
970.935
1043.38
469.619
1094.8
840.317
329.114
145.132
198.938
356.648
1013.93
926.071
1137.15
738.666
259.247
273.068
161.704
332.958
1062.2
862.592
1129.51
709.533
242.346
176.678
171.719
340.097
1064.47
827.65
671.81
545.35
348.993
379.095
294.038
325.334
613.886
593.645
781.799
693.99
317.057
342.588
307.887
410.857
719.126
747.205
776.173
588.511
296.484
240.313
211.718
257.597
720.68
659.6
783.688
687.892
250.039
138.261
131.215
384.704
725.686
764.317
810.864
708.085
268.326
238.187
192.426
289.529
733.309
787.48
752.034
736.708
347.752
188.132
160.25
353.305
689.019
790.723
453.346
521.455
484.098
249.435
232.349
273.036
429.4
500.539
420.581
276.783
234.971
409.836
479.475
415.578
434.428
305.605
504.065
259.628
173.086
220.972
382.872
560.752
539.047
298.087
783.157
365.306
281.014
224.302
362.225
624.737
819.633
423.846
629.08
276.251
294.221
304.88
317.042
546.614
668.071
322.938
668.691
462.451
259.271
202.876
285.621
653.202
710.179
470.691
725.912
356.835
254.537
406.333
396.201
629.837
763.876
416.342
875.785
397.543
286.759
344.116
333.875
663.644
903.059
473.474
904.203
421.527
215.651
297.471
291.824
727.776
968.582
493.607
936.659
451.686
159.698
117.412
291.128
806.479
1010.99
527.259
1147.5
427.529
292.806
259.436
443.47
980.062
1222.91
525.94
1185.5
835.894
329.317
140.131
210.603
391.173
1101.64
949.931
1131.13
801.146
320.704
175.822
199.903
322.526
1052.21
913.551
1243.44
808.29
287.826
170.953
148.138
365.339
1170.91
935.668
924.583
649.62
296.982
269.457
263.185
355.785
871.569
735.557
587.486
529.883
324.428
366.12
280.039
322.405
547.274
572.2
667.589
664.085
328.202
277.835
295.486
298.208
599.813
716.123
766.36
661.634
310.381
293.629
238.972
298.79
711.087
726.681
1078.92
550.035
193.181
247.356
189.541
373.923
1036.65
683.927
854.701
538.228
243.873
209.652
144.354
283.041
818.859
612.37
837.541
567.746
196.894
178.775
157.299
344.902
801.658
652.501
521.461
387.583
251.216
270.742
474.477
538.25
530.014
407.599
563.206
289.959
180.738
344.065
385.832
548.394
595.992
323.998
697.106
299.833
177.951
186.35
374.139
623.29
730.664
357.308
705.86
366.001
213.077
208.396
311.935
589.722
746.751
417.664
810.366
331.555
235.005
203.811
332.934
682.137
847.616
396.129
687.894
289.393
174.124
211.838
303.941
624.218
733.121
343.686
774.183
366.001
244.798
212.142
348.914
767.02
846.83
412.988
998.81
448.245
230.704
329.653
361.246
814.551
1064.06
535.821
1085.91
482.556
276.079
202.373
335.89
901.223
1167.94
563.336
1082.03
545.591
277.845
283.332
432.852
979.851
1167.72
627.147
935.705
771.166
324.986
299.822
260.98
323.263
855.65
864.868
900.562
725.055
245.775
192.29
177.022
352.945
831.477
817.843
804.608
709.773
244.308
354.845
256.328
381.24
740.692
790.86
751.417
595.682
281.045
293.043
241.34
315.754
705.665
663.811
652.698
531.459
311.984
311.328
237.411
314.744
618.25
571.043
714.573
634.809
295.047
332.87
207.664
309.343
659.798
694.928
762.854
511.078
175.235
203.435
202.553
289.022
707.239
601.717
947.259
581.79
280.745
228.792
149.659
379.823
906.513
685.335
793.14
508.645
177.59
117.303
133.356
295.515
757.156
593.265
775.856
450.604
205.315
156.051
135.5
397.547
768.103
528.832
697.119
311.775
176.208
238.005
241.077
409.354
698.371
376.637
511.789
267.73
303.422
319.154
292.275
499.786
542.15
290.049
814.128
393.928
249.568
259.035
308.396
614.788
852.366
463.271
766.93
325.838
160.971
166.247
279.703
631.987
805.738
395.955
808.919
483.097
268.353
318.852
325.697
656.686
831.029
535.301
534.502
372.52
274.186
315.84
415.411
483.697
540.565
393.1
669.387
337.115
322.227
502.576
490.501
738.84
729.738
385.848
838.449
511.607
302.408
301.621
566.587
1013.2
911.939
539.548
579.345
370.051
245.112
278.247
384.834
594.396
636.977
367.449
815.365
617.12
300.978
322.702
551.169
1066.86
902.744
626.64
953.742
853.253
274.682
332.675
241.702
488.421
869.432
953.368
775.745
659.611
207.347
137.601
182.562
358.598
710.915
737.295
675.114
512.532
291.332
303.124
284.661
298.95
637.904
560.579
858.424
743.647
422.697
512.157
294.107
346.332
792.37
796.373
688.363
518.934
248.189
265.692
250.868
289.602
647.258
585.572
743.917
638.639
346.753
231.674
195.878
279.164
681.096
704.615
760.091
509.558
197.938
233.879
202.358
372.446
713.559
585.862
783.08
408.172
143.956
112.815
176.746
454.548
788.846
491.019
799.82
467.587
229.959
215.534
202.366
371.255
782.475
545.705
969.685
545.797
189.803
136.519
245.822
537.375
960.797
646.93
921.67
480.742
153.608
144.128
167.872
503.533
924.636
577.644
782.155
432.662
277.388
329.857
369.446
557.254
798.932
477.132
746.854
339.182
153.46
182.578
266.192
616.412
794.149
407.47
860.338
398.983
220.117
279.255
272.193
615.259
898.315
454.116
609.077
343.455
244.286
308.969
303.136
649.241
661.159
354.636
1045.94
448.16
235.617
303.579
247.738
613.187
1072.63
540.135
685.422
407.848
184.831
220.14
297.03
615.089
699.444
448.557
755.858
406.994
354.812
358.786
533.519
932.348
833.334
428.863
741.006
472.244
335.516
329.241
535.51
774.793
773.698
533.645
726.489
461.91
330.749
277.92
486.12
860.828
790.313
487.441
1024.69
709.981
249.04
224.455
187.209
381.9
961.844
811.878
1144.12
669.897
270.771
98.5019
195.586
382.906
1095.54
784.377
1020.64
782.909
380.341
235.602
213.1
364.419
950.942
867.976
778.71
691.395
356.815
214.955
207.858
355.4
708.805
758.126
786.607
582.455
262.771
312.829
260.97
336.366
744.421
657.245
836.754
706.457
292.755
117.703
171.718
389.49
775.68
779.924
1051.08
533.738
164.377
161.296
139.258
329.52
1010.99
664.016
645.813
353.514
193.393
230.055
201.811
405.165
653.423
406.775
803.245
336.442
116.685
98.4611
137.435
375.328
794.016
433.212
400.366
233.849
282.848
442.636
263.543
324.356
405.473
265.938
474.287
287.636
237.534
254.868
288.292
431.552
497.172
313.996
811.998
390.968
179.697
205.783
256.613
589.367
844.02
459.361
708.766
342.001
209.282
283.304
295.672
526.906
738.966
407.934
632.587
335.926
197.092
209.445
326.433
531.589
653.221
384.754
591.189
345.409
290.097
352.748
259.101
447.641
602.896
387.353
824.301
475.77
265.104
235.704
274.636
661.767
877.196
516.526
766.893
377.535
333.072
432.325
455.796
720.553
823.592
421.813
694.571
423.439
328.155
275.3
537.82
851.528
761.293
444.472
745.729
509.631
353.402
259.203
604.723
980.213
820.096
530.958
911.429
452.421
314.431
290.374
460.818
757.288
930.074
541.256
684.294
874.317
442.75
162.398
156.302
388.329
612.93
888.229
659.458
765.377
440.068
250.771
271.834
319.063
587.314
785.184
836.242
737.741
337.742
261.217
205.045
351.605
769.037
795.19
845.647
700.696
299.867
278.655
239.268
366.984
785.939
774.33
760.514
704.383
409.332
229.009
245.402
298.217
699.858
755.084
868.296
690.273
361.986
292.051
177.752
332.743
805.479
751.577
867.277
586.876
235.531
180.066
169.567
354.252
821.806
674.717
831.59
431.379
215.109
192.484
207.324
415.08
822.168
513.333
554.988
300.5
187.824
277.4
182.32
359.97
569.617
344.152
639.292
333.808
223.514
314.976
216.157
308.095
634.6
398.352
610.792
274.317
180.31
200.503
223.755
481.912
638.03
321.851
834.046
354.638
92.1635
95.764
218.952
662.067
892.477
423.912
795.416
384.727
176.547
201.44
242.979
598.81
820.139
440.517
730.904
330.928
122.916
142.238
224.061
544.559
767.077
399.264
851.872
402.796
293.391
422.876
397.548
672.896
897.188
477.116
839.732
384.955
247.415
213.041
316.65
686.12
882.151
450.495
763.877
459.15
393.167
306.563
376.308
707.241
817.371
494.693
990.341
405.598
243.226
241.607
302.009
697.311
1019.91
488.047
907.595
432.088
272.796
263.816
411.625
827.02
974.619
496.953
718.094
409.465
305.207
325.947
561.21
949.839
786.89
444.722
694.178
716.262
351.778
203.637
301.396
362.776
627.954
764.758
550.499
721.374
395.561
249.477
199.508
411.727
502.731
733.887
698.115
775.866
538.942
397.11
273.156
369.964
639.125
790.891
793.149
728.349
345.934
286.178
188.803
338.006
724.195
796.406
774.605
623.729
290.467
316.443
245.911
255.598
723.608
688.356
720.669
566.518
259.002
266.627
168.533
291.491
677.743
629.45
770.506
597.384
200.898
204.064
181.61
300.498
713.623
679.537
700.837
335.764
186.602
223.251
230.686
474.554
721.83
401.663
597.471
250.243
173.979
196.716
200.651
447.11
615.917
302.236
593.007
371.665
258.888
196.829
247.747
531.716
617.779
393.676
337.747
245.794
234.287
228.1
287.776
320.384
347.094
261.928
647.693
334.292
192.1
252.891
273.459
500.045
675.542
395.412
775.6
353.767
255.167
211.75
425.391
734.017
819.711
400.41
685.06
313.858
250.932
297.926
313.704
561.607
712.853
378.251
573.148
323.149
232.193
282.254
489.507
669.055
613.361
360.939
676.619
400.719
213.416
376.391
473.903
740.656
742.052
448.492
631.696
322.007
200.04
321.18
370.507
664.246
686.731
355.371
504.082
367.999
326.574
346.249
467.444
705.525
555.473
397.335
763.96
440.891
360.027
311.418
596.431
885.812
825.674
481.907
697.578
412.456
402.102
385.856
683.379
879.727
753.063
420.937
641.979
728.455
359.536
339.908
240.259
419.977
596.311
764.913
743.831
769.54
386.763
275.026
182.453
302.196
670.399
825.783
653.698
695.806
422.643
265.074
312.542
423.907
592.118
731.123
735.19
683.448
409.854
204.514
270.443
365.668
691.447
717.91
610.014
651.729
390.988
328.206
244.681
288.456
547.28
681.041
584.02
508.421
242.845
190.694
199.714
242.776
538.348
559.16
910.348
621.555
255.302
244.145
212.312
332.286
863.714
708.169
858.77
396.216
147.869
210.67
261.119
515.322
871.118
490.04
710.194
439.465
242.147
224.232
253.978
547.42
735.196
489.518
690.396
329.282
168.515
245.277
199.345
401.761
695.019
406.683
517.785
311.753
249.133
384.911
433.321
626.574
560.869
338.054
575.601
287.122
188.993
216.741
274.451
603.48
621.159
308.478
683.073
412.453
197.324
179.731
303.036
640.171
723.923
449.914
769.76
349.875
263.084
271.996
341.468
552.692
791.605
428.911
770.279
336.705
177.352
162.68
298.78
685.318
811.622
400.659
788.63
421.506
216.562
292.325
349.641
791.929
845.624
450.949
660.413
414.528
292.853
259.615
462.847
794.97
715.909
429.655
511.151
342.901
322.397
464.884
517.408
675.246
562.76
352.223
688.233
533.868
350.231
250.61
589.778
1026.05
774.483
540.315
678.187
509.292
390.326
338.943
574.889
843.476
738.055
515.119
570.804
701.872
554.873
296.19
297.697
348.049
523.421
697.054
770.044
702.666
329.563
291.575
333.383
461.001
721.308
740.66
794.736
681.87
393.829
371.137
343.289
366.927
750.182
747.132
558.937
765.138
513.526
259.854
356.234
517.723
560.961
752.698
383.195
418.95
338.269
309.329
295.688
273.546
372.118
419.205
416.322
477.363
412.593
297.929
278.802
367.624
417.478
480.608
682.707
324.372
226.519
214.647
355.106
591.735
709.208
373.016
645.41
314.02
206.383
267.628
326.721
587.649
687.289
365.178
427.943
238.577
191.93
277.065
282.16
504.079
468.629
256.167
631.935
294.545
189.075
187.185
280.619
624.03
679.844
317.047
617.354
318.82
222.982
258.231
373.014
595.662
660.87
360.178
533.008
308.157
319.654
314.574
386.966
571.252
569.515
334.535
619.83
386.686
240.351
281.104
311.562
692.477
669.577
411.765
591.776
314.019
244.811
131.354
356.577
650.258
652.349
350.212
747.679
350.215
279.705
256.969
249.184
590.884
785.92
397.089
686.357
400.463
253.07
195.372
314.495
696.706
745.285
416.888
615.506
367.024
412.682
422.036
434.922
701.406
674.125
377.002
631.698
329.344
221.958
220.912
399.025
831.594
704.433
349.397
725.269
328.454
251.945
234.245
530.995
865.094
794.762
372.111
546.508
256.853
285.015
427.896
600.828
695.996
579.837
295.343
617.511
867.985
543.296
393.706
301.013
513.309
559.002
867.376
487.713
606.428
524.349
379.116
314.034
329.729
447.073
614.233
600.094
636.342
418.043
306.189
265.273
310.138
558.814
654.383
464.031
603.658
390.791
302.072
229.402
416.526
480.073
594.869
362.686
465.186
572.77
519.349
489.553
322.017
370.599
442.915
536.15
656.06
648.968
309.56
296.786
357.811
522.726
617.085
619.012
361.513
258.822
515.367
440.394
381.583
596.69
414.209
704.005
337.621
158.765
255.059
292.313
507.175
731.704
405.163
618.241
464.162
250.355
274.252
382.467
676.616
659.985
483.585
704.162
378.513
246.759
239.324
378.067
701.099
766.4
427.593
544.504
339.475
279.618
210.024
406.87
737.116
605.202
344.143
558.391
254.524
262.823
267.659
503.831
709.623
614.44
279.451
482.919
335.505
220.526
295.27
333.842
652.663
536.604
343.082
532.802
291.688
243.929
313.548
298.542
504.941
566.574
327.991
525.354
332.993
238.446
197.778
379.914
644.499
572.858
345.807
623.348
409.703
293.314
338.528
410.766
664.5
675.37
457.104
728.935
316.063
262.185
373.985
466.3
754.225
782.727
360.018
507.86
283.121
218.927
375.518
524.772
678.792
560.504
314.885
532.747
439.674
448.763
389.929
567.726
694.154
566.886
442.824
497.228
336.898
374.922
510.924
701.433
689.158
529.711
353.251
