568.834
704.251
400.376
394.865
360.066
441.285
534.76
710.808
546.87
450.688
458.271
344.248
231.562
240.34
512.744
462.833
580.288
848.188
650.001
256.875
405.525
411.711
514.177
830.191
587.309
854.173
578.761
363.914
272.118
343.448
518.778
843.751
534.815
868.046
789.788
344.949
424.818
479.816
465.976
811.687
457.745
739.03
685.102
411.152
357.393
348.977
414.425
708.761
317.334
561.881
785.367
586.456
457.818
340.691
318.444
505.569
322.91
511.733
760.63
657.935
426.017
288.123
320.378
474.499
180.623
267.854
582.341
823.149
380.064
169.813
178.571
234.49
235.568
224.195
636.103
1059.77
560.506
211.957
238.536
202.412
197.212
257.937
594.227
718.083
768.836
512.112
226.012
223.404
214.157
317.154
404.981
845.119
917.334
525.833
222.231
283.682
342.32
255.364
377.875
417.719
619.112
540.107
370.211
268.579
308.3
285.029
292.887
282.245
490.435
500.123
321.2
280.848
447.316
357.023
213.314
223.318
305.492
618.021
491.911
363.311
443.725
400.668
314.712
328.573
596.288
734.753
468.754
411.368
595.077
326.161
236.492
152.004
272.358
652.273
647.516
340.513
549.197
472.118
453.292
230.762
512.817
706.283
590.196
455.489
838.513
393.348
220.217
259.545
333.731
656.541
875.451
466.668
599.855
309.632
261.06
181.363
201.107
499.046
646.127
329.142
856.023
898.106
359.602
255.952
278.626
503.369
783.51
965.127
630.048
882.828
555.137
307.088
405.429
449.39
566.552
880.938
680.516
903.785
611.592
306.683
272.799
416.291
622.516
905.296
607.077
890.362
543.633
257.121
250.012
407.648
539.807
878.317
628.191
846.504
666.132
367.836
330.835
434.364
576.735
843.362
601.074
858.279
718.829
413.511
359.883
460.435
546.035
845.965
398.271
608.421
707.46
488.088
349.009
332.572
388.665
571.186
278.909
543.137
851.797
780.912
433.162
278.154
263.18
477.774
225.509
388.59
738.383
853.097
392.953
215.152
217.788
342.274
309.037
236.543
453.332
866.309
488.537
342.508
309.275
239.616
213.24
244.117
410.984
717.823
837.212
497.309
226.995
232.824
231.493
219.878
437.38
636.761
886.542
528.85
236.257
208.726
515.408
458.203
403.888
469.123
686.29
590.807
504.622
463.716
400.103
376.383
351.052
335.088
603.658
690.525
407.875
365.698
715.993
377.867
256.149
435.16
395.063
423.268
719.37
445.779
573.679
546.146
286.596
289.915
302.312
603.389
576.465
568.653
637.811
320.03
364.699
303.081
407.361
542.701
660.871
348.291
769.304
449.856
245.882
261.68
430.565
765.236
829.878
490.811
714.304
397.577
297.178
244.16
402.499
822.074
790.028
411.405
563.646
298.328
256.869
302.176
307.829
508.041
615.151
322.142
504.444
730.698
386.7
323.823
282.635
450.481
447.472
730.053
615.49
774.335
476.969
298.799
224.669
265.249
543.297
783.654
723.408
830.675
530.548
416.477
321.917
383.62
661.953
856.579
737.513
858.545
515.586
346.263
339.162
348.892
651.031
884.1
582.12
718.121
531.699
376.906
273.784
357.791
548.577
726.872
592.937
848.199
715.215
397.761
338.442
352.361
529.624
833.992
455.779
765.85
758.66
509.677
427.984
358.858
403.926
731.614
229.096
452.677
747.897
707.241
454.072
380.807
219.882
393.318
270.668
369.599
746.748
864.91
453.963
276.338
256.578
327.105
200.961
297.951
779.349
931.784
504.92
186.03
187.757
263.13
240.196
242.064
443.337
539.695
768.24
518.729
260.811
215.392
243.439
363.025
374.037
561.095
705.412
576.084
261.688
322.871
284.478
284.627
308.733
501.601
709.723
472.307
286.948
294.532
358.399
317.566
334.916
473.725
581.723
609.478
389.309
335.65
483.872
341.875
282.967
329.739
378.233
693.535
546.573
342.74
561.085
242.058
207.561
154.393
292.979
478.641
593.403
286.402
794.808
411.556
142.663
158.81
264.432
473.254
799.988
483.384
497.113
422.709
343.198
424.51
393.956
576.69
510.933
452.179
842.289
703.062
422.606
422.497
240.964
664.897
891.235
758.872
882.491
429.378
279.783
272.576
300.807
591.654
911.08
485.781
469.072
509.483
195.526
249.029
213.676
318.003
448.211
547.442
688.499
552.93
293.786
196.395
204.714
314.361
656.892
601.825
676.001
803.551
378.238
221.685
230.377
429.183
605.061
824.067
607.916
775.337
506.502
276.585
283.901
332.078
550.068
793.129
633.706
834.356
587.151
303.281
293.819
371.768
568.287
838.234
431.095
553.906
577.728
381.271
334.518
308.782
401.534
536.343
429.237
640.992
570.107
377.547
362.954
326.367
388.602
625.139
316.645
546.727
807.112
624.947
619.978
339.763
307.474
502.034
285.419
490.848
797.706
589.105
514.085
294.687
286.942
426.483
294.25
299.835
577.428
955.707
479.947
221.095
281.129
297.098
381.005
354.36
368.097
752.939
594.47
439.258
409.212
358.735
289.405
345.013
356.352
650.694
680.358
587.118
311.45
323.953
581.286
408.379
264.718
283.615
467.756
719.032
632.379
429.78
738.403
411.832
273.947
278.988
434.225
768.337
784.091
451.041
539.931
458.297
252.679
373.606
390.184
632.45
576.774
491.187
612.115
377.649
344.273
346.098
418.969
667.03
665.385
401.537
707.735
345.08
239.524
294.866
336.134
601.011
739.977
405.763
898.947
465.176
249.292
328.786
388.853
820.661
973.805
531.551
920.268
709.61
285.04
267.283
235.84
709.913
977.932
758.596
802.384
371.084
187.162
137.485
197.885
647.547
860.688
413.421
330.154
381.413
205.732
186.931
159.584
248.93
317.972
397.982
628.459
727.329
395.243
279.044
249.823
289.442
562.983
744.615
767.135
630.447
300.716
460.745
434.174
361.366
709.021
702.443
473.638
664.684
572.363
389.243
386.249
377.385
447.24
644.51
570.832
569.228
389.282
510.706
386.731
331.313
534.844
591.603
604.501
714.936
458.663
200.489
233.066
327.363
557.192
736.439
440.912
680.44
619.512
390.049
375.26
366.007
420.145
654.605
201.094
411.079
778.731
651.879
416.37
219.768
193.326
349.182
163.379
418.42
762.945
662.084
511.114
356.502
161.63
352.361
160.98
207.395
517.572
792.433
434.045
193.237
171.893
186.151
228.806
225.208
455.292
1175.1
634.1
231.765
236.207
221.953
263.555
232.319
471.733
603.064
830.582
507.052
264.787
226.98
502.707
353.216
233.191
265.436
419.763
704.896
561.301
362.158
506.464
417.051
274.022
480.558
376.621
495.904
540.57
453.392
815.363
463.915
196.311
265.188
230.286
685.237
879.73
516.984
460.933
397.748
264.845
423.134
395.222
679.856
513.626
404.871
605.814
304.612
233.2
371.037
367.199
424.755
614.438
348.643
1043.19
515.636
265.648
307.102
351.481
840.372
1117.14
591.259
955.153
633.623
195.728
305.118
283.386
805.605
1023.55
704.044
899.721
513.418
209.865
272.395
214.71
454.472
918.626
602.426
609.556
630.341
360.228
448.131
413.912
377.342
551.395
684.762
786.118
791.649
370.26
489.697
300.571
426.995
718.045
857.315
644.709
709.52
384.576
158.624
250.785
363.77
586.967
751.546
672.215
800.914
443.124
259.096
270.569
366.53
605.63
816.764
597.901
714.325
404.445
288.293
314.755
381.024
548.737
741.198
586.814
742.139
441.852
214.954
251.56
321.766
524.347
752.898
613.784
919.125
637.042
260.664
337.027
485.931
551.171
899.482
462.326
677.147
626.152
336.294
266.876
320.79
418.958
644.406
248.84
339.958
565.559
533.566
446.223
237.018
245.784
306.219
204.746
288.123
562.673
748.512
376.923
168.808
203.441
256.259
245.292
240.827
418.319
823.551
563.89
334.196
261.051
239.387
298.961
275.107
434.97
504.998
661.61
427.185
292.93
275.741
363.681
277.228
254.695
389.439
492.186
599.792
410.129
284.048
724.737
328.792
231.579
355.453
406.154
529.007
742.181
382.898
591.13
523.574
351.304
234.823
337.048
671.635
639.983
533.455
767.836
597.409
392.36
450.397
375.792
711.288
819.525
655.788
706.757
518.977
260.007
299.709
282.365
642.869
761.34
567.021
517.139
457.527
444.1
483.5
405.525
675.368
561.613
474.067
786.774
544.6
289.828
368.524
384.115
789.655
852.55
605.166
965.247
418.81
285.475
491.702
316.815
493.176
996.119
497.003
686.605
817.212
447.701
318.827
292.98
300.839
605.961
839.049
736.412
815.319
398.066
214.3
225.113
355.15
660.73
841.215
581.784
792.785
433.172
207.193
295.04
498.463
535.693
796.956
376.424
514.677
507.093
535.705
545.541
347.369
341.191
498.912
543.622
632.388
352.078
297.655
251.15
312.67
487.91
647.965
477.932
564.422
305.028
269.973
202.309
369.324
469.099
575.12
428.464
612.648
558.01
365.084
330.796
316.457
395.847
586.682
300.59
483.409
637.605
518.282
368.322
204.338
279.308
440.099
247.193
433.273
627
645.395
336.843
287.528
236.059
388.287
340.923
313.932
415.8
797.369
520.857
284.302
332.379
329.536
227.965
197.261
333.036
655.269
591.144
307.69
239.934
186.025
468.833
460.701
351.091
463.324
468.376
557.49
499.211
469.922
538.133
407.68
232.561
247.661
277.842
574.249
575.961
413.728
517.487
346.377
263.319
158.083
204.122
523.432
563.345
365.216
654.064
576.892
421.237
426.085
439.927
737.292
695.008
594.296
676.787
431.685
411.612
531.95
362.883
611.012
714.36
464.281
923.151
530.533
330.831
418.658
472.74
670.935
962.418
594.898
699.783
390.585
246.293
323.511
246.439
460.371
718.751
456.47
568.804
261.285
255.418
374.462
283.906
363.051
591.845
284.295
1220.83
533.794
214.805
311.523
210.724
440.78
1201.35
682.119
804.795
893.585
445.726
366.203
244.615
477.746
755.578
948.381
675.172
865.416
645.058
290.636
372.11
394.555
593.626
871.329
741.902
786.415
423.451
347.965
273.055
353.521
668.756
845.258
460.456
488.002
424.896
330.334
294.21
324.625
435.09
497.543
711.015
648.307
226.532
214.687
157.275
385.154
652.196
715.934
530.667
492.011
279.45
279.395
246.102
232.033
480.945
533.275
596.173
563.035
537.646
326.581
309.812
311.301
563.606
561.395
336.994
462.217
495.761
487.72
370.673
397.811
355.123
429.201
378.373
475.62
589.238
564.25
303.376
290.398
354.148
464.354
254.135
194.651
358.962
565.117
394.651
270.463
267.901
197.823
386.879
355.018
285.907
442.187
593.524
541.024
392.844
357.462
526.023
288.286
256.805
406.069
402.74
482.497
547.909
325.857
645.313
342.506
220.066
259.777
317.22
492.564
668.115
386.666
478.081
375.384
259.728
502.521
332.646
400.67
506.65
405.39
577.018
380.127
479.065
458.277
472.956
446.157
594.489
360.728
950.421
452.47
227.58
257.658
219.916
556.789
968.196
539.465
675.078
325.669
220.915
268.523
311.914
481.251
715.799
379.629
1255.33
569.691
343.444
340.648
309.227
538.37
1238.2
703.236
880.292
403.126
385.551
441.194
436.627
615.156
907.218
466.847
726.371
335.751
217.524
319.921
242.113
386.938
746.491
388.124
683.474
809.652
521.502
384.974
452.131
570.207
636.646
826.313
692.172
817.09
405.443
261.025
289.526
353.965
608.035
844.663
695.1
763.611
384.844
291.025
333.464
474.922
627.84
794.55
682.113
552.436
302.341
264.916
183.965
255.638
632.988
591.262
608.164
585.155
254.962
336.382
328.781
338.814
555.782
638.456
669.427
510.53
404.513
318.538
390.162
456.881
635.472
541.204
478.068
631.776
428.99
282.078
265.921
386.782
443.113
631.184
375.958
609.535
542.929
373.577
294.101
335.792
357.531
587.326
309.153
354.685
541.363
620.928
335.615
235.222
301.003
336.368
294.749
299.099
255.03
478.792
380.752
250.597
273.201
313.823
506.098
293.214
329.034
394.953
503.63
495.783
528.993
325.866
545.283
234.335
213.408
279.446
302.591
516.759
591.392
272.727
535.211
421.168
419.581
520.529
464.203
417.56
542.323
425.436
632.347
457.168
261.304
298.037
257.383
374.275
623.745
497.439
619.592
274.937
292.18
275.783
268.775
290.679
611.518
334.317
731.933
391.876
360.063
425.717
319.572
545.112
757.723
428.701
1007.22
386.864
208.767
349.919
314.263
618.172
1034.28
492.721
639.545
277.861
177.512
293.218
211.164
510.202
690.485
320.832
791.058
626.857
339.209
374.029
395.471
714.436
837.135
650.227
677.287
320.492
387.542
393.427
272.597
526.125
728.672
336.275
788.96
660.609
363.925
209.224
208.504
314.427
732.637
723.036
970.151
839.552
334.199
177.327
224.952
471.775
885.976
916.648
765.357
761.163
328.352
264.223
273.897
524.137
739.127
823.006
478.921
550.695
455.797
356.405
465.553
444.72
439.206
557.16
524.839
562.569
323.997
492.95
272.848
459.557
538.569
587.362
364.914
467.784
358.934
275.348
253.562
250.548
326.374
469.311
466.783
450.919
399.589
451.894
438.416
354.217
469.023
480.925
631.025
651.147
503.853
432.933
423.803
319.996
584.247
680.5
294.553
281.33
530.714
721.175
410.682
233.577
296.067
270.798
323.271
243.255
407.244
734.174
505.681
389.931
343.529
245.013
456.762
354.64
312.729
351.892
408.256
496.4
475.159
368.653
410.313
355.757
352.954
390.954
321.861
335.815
390.544
387.646
738.341
555.188
461.992
338.79
355.095
502.127
759.741
566.592
836.278
391.41
274.526
255.275
273.12
571.379
853.549
454.051
453.974
398.438
547.988
595.808
445.42
413.858
466.785
395.986
780.506
433.074
333.911
378.474
335.622
586.13
809.467
456.809
928.836
533.988
369.388
491.855
354.638
486.235
919.903
596.348
662.241
478.47
432.007
429.444
235.534
494.72
696.18
506.473
551.477
502.095
509.021
412.919
417.245
566.617
593.418
507.251
925.016
482.662
267.41
494.949
415.604
523.057
956.059
534.871
752.595
806.278
362.579
230.061
277.965
562.669
693.042
844.554
566.205
665.288
308.066
218.466
188.11
321.663
519.771
698.965
413.201
521.295
315.96
418.23
239.631
289.781
364.7
530.521
403.233
397.901
306.47
290.761
257.754
302.549
369.67
421.156
482.477
567.026
332.549
403.789
315.14
267.452
429.021
591.043
456.266
490.184
300.068
234.919
300.975
288.549
430.155
504.355
738.773
438.766
184.226
224.905
201.071
357.898
727.675
496.609
528.413
636.555
487.975
284.845
351.949
443.258
525.202
631.076
249.641
373.059
623.429
585.331
608.503
349.441
236.918
331.826
380.021
239.1
324.257
640.304
538.513
343.132
393.903
257.154
377.179
377.829
240.144
237.625
250.089
404.908
398.266
379.038
670.222
303.755
310.42
402.024
306.808
418.817
683.245
365.07
689.2
417.398
379.884
525.682
370.161
394.765
693.171
454.852
494.967
340.289
262.737
234.564
206.327
325.013
494.757
369.666
676.607
416.705
354.057
456.875
221.805
477.502
717.453
442.315
521.576
368.216
317.139
575.438
404.71
437.92
554.763
395.948
792.94
489.416
242.849
413.506
270.879
392.206
789.612
550.26
823.348
397.329
179.212
172.843
207.47
462.519
854.041
474.982
582.694
533.622
338.763
323.278
377.044
590.754
600.181
546.464
394.81
562.059
497.26
417.033
428.293
477.403
400.079
534.206
675.958
668.224
335.176
296.124
258.354
327.576
609.361
720.238
517.114
629.239
383.167
603.242
315.481
461.782
503.782
650.297
417.511
401.819
221.304
265.705
284.742
275.833
404.713
433.251
283.379
305.262
243.921
262.541
261.582
235.865
258.63
310.144
507.959
420.931
226.543
278.699
211.878
206.388
468.687
461.539
690.807
608.229
220.943
191.968
196.562
435.71
632.709
682.182
463.626
345.693
351.066
316.742
436.611
277.534
433.223
376.708
682.265
756.138
414.827
349.03
261.166
307.366
614.829
781.221
277.73
473.936
595.543
471.502
431.797
283.059
263.594
443.247
488.886
257.362
250.592
341.603
311.71
419.138
509.766
287.167
820.898
505.373
366.255
399.596
254.977
379.061
788.492
567.33
549.51
409.472
176.386
214.817
207.635
308.508
525.518
451.825
717.942
425.026
312.09
273.637
294.947
433.038
726.721
469.995
593.639
551.791
553.748
303.547
362.739
528.385
611.83
530.173
592.226
242.734
243.1
363.057
235.706
350.114
620.076
290.424
640.991
526.236
469.756
583.478
400.706
342.027
603.98
541.366
693.887
400.665
253.516
232.936
181.454
488.037
728.147
432.023
986.664
442.535
345.486
523.455
392.884
538.256
1014.23
505.981
899.363
494.219
288.91
234.59
346.348
502.496
910.655
541.883
795.023
315.414
358.876
533.764
365.405
593.553
841.999
372.642
727.731
901.875
465.696
322.428
212.929
425.13
651.979
923.668
442.449
445.783
365.403
428.502
286.857
277.748
444.542
450.037
342.777
414.485
320.223
290.953
290.649
296.638
312.767
407.127
421.11
441.041
244.043
219.006
235.464
398.862
410.678
460.332
444.793
398.756
233.175
392.797
381.546
373.266
421.915
437.426
506.439
402.128
246.856
198.107
299.198
261.718
473.968
440.094
392.769
383.578
297.758
266.479
204.504
286.202
377.957
405.924
701.543
540.327
340.361
456.577
296.831
324.308
667.92
601.016
758.574
586.643
395.076
235.537
259.828
339.633
711.45
635.66
803.762
567.367
302.186
532.454
362.96
332.02
757.701
633.903
652.02
376.272
210.815
178.802
150.256
316.76
658.623
427.51
506.796
297.841
444.529
525.524
257.185
261.813
511.351
320.721
729.755
396.324
486.303
400.707
309.019
363.942
722.191
438.28
645.858
383.511
239.374
264.601
185.452
272.632
623.659
444.597
625.314
433.971
291.044
341.87
196.725
400.033
648.442
465.384
663.484
339.274
251.714
179.098
221.061
371.43
683.184
381.788
456.992
248.12
237.794
236.334
199.373
333.62
481.385
286.814
848.833
421.766
242.676
144.564
200.01
598.202
886.176
481.664
611.102
527.054
317.298
487.673
499.826
526.335
611.187
570.544
626.81
257.305
320.415
425.055
313.053
499.436
662.872
299.15
661.703
778.763
419.635
324.843
307.571
582.25
634.872
796.051
506.322
530.495
343.514
323.5
212.416
340.883
498.026
552.507
246.069
465.276
348.686
362.603
200.949
229.115
213.985
445.54
499.252
394.988
260.594
168.609
258.586
332.914
482.15
418.172
373.551
287.778
270.708
265.036
188.108
244.357
364.21
296.333
349.62
317.263
364.262
346.358
387.435
393.043
361.093
307.926
541.749
352.521
265.572
429.47
458.843
302.013
524.822
388.674
578.665
484.901
335.762
568.147
468.987
387.833
540.608
533.206
585.943
573.228
360.381
461.621
237.763
288.099
538.51
612.582
692.748
586.954
367.059
376.004
303.198
418.887
652.28
635.815
575.244
321.403
182.661
220.943
281.022
299.966
563.747
373.555
552.509
498.391
431.927
386.501
333.724
316.179
539.925
535.982
851.514
427.281
316.84
499.79
285.145
345.466
840.15
510.668
800.226
483.814
381.076
346.995
358.592
252.301
762.958
562.277
910.058
415.662
315.624
374.367
236.558
408.497
907.896
508.006
481.957
500.185
320.563
267.503
233.768
506.804
498.306
511.453
694.825
295.312
234.362
190.224
218.348
321.156
700.086
365.452
606.917
490.013
319.584
321.807
318.837
459.594
617.246
519.987
771.082
546.586
243.398
373.049
364.636
452.642
769.764
620.092
618.268
321.669
419.253
436.422
259.255
505.802
655.462
341.223
651.153
699.101
372.211
331.752
235.57
395.935
602.923
737.369
560.759
668.326
453.547
244.565
335.081
359.849
521.139
666.924
586.221
369.976
225.277
249.195
224.399
281.877
557.687
429.369
380.379
362.693
316.058
288.433
294.342
348.346
371.385
386.447
643.718
404.369
147.513
324.667
253.198
259.077
614.793
472.819
462.971
359.441
217.585
347.762
296.605
332.466
438.878
403.396
438.012
389.183
228.235
415.382
308.472
326.796
416.942
424.925
480.701
374.783
279.848
400.368
338.067
352.395
459.807
407.874
431.228
382.421
378.267
657.29
396.27
218.836
398.259
399.423
574.933
342.41
461.72
740.596
488.954
296.403
555.529
380.84
1003.25
578.704
241.101
281.212
246.389
358.106
954.454
698.895
1050.26
530.76
388.084
499.092
406.303
398.289
1025.37
640.604
642.126
399.17
415.707
379.211
410.479
355.624
642.755
417.35
456.213
384.048
396.375
395.109
285.539
282.309
424.499
417.578
594.849
418.244
357.871
355.284
288.542
458.024
599.301
469.606
784.459
429.711
278.744
267.571
254.742
323.449
760.708
499.125
462.016
285.83
229.008
290.782
293.224
382.105
488.188
295.729
689.643
414.408
294.973
522.501
328.683
387.944
707.938
453.903
1195.33
498.188
167.862
253.864
232.821
455.385
1183.29
647.415
570.007
394.782
462.836
394.791
297.596
494.081
612.591
421.418
514.885
616.704
475.38
573.861
415.229
412.92
479.782
622.376
542.108
462.568
261.763
238.046
232.609
224.745
502.997
504.679
624.973
292.588
209.023
209.621
272.28
463.488
655.442
347.165
357.775
344.518
229.8
222.437
170.313
168.631
334.554
366.479
362.735
258.885
228.096
233.22
212.249
146.182
340.701
277.167
474.67
360.344
212.864
183.862
233.313
283.813
448.759
401.058
627.702
494.905
377.06
425.402
338.426
383.685
597.83
538.244
549.138
415.853
322.546
452.653
388.569
404.327
524.175
464.397
592.502
480.318
314.128
473.475
288.313
271.648
544.633
540.857
574.438
560.037
339.639
349.285
222.742
323.658
525.492
599.543
758.887
567.848
270.832
324.322
268.013
281.139
705.852
649.149
581.601
311.486
294.145
427.775
284.558
283.964
562.566
373.582
577.993
366.945
378.948
338.598
198.75
207.386
542.838
414.31
532.517
459.491
236.438
305.819
246.744
410.989
524.871
495.453
678.223
418.202
265.902
174.643
224.852
363.224
661.1
480.068
983.726
413.178
230.144
240.337
165.11
405.05
987.557
519.276
565.965
248.193
212.659
486.021
253.114
419.547
608.408
283.808
547.729
476.618
241.47
333.513
273.358
365.894
550.485
515.828
487.774
380.042
267.867
226.601
225.384
400.358
495.879
403.638
887.024
486.801
347.453
461.863
328.692
507.647
895.056
560.942
593.595
619.024
378.482
359.396
330.448
388.107
552.749
644.882
508.542
424.56
232.707
249.058
231.698
370.051
488.92
442.542
351.067
346.342
221.217
266.61
262.027
209.166
322.192
362.531
306.386
368.634
239.014
222.797
180.414
243.242
293.436
375.76
389.443
330.321
235.788
262.118
182.014
197.619
362.464
362.175
499.588
426.276
279.94
257.783
245.316
337.027
480.458
454.492
357.513
310.307
222.175
223.966
227.638
282.883
339.593
338.169
347.27
312.534
346.939
404.603
369.503
247.051
332.651
329.869
490.944
393.194
328.144
649.037
318.218
203.162
462.26
431.184
681.352
536.89
300.461
391.935
205.858
281.874
636.44
583.853
755.569
472.724
361.421
453.804
338.728
283.365
732.381
541.291
1079.72
495.009
188.365
255.635
218.831
385.389
1055.15
629.123
743.75
330.534
182.359
262.874
255.726
283.209
725.792
417.448
457.191
398.047
338.484
298.222
330.958
265.418
422.14
413.817
588.229
364.172
351.543
277.776
337.529
393.521
581.434
386.562
745.645
420.804
279.227
313.3
301.64
547.975
784.121
454.805
886.14
521.096
391.103
389.239
378.746
356.744
857.278
605.466
461.033
266.177
279.982
324.48
309.514
354.423
477.814
289.646
348.532
225.57
256.909
320.891
251.989
257.34
354.235
231.959
607.393
447.798
388.779
482.902
340.628
500.725
647.682
475.459
416.062
619.643
372.144
339.704
305.359
382.087
391.241
612.684
650.039
542
240.504
278.058
244.609
302.929
619.461
598.127
488.01
357.755
205.777
193.144
189.856
239.472
456.992
400.047
459.825
369.022
226.762
297.596
224.576
334.487
441.762
397.89
261.328
267.878
280.834
326.201
201.362
194.378
240.167
279.627
179.255
194.522
221.79
307.354
183.38
130.4
171.213
193.392
357.671
351.426
294.222
470.492
386.39
313.235
333.322
360.642
574.281
367.824
130.201
296.97
251.092
243.483
548.12
428.795
622.216
463.862
286.552
312.943
315.309
332.866
589.252
501.295
580.254
388.053
189.016
182.937
164.282
262.222
551.508
448.663
548.039
416.168
222.287
291.788
338.952
322.875
509.474
465.642
872.582
464.457
161.938
225.112
134.868
272.32
828.695
575.88
935.927
439.364
257.886
273.202
203.458
353.254
922.098
544.493
589.971
353.129
314.631
279.223
208.164
222.729
564.436
401.916
833.168
374.248
194.138
219.873
174.821
256.763
800.954
470.529
859.839
363.769
358.221
357.905
244.961
397.997
864.749
445.967
453.14
338.479
156.653
184.179
166.448
288.17
455.341
366.76
670.759
598.395
217.455
278.69
190.177
512.708
678.303
657.434
716.962
541.152
546.56
308.657
418.195
547.231
718.303
541.259
512.181
383.947
298.481
398.231
268.89
413.986
549.514
395.897
579.177
700.607
463.936
359.917
339.64
480.054
537.739
712.268
439.792
536.221
334.371
282.286
194.671
263.508
396.598
547.47
477.917
485.819
273.742
204.513
190.648
303.032
448.662
511.987
388.972
460.486
178.675
188.923
169.159
242.203
346.889
491.457
371.408
280.605
199.839
222.662
246.192
182.774
343.669
314.575
328.797
328.814
211.753
175.731
152.416
145.211
298.613
346.533
534.9
355.407
234.176
365.035
220.891
260.789
514.17
400.448
287.847
368.844
317.135
312.921
286.164
236.224
268.936
354.569
513.56
396.534
225.356
225.084
243.59
218.393
485.794
441.194
758.873
440.309
215.65
185.558
189.384
248.51
729.439
515.172
522.721
350.726
212.837
321.869
208.789
211.319
491.557
400.344
685.897
485.346
152.343
185.821
176.943
354.076
640.509
559.46
1013.06
454.055
341.827
338.644
244.075
387.907
994.662
569.525
805.713
504.781
272.426
193.38
171.963
322.606
768.721
591.629
864.833
389.694
187.307
271.266
249.86
320.378
830.421
495.733
570.451
413.356
240.762
271.177
284.82
437.022
563.865
455.973
720.534
413.635
357.515
381.602
306.023
434.049
731.19
455.535
724.887
388.854
260.828
356.639
313.672
560.607
764.52
423.195
547.425
342.082
287.888
418.297
396.364
494.122
577.627
372.359
726.032
520.959
304.032
340.431
318.938
640.773
780.735
566.724
487.586
495.622
416.395
438.01
418.627
239.166
452.031
512.548
273.086
334.403
273.476
177.897
194.831
256.494
278.667
325.634
343.142
415.732
330.21
441.443
337.918
215.046
306.356
420.091
270.472
312.417
320.669
431.489
319.79
222.523
240.996
320.783
267.93
258.29
194.281
290.156
219.503
193.626
256.325
271.143
260.082
257.131
199.57
161.832
137.68
193.385
256.841
271.357
315.469
263.381
231.63
257.597
200.132
232.769
305.929
282.907
492.151
374.52
207.732
241.139
254.236
366.79
475.818
415.286
573.701
489.307
283.68
371.302
260.842
321.153
533.466
536.62
711.814
543.607
187.746
246.094
190.686
349.466
666.321
612.224
478.017
466.432
304.892
381.627
299.851
236.387
434.657
500.712
1007.06
469.253
168.615
115.501
119.364
389.045
981.588
589.89
1088.89
541.504
287.686
324.683
247.097
355.888
1047.59
676.617
1014.45
470.947
213.595
221.555
175.707
408.203
992.713
589.863
811.611
413.116
202.693
245.472
249.319
312.154
780.009
501.524
646.113
397.427
213.023
197.958
169.797
355.801
654.908
434.3
888.327
448.967
266.701
272.552
297.754
367.425
876.913
534.376
654.295
422.158
269.143
338.649
284.54
419.771
683.349
454.699
874.652
335.625
271.52
362.075
453.779
554.024
895.254
429.482
610.714
289.2
177.917
353.855
289.785
518.217
657.578
339.049
