807.208
751.757
253.696
171.675
166.822
339.014
727.375
825.576
680.951
772.946
404.1
271.012
245.013
341.946
602.727
794.35
931.726
737.637
536.65
275.11
281.179
325.014
864.46
795.968
753.423
891.092
572.643
235.556
358.718
509.947
742.352
900.12
481.795
786.475
550.618
256.688
253.3
420.584
450.515
762.297
617.766
951.31
643.565
399.255
307.911
486.781
576.306
931.607
510.675
857.96
790.434
475.702
325.487
426.327
478.65
817.956
488.781
599.778
726.282
491.79
370.959
294.967
460.512
586.22
352.212
574.79
779.986
668.522
446.731
367.105
358.745
520.195
180.291
279.381
748.551
987.464
509.827
209.58
168.475
235.688
130.691
230.169
646.88
1045.16
587.275
158.246
127.109
197.046
325.626
373.161
477.805
639.776
782.615
517.671
318.814
371.616
364.802
262.364
386.95
754.142
946.961
577.659
368.568
279.307
373.442
348.035
326.034
378.935
660.203
563.873
373.91
371.188
370.58
280.333
248.164
391.311
420.166
415.206
398.739
293.33
415.155
306.592
238.958
241.968
270.936
448.836
442.449
318.149
493.305
363.906
275.009
338.675
491.008
738.034
550.696
377.942
654.711
343.279
230.66
194.919
359.36
668.445
712.51
385.545
612.774
427.511
410.577
294.291
421.426
809.205
676.301
418.006
795.532
468.449
300.397
159.368
394.704
855.578
853.44
488.243
584.82
734.727
345.428
229.212
225.566
385.198
511.846
744.605
759.818
822.972
478.859
467.4
342.793
317.063
674.078
865.574
768.175
940.336
569.18
398.21
443.613
461.191
684.039
971.304
657.985
859.631
574
261.742
305.209
446.844
594.39
857.6
602.794
994.58
593.436
227.671
261.53
450.649
534.587
969.951
493.589
700.776
523.722
429.082
349.012
410.003
463.367
690.432
447.035
815.846
834.764
456.543
342.907
366.548
423.31
763.516
357.386
638.545
772.209
568.708
440.351
332.764
335.675
570.85
225.167
409.085
778.74
669.265
406.401
205.783
219.97
350.988
219.415
340.206
673.212
933.642
447.85
173.355
209.139
311.223
347.304
239.689
602.145
969.031
572.662
343.022
346.033
252.404
182.262
184.757
443.988
945.338
774.1
299.182
184.769
164.851
363.487
273.898
462.357
688.69
891.367
546.635
361.578
285.091
346.546
337.553
404.752
554.372
808.335
648.815
365.668
322.593
453.761
380.172
337.227
327.64
637.236
629.47
451.082
384.816
697.665
405.737
229.143
512.051
494.849
441.282
684.655
470.023
587.993
388.012
186.378
249.408
423.216
662.867
608.505
437.628
766.283
450.755
263.168
222.169
342.876
573.484
789.064
503.717
786.081
403.876
460.133
292.057
494.045
837.772
851.146
422.561
819.2
431.276
386.163
202.802
466.467
913.221
895.322
429.161
724.061
733.353
365.704
260.799
281.263
468.427
678.646
790.237
724.67
745.799
302.603
240.884
181.831
383.274
652.473
799.71
582.227
811
597.325
299.293
291.318
345.498
525.284
801.572
725.177
755.069
365.989
371.044
221.224
343.847
655.281
799.116
728.909
904.742
513.271
379.662
268.896
385.402
652.524
932.856
460.627
740.067
688.895
428.695
421.279
462.205
413.469
693.66
540.134
701.934
590.75
281.607
298.763
364.365
515.718
678.248
330.633
597.863
615.47
371.651
347.357
249.277
290.893
550.803
373.004
580.276
743.381
513.029
333.876
346.322
356.498
540.817
229.592
463.752
742.022
721.771
408.785
201.306
206.499
413.794
261.178
234.355
581.464
829.92
397.674
187.738
270.602
223.124
185.582
165.597
440.494
905.08
576.994
251.525
199.195
166.443
228.883
199.955
312.677
593.855
786.642
533.827
261.171
186.14
261.22
320.814
357.792
442.905
659.513
575.847
278.775
298.652
474.039
352.238
249.82
335.453
601.538
708.583
520.47
369.848
417.136
393.157
239.793
223.851
315.293
728.709
482.454
365.672
529.905
366.646
358.253
264.474
323.306
608.09
551.807
386.183
933.098
414.113
203.432
244
313.109
500.614
924.121
522.402
602.057
359.345
246.365
207.859
247.42
624.639
653.118
366.766
584.032
432.307
412.251
438.139
353.768
692.295
639.02
433.299
766.334
785.326
249.939
130.126
148.805
497.872
711.437
851.964
491.639
594.414
237.388
241.742
270.901
245.088
429.906
628.635
502.363
604.337
318.175
224.417
259.228
330.393
464.013
621.681
710.839
798.433
428.423
233.988
199.71
347.456
627.067
835.636
540.616
706.318
453.645
312.704
253.408
311.675
487.769
718.947
595.128
732.722
531.506
479.085
384.939
396.075
541.517
745.958
494.028
573.599
417.339
363.425
273.733
357.623
455.771
581.42
379.116
624.235
599.391
344.302
287.462
321.617
362.736
590.929
329.065
548.436
666.812
563.855
303.9
358.272
314.856
489.604
186.274
395.549
837.32
605.773
491.182
265.062
181.065
317.232
130.205
255.978
628.832
893.93
516.834
256.591
124.686
218.594
282.425
192.555
547.053
1017.79
666.808
300.647
293.538
192.368
351.069
268.807
299.343
657.272
732.35
537.159
361.023
281.369
421.29
337.481
311.476
388.934
589.191
648.51
462.687
361.82
507.971
397.139
396.168
430.272
645.414
739.499
552.067
405.772
424.712
302.881
302.757
353.334
400.032
555.092
471.127
281.045
812.115
614.286
198.916
213.901
251.92
752.306
872.592
683.798
705.114
571.304
212.465
174.182
295.777
569.731
672.599
650.647
1046.59
546.334
275.702
173.854
355.365
881.699
1106.53
612.573
905.627
480.868
281.13
185.135
249.086
641.759
958.803
523.412
459.778
590.239
267.387
222.456
193.253
333.526
443.335
607.247
386.715
524.223
370.221
430.832
316.19
240.65
354.266
531.211
544.455
829.237
507.359
368.054
252.621
377.036
477.883
820.396
874.951
711.294
348.029
276.837
262.019
340.672
813.401
777.371
700.124
860.078
553.014
232.076
336.608
384.782
628.299
882.908
481.826
673.813
435.711
290.96
283.872
425.688
438.214
670.432
415.264
658.856
555.006
231.52
299.646
352.734
373.737
626.236
427.038
658.618
685.702
457.23
309.541
287.17
388.906
626.36
341.262
642.781
717.24
466.632
292.379
304.084
319.323
586.911
477.673
423.089
583.974
569.13
346.377
368.492
473.836
407.003
235.008
184.281
532.626
824.25
476.176
224.547
234.877
175.929
313.404
294.455
457.281
741.384
423.236
218.63
319.075
293.17
400.326
365.954
334.019
649.562
781.545
623.449
429.842
386.919
387.73
293.286
267.56
368.232
404.346
622.484
443.505
287.787
477.575
357.518
406.339
487.171
503.294
642.793
528.105
363.663
657.881
498.825
209.188
313.313
295.768
548.074
699.433
547.259
531.662
306.803
223.726
362.187
395.363
646.52
587.725
296.955
701.06
389.731
206.668
189.143
311.087
660.544
740.04
438.424
1250.7
632.75
285.8
171.572
358.83
952.452
1298.72
716.782
1104.3
451.414
269.068
335.956
352.121
809.172
1147.84
539.832
563.196
407.581
380.782
272.09
197.664
326.579
558.575
434.112
534.644
640.278
522.404
534.659
410.868
377.453
545.045
643.328
691.31
795.08
528.519
502.747
400.661
355.817
613.934
822.975
712.74
784.194
480.278
284.949
312.023
341.313
636.354
819.998
706.337
874.621
474.606
292.607
284.253
413.457
635.745
886.993
697.451
695.638
429.008
359.101
239.164
227.79
629.066
740.699
671.573
763.694
406.17
294.486
319.571
363.067
604.166
806.141
561.85
845.265
689.919
281.543
309.303
334.492
492.226
819.715
424.697
639.526
628.121
445.515
390.67
406.554
411.803
613.254
250.522
381.477
658.949
627.398
324.683
234.03
238.28
335.713
291.639
323.7
617.622
661.968
325.584
216.99
294.648
296.96
321.725
284.426
378.103
586.005
597.249
514.604
342.63
267.972
372.896
310.926
281.343
638.204
653.281
490.534
369.621
328.407
370.772
337.307
255.491
254.108
501.024
527.922
370.581
356.633
507.553
479.864
236.945
254.419
328.559
642.825
537.924
503.775
947.226
565.845
230.533
367.657
330.996
678.746
975.661
638.976
685.995
525.002
294.446
459.298
445.217
666.911
730.939
575.602
742.022
341.563
277.629
382.462
370.336
712.596
802.561
368.655
731.606
372.949
317.456
378.834
447.092
699.479
782.57
422.124
666.515
310.621
161.471
186.088
251.123
602.019
725.297
352.92
740.456
692.484
486.781
327.66
348.61
589.561
759.27
684.077
694.983
908.983
423.793
164.758
181.761
419.677
612.379
926.257
806.017
958.666
483.485
230.17
219.595
517.151
735.979
979.793
776.258
879.948
492.748
331.74
320.282
435.534
703.575
892.56
593.532
682.868
463.399
326.231
269.585
360.661
537.715
706.67
697.613
770.32
444.539
204.257
239.477
476.109
646.007
792.919
490.556
663.774
476.354
288.52
258.185
296.702
431.037
660.963
516.952
685.38
499.843
294.528
429.672
422.293
501.662
680.025
299.544
551.94
605.83
357.744
345.828
242.377
269.12
515.957
220.323
482.604
792.165
761.054
440.474
336.382
211.051
415.83
217.475
225.674
438.285
600.747
323.376
219.944
219.595
217.455
272.489
286.686
355.978
722.465
667.771
359.016
272.155
297.538
473.848
355.655
346.346
368.204
490.719
661.323
527.397
363.963
593.259
308.749
247.91
289.697
291.61
522.219
619.817
342.694
607.227
417.946
170.851
202.498
242.017
642.739
665.307
461.208
1007.41
363.779
218.599
240.159
313.114
568.159
1029.82
472.303
768.017
398.226
268.094
458.305
262.729
559.237
795.467
452.415
925.371
428.934
274.531
256.046
328.876
649.613
964.772
505.589
591.431
560.39
367.963
341.648
333.343
681.793
636.731
567.846
788.069
358.533
259.836
416.878
342.543
493.009
817.892
409.503
561.907
383.176
202.263
139.007
167.53
284.101
548.702
417.878
881.924
1054.93
572.157
215.739
260.463
525.474
817.971
1089.66
915.625
972.309
562.313
235.006
253.383
391.377
821.167
1032.16
776.157
938.988
546.016
274.236
430.604
445.129
696.455
973.266
632.564
514.006
383.612
273.961
238.841
311.177
606.201
536.865
688.249
549.31
260.468
144.927
282.08
306.949
627.969
609.733
544.679
577.685
374.014
268.632
291.648
332.316
497.174
614.619
384.365
519.386
441.01
462.465
278.925
290.133
380.354
504.509
446.855
543.974
482.118
294.854
245.284
246.766
406.339
548.317
252.698
447.663
673.939
616.958
520.634
334.873
249.946
403.966
249.837
179.273
376.615
579.969
402.939
284.31
251.891
179.374
266.127
232.287
368.672
433.477
596.29
431.035
279.654
229.203
619.92
333.674
260.505
370.286
334.613
491.888
640.173
372.663
790.431
353.626
169.24
250.572
236.38
531.54
801.508
424.817
564.94
266.133
253.782
214.344
196.958
409.301
599.233
291.288
654.999
544.216
207.014
191.471
280.479
509.974
675.474
589.767
1023.92
445.972
320.602
329.72
347.707
459.66
1016.52
561.691
764.076
412.128
288.478
226.477
305.233
660.472
814.429
456.881
883.864
408.423
321.385
310.05
253.239
484.032
901.17
488.391
1020.45
445.794
246.516
315.502
346.167
742.002
1083.56
520.729
557.734
670.071
447.682
229.799
272.047
351.302
511.387
682.22
440.1
686.556
705.049
571.101
370.941
363.584
395.322
649.873
926.054
1057.11
525.365
246.391
240.438
482.202
828.752
1093.38
758.712
833.298
394.551
282.896
310.297
410.289
672.898
869.358
701.039
793.643
386.375
386.336
302.977
410.145
628.517
818.644
728.882
675.068
365.543
395.54
299.735
293.04
655.679
733.638
641.082
617.022
290.829
438.859
326.004
439.136
598.745
677.698
393.303
546.397
523.78
383.185
350.727
320.873
357.698
532.723
441.256
619.701
584.832
416.042
289.435
271.981
393.075
604.73
429.126
470.66
593.339
559.324
376.194
454.816
429.816
447.624
299.632
266.732
459.502
820.479
558.082
289.711
300.034
262.525
541.683
348.897
354.437
354.005
352.673
442.469
542.227
370.686
516.888
296.576
201.136
250.215
320.942
453.198
547.941
328.655
912.895
420.168
295.375
339.291
308.388
534.917
920.498
510.541
748.158
617.612
358.982
259.552
319.724
483.451
765.574
648.278
975.579
418.497
307.901
407.416
259.927
386.952
964.606
531.89
908.451
382.276
322.074
273.936
261.456
537.661
931.207
462.162
896.801
490.153
259.707
231.992
294.584
580.936
934.543
539.31
827.807
415.333
207.25
215.742
240.175
573.591
868.105
486.784
949.152
648.361
206.517
328.749
386.774
844.338
1017.24
718.357
630.26
747.897
364.944
347.982
246.723
472.873
621.483
779.488
667.945
785.424
383.681
192.711
198.6
346.644
598.984
809.956
883.27
929.919
480.352
274.768
285.699
453.548
801.93
965.793
755.274
896.753
465.398
189.086
308.21
370.101
664.767
933.814
554.542
632.341
406.984
363.238
452.88
369.139
508.589
657.858
544.231
466.063
255.836
295.636
333.204
308.758
506.777
493.372
514.055
587.63
317.114
203.372
181.811
262.309
457.414
597.098
610.5
526.223
442.153
300.525
355.172
424.154
603.066
533.479
576.953
725.697
603.142
357.952
332.22
476.909
550.232
712.286
398.238
476.692
524.356
340.193
263.244
367.023
401.78
442.144
216.903
235.774
306.828
545.229
432.398
257.41
220.718
230.003
679.8
332.47
179.528
258.135
204.331
466.407
706.067
389.613
871.903
459.503
211.472
274.135
224.307
504.135
879.429
542.818
763.454
536.38
227.927
261.21
244.721
542.398
798.054
583.809
948.114
467.932
224.73
205.459
229.025
595.509
976.185
554.893
661.933
337.652
390.264
402.448
347.272
421.766
684.84
378.268
818.56
389.892
197.836
403.839
271.092
610.731
869.02
454.671
705.185
380.619
343.009
403.92
348.833
477.832
727.94
398.474
904.153
347.956
336.312
362.803
281.308
492.176
939.218
434.931
788.236
427.151
309.779
282.524
310.18
710.248
847.285
472.228
400.079
667.451
468.516
359.427
576.361
444.012
363.642
645.579
825.777
910.154
547.799
479.652
410.711
470.274
744.729
943.548
809.906
983.484
529.644
254.088
334.006
422.454
725.684
1018.05
581.342
688.795
397.587
349.354
258.169
383.033
553.259
695.218
639.874
459.689
205.783
136.078
155.642
253.55
599.993
503.662
619.348
772.513
470.448
153.523
285.657
379.713
562.529
791.129
400.946
560.495
256.657
205.046
188.547
258.183
344.88
568.939
481.746
388.359
204.512
175.588
223.561
289.128
460.643
428.89
438.865
604.767
522.168
428.258
451.077
493.497
409.824
573.066
326.868
342.625
464.94
483.144
446.093
384.768
335.439
331.037
333.096
271.802
289.458
517.646
462.585
324.744
335.405
276.094
328.543
227.468
316.565
447.659
347.022
323.556
341.271
224.244
719.104
364.575
264.631
316.183
304.564
467.349
729.401
421.975
860.716
333.91
125.803
182.52
150.131
389.276
866.329
434.419
325.362
250.851
213.065
295.18
284.002
209.952
327.738
272.483
786.702
303.358
246.364
315.716
295.468
514.44
821.016
371.924
578.236
365.581
252.594
357.248
302.758
495.347
622.322
396.955
865.992
400.336
303.531
183.13
242.884
389.449
858.772
486.107
896.702
432.255
240.485
144.643
206.906
591.228
938.455
485.984
850.202
476.149
240.409
373.579
272.996
602.624
855.226
555.168
760.734
929.645
516.438
294.544
353.114
545.922
690.251
953.326
882.289
898.836
492.355
442.255
350.88
444.81
800.546
959.448
480.463
615.467
421.286
343.708
209.942
300.393
429.099
618.042
615.723
661.942
355.075
270.101
196.636
401.243
598.845
702.379
376.559
436.551
235.949
161.277
206.65
245.864
333.682
458.332
575.506
524.91
297.389
312.62
195.15
196.303
517.195
565.312
736.423
640.223
387.092
280.038
257.532
314.366
671.689
683.189
476.202
539.068
385.08
391.077
297.201
374.687
445.202
559.729
795.05
778.695
573.309
428.171
372.967
253.004
722.588
808.849
412.851
416.91
382.999
523.425
366.144
485.686
424.251
414.242
532.707
272.09
324.218
389.937
331.312
393.756
539.841
313.246
1114.87
515.609
261.946
257.576
244.046
416.948
1091.68
647.763
617.535
434.915
192.423
142.032
141.949
358.183
614.258
477.475
815.882
342.691
156.23
143.681
198.988
454.108
838.495
421.615
730.145
415.676
224.64
288.467
241.89
414.318
749.186
459.841
675.139
362.394
233.342
360.346
203.143
439.339
707.554
407.737
1054.24
507.526
230.682
325.431
218.553
410.418
1031.44
629.872
697.221
401.43
385.004
279.936
289.659
569.001
730.294
444.705
994.128
457.983
269.796
309.471
266.378
696.414
1049.52
528.606
668.605
291.919
228.919
380.248
346.915
347.858
685.178
353.473
812.559
994.971
641.32
254.063
447.914
539.913
744.303
1016.47
767.772
1003.13
541.49
236.949
228.925
411.555
678.656
1016.6
514.155
740.491
497.73
295.423
342.69
473.685
520.06
707.906
454.042
630.505
426.131
289.245
316.977
363.197
404.894
623.009
410.871
469.82
273.084
155.782
155.608
209.759
369.139
480.85
548.956
399.238
250.397
393.157
319.3
185.781
503.904
455.555
511.695
436.85
240.449
204.678
200.327
196.751
469.149
471.073
455.723
481.676
257.187
179.045
189.28
250.302
414.553
511.381
518.775
541.933
413.286
362.868
287.138
287.176
476.765
557.015
758.124
694.101
325.44
246.141
210.941
400.703
707.764
741.852
884.609
575.245
220.177
233.427
244.797
357.118
837.989
674.398
663.178
372.613
174.775
180.726
180.765
269.186
645.649
435.932
682.028
339.751
380.683
449.147
191.746
286.024
682.389
384.161
688.312
271.753
218.864
242.436
205.049
372.234
707.168
333.936
1026.72
482.174
186.009
257.878
186.732
358.476
999.388
606.911
629.911
385.676
284.976
315.101
172.341
409.91
657.919
409.75
688.527
332.392
261.339
157.475
257.196
452.108
719.351
378.346
579.698
484.303
294.062
194.235
213.032
487.807
589.489
529.009
930.811
425.247
184.441
218.223
194.798
544.222
955.228
494.774
770.886
328.549
216.891
409.047
324.895
416.219
796.171
404.716
876.179
912.747
517.556
341.97
310.11
425.575
804.053
938.709
744.417
931.518
588.465
376.459
370.189
461.577
669.051
940.349
575.426
604.128
297.16
283.838
217.521
351.498
526.164
649.924
397.245
567.412
444.349
395.919
262.308
252.893
352.399
556.06
474.629
453.016
256.809
208.934
159.019
199.655
429.71
488.106
611.055
501.224
232.031
217.835
199.599
259.46
560.861
551.433
377.183
212.957
399.195
388.583
356.795
274.605
387.629
214.389
440.389
380.493
300.669
382.459
438.89
280.392
410.62
404.628
627.392
712.142
381.799
331.459
297.88
509.094
578.208
737.028
588.575
477.716
322.835
436.253
286.857
269.872
550.234
529.267
1099.48
616.664
222.919
211.64
193.158
391.476
1051.88
740.628
1056.49
490.707
282.794
264.441
227.4
404.161
1038.45
608.964
534.592
334.956
383.994
380.265
372.336
255.595
521.989
364.893
644.195
321.002
195.674
284.662
162.034
299.152
643.931
378.426
973.192
452.501
181.586
126.262
161.966
371.855
956.932
565.964
937.359
501.734
187.247
224.128
192.476
472.1
933.66
594.169
546.662
297.692
302.5
485.7
360.092
505.968
585.942
322.47
673.605
363.742
288.403
261.373
251.419
464.187
695.671
404.689
711.424
572.629
191.199
318.339
407.965
653.535
756.725
634.709
870.187
382.587
202.652
297.101
309.392
576.744
909.746
442.797
827.825
921.541
558.589
484.112
409.017
432.84
756.296
947.196
832.122
852.111
509.254
351.481
333.171
485.528
779.318
906.353
800.965
786.758
467.733
333.19
307.347
426.013
748.772
819.613
710.927
546.129
291.578
271.177
266.513
286.613
650.98
618.172
390.626
391.807
302.486
251.036
238.823
224.545
370.116
407.737
711.16
424.528
192.969
173.439
186.194
259.98
681.161
496.288
398.241
301.342
194.897
399.62
278.94
288.093
380.263
336.11
525.493
419.492
188.465
261.183
226.31
289.16
491.542
472.412
413.028
367.209
343.705
519.374
380.68
336.548
389.622
390.099
498.458
460.137
365.981
403.745
264.294
217.211
459.509
492.29
523.35
382.504
390.706
409.678
263.314
297.609
512.449
414.67
685.333
550.411
274.413
322.702
269.168
272.819
629.131
620.548
681.985
402.471
300.37
439.744
331.032
340.183
668.616
448.502
1061.97
444.579
258.967
192.845
282.684
472.214
1056.39
564.36
809.86
362.416
145.926
121.009
105.196
268.224
783.376
456.083
738.474
485.429
259.369
211.804
267.331
671.573
773.521
510.576
996.466
577.176
244.912
276.351
375.407
516.7
989.779
679.115
576.385
286.081
217.654
230.697
264.716
469.267
616.784
320.987
838.181
439.738
211.223
368.145
258.752
506.808
873.634
483.753
1351.2
521.323
200.103
194.481
243.965
615.549
1361.11
682.077
766.916
906.756
532.648
329.675
333.642
467.186
714.833
940.551
616.235
745.351
440.201
476.608
338.345
455.888
569.633
759.531
531.049
476.474
327.831
325.875
278.991
292.095
504.604
503.275
578.859
288.818
289.571
269.152
321.487
433.821
596.715
328.383
381.842
386.458
240.998
178.012
191.596
223.528
353.209
407.537
377.229
272.703
211.054
227.003
208.491
141.573
349.799
304.499
476.59
349.969
258.848
312.403
185.264
237.959
447.497
391.184
632.36
499.787
317.98
303.841
240.864
350.875
604.096
543.357
612.33
426.112
304.152
370.555
320.826
314.959
589.317
478.513
665.316
543.114
294.823
397.083
272.048
321.871
619.903
608.867
642.722
571.281
297.113
227.112
193.99
261.644
596.454
618.432
976.072
532.713
213.738
287.176
218.525
322.067
933.522
649.345
547.499
329.672
253.861
349.109
241.71
321.973
543.767
367.488
1148.13
576.907
250.401
337.236
226.389
366.992
1105.66
716.769
548.13
305.99
142.291
150.808
185.619
322.234
541.112
363.196
783.998
380.622
275.315
233.654
189.841
335.123
782.9
454.444
831.924
375.591
181.542
210.374
196.831
380.603
829.007
465.882
841.061
329.787
233.235
334.162
251.432
477.822
860.88
407.848
685.954
412.554
279.399
382.296
345.333
513.632
731.25
444.556
699.254
504.511
327.748
258.016
245.328
488.249
719.488
552.209
824.527
820.759
391.918
313.231
321.845
470.61
761.374
870.648
539.897
736.771
449.849
419.185
334.458
377.984
483.475
739.463
471.775
410.752
275.85
334.718
318.923
285.513
444.911
436.78
479.391
436.01
233.166
301.581
238.207
241.378
447.097
459.782
351.585
445.354
278.677
183.118
178.276
238.501
328.826
454.266
466.432
316.005
262.778
371.977
205.376
203.631
449.072
355.219
536.682
392.116
321.324
273.45
181.284
334.056
523.302
415.892
320.821
266.214
260.764
291.425
228.804
218.084
305.232
291.131
397.242
333.756
297.512
341.919
278.024
211.868
376.975
361.273
354.407
316.435
248.574
443.804
279.579
265.655
335.225
336.479
728.548
529.879
256.972
181.228
122.418
261.818
689.422
594.981
752.441
455.023
228.529
358.277
212.95
250.39
711.225
537.363
609.946
373.752
263.897
189.29
173.959
203.513
587.326
413.307
1274.65
622.971
146.197
128.198
144.064
419.05
1231.4
782.045
608.941
295.347
136.164
218.533
238.462
258.626
575.555
370.793
605.066
302.69
238.597
302.336
288.928
418.145
629.562
330.362
947.01
437.629
311.429
228.825
271.17
583.207
972.49
501.972
907.576
392.262
161.854
231.872
258.842
389.98
905.075
482.838
827.021
440.845
217.875
339.623
226.823
474.532
855.263
519.753
652.101
254.239
227.053
327.828
347.308
443.756
682.088
303.499
558.739
606.39
332.882
402.826
411.632
584.681
559.194
623.164
397.377
507.955
450.54
468.609
305.612
330.174
369.881
504.795
482.616
436.997
300.8
237.882
264.409
267.643
457.241
454.861
526.097
419.548
337.888
252.964
216.055
279.545
510.082
436.866
390.702
334.738
269.016
338.827
191.682
295.357
382.561
354.251
393.762
259.253
196.21
284.983
150.734
175.382
377.251
294.767
290.457
267.453
213.34
175.104
164.158
175.754
280.244
282.974
470.995
376.343
274.283
471.698
368.001
282.628
441.775
411.534
492.394
310.988
166.829
254.142
248.262
251.279
474.093
361.689
544.289
470.645
233.609
170.812
216.591
244.761
496.159
518.401
639.642
409.35
247.204
193.041
186.622
306.244
617.813
460.559
757.726
363.394
170.137
166.455
147.104
265.263
736.958
455.201
678.737
397.746
157.053
242.797
160.725
189.815
632.456
484.277
1166.2
553.966
180.591
119.142
128.324
419.531
1136.86
689.196
690.369
324.576
178.837
127.375
134.074
218.647
668.857
394.387
1001.46
493.698
133.303
123.679
126.037
313.015
963.137
615.053
953.842
398.729
132.004
155.362
213.901
483.623
957.901
500.095
961.071
420.693
195.587
182.936
272.659
459.089
960.362
530.144
640.538
425.944
196.467
250.358
205.715
515.508
682.281
471.395
904.163
460.3
228.561
262.213
365.769
484.207
910.888
541.208
406.003
545.08
535.114
276.445
328.977
378.936
380.632
515.591
658.628
725.633
420.824
274.661
234.159
324.696
597.391
768.202
517.451
576.169
402.045
307.653
270.481
244.241
474.179
595.013
513.048
521.222
256.668
225.553
185.465
243.659
462.322
559.424
584.571
612.916
270.444
194.643
199.332
219.482
514.644
652.486
323.407
257.868
165.993
159.444
170.359
164.956
300.617
281.995
382.662
373.127
223.722
150.118
167.193
209.995
360.886
392.549
590.373
405.792
310.295
355.786
202.953
290.446
565.616
456.001
402.231
364.884
297.21
256.862
280.475
204.048
377.749
380.661
581.714
522.863
365.085
296.805
337.947
278.643
543.618
548.974
656.105
445.155
224.979
293.828
200.409
273.246
631.406
502.293
447.8
333.851
237.556
191.887
160.145
193.908
414.915
373.79
927.283
523.453
150.053
145.753
162.885
276.143
873.31
642.142
1071.34
487.472
216.201
265.33
187.594
377.655
1045.04
621.242
914.689
572.891
203.889
147.504
162.718
424.129
883.998
667.573
965.283
404.354
183.306
196.923
153.299
363.756
956.146
519.388
847.23
451.123
223.846
242.891
262.331
476.545
850.409
538.333
935.735
330.309
153.022
125.088
177.118
349.963
925.596
438.711
877.12
476.185
216.626
204.962
324.212
438.763
885.489
557.242
827.534
373.352
258.055
260.109
359.078
638.11
870.957
437.671
411.25
513.666
473.521
466.79
460.173
317.917
386.395
511.455
627.802
618.212
474.071
361.554
252.484
337.246
596.686
635.318
524.425
505.409
325.554
275.631
261.733
402.556
510.275
519.33
416.089
507.798
308.863
260
320.645
417.87
401.659
516.86
330.09
354.37
274.472
319.953
302.736
302.66
327.497
358.883
483.878
346.842
199.13
224.025
127.489
210.286
465.916
383.81
283.335
239.866
131.128
177.135
156.505
183.958
285.363
258.091
327.144
278.089
279.13
320.551
254.271
217.442
310.067
301.869
561.177
399.191
241.394
245.533
228.737
345.131
542.777
437.349
449.759
491.605
272.636
248.647
192.281
380.497
419.468
512.697
525.025
440.189
235.148
268.373
203.837
284.529
494.125
479.87
386.73
416.869
317.212
326.807
181.147
207.157
353.216
430.49
631.014
398.933
242.866
212.543
134.913
229.805
592.608
467.061
627.548
381.372
216.19
229.028
284.003
248.023
596.559
442.127
1095.64
519.008
207.464
170.346
154.857
429.493
1074.78
643.732
1161.47
626.091
183.246
242.958
157.883
330.622
1104.95
769.861
780.196
298.503
92.8296
74.8903
134.831
311.249
779.313
390.289
1268.68
510.691
123.847
123.733
153.14
536.706
1263.24
664.689
702.421
390.447
246.235
203.304
252.078
534.307
736.849
433.288
837.342
445.209
251.644
260.839
258.078
530.411
868.5
508.888
