601.746
693.411
372.483
290.599
355.739
410.266
558.37
723.587
713.315
763.625
313.888
179.369
237.963
395.633
643.233
810.072
542.211
559.778
416.836
332.911
355.577
401.309
512.664
566.601
454.345
875.869
621.294
263.591
244.202
426.265
422.322
827.838
514.079
926.514
683.065
354.52
305.788
452.966
460.956
886.664
276.58
721.446
804.719
416.415
445.066
453.849
240.099
634.279
375.206
824.005
827.705
341.393
397.745
495.621
338.489
740.898
317.537
705.884
867.099
611.735
417.817
351.287
277.497
630.212
332.454
536.583
745.305
673.485
324.619
275.407
317.643
503.501
170.164
303.498
722.654
1095.58
499.896
193.137
155.728
266.402
184.167
178.678
581.746
1086.16
558.084
138.071
180.476
159.586
218.195
247.624
599.4
954.742
543.802
219.245
218.953
217.955
369.168
284.861
359.222
834.142
815.768
410.774
375.51
298.678
438.374
426.899
510.779
401.065
493.168
552.262
451.668
410.606
241.349
287.362
371.825
426.748
562.514
514.263
268.007
260.077
584.023
384.821
203.514
218.251
324.601
609.527
635.246
432.31
529.513
331.747
276.924
245.654
528.903
729.089
582.07
345.633
742.53
529.81
170.353
277.082
263.191
709.76
799.998
589.19
837.96
533.93
253.832
297.943
394.745
810.172
904.305
600.638
863.862
548.408
326.25
417.097
498.28
877.736
938.973
613.477
717.806
657.395
297.678
204.265
199.795
298.135
638.121
712.362
818.96
868.704
371.216
321.97
251.942
423.894
734.746
931.485
695.034
689.115
503.833
298.118
247.692
261.418
635.413
716.561
672.522
1006.38
619.359
273.609
224.995
425.278
606.461
992.765
483.758
762.484
596.437
268.109
265.422
364.671
446.842
739.204
604.912
887.459
734.161
298.57
324.372
456.961
589.338
853.872
489.824
843.834
845.964
559.117
306.161
397.295
461.318
800.44
429.038
615.16
791.995
541.218
358.541
292.585
408.55
557.467
309.284
579.047
978.06
715.456
506.649
321.592
307.148
505.482
182.447
340.196
763.261
953.359
451.4
259.476
176.52
284.297
143.438
196.622
592.209
1076.56
679.834
220.976
148.211
172.565
315.008
309.041
499.141
584.783
851.121
616.929
335.801
314.5
241.956
377.466
444.129
753.864
988.561
666.981
264.651
328.406
356.879
342.708
302.815
355.249
612.193
591.284
354.668
359.105
505.741
470.451
256.195
221.789
356.053
624.708
537.232
487.306
439.593
317.883
207.9
320.088
327.59
488.48
469.913
351.338
527.069
352.217
334.96
231.211
488.249
734.985
584.819
355.894
614.324
247.811
242.455
259.217
398.876
648.896
668.485
280.517
564.098
380.318
231.768
184.895
341.241
738.457
621.905
357.818
839.649
403.847
236.617
183.461
329.307
763.629
903.906
441.38
615.967
682.199
266.306
204.036
264.253
350.873
558.56
726.088
821.155
898.618
400.338
281.449
279.088
400.852
735.236
953.288
702.465
987.978
483.062
293.547
283.027
520.012
618.231
986.483
631.324
935.206
641.569
338.631
318.634
434.533
557.981
922.747
689.196
888.299
612.964
293.673
284.603
383.289
656.699
889.59
552.502
802.722
627.186
376.464
309.568
436.272
517.617
779.44
471.278
807.394
824.745
470.247
398.059
390.416
456.501
755.874
406.254
631.389
803.368
532.645
355.512
304.135
386.515
585.47
326.201
458.434
761.484
830.821
435.778
335.59
326.512
406.647
247.757
404.229
756.019
908.685
459.646
230.5
238.42
359.445
425.814
358.183
642.652
1314.07
665.521
433.488
410.66
370.188
372.848
282.744
525.044
778.55
861.029
409.678
369.867
291.544
297.41
248.438
417.439
551.398
927.652
636.106
331.425
245.002
286.897
279.394
349.021
595.011
804.907
626.557
326.409
254.157
397.958
351.665
349.852
478.238
531.071
608.432
406.817
354.231
688.903
376.833
292.963
389.054
528.734
566.678
704.311
423.031
488.225
488.549
260.889
170.268
285.492
578.523
474.192
510.442
789.34
406.384
304.144
335.171
392.439
534.922
785.011
472.367
689.703
427.278
437.019
208.713
562.579
863.448
753.789
423.7
792.544
457.902
357.209
146.274
411.368
916.774
877.117
471.526
857.491
804.28
343.386
202.622
156.747
493.401
798.509
878.283
661.266
696.254
312.664
287.898
272.059
323.059
592.444
748.834
610.959
870.011
661.548
286.045
304.806
438.704
555.169
854.415
807.815
878.455
452.996
318.876
309.082
401.697
719.3
922.539
694.869
896.035
570
284.501
333.217
398.915
617.438
914.921
522.98
735.592
642.535
523.611
294.681
373.472
494.432
715.056
505.008
753.542
629.943
355.176
263.416
377.396
477.799
725.973
406.214
666.623
680.548
475.506
400.855
369.366
367.724
634.16
245.008
446.025
819.997
696.934
503.604
266.982
235.728
393.645
317.904
462.731
887.942
733.471
564.882
331.849
298.51
416.366
227.255
267.733
653.099
1015.99
465.548
252.687
236.54
233.036
401.727
416.63
466.513
799.776
551.93
546.594
434.963
418.592
214.017
287.261
308.608
685.923
751.292
581.382
241.235
258.087
416.487
420.522
356.579
322.683
612.544
694.791
445.204
418.227
538.683
454.572
215.2
323.797
491.141
649.34
554.236
503.816
487.055
373.212
205.14
214.137
331.113
788.443
564.09
365.012
378.866
324.861
246.11
283.944
378.687
539.669
390.311
330.2
1022.32
478.711
191.129
103.343
279.713
679.81
1035.35
578.839
518.913
353.937
279.552
327.951
329.974
602.798
565.024
366.058
649.776
460.106
361.735
320.787
288.849
654.949
710.963
463.587
634.42
623.983
238.179
149.603
185.425
277.078
555.783
677.905
442.403
495.379
258.856
225.935
243.814
345.507
397.89
519.934
620.663
609.542
333.005
358.324
249.51
281.909
553.836
664.831
677.444
767.245
371.695
342.174
298.823
358.559
597.962
806.906
504.178
800.487
658.802
238.023
334.764
385.617
458.185
765.717
659.191
729.425
397.751
393
348.802
452.42
654.263
762.395
513.276
711.286
507.246
293.038
187.193
277.349
454.975
712.325
433.787
760.675
621.344
236.389
294.675
439.232
406.028
723.287
245.659
506.858
830.191
688.394
494.669
233.898
229.384
449.978
172.791
376.713
753.725
654.16
424.74
267.051
178.411
315.517
180.025
281.318
673.805
989.469
516.575
172.98
171.075
248.965
228.69
155.886
353.903
907.337
732.165
325.613
237.046
157.778
241.596
308.337
394.574
562.651
815.351
622.799
267.937
280.241
574.874
425.215
329.743
260.111
543.187
819.158
630.741
449.834
556.902
404.02
235.335
248.322
338.427
681.729
607.554
444.68
475.324
371.271
202.959
281.94
395.937
629.281
511.128
383.412
776.489
509.309
265.528
223.756
389.772
803.98
844.902
571.384
693.208
402.832
185.711
270.186
282.543
609.654
731.704
452.506
998.628
593.8
345.599
142.041
391.739
894.493
1066.13
635.689
846.774
552.502
345.833
225.279
300.08
743.916
905.156
567.961
368.257
419.83
315.151
261.6
267.05
290.61
367.648
425.066
550.792
683.613
367.75
255.241
203.438
342.53
512.252
705.517
782.781
941.445
530.344
243.554
241.691
445.561
707.353
967.243
860.067
746.581
339.331
255.819
221.515
266.927
785.25
819.06
642.661
832.495
546.542
300.457
276.888
309.838
566.121
842.181
493.998
654.955
443.406
274.979
287.647
354.828
455.95
645.236
516.225
734.345
501.997
391.561
323.668
341.768
477.719
726.715
477.809
741.226
690.246
367.909
378.716
457.439
463.468
701.1
339.031
583.726
739.352
539.739
392.82
399.338
310.277
524.579
255.602
353.234
648.111
585.483
524.669
291.168
243.36
324.159
273.624
377.123
554.69
711.966
405.014
292.478
259.297
350.319
334.865
266.048
362.193
819.205
675.055
448.303
365.64
249.381
320.365
265.855
431.396
564.298
766.792
652.88
366.628
253.777
494.289
405.751
401.366
286.025
648.103
827.439
552.116
393.075
409.092
318.077
246.681
381.885
356.531
558.724
456.513
310.828
791.712
528.168
204.986
190.475
236.613
747.039
858.991
589.571
737.021
422.246
309.647
274.739
336.206
726.566
799.458
430.691
496.261
430.131
323.432
287.533
257.411
357.022
487.403
460.96
1143.44
498.201
259.604
308.202
388.501
925.823
1219.97
588.137
1201.13
519.755
298.074
229.185
285.611
811.299
1248.26
603.069
678.077
530.98
349.448
201.58
192.824
350.324
666.851
560.547
564.279
680.761
417.479
396.653
316.613
334.989
526.575
690.679
857.413
962.127
527.096
341.489
278.036
435.922
773.509
1002.05
762.017
842.493
460.294
315.473
249.233
413.121
688.073
872.384
495.047
578.829
450.722
406.701
371.964
281.81
455.223
570.472
685.919
833.448
503.449
234.879
282.488
334.575
607.525
851.044
759.16
750.513
362.592
320.768
232.11
365.432
696.882
811.301
539.69
781.707
630.556
261.382
286.637
392.326
532.608
751.391
287.643
545.844
662.041
457.909
308.541
310.827
290.443
488.047
331.415
424.669
645.871
598.802
400.964
309.656
328.653
382.822
361.277
338.002
501.973
816.035
527.508
362.262
380.02
328.117
389.87
208.813
332.19
564.116
635.398
459.632
406.245
222.762
437.513
354.677
372.296
432.63
544.381
550.491
460.996
380.288
413.981
300.148
222.83
272.469
367.247
504.841
417.664
339.375
699.118
571.805
275.578
214.43
268.865
653.699
722.798
631.385
1002.73
411.885
237.53
303.649
315.278
597.076
1017.6
502.306
804.865
346.143
320.891
335.759
488.126
855.044
878.638
394.31
753.04
305.446
405.102
382.749
462.981
600.727
793.71
349.002
949.253
488.449
361.846
277.363
298.863
800.251
1007.08
543.219
798.114
334.903
233.535
267.147
336.284
732.902
858.186
383.085
522.648
603.137
501.536
370.085
275.586
403.95
533.661
582.712
830.675
913.333
407.979
161.744
209.164
426.598
747.08
965.667
673.477
939.789
561.027
259.384
244.256
413.375
591.194
940.085
848.307
939.667
508.101
252.735
384.056
475.205
759.425
978.15
689.347
792.039
631.154
384.803
467.353
504.592
628.979
793.284
731.346
694.434
316.339
254.928
248.243
404.365
675.667
752.23
595.123
691.454
413.073
215.225
160.091
294.736
527.069
721.951
443.266
704.54
713.009
529.66
443.212
360.53
434.865
648.409
296.207
403.635
417.956
384.741
317.748
283.453
276.786
379.385
349.758
329.503
608.486
800.581
485.802
335.08
361.111
325.741
211.141
201.678
469.002
891.682
616.311
341.771
227.103
182.548
313.32
415.893
445.735
521.351
521.873
489.357
303.474
388.685
485.12
299.779
262.009
359.589
561.017
667.709
531.128
311.864
605.224
358.797
157.362
283.791
337.608
605.581
654.409
402.508
686.076
412.441
236.471
262.644
271.067
530.288
727.499
449.569
1011.09
439.61
200.229
188.784
234.347
635.152
1040.23
528.88
534.725
312.59
326.095
472.602
344.119
629.729
590.07
328.145
875.589
390.019
235.455
326.266
309.385
585.789
910.95
462.174
817.423
420.445
286.43
215.107
300.618
778.282
886.029
442.052
864.131
455.711
322.344
326.844
235.496
430.004
872.984
528.16
629.281
470.469
302.52
215.761
225.247
287.806
595.123
513.69
960.473
1024.04
599.126
244.947
321.936
457.633
862.432
1081.65
833.387
970.448
515.366
207.393
246.015
406.103
738.943
997.83
855.53
916.925
384.309
370.587
226.337
529.188
794.436
986.332
734.899
561.021
218.341
221.753
183.185
377.738
694.397
636.839
797.758
607.488
248.642
273.629
241.224
250.364
722.222
693.685
560.992
565.186
357.989
249.509
228.894
380.46
523.145
600.997
462.004
723.441
682.199
276.621
430.537
506.003
431.225
671.45
352.044
591.146
549.04
262.051
340.978
360.569
309.706
552.607
396.414
365.883
460.798
506.45
308.706
289.841
376.123
375.219
385.737
278.837
277.645
431.782
447.39
358.942
396.31
280.766
470.67
387.976
303.802
348.957
538.934
663.969
519.881
396.386
736.921
433.931
305.491
482.318
427.674
632.36
771.586
478.827
725.716
366.848
164.565
149.053
299.102
577.811
764.909
425.826
685.478
312.841
200.81
221.408
234.146
428.747
717.298
374.504
741.043
582.006
310.315
329.862
346.94
553.887
745.862
655.056
1249.16
460.118
183.68
212.301
220.127
620.162
1266.28
609.463
747.922
435.044
280.645
220.49
215.508
670.777
810.75
482.064
1087.63
390.115
233.661
348.987
373.991
691.561
1130.71
495.566
891.11
567.64
264.173
313.065
315.234
637.343
927.323
613.563
582.648
690.573
419.156
350.715
259.939
415.231
584.367
698.445
858.398
834.294
573.121
375.832
277.724
383.514
789.203
882.255
1046.74
1042.55
460.172
281.565
269.062
479.52
945.436
1125.86
991.532
808.402
315.03
225.616
220.089
338.191
905.513
895.819
765.795
729.107
409.369
388.456
379.715
304.282
693.794
772.36
563.034
555.041
318.735
266.234
265.206
246.821
504.542
588.735
576.585
630.07
349.804
295.499
296.429
316.513
530.08
660.705
462.19
644.58
465.962
448.71
265.172
388.125
436.975
639.434
446.07
647.319
535.328
371.617
319.766
299.213
398.9
637.317
303.872
375.131
530.619
638.033
344.605
293.04
289.597
369.19
353.214
262.736
214.537
520.919
491.262
481.613
390.738
272.711
455.35
450.79
272.36
329.163
353.064
533.284
470.717
471.357
818.851
457.855
383.14
269.874
293.753
588.411
835.633
505.632
1165.07
472.02
247.173
281.572
298.928
507.513
1165.19
607.478
745.945
531.276
304.902
319.395
326.644
527.463
771.294
574.301
829.654
386.91
230.702
274.039
296.177
502.453
854.073
442.158
1025.77
405.59
317.104
376.041
364.047
538.484
1038.32
512.404
975.497
375.228
122.452
141.052
191.942
676.662
1028.33
468.402
786.114
411.369
311.248
287.194
257.833
572.276
833.461
461.759
880.249
601.331
272.752
322.489
269.517
669.293
941.619
646.787
569.052
676.893
358.917
345.861
264.278
346.53
528.047
697.386
919.839
870.139
354.358
200.844
223.045
454.846
834.208
944.357
900.342
870.345
396.601
230.679
195.816
310.477
806.065
939.803
764.225
814.56
393.174
338.442
267.065
366.166
686.107
864.524
533.066
600.807
357.204
268.131
449.948
405.147
512.966
630.038
518.964
651.821
379.408
312.84
290.399
288.125
461.169
665.239
643.303
711.449
377.952
265.55
262.079
381.345
581.452
746.918
528.408
404.371
363.24
309.397
267.287
222.314
497.247
442.719
523.076
706.017
629.424
496.151
350.729
277.393
461.734
698.051
218.758
374.997
585.134
853.533
516.679
285.847
207.99
345.288
269.074
238.035
454.566
594.777
666.566
480.222
297.81
233.672
813.201
340.261
236.957
211.167
253.5
555.135
833.584
418.82
832.428
408.574
264.103
210.944
276.961
457.99
833.874
495.96
926.396
409.378
226.631
301.647
279.59
499.405
926.831
507.49
743.708
297.071
277.959
311.034
288.477
489.608
780.11
362.18
700.757
430.798
357.165
503.72
357.487
411.125
694.925
499.416
940.716
453.454
343.325
303.645
343.107
610.572
971.423
528.599
891.704
361.59
231.939
237.698
368.264
633.551
931.54
434.659
776.801
272.155
231.455
219.491
282.498
562.591
825.544
334.632
747.346
374.947
351.089
467.598
457.688
631.143
795.027
399.111
417.476
704.262
412.381
420.202
435.806
471.089
363.857
683.615
901.005
946.298
470.772
438.381
324.698
454.028
813.131
980.458
787.3
794.189
440.401
281.992
217.184
313.641
706.423
853.584
801.591
737.384
380.538
254.024
192.973
272.482
726.909
794.955
449.999
411.438
239.334
212.44
176.557
236.644
423.659
444.971
653.506
722.561
332.201
191.381
150.074
389.479
596.463
767.992
731.723
597.179
236.181
166.124
217.792
403.708
677.41
661.005
570.498
533.947
204.882
165.317
192.344
351.495
570.802
574.131
655.323
617.413
424.322
402.426
374.832
360.971
623.599
655.814
317.12
447.492
721.451
611.681
590.258
380.053
314.366
414.764
614.088
336.394
332.527
401.166
412.08
529.494
633.406
354.46
630.202
354.151
355.596
418.465
370.483
407.336
627.66
395.626
687.781
280.909
200.382
300.328
299.406
457.202
717.067
336.923
1220.84
534.642
245.483
218.109
275.623
490.964
1213.17
672.22
616.255
324.417
241.628
241.446
287.658
513.206
662.81
362.84
1060.15
427.903
283.027
368.916
279.512
506.765
1066
544.724
712.155
370.888
264.717
331.981
308.594
519.442
740.78
407.021
863.438
505.233
305.621
207.581
236.813
585.644
895.947
550.913
803.409
432.158
173.32
144.97
198.663
621.944
853.066
481.238
514.281
335.799
299.193
241.57
235.675
370.098
521.904
350.815
825.678
1040.14
664.246
423.784
481.101
509.13
743.61
1065.82
893.029
1017.6
614.18
572.472
410.875
408.774
792.818
1062.36
866.485
785.511
337.817
213.2
247.805
292.397
777.774
840.873
461.628
590.273
369.776
373.6
299.033
358.253
420.811
594.79
541.552
517.452
237.274
238.069
235.842
357.871
505.969
562.458
565.724
531.031
299.414
369.825
242.483
245.715
508.139
567.726
618.987
568.793
228.036
202.198
206.25
384.87
583.608
624.863
510.045
631.373
404.655
352.734
377.162
360.554
457.091
646.002
690.635
732.395
495.487
372.488
325.047
362.452
628.055
763.871
357.147
344.654
328.173
544.128
395.261
507.749
366.76
349.961
675.909
368.269
229.822
277.303
315.497
437.509
692.639
411.159
949.296
600.395
318.742
167.477
235.431
347.758
903.207
681.806
702.179
376.169
148.548
183.712
158.406
363.593
704.204
438.866
855.569
376.89
190.708
211.995
199.66
318.8
836.355
467.781
706.027
448.352
354.615
349.54
264.618
457.621
736.584
473.851
756.408
506.695
219.44
226.284
211.339
464.711
775.968
551.793
990.072
531.401
293.552
375.714
323.789
406.49
959.791
635.357
852.589
478.292
295.367
197.349
225.724
643.461
912.946
521.322
976.049
448.855
242.042
335.91
341.783
674.571
1027.21
508.165
785.075
283.566
156.229
265.066
265.887
483.897
826.985
352.264
738.653
909.103
542.894
197.159
261.098
374.742
658.945
923.447
964.904
748.23
472.391
269.938
215.951
339.776
893.674
828.429
506.913
870.185
498.49
166.597
224.922
410.022
438.98
848.451
476.576
482.653
276.819
216.997
208.604
298.269
443.146
516.467
504.303
540.017
323.646
223.65
147.865
261.041
456.24
563.592
611.124
573.128
278.533
300.679
231.262
276.036
558.17
612.245
465.551
297.331
314.215
289.371
342.404
303.826
486.32
330.765
621.132
610.981
286.666
263.42
245.808
282.369
572.585
660.74
838.999
705.613
346.494
409.751
349.559
522.546
780.219
761.82
818.528
571.518
236.782
206.246
171.963
372.181
768.712
661.077
881.648
493.775
177.669
190.876
147.301
282.561
840.962
594.318
896.779
541.824
221.034
293.838
226
270.913
840.64
647.362
810.068
490.46
283.285
327.109
222.217
309.917
787.762
563.969
773.422
358.651
201.38
211.018
179.898
346.204
772.218
419.927
1021.98
509.085
214.551
197.572
259.789
342.214
985.956
628.89
618.322
249.915
249.896
393.849
296.18
342.571
618.428
315.474
717.664
358.208
337.681
408.957
379.684
330.602
705.894
419.585
623.436
353.238
197.266
244.995
231.601
360.496
641.376
389.911
1027.08
373.814
196.966
196.065
211.542
642.024
1074.91
472.266
571.557
391.871
222.523
448.39
397.675
443.578
578.597
467.816
936.475
969.775
516.684
436.789
398.462
466.593
848.136
1038.76
796.981
1039.57
605.419
384.163
316.283
421.934
704.471
1050.88
527.059
639.913
471.629
368.457
371.096
320.032
473.232
649.782
618.904
563.501
307.641
267.965
258.486
458.742
633.425
585.156
706.622
476.357
272.787
280.575
195.594
214.418
659.506
548.271
777.037
544.716
272.398
345.907
262.284
324.421
723.489
624.966
569.031
381.301
201.256
453.346
278.68
285.11
545.198
443.638
784.926
620.821
310.57
504.105
402.352
456.439
737.583
704.19
607.477
609.526
437.835
377.718
227.258
284.502
564.238
631.013
826.256
420.292
276.807
427.51
265.827
361.683
805.09
510.206
982.433
627.123
367.772
457.938
306.534
322.659
930.095
724.796
1086.68
577.404
187.746
255.934
170.916
323.074
1040.95
704.878
844.567
454.92
201.455
113.725
221.864
412.718
835.01
533.34
848.634
364.522
159.027
187.997
175.087
319.984
828.206
466.108
849.381
574.131
278.91
160.166
192.051
437.559
811.722
645.613
1138.04
517.953
172.769
203.267
181.667
436.571
1120.79
656.837
833.541
452.104
153.959
146.258
188.41
581.852
882.409
500.853
776.213
328.135
195.462
162.539
220.465
442.399
792.249
398.395
881.861
479.192
242.432
316.841
329.308
583.753
918.424
530.804
706.254
419.101
302.266
233.579
341.389
529.646
752.094
454.75
670.716
871.169
543.696
429.56
431.741
501.156
611.724
881.311
583.78
800.232
580.966
328.554
313.258
392.867
519.27
793.26
446.791
522.951
357.341
340.221
374.952
332.291
414.464
531.375
787.844
590.697
268.162
207.979
206.165
363.033
745.696
660.582
521.394
412.4
239.871
239.52
232.106
275.596
497.676
450.938
688.808
508.175
223.601
231.419
279.841
446.575
646.619
564.083
409.312
384.048
236.116
298.037
301.083
237.087
376.404
412.508
633.635
475.337
297.415
444.38
258.445
355.897
611.878
512.09
678.855
475.254
354.503
333.009
326.365
371.217
650.246
544.594
716.729
584.992
357.42
347.941
308.395
392.525
669.637
649.964
698.737
608.141
274.528
316.95
216.486
269.637
638.18
677.564
827.815
645.241
219.402
294.117
194.957
296.799
764.033
733.931
626.523
273.009
277.546
432.77
311.661
336.146
624.379
316.951
702.187
358.174
201.649
173.719
201.732
297.609
687.763
421.276
477.808
416.629
243.234
283.674
196.615
227.297
454.882
440.01
823.026
413.245
212.562
220.214
283.297
444.205
816.985
494.788
855.919
441.142
250.303
303.547
448.699
568.066
883.996
505.908
868.026
340.987
158.08
211.463
215.753
391.507
879.771
429.268
839.77
426.181
273.321
265.82
260.446
573.05
880.836
474.214
1253.63
475.046
193.232
199.529
223.045
581.097
1262.39
621.837
755.049
892.678
574.702
272.42
345.531
615.256
694.573
908.588
635.857
653.75
469.441
409.252
289.988
300.329
581.139
688.956
718.845
760.531
375.955
297.099
228.568
412.191
662.52
789.198
558.007
284.747
323.383
281.343
253.857
362.107
569.777
311.352
613.525
439.889
263.041
203.104
203.641
354.863
579.334
497.304
410.158
351.933
348.911
340.465
231.868
200.764
383.352
382.634
748.046
456.951
257.277
238.646
276.62
340.115
721.618
528.009
633.41
433.228
263.1
379.988
265.114
263.236
609.926
482.234
478.23
308.671
298.707
426.275
388.91
273.594
466.255
341.224
700.942
476.755
263.106
307.249
210.675
316.581
674.74
543.447
543.143
428.755
324.282
323.873
249.512
280.347
514.615
466.787
621.247
552.334
295.435
368.472
320.371
362.302
580.622
616.837
627.82
326.737
202.932
167.378
199.723
291.074
631.779
357.282
748.21
351.042
156.808
251.641
214.351
318.737
730.068
439.822
535.14
257.699
240.346
311.26
234.261
311.074
533.071
310.11
854.668
483.483
136.844
136.377
112.413
339.901
832.996
576.745
947.94
420.57
242.257
230.113
240.699
484.767
957.453
512.565
859.633
346.076
292.745
236.838
238.793
475.454
890.096
417.417
650.599
398.796
256.314
312.819
436.189
552.333
693.9
436.55
666.102
421.275
194.485
262.808
248.249
509.202
702.617
460.308
704.511
743.457
455.459
382.21
263.766
250.973
629.243
789.867
783.826
693.226
452.89
397.865
285.427
320.762
731.844
731.046
542.986
572.409
372.434
452.585
303.109
498.148
530.005
596.781
474.277
342.843
263.977
335.9
231.739
215.494
459.188
383.559
342.297
345.373
232.676
246.862
205.89
223.465
318.387
363.225
499.041
445.958
177.048
276.312
190.838
237.106
453.326
497.711
421.73
292.342
166.418
169.754
119.175
187.008
404.321
326.78
604.315
387.614
234.253
214.995
150.872
208.187
576.662
447.174
506.56
574.441
315.698
156.843
183.131
200.656
448.491
602.036
577.34
377.302
291.553
291.742
208.564
211.127
541.048
435.967
520.722
360.738
245.501
296.034
186.871
222.027
488.905
402.397
722.944
427.775
154.274
221.431
184.184
285.883
687.891
508.971
759.858
343.114
210.999
233.558
214.985
208.822
724.124
434.077
1066.31
472.411
199.102
180.103
156.88
363.97
1037.23
607.025
872.578
441.569
169.309
142.583
196.159
282.225
841.969
527.506
480.293
287.535
203.02
214.055
252.393
492.96
504.023
311.026
1144.67
526.376
283.902
208.651
192.878
508.897
1141.86
637.28
1091.99
453.406
303.967
285.442
409.25
537.666
1092.13
574.267
791.799
423.428
298.417
338.837
307.029
620.044
842.087
466.791
404.011
252.709
277.74
425.486
383.158
377.418
426.481
258.54
375.03
452.932
447.056
480.916
607.84
400.791
356.08
443.175
681.431
759.404
423.675
282.234
250.403
504.295
636.789
780.514
519.17
580.535
407.825
404.549
361.016
265.265
475.786
595.036
568.484
541.07
346.73
475.18
316.137
294.102
521.093
589.606
715.079
597.968
213.003
164.76
133.708
265.36
664.048
665.458
286.58
310.266
259.873
249.082
175.221
173.928
263.165
320.072
572.786
468.382
242.973
128.755
126.406
227.417
539.733
507.968
513.067
335.463
308.973
494.202
343.983
338.208
512.774
369.247
338.583
270.673
199.401
256.869
255.793
196.721
323.65
293.566
544.401
364.161
247.72
311.683
276.477
266.543
526.032
416.439
728.849
483.342
201.561
199.513
168.333
277.17
694.334
558.097
620.732
427.417
230.138
138.882
115.844
208.857
586.552
484.464
962.394
468.322
97.0207
131.277
89.1792
334.888
933.178
588.787
1025.95
413.461
174.3
183.883
202.298
395.18
1015.01
530.177
756.593
398.058
128.102
155.164
165.438
356.121
740.248
474.198
1264.91
611.023
163.721
163.601
188.151
455.925
1231.91
765.202
878.826
485.196
160.671
74.9189
171.867
457.551
874.798
571.588
688.99
391.634
166.848
202.358
200.474
335.668
687.413
456.31
734.768
651.528
294.026
159.886
210.951
545.275
767.196
694.061
954.543
422.445
419.796
321.192
339.017
586.142
976.109
491.04
654.762
674.972
450.811
354.927
404.044
499.806
607.069
705.461
724.824
705.865
469.958
371.699
310.696
416.908
678.7
734.989
488.371
510.364
437.173
401.862
183.564
288.186
448.846
525.198
374.347
436.235
409.044
341.625
193.662
258.906
346.945
436.291
498.965
408.295
283.693
269.537
162.693
238.28
479.053
443.022
341.772
357.768
211.42
207.338
158.707
219.622
315.456
373.688
485.808
287.256
179.417
197.024
191.113
272.242
472.085
322.704
492.059
359.913
232.885
223.18
247.348
261.269
473.224
405.673
357.017
355.901
220.738
208.87
190.064
246.091
343.483
370.621
802.945
549.703
353.409
294.429
265.516
268.385
756.997
616.424
706.658
417.334
161.196
168.704
118.099
225.19
666.706
496.817
620.758
432.199
296.12
252.14
165.724
258.425
584.766
488.553
1028.93
579.821
170.24
158.44
156.714
324.395
983.137
695.996
803.928
364.873
205.098
192.647
178.972
179.589
762.115
464.098
818.259
687.517
370.541
230.32
271.56
341.458
762.522
753.106
1080.96
467.409
166.912
158.22
118.584
401.946
1063.73
600.078
837.915
505.673
187.984
220.081
257.122
609.682
852.421
580.454
856.186
476.479
232.837
232.285
226.505
525.232
885.858
526.444
930.217
449.728
221.146
235.902
276.831
763.401
995.293
509.009
600.853
459.298
294.811
287.841
333.555
706.156
649.109
471.099
