721.04
797.408
395.967
311.261
237.579
454.52
686.202
838.372
811.611
910.732
429.376
204.739
211.246
382.038
726.449
950.434
460.076
629.226
419.737
304.388
328.878
387.046
439.076
617.606
470.264
696.986
547.558
417.396
287.335
384.333
467.523
667.06
560.334
926.127
758.144
379.689
266.372
394.465
508.421
885.213
403.356
790.214
771.838
351.012
347.183
427.086
386.519
717.415
231.511
456.048
731.687
455.286
399.403
226.971
234.296
394.534
275.423
479.121
922.713
843.792
424.721
223.732
270.334
414.44
195.865
319.653
761.335
1151.53
539.736
236.806
185.12
275.835
264.932
260.638
628.857
1132.81
726.509
208.15
248.734
256.703
186.083
208.518
465.311
1001.26
807.456
331.12
194.279
187.832
143.459
133.734
448.282
877.409
914.879
329.225
152.87
123.553
224.707
216.94
455.13
595.339
903.07
517.375
223.188
204.061
442.12
336.403
330.166
432.802
641.383
541.202
442.422
356.917
278.041
240.07
313.458
360.426
386.75
423.523
302.822
229.614
380.505
339.946
282.581
208.634
313.248
462.057
376.622
342.925
619.719
357.72
367.727
288.784
655.436
926.185
698.319
357.009
768.846
541.942
369.217
194.319
550.597
996.831
847.602
543.645
666.315
533.756
395.309
201.049
453.806
975.681
750.54
533.857
889.492
319.259
201.306
220.721
301.035
708.67
948.707
378.826
901.928
912.269
438.764
218.34
230.785
373.149
810.324
962.343
902.48
825.233
349.96
211.286
173.745
379.607
821.37
902.554
441.414
626.411
489.863
351.31
285.925
320.511
433.301
605.722
589.497
843.604
667.415
374.113
411.616
405.038
526.908
823.457
497.887
837.972
696.801
320.384
339.74
397.305
474.999
795.595
375.021
688.171
580.537
249.488
312.751
382.949
365.719
643.279
290.499
664.055
769.384
426.193
281.452
290.049
265.98
589.396
419.234
542.227
689.579
448.354
309.296
322.377
408.739
503.797
336.379
400.23
455.054
612.317
439.936
282.407
322.474
390.208
218.941
285.33
550.508
988.342
531.179
280.843
206.733
265.82
315.849
269.209
504.049
1290.51
706.696
336.792
319.766
297.618
216.795
214.918
356.633
801.728
818.071
339.702
230.046
212.041
322.12
228.64
378.496
503.133
852.123
609.955
356.866
229.398
380.668
305.668
302.517
350.046
662.62
634.427
399.223
333.155
541.394
350.893
337.065
340.66
475.71
599.07
548.062
370.544
339.571
274.311
159.917
149.167
278.376
454.131
348.29
276.517
676.007
512.368
306.357
160.943
420.407
897.126
737.078
529.554
597.639
426.957
328.996
386.497
563.814
946.75
681.381
413.832
683.025
435.995
241.884
153.517
264.822
691.025
747.818
469.29
797.707
323.298
218.95
189.62
264.725
639.859
857.802
369.095
787.008
1004.98
665.001
296.53
431.16
515.75
694.787
1012.53
965.785
940.271
437.225
355.268
280.039
401.206
875.238
1016.51
649.625
840.858
479.298
254.616
246.038
365.79
592.008
864.692
473.236
873.927
688.469
240.552
325.08
409.636
422.422
829.203
322.988
543.139
492.034
286.291
249.535
297.569
312.954
498.749
407.825
791.451
677.805
330.023
318.947
380.516
364.205
743.669
426.1
835.974
896.747
482.099
397.261
409.955
369.171
766.23
335.811
593.104
713.042
506.064
433.957
346.154
322.513
545.216
239.149
544.518
838.302
682.008
372.996
388.478
230.402
463.551
171.374
270.937
758.276
1036.73
488.653
132.833
160.638
238.548
209.249
238.924
613.831
1263
663.979
301.31
205.432
218.888
132.414
123.827
440.123
1041.71
974.922
351.597
140.773
123.243
287.871
256.848
425.372
423.338
797.031
538.332
293.022
236.901
346.745
317.217
346.613
471.868
558.578
499.359
348.51
310.69
396.795
389.378
400.098
250.374
482.903
789.306
463.913
354.431
540.159
392.018
339.536
465.27
463.981
509.862
563.443
396.78
849.611
400.32
342.72
228.283
484.832
900.688
934.591
452.971
970.772
416.382
269.643
454.276
426.612
595.439
1011.59
501.954
549.114
349.478
232.886
340.074
276.3
435.365
561.917
392.821
872.771
296.952
150.24
286.984
196.855
427.363
892.592
391.714
1041.54
1049.71
519.045
250.51
325.319
526.655
949.91
1105.19
764.528
831.169
412.866
248.371
340.728
429.647
682.296
872.367
588.685
620.783
260.501
175.215
204.35
270.389
521.379
668.655
650.655
840.17
532.234
435.365
305.93
402.237
579.433
836.799
584.827
721.648
405.875
279.516
224.12
331.135
516.902
730.872
508.288
821.389
677.886
317.905
284.875
400.355
492.241
774.021
480.291
827.701
813.616
361.727
412.868
503.393
423.73
765.626
439.959
700.654
745.626
431.065
335.718
277.487
390.824
666.039
280.47
565.966
845.608
632.9
443.028
380.12
264.813
501.164
145.279
253.993
534.069
723.141
448.032
212.618
149.22
216.291
335.553
279.724
592.366
1018.98
635.868
349.727
342.169
262.725
193.922
241.473
490.217
906.702
893.794
447.519
203.899
217.762
212.677
366.61
409.927
521.315
822.828
628.817
234.463
322.667
400.441
366.133
389.294
367.388
735.193
818.898
443.306
343.8
287.709
321.867
415.211
213.349
456.316
646.81
338.286
277.458
465.966
359.772
223.924
173.385
248.225
625.459
525.687
345.209
671.429
429.382
331.965
254.354
341.242
819.326
745.406
444.579
784.339
352.305
345.645
400.348
380.545
705.281
844.319
393.946
596.083
290.843
367.595
354.8
326.808
380.707
633.721
326.329
570.665
354.91
230.778
273.299
235.88
346.26
573.747
395.595
933.904
937.196
452.919
270.287
241.56
422.285
844.795
989.354
834.586
772.953
371.955
311.278
276.672
370.971
757.768
816.891
628.854
623.931
248.879
241.368
297.189
309.267
563.219
683.664
855.284
931.868
457.58
269.345
358.046
484.172
771.813
989.435
812.993
922.631
554.832
229.863
322.459
407.666
725.311
961.147
593.002
687.571
424.825
305.472
267.892
331.624
555.704
699.208
489.606
787.817
646.858
279.533
310.613
463.01
485.408
750.481
474.044
758.277
739.744
400.773
349.645
372.725
424.019
713.123
333.76
649.385
949.188
627.891
453.897
310.761
311.13
584.869
235.042
360.402
733.136
952
484.043
213.413
230.211
325.339
207.471
195.719
512.445
1238.31
636.737
153.977
207.497
189.688
260.039
244.959
297.427
705.821
663.966
381.871
249.585
252.63
324.242
316.324
319.28
530.62
748.293
668.546
364.071
311.994
454.656
305.884
370.592
400.377
574.107
659.19
497.675
320.156
540.191
404.762
269.016
231.592
456.513
846.662
606.945
411.306
449.715
259.094
177.962
155.505
171.21
373.112
492.022
287.461
513.937
491.101
281.364
421.062
281.72
470.536
506.186
526.773
873.122
460.369
340.834
408.215
398.782
941.124
965.557
498.491
539.925
470.375
363.618
256.531
221.956
486.576
558.81
493.473
1228.07
458.932
293.784
269.739
279.23
667.009
1260.19
582.693
957.909
973.423
477.839
157.746
292.74
499.575
869.577
1019.03
852.765
811.121
320.34
233.309
301.4
436.323
769.255
879.973
692.43
573.695
290.684
278.222
273.961
402.544
639.024
649.699
560.11
682.57
383.76
343.339
273.64
270.041
491.174
701.57
584.077
730.07
395.61
236.85
314.574
378.908
533.02
734.365
546.351
702.697
361.906
161.001
183.322
373.371
541.499
700.151
490.665
901.738
806.526
392.15
339.921
436.909
437.601
850.664
691.464
988.947
752.1
364.303
273.307
439.952
622.536
969.2
505.932
762.095
804.886
526.436
349.259
327.05
461.517
734.154
303.255
404.868
681.188
826.588
457.58
277.339
293.034
363.392
253.487
211.509
602.725
969.407
558.087
242.097
255.423
205.452
387.918
293.741
286.055
618.861
720.644
490.773
393.63
314.57
311.496
352.346
277.389
512.53
724.8
620.657
325.372
344.709
282.054
225.621
183.883
213.638
299.738
425.721
316.802
230.899
461.343
380.404
272.259
317.726
462.052
861.343
539.073
365.988
588.894
332.904
214.056
129.68
300.578
470.359
592.949
387.977
587.29
401.797
302.311
290.762
320.178
564.089
622.869
448.472
505.937
353.359
252.241
339.732
353.814
566.179
549.875
384.909
476.944
294.487
321.023
282.084
321.54
405.102
501.329
333.573
1000.42
490.063
187.138
156.707
186.32
592.807
1017.88
589.912
909.211
981.286
495.73
258.208
198.771
375.763
813.479
1041.78
899.691
850.582
327.364
261.571
248.751
474.592
822.977
934.832
630.848
485.255
267.051
234.411
213.883
477.595
612.949
531.983
758.617
737.619
302.887
196.014
217.397
379.262
684.927
804.514
648.633
645.253
300.707
209.886
176.413
255.423
575.63
697.188
539.993
762.206
425.887
208.326
247.778
322.681
470.668
761.043
705.376
848.076
583.591
413.388
349.445
358.298
629.127
871.184
697.975
889.914
575.381
411.66
327.209
487.507
633.667
898.242
577.876
875.085
777.21
488.06
395.533
415.23
519.018
853.597
344.17
469.17
593.16
605.902
401.366
246.736
313.74
447.042
177.602
223.807
648.706
1026.08
554.805
187.532
170.509
194.652
205.637
285.173
540.693
713.167
923.51
508.952
218.726
242.918
335.132
309.816
273.152
379.297
599.925
600.924
372.487
303.167
438.064
371.615
293.66
322.203
521.836
597.775
451.872
399.003
476.353
442.892
302.907
190.513
312.778
727.532
542.864
400.648
432.361
314.946
207.759
213.152
218.459
452.32
458.025
343.89
557.274
245.475
244.969
288.116
252.367
405.681
587.199
278.195
872.645
534.469
267.292
312.906
332.151
730.434
941.099
590.205
790.162
363.55
214.345
224.886
174.044
575.939
838.625
423.359
492.701
359.1
269.818
265.577
199.38
340.081
511.971
374.656
876.081
1005.7
543.245
227.654
322.403
438.252
783.993
1054.42
908.36
893.752
360.258
248.884
194.006
425.944
822.817
966.965
522.669
504.31
306.125
275.344
211.38
332.53
472.315
540.533
928.193
928.372
328.603
237.793
216.804
376.891
827.866
1012.48
1022.99
920.857
432.683
203.153
203.857
401.627
939.115
1000.02
709.597
788.614
527.424
294.249
214.094
294.274
637.168
825.048
705.691
957.519
582.724
289.989
223.68
469.293
631.249
961.426
780.404
855.19
555.756
292.962
278.161
394.754
711.706
884.859
524.711
616.669
554.219
472.818
447.07
409.83
487.083
602.315
401.092
484.27
534.238
599.632
400.084
357.99
380.313
487.332
295.44
311.452
397.132
501.483
391.294
399.993
312.318
295.534
425.365
336.88
452.339
525.778
567.875
463.809
411.766
353.944
743.58
425.451
303.22
355.744
428.939
606.476
775.013
463.337
546.385
231.36
377.119
543.893
452.132
584.867
591.945
266.457
455.165
322.219
284.837
346.649
308.295
484.912
497.989
342.431
724.247
408.351
246.116
158.973
234.122
611.486
778.554
436.434
331.091
327.506
276.925
234.083
239.421
299.544
338.531
330.826
530.247
368.677
212.878
409.178
299.926
489.929
526.649
424.192
541.424
260.659
257.42
419.966
379.187
517.356
589.085
305.698
559.062
315.335
209.078
266.408
375.364
470.571
567.944
349.812
814.594
924.544
419.479
156.941
284.466
491.657
732.303
958.434
677.816
710.463
348.943
288.23
331.048
357.229
595.355
756.84
723.69
546.463
230.003
295.908
185.287
290.357
654.383
636.98
570.323
730.283
319.441
139.469
209.024
344.642
496.842
748.977
666.337
620.47
339.279
293.359
213.38
363.717
641.361
655.162
863.902
600.445
242.859
176.085
208.013
383.419
815.002
685.93
975.215
883.02
464.787
326.051
264.751
427.402
894.87
955.772
772.061
754.689
548.208
389.087
302.689
273.762
703.669
796.171
801.475
789.569
386.33
313.097
261.983
360.095
732.08
839.306
557.06
680.022
558.96
385.43
221.424
209.333
499.232
680.554
360.602
352.345
431.452
598.297
340.324
318.39
341.577
365.929
306.523
282.611
465.164
521.817
487.591
439.326
323.835
291.953
712.201
341.204
322.262
520.598
470.985
683.99
745.604
396.899
868.294
440.291
161.836
185.575
323.042
691.434
910.025
505.523
461.75
310.674
274.011
356.035
415.028
432.146
491.578
334.725
630.893
321.307
273.775
312.532
286.821
547.279
681.771
351.41
481.137
395.773
295.176
350.951
296.302
434.232
513.036
395.148
893.376
469.396
356.372
372.011
239.367
604.565
928.004
522.702
619.535
371.719
276.753
153.524
237.658
458.191
657.063
404.281
914.6
650.557
277.252
257.903
305.701
723.208
978.226
699.564
826.078
932.951
401.164
187.856
284.757
485.943
736.692
973.101
748.481
790.058
332.748
260.935
237.547
395.449
672.77
851.034
811.007
841.174
301.324
230.355
186.329
478.885
741.494
912.323
1101.61
767.111
267.844
96.934
169.659
286.366
1011.44
890.658
877.59
805.903
377.225
298.534
296.798
375.748
790.205
879.749
613.6
608.172
312.575
277.793
174.547
266.827
546.765
659.482
556.425
463.34
362.463
172.346
192.636
288.185
516.658
494.162
917.614
763.403
386.496
231.165
197.691
404.602
857.326
843.18
658.06
728.931
493.379
430.36
350.431
390.658
607.294
747.463
478.083
583.363
371.097
290.78
346.576
481.927
461.402
584.413
441.66
402.878
343.993
558.816
463.855
381.982
440.026
406.148
685.499
525.684
536.114
485.148
488.131
548.728
669.639
550.5
817.106
502.889
273.21
434.436
342.28
667.608
872.769
559.117
945.915
401.809
209.401
368.985
353.732
569.338
976.527
474.362
780.772
338.503
162.168
147.307
184.463
434.782
807.534
389.461
700.731
329.275
225.619
346.518
317.566
482.739
740.343
373.963
631.793
437.125
238.303
260.636
234.975
401.89
655.145
480.525
830.149
351.8
240.822
410.695
328.777
459.011
848.437
421.312
887.596
462.313
280.662
207.988
205.948
499.88
896.99
524.338
703.863
595.234
483.045
529.143
467.569
712.144
756.157
636.029
970.842
1048.07
486.447
193.075
265.42
506.399
880.658
1117.27
728.042
863.077
385.167
308.03
239.216
526.979
686.429
909.021
923.476
935.241
412.445
135.685
260.91
389.754
823.433
1004.03
801.685
700.069
315.719
365.798
253.955
309.717
723.641
771.787
766.256
736.061
325.892
214.789
196.611
299.666
680.746
787.959
1040.48
729.146
234.973
168.166
185.974
329.101
956.931
841.676
866.121
674.223
180.815
137.036
142.678
359.401
792.124
773.867
883.573
638.831
320.927
320.348
274.63
349.037
830.484
723.943
862.506
729.37
331.361
273.662
238.57
361.652
801.881
789.013
516.773
591.604
417.399
240.106
185.124
269.394
488.95
599.601
478.005
322.898
283.476
400.366
364.662
395.737
504.484
332.461
778.207
389.854
260.496
341.283
270.022
370.346
763.869
466.646
610.251
239.679
262.772
515.197
343.021
387.877
616.649
301.889
1180.77
501.069
187.438
270.668
244.779
552.212
1172.67
642.624
616.295
469.81
339.499
246.97
261.545
345.707
627.213
472.386
733.74
328.307
168.999
278.911
239.43
364.731
743.058
386.195
568.998
297.929
257.533
204.234
220.263
384.989
605.625
337.597
747.158
432.476
244.041
343.166
247.027
556.688
795.354
470.024
465.69
372.704
324.12
369.34
354.952
284.552
476.764
379.683
900.247
468.309
359.711
365.923
304.25
667.325
943.27
495.199
872.9
949.208
406.118
219.877
197.154
417.97
777.412
1010.67
688.758
651.453
342.014
277.354
217.013
358.68
627.759
690.026
1070.29
803.821
322.522
310.863
237.239
389.411
988.44
900.567
955.906
831.698
210.229
255.923
183.239
475.919
868.67
935.592
773.173
664.4
374.793
309.27
223.716
368.498
699.357
729.916
994.097
719.571
264.513
191.75
134.164
291.901
919.579
819.914
1041.21
747.786
283.648
252.395
281.949
523.238
986.882
844.258
930.713
678.892
242.199
423.456
265.473
418.65
883.468
773.392
855.152
612.552
333.6
260.184
256.047
365.266
813.554
694.089
727.765
507.936
323.338
500.021
428.668
503.474
721.546
562.507
566.62
461.422
365.563
367.641
300.042
503.222
579.985
473.215
732.906
472.295
317.178
439.485
336.152
307.268
698.729
541.926
916.927
567.591
350.001
450.285
386.888
395.817
875.742
664.661
1046.25
435.61
224.311
254.602
231.087
482.933
1035.8
555.8
902.727
380.888
170.915
213.829
252.244
361.806
893.322
480.503
751.131
317.024
294.184
406.838
288.168
411.24
771.561
380.979
831.212
291.804
248.674
404.15
240.473
414.231
845.481
365.894
1124.08
397.889
166.562
256.277
222.493
591.737
1157.4
518.688
483.291
300.076
286.79
291.148
286.474
440.892
508.653
317.478
837.017
458.676
351.876
281.184
268.684
740.148
901.815
470.873
673.441
916.892
513.567
243.026
318.559
455.708
603.1
925.333
545.894
454.568
204.064
122.412
155.952
349.615
508.857
513.72
1094.65
764.235
283.997
185.357
155.947
298.438
1006.99
884.195
853.568
755.862
295.726
195.265
212.939
307.412
767.611
844.32
580.232
523.477
252.883
284.83
159.196
394.183
579.024
574.431
799.672
515.784
308.025
303.868
236.905
405.579
758.801
593.297
616.216
419.809
238.988
147.92
239.835
285.986
592.061
465.707
1093.7
464.115
236.724
278.68
214.979
406.916
1080.05
595.974
713.317
370.815
182.273
189.746
163.323
296.633
696.07
444.748
340.135
301.141
323.908
521.629
517.487
297.055
336.703
307.523
606.59
389.078
270.536
207.753
178.399
321.919
589.36
430.487
748.345
459.291
473.684
407.885
467.405
419.932
735.836
518.517
1078.72
539.353
291.121
270.478
269.837
481.425
1058.23
651.808
971.781
492.796
341.629
386.951
346.244
363.222
943.656
606.277
1032.64
496.586
123.505
109.966
137.953
327.869
991.225
630.966
1231.77
595.686
135.142
154.001
202.441
425.996
1195.81
747.676
821.956
397.533
170.461
198.46
181.52
483.833
846.415
463.457
930.315
331.098
293.422
361.311
240.903
432.542
942.464
429.19
603.035
432.883
258.531
302.017
217.709
278.399
579.573
491.066
1013.26
496.813
239.594
268.271
225.011
658.962
1042.53
589.477
757.835
834.297
367.789
146.219
298.817
421.431
672.119
880.787
564.032
440.387
227.818
255.063
231.592
290.928
518.352
489.527
1056.7
703.768
287.547
210.566
221.252
319.041
979.098
823.286
813.735
745.716
215.373
139.651
135.418
399.907
732.258
825.584
978.331
629.045
346.569
253.231
261.613
408.055
911.02
749.497
662.63
503.757
283.238
161.799
143.593
330.692
633.342
561.719
1185.46
623.918
233.075
244.048
204.673
395.658
1143.08
757.684
1044.72
451.279
164.007
184.317
132.702
389.007
1031.34
578.245
971.638
444.73
170.834
214.79
217.496
456.049
961.529
554.583
498.948
377.774
320.693
696.5
502.715
337.044
486.352
404.324
860.41
485.964
307.942
261.523
327.798
412.897
837.735
564.68
632.937
419.895
338.471
392.849
287.205
286.221
605.696
465.559
1356.16
669.578
249.106
187.227
171
427.049
1308.51
831.054
593.092
480.633
417.528
373.109
340.11
278.467
556.408
511.84
944.032
508.682
244.045
341.925
248.809
373.866
908.081
601.65
833.822
412.38
208.186
214.805
215.549
371.362
803.174
511.046
1008.48
470.406
224.025
349.094
193.676
472.342
1022.17
554.465
1016.56
435.389
206.062
238.991
161.645
407.97
1008.03
554.332
463.167
362.79
307.915
312.863
220.416
345.939
476.539
385.131
1275.08
496.312
302.409
279.891
264.943
662.118
1309.54
614.221
846.592
726.839
365.44
350.711
384.276
299.796
763.877
794.546
872.527
821.576
337.364
295.884
332.645
376.703
791.13
902.707
753.345
648.103
310.887
234.495
296.577
354.515
679.714
721.294
933.762
590.219
227.368
214.967
242.012
319.492
864.541
703.831
987.716
696.579
211.386
179.788
161.719
364.87
908.355
806.33
749.673
403.692
252.461
317.411
241.314
273.886
707.223
497.212
1050.2
506.169
173.347
266.157
202.723
351.258
1018.1
634.802
926.3
424.572
127.415
165.638
131.379
334.637
902.583
544.61
291.219
245.909
293.519
388.896
393.65
266.18
286.088
254.961
390.141
364.963
264.347
367.684
371.559
360.648
384.142
383.742
507.05
465.963
301.305
348.783
288.431
289.418
461.185
512.724
800.499
607.373
273.434
334.041
276.732
333.495
751.329
685.001
681.244
498.539
217.552
212.939
240.483
347.505
640.945
565.002
690.916
578.24
291.689
397.511
267.459
245.791
625.067
642.567
980.341
442.894
263.797
174.035
224.796
492.917
979.534
534.28
1002.92
466.253
202.54
302.451
195.706
371.145
986.83
580.286
1008.08
422.361
182.013
297.368
196.54
340.243
993.723
529.3
962.95
459.219
320.843
216
163.663
426.965
968.823
542.452
745.605
431.197
244.464
224.29
198.581
358.897
740.547
497.577
1087.39
516.126
256.642
313.931
301.938
792.073
1149.45
600.89
830.276
854.426
342.608
219.132
243.988
533.884
761.76
921.616
773.708
661.353
323.248
497.735
335.333
289.064
702.255
739.052
887.834
705.332
238.42
341.664
185.132
362.144
810.58
795.133
1035.51
709.887
243.05
157.612
187.909
303.727
956.156
828.955
1010.12
653.696
151.018
119.391
84.0615
292.545
937.138
770.486
920.822
527.413
177.618
203.959
148.524
257.307
863.458
644.135
656.051
466.727
241.036
314.675
207.27
204.213
601.387
538.225
972.843
463.671
261.564
244.859
222.003
481.511
961.238
570.704
300.456
175.745
180.121
255.616
237.431
197.194
310.534
190.446
435.61
277.012
144.857
249.279
227.066
327.117
440.435
303.118
505.189
409.413
241.351
233.483
212.983
230.447
465.612
464.53
432.299
412.458
287.596
281.604
233.964
344.159
412.001
426.396
688.347
526.754
319.798
299.591
180.945
236.48
644.922
575.213
724.895
409.242
329.321
460
286.448
316.412
690.605
482.921
1113.21
557.631
267.577
292.311
359.324
429.517
1064.2
703.21
951.029
447.031
179.342
236.798
121.585
331.108
922.717
563.083
941.672
386.445
239.472
416.817
190.769
364.89
942.827
483.979
673.267
371.832
344.783
320.995
354.411
385.749
665.586
417.608
482.428
359.456
320.207
257.531
278.015
393.23
476.364
386.298
1134.54
616.497
320.575
306.389
263.888
777.221
1193.16
667.938
758.759
711.92
360.488
399.827
334.01
474.623
776.79
740.37
679.482
725.474
374.121
235.239
216.574
322.179
598.543
751.098
788.809
770.897
263.432
197.99
236.959
394.37
710.417
843.516
608.555
428.401
195.869
208.624
147.141
285.699
600.738
479.397
1034.51
623.555
244.18
242.071
189.72
326.108
969.94
748.088
815.77
569.092
146.147
80.5838
97.8417
243.456
750.542
662.078
731.391
358.589
210.668
186.013
155.706
281.956
710.56
435.748
856.21
455.271
191.165
222.529
216.774
353.923
827.918
551.662
418.965
239.868
261.957
317.088
169.796
271.321
427.141
273.823
494.584
277.549
275.589
386.521
308.453
420.519
510.284
295.194
364.465
480.684
519.891
468.18
236.895
270.779
340.999
466.25
405.678
430.375
232.37
316.849
227.133
279.787
375.102
453.49
681.244
509.378
307.464
227.363
209.94
341.572
649.429
561.211
726.903
411.447
219.474
304.494
349.439
319.121
688.599
496.801
869.68
520.911
291.818
350.909
276.058
316.593
818.146
612.774
1097.3
529.029
147.831
176.68
141.645
384.266
1067.01
662.803
716.361
334.875
239.96
216.975
300.562
416.699
742.67
376.966
811.439
387.775
147.546
298.032
334.513
363.604
787.506
493.393
648.688
346.024
289.765
293.335
329.908
327.398
629.919
390.107
1571.42
638.206
267.056
179.505
210.277
712.626
1573.04
820.116
762.644
795.831
397.213
248.08
212.872
322.128
687.193
843.124
895.261
901.053
307.195
260.587
208.437
479.668
813.304
985.454
681.068
672.469
248.533
167.326
166.708
284.945
610.536
739.024
917.893
604.517
295.491
235
219.593
310.494
852.142
712.851
976.047
549.426
154.042
176.382
175.48
332.013
925.052
666.299
1072.78
614.5
204.767
159.245
182.308
333.532
1024.61
730.037
522.791
378.635
223.158
226.597
187.128
247.6
493.412
432.337
552.51
365.958
254.877
270.759
224.274
332.167
548.638
400.683
466.347
198.718
284.529
477.024
343.241
369.817
486.832
226.779
355.166
179.344
260.95
249.253
192.846
282
371.5
186.62
525.914
494.767
366.209
333.385
275.524
338.806
501.015
534.717
463.689
415.559
291.446
290.933
290.57
268.995
443.435
441.71
718.083
530.99
198.494
176.885
190.602
338.622
684.344
599.626
895.289
594.866
229.648
205.082
198.764
284.007
826.33
697.125
1105.53
581.763
197.954
161.221
159.262
353.524
1055.62
714.675
1280.23
636.078
197.322
155.238
141.619
426.403
1238.25
792.845
503.926
274.302
369.338
579.962
509.721
403.456
503.784
288.116
555.114
336.087
249.63
265.262
300.781
336.005
583.425
353.208
585.31
307
246.245
329.579
344.171
281.401
586.249
351.056
1506.85
665.97
254.99
286.157
248.262
727.401
1510.04
826.231
1064.86
920.932
404.273
163.697
222.548
410.682
979.86
1006.96
1014.55
892.943
281.542
162.113
229.898
418.821
918.288
994.779
808.891
749.364
301.981
155.005
211.24
364.409
723.957
811.931
913.485
677.376
230.678
227.541
200.055
328.905
834.84
774.851
985.261
755.789
250.93
154.908
147.047
431.386
925.093
851.53
719.094
475.431
162.251
123.918
155.619
245.951
671.146
556.102
612.273
393.888
159.218
221.633
167.233
213.054
577.498
456.384
524.35
383.457
181.152
232.407
162.258
320.016
508.547
431.189
371.466
314.495
279.466
432.289
227.325
207.166
355.309
335.058
483.919
253.634
163.269
155.306
258.639
304.691
481.628
292.645
404.717
308.065
337.139
393.148
283.374
246.67
387.293
314.475
466.686
520.692
291.99
200.517
210.476
351.615
455.219
520.075
612.133
425.147
269.749
388.654
230.663
190.219
574.483
475.71
999.485
626.195
240.393
197.228
137.481
294.83
935.001
742.862
1253.77
662.571
224.577
243.278
200.73
381.009
1203.14
809.093
660.877
677.913
288.947
185.444
213.218
439.165
626.646
724.37
896.149
410.203
221.078
198.311
198.51
325.145
874.16
498.222
691.125
330.619
214.647
311.846
257.199
283.861
687.055
392.078
1054.87
450.183
175.614
169.563
185.628
468.747
1061.43
557.444
814.681
525.019
256.81
232.247
210.762
580.872
858.08
569.896
864.578
844.399
477.438
423.241
359.65
439.435
805.518
877.119
795.141
731.59
341.986
199.135
215.642
345.81
720.086
778.888
803.208
809.565
253.815
146.77
205.416
456.814
739.648
883.411
956.359
736.325
271.99
134.056
170.389
348.676
876.939
825.638
824.675
673.759
300.434
153.042
197.752
334.775
764.79
742.852
878.354
523.288
188.665
148.866
141.876
258.214
830.002
622.913
340.629
271.031
369.381
393.071
249.749
216.686
340.596
272.616
264.596
227.601
182.363
402.643
295.691
263.608
267.848
233.973
322.03
234.802
191.07
233.546
218.309
296.417
334.112
240.59
371.723
298.917
424.945
458.62
413.19
391.326
387.861
288.847
358.782
521.304
628.794
634.298
473.172
479.663
350.124
470.551
367
288.25
291.727
260.826
264.803
260.591
354.653
298.467
475.43
319.489
259.208
377.808
211.181
183.668
450.405
362.502
758.469
597.278
268.699
280.492
258.588
258.071
703.429
669.031
840.736
560.047
202.571
141.539
115.186
305.344
792.315
647.516
882.765
435.808
226.615
102.025
145.632
292.057
837.347
546.644
1119.52
494.693
240.841
255.897
194.738
553.173
1117.28
607.322
757.285
312.129
237.109
267.821
300.848
330.713
751.233
396.541
753.85
456.229
234.876
356.938
277.988
372.609
756.463
493.407
802.261
438.723
355.199
290.189
279.428
712.777
864.832
469.556
