887.582
957.545
422.976
228.833
282.672
459.46
797.729
996.49
544.985
787.386
439.031
114.42
254.055
480.658
542.227
768.592
267.099
610.642
647.389
484.551
503.275
522.231
249.401
543.245
523.966
818.764
755.824
444.063
454.999
357.956
457.343
780.735
552.07
959.266
752.798
411.845
376.402
357.01
474.03
922.871
229.438
630.569
731.163
395.945
351.585
409.624
203.633
545.259
282.241
589.917
861.802
754.398
420.343
368.91
263.711
516.928
298.442
400.278
858.41
924.227
528.688
300.958
293.51
347.148
184.936
284.137
648.542
937.146
533.184
183.452
176.331
247.859
356.248
296.57
432.504
967.518
514.76
252.325
345.96
312.782
231.934
206.402
325.981
771.419
664.69
301.496
248.266
207.049
190.27
332.106
384.925
879.61
877.984
466.9
193.369
310.239
236.446
267.657
343.236
828.502
908.044
528.483
248.098
248.395
434.587
448.371
439.56
516.315
756.424
634.692
437.062
425.774
363.484
316.404
370.569
328.387
484.745
592.072
388.712
311.746
225.233
268.605
314.173
252.338
346.696
443.117
244.412
255.033
644.8
437.083
386.178
178.136
562.677
941.31
724.27
446.213
717.447
554.099
385.133
275.595
472.244
875.782
776.386
565.058
560.293
492.671
332.986
208.878
338.675
767.761
625.159
497.238
1054.95
402.646
280.678
198.57
283.269
702.365
1099.86
490.299
948.839
964.775
422.464
275.056
211.863
505.263
861.495
1046.41
624.987
557.022
428.792
264.798
242.424
314.601
622.893
570.552
491.719
789.117
730.922
371.664
372.925
423.899
485.127
736.829
535.393
855.078
759.565
316.565
397.356
420.151
467.004
812.726
432.572
868.702
618.022
212.075
331.384
459.497
374.401
821.294
367.793
617.721
713.615
403.459
323.211
309.826
369.866
573.154
249.557
430.044
768.083
487.773
435.346
252.033
244.452
363.631
604.057
672.232
567.774
328.1
299.303
302.398
557.883
661.617
339.86
362.421
470.97
859.438
535.791
359.061
354.062
364.445
258.812
303.643
556.667
898.681
543.931
235.889
247.634
297.135
235.435
224.059
494.412
968.709
648.615
307.108
250.796
223.066
256.66
286.401
441.74
881.793
912.312
431.335
246.038
278.837
209.27
309.884
470.087
511.282
885.794
637.68
239.862
267.493
365.997
344.221
457.623
497.573
808.991
759.332
419.927
345.118
594.235
426.121
264.204
174.312
428.714
731.77
639.111
451.448
385.062
323.534
356.422
288.191
395.468
552.212
380.355
336.808
767.446
450.808
371.54
269.164
474.815
853.129
830.925
470.231
655.505
476.32
320.684
328.172
495.968
773.496
712.676
522.975
501.624
427.49
436.357
159.442
427.053
752.907
559.73
405.995
819.67
431.819
275.501
247.171
318.722
763.612
887.422
480.91
972.709
966.148
440.28
249.515
254.038
376.781
877.11
1045.37
793.652
871.617
472.203
330.923
294.142
379.729
716.954
920.887
547.286
768.289
509.738
359.289
302.896
446.424
550.737
753.443
401.428
714.5
561.34
261.369
385.117
343.703
352.882
684.98
354.527
605.164
602.988
265.39
333.313
367.322
337.993
549.557
450.035
818.37
725.518
314.405
409.335
473.599
414.086
761.608
265.523
637.079
784.263
487.156
328.313
370.005
245.15
555.191
278.568
526.772
729.584
532.485
414.488
384.51
274.629
452.723
333.321
477.699
852.796
838.71
458.649
316.387
334.575
418.525
222.574
234.454
532.272
1244.01
643.994
234.215
216.197
227.711
206.839
199.198
495.33
1320.24
761.987
246.513
201.296
202.755
200.998
368.898
429.771
880.364
848.064
446.141
199.211
334.551
276.034
233.183
412.876
479.515
840.818
628.949
310.473
231.786
501.289
351.096
385.798
462.877
735.257
631.778
499.207
373.167
429.019
358.133
344.432
359.855
543.884
820.054
503.257
346.763
439.937
360.443
410.077
420.432
379.249
519.189
452.416
367.264
717.778
509.875
390.925
348.829
409.206
836.586
788.058
526.296
552.886
303.874
281.921
388.441
355.442
571.406
599.752
307.711
276.155
269.842
425.939
388.13
361.08
431.148
296.959
256.803
652.148
459.203
243.065
372.6
335.194
452.021
676.615
505.123
892.256
923.261
484.147
202.478
280.781
614.584
853.327
968.775
741.74
672.832
313.725
315.282
230.915
301.594
661.795
739.173
661.558
756.207
382.861
285.796
368.107
352.399
585.219
794.143
741.657
788.436
457.25
316.903
292.51
331.464
670.111
816.83
497.69
718.167
595.754
304.861
264.947
285.383
452.144
701.181
574.093
724.303
825.466
455.885
460.673
534.165
543.471
652.848
409.809
741.814
651.086
292.01
377.268
445.259
371.04
695.961
444.463
736.3
838.921
544.916
415.601
299.225
398.049
699.236
271.403
641.767
789.419
522.571
332.898
316.861
241.162
568.282
142.928
213.466
600.7
960.913
575.99
165.636
134.989
179.086
257.803
201.898
415.627
827.417
552.873
344.825
272.072
212.851
216.064
224.389
417.855
819.466
864.267
454.558
226.533
205.817
251.583
371.083
456.582
638.18
784.072
705.484
283.6
327.174
583.688
562.048
430.699
228.261
601.888
895.923
617.614
567.699
481.88
433.132
391.6
254.987
614.05
811.925
518.661
436.77
548.567
363.21
343.808
336.502
349.514
681.025
602.435
362.832
701.972
497.422
281.682
255.678
304.715
720.164
764.623
540.143
738.64
365.212
296.637
506.667
419.104
731.663
797.048
407.084
470.672
368.548
277.248
216.813
236.575
526.555
522.832
377.864
683.415
319.593
278.901
410.188
300.616
307.491
670.096
371.94
756.943
851.526
544.944
351.172
366.895
364.016
679.716
880.5
674.314
672.26
267.35
229.782
218.646
415.252
629.037
727.214
662.67
701.978
325.762
229.093
285.082
387.765
588.742
749.316
766.011
811.788
323.039
170.289
198.55
430.031
709.438
871.568
740.131
680.294
327.491
427.847
269.151
364.523
680.946
751.197
659.588
755.76
663.383
319.28
349.163
472.485
671.052
725.635
490.704
813.022
612.106
343.606
318.402
351.51
423.284
786.629
435.239
611.517
697.289
505.707
444.05
340.4
401.869
584.901
250.235
537.408
897.175
701.186
571.405
309.501
230.983
467.959
281.697
328.069
630.632
927.952
467.348
227.701
264.422
318.035
340.015
292.645
338.973
866.298
584.474
349.855
328.118
308.673
313.623
220.916
311.437
611.076
676.028
465.075
328.692
216.154
367.628
319.866
382.549
498.032
734.07
722.561
408.669
332.96
527.576
429.445
517.17
228.965
598.719
875.566
595.526
383.127
591.798
394.286
319.498
417.383
508.378
805.514
653.661
433.804
551.511
315.621
158.866
128.743
180.478
502.135
597.991
358.628
363.503
389.761
303.05
438.294
341.821
381.319
362.57
393.457
726.901
367.471
243.689
286.789
401.603
786.151
799.569
398.925
599.408
444.96
362.43
338.236
225.636
436.426
629.938
481.695
1078.89
421.894
256.186
239.06
323.945
620.609
1099.75
530.266
954.181
855.077
421.802
283.146
264.065
407.68
882.419
907.746
659.652
538.792
235.914
263.859
326.787
329.164
600.994
607.42
666.217
646.543
410.951
518.091
318.016
486.004
638.031
710.098
567.301
621.109
373.937
379.776
283.233
384.498
516.464
644.161
457.236
540.908
253.196
296.009
239.137
305.893
446.283
548.769
633.519
809.33
598.687
282.248
431.013
486.022
608.187
795.601
500.066
783.151
613.818
376.765
371.43
392.198
462.31
757.888
526.935
784.822
701.406
444.766
406.982
463.563
487.758
763.79
366.933
592.493
775.996
599.057
439.271
262.677
328.806
552.236
211.147
423.55
817.971
707.044
613.13
319.292
205.344
363.98
215.429
223.652
471.111
948.161
663.258
271.871
215.618
214.82
536.549
405.319
440.586
495.771
657.593
471.544
515.437
443.422
342.706
249.383
278.475
410.178
606.583
505.235
353.452
269.258
344.51
411.043
353.81
256.677
477.437
790.508
414.077
376.995
462.353
329.348
291.47
232.486
512.68
840.346
531.339
329.452
557.22
492.68
418.504
275.452
455.942
611.414
569.308
472.09
440.929
365.957
171.682
161.805
229.887
500.48
439.393
389.627
320.097
392.533
382.543
298.628
395.443
573.007
353.536
353.493
456.502
396.656
256.64
363.804
430.735
403.604
462.41
435.955
606.605
282.714
202.143
315.103
275.426
412.004
633.632
327.992
815.682
759.077
355.866
417.375
344.653
451.012
754.449
829.331
780.699
526.357
249.43
232.406
229.162
539.985
776.86
602.866
953.225
706.839
328.831
233.629
203.799
374.608
891.838
793.023
812.087
807.159
367.931
247.406
226.726
338.29
733.188
864.017
427.782
461.574
326.502
241.035
251.771
293.623
388.269
472.846
455.6
642.039
504.609
300.14
204.479
280.715
402.93
637.715
666.684
852.073
462.995
333.403
284.46
418.542
599.49
867.605
541.048
806.874
693.306
508.933
334.029
421.006
506.802
787.914
366.173
633.096
704.585
495.226
328.442
321.962
327.044
579.639
257.273
353.78
583.556
592.967
401.798
246.912
243.572
322.762
247.042
249.045
592.635
890.55
486.037
181.285
241.212
239.098
286.039
359.54
544.454
632.776
746.677
587.524
317.36
320.844
342.959
294.729
343.426
363.037
531.647
656.231
378.844
296.283
478.657
419.278
442.48
431.318
493.857
632.077
492.023
428.615
536.44
276.335
245.419
274.238
333.145
678.119
597.798
273.921
359.249
308.081
288.452
220.222
239.854
558.105
408.753
291.473
422.32
292.826
243.244
190.828
201.03
349.175
425.117
304.003
664.976
369.622
210.403
172.015
268.292
634.261
722.441
405.034
573.431
328.626
284.27
377.142
253.735
487.164
608.147
346.539
508.338
292.74
193.366
208.599
166.963
358.578
513.404
344.381
898.299
863.407
361.84
216.147
260.477
439.025
810.658
941.517
543.118
536.752
336.956
267.69
246.485
348.848
490.098
576.213
709.31
743.763
359.779
347.208
298.476
380.673
640.525
784.66
735.518
698.554
352.259
347.595
262.833
319.676
670.396
754.443
610.948
722.792
398.58
333.062
225.474
420.479
577.802
737.039
675.05
726.87
442.521
258.694
272.022
498.966
633.854
749.904
636.634
820.914
514.676
416.916
340.841
522.803
587.939
826.007
568.177
668.357
437.903
335.179
288.04
274.204
510.196
680.359
587.334
682.66
568.924
433.358
342.605
378.184
544.073
689.105
318.817
467.901
601.392
705.493
389.073
339.695
316.479
433.821
283.222
295.923
429.604
596.944
474.387
395.867
297.019
286.707
412.618
270.538
479.323
515.613
546.387
460.679
431.853
279.156
505.668
435.845
255.54
337.947
430.19
460.884
529.019
447.788
593.702
375.38
370.976
368.323
399.208
698.261
637.018
376.812
532.777
499.333
323.346
296.015
376.301
512.945
562.626
523.786
685.907
315.198
280.338
239.127
306.822
576.509
731.648
357.561
472.242
439.286
352.266
345.164
317.432
375.201
488.969
456.428
562.308
444.568
248.292
255.902
267.412
519.027
544.005
505.073
448.16
316.188
324.792
613.21
431.398
422.94
477.909
343.553
549.291
278.348
234.901
461.167
382.949
384.727
544.188
330.477
912.722
888.776
369.853
394.497
318.985
467.403
844.055
958.39
771.831
604.8
253.432
271.632
227.231
356.011
705.008
687.052
791.314
627.384
257.628
309.668
261.018
327.137
733.09
702.534
634.818
867.747
411.563
305.325
246.504
465.175
563.549
880.776
980.341
505.367
318.435
250.244
275.95
443.308
987.438
577.057
907.515
771.382
358.952
303.67
239.812
347.719
841.834
836.72
835.658
739.988
392.534
303.602
252.099
300.435
770.24
804.9
639.45
634.624
483.724
537.738
370.081
341.855
588.288
664.285
578.88
602.44
462.915
462.976
354
293.091
529.607
631.145
435.183
532.851
522.77
381.261
332.621
429.058
424.008
526.075
299.476
334.926
379.977
475.667
344.586
345.264
288.093
318.879
221.152
281.489
319.378
417.821
453.355
372.947
229.166
267.117
559.88
381.464
318.649
420.141
355.282
486.82
581.732
416.642
483.734
406.8
313.093
207.482
335.363
605.317
519.853
418.795
489.792
335.063
215.745
331.652
388.321
447.758
522.97
369.349
710.53
472.365
219.196
339.761
256.352
632.522
766.974
518.691
566.18
326.897
243.97
319.792
260.069
392.82
600.007
369.746
569.984
379.745
271.108
336.935
245.26
429.52
561.905
429.765
558.624
328.473
263.516
275.088
263.778
416.913
596.525
348.348
482.392
462.358
390.304
578.431
312.273
313.15
483.766
475.333
657.168
695.1
357.347
384.497
388.112
371.212
586.112
726.439
698.257
671.349
397.112
177.579
317.919
348.883
623.109
710.747
754.375
650.976
293.168
254.926
218.379
357.625
692.979
722.215
784.09
574.867
282.101
218.853
282.925
311.539
721.453
652.298
792.011
753.193
276.027
228.657
229.435
561.384
740.233
836.474
578.493
460.051
307.456
178.244
229.207
247.969
538.826
490.789
871.773
578.633
350.325
378.905
242.237
326.662
827.907
670.221
699.436
716.956
455.604
219.866
267.23
371.61
640.622
754.71
623.359
584.625
328.525
257.694
214.929
271.309
577.468
620.73
399.763
396.724
266.707
315.563
328.784
317.845
384.284
412.667
339.77
213.737
307.163
606.104
432.017
178.623
329.415
235.097
493.324
353.397
389.182
413.485
399.914
586.747
541.877
364.74
599.796
523.917
306.577
423.574
290.187
523.368
635.481
538.902
529.279
365.894
307.099
348.126
375.216
478.832
558.286
368.659
541.751
277.634
186.442
224.945
152.042
352.424
564.273
303.342
515.978
199.923
240.227
549.186
318.798
322.408
536.824
232.91
584.282
392.609
336.824
280.373
276.617
402.735
610.318
418.443
880.476
339.341
246.688
321.367
313.069
413.243
894.157
435.553
608.362
574.05
359.005
341.04
292.134
361.82
603.762
597.687
516.466
364.779
337.843
364.989
235.389
362.376
531.982
406.928
631.19
677.558
389.447
463.257
330.856
380.538
610.63
713.03
739.788
826.694
378.788
209.775
261.27
392.476
652.095
870.423
676.715
559.166
241.278
360.801
226.754
221.1
607.941
628.112
758.545
698.998
269.628
316.391
232.272
353.539
683.022
768.106
1048.68
630.329
243.776
215.906
198.026
321.702
985.058
754.987
741.968
576.348
277.531
321.345
263.178
330.316
679.899
646.028
799.591
564.068
234.898
159.125
246.657
452.986
754.391
641.039
828.382
583.288
222.227
124.422
206.201
361.111
793.302
663.406
532.811
456.673
281.93
268.932
314.99
378.64
499.228
488.604
299.959
348.612
399.335
267.313
379.867
260.172
280.689
336.477
454.45
513.372
339.664
311.847
209.868
288.698
419.539
533.097
501.53
256.961
204.073
213.564
256.365
385.605
516.031
284.292
487.761
408.635
386.256
394.063
330.414
266.831
475.051
416.761
739.286
375.068
136.987
203.753
202.271
431.219
747.815
447.499
456.254
398.554
366.108
312.726
318.761
242.191
444.869
405.613
601.244
374.874
255.022
263.536
255.734
313.148
599.561
406.896
533.077
406.692
338.488
256.905
290.03
361.139
560.019
429.706
893.603
373.772
284.247
399.401
232.594
494.307
924.527
453.07
436.455
361.271
335.476
472.974
341.876
256.403
415.004
380.05
753.282
485.339
339.238
418.447
366.937
504.807
779.995
528.837
595.96
594.446
302.728
271.559
239.901
288.205
531.068
633.514
858.047
632.177
398.755
264.051
281.374
403.483
802.046
692.293
942.956
748.421
337.019
324.977
313.626
359.523
866.938
830.436
456.111
369.649
298.994
353.451
306.838
353.17
432.799
399.379
922.729
672.167
388.465
345.783
368.001
514.986
862.112
762.377
669.607
512.152
300.92
357.671
330.431
442.261
624.921
586.804
840.416
581.288
298.416
393.17
348.369
403.898
800.815
658.369
570.336
297.729
220.675
352.059
324.533
319.504
555.684
364.25
525.493
400.163
204.764
206.734
304.703
321.387
499.418
448.118
643.891
425.358
470.835
391.46
394.142
275.796
612.789
476.975
371.571
286.492
329.304
404.528
275.218
287.696
378.475
280.036
580.989
446.296
265.659
305.936
252.69
319.24
559.747
482.638
649.838
450.4
436.689
419.436
314.586
316.893
647.324
462.137
723.186
414.883
357.084
550.045
410.115
397.147
722.976
455.815
632.216
285.905
209.411
287.899
315.812
232.906
611.535
363.072
770.248
434.13
331.777
248.559
198.394
372.541
775.284
473.524
737.121
417.012
267.564
302.933
181.923
349.039
741.813
460.591
507.632
399.669
259.561
401.486
305.592
504.426
527.842
386.034
383.719
245.847
288.267
292.232
216.735
178.881
367.742
271.714
611.462
327.73
257.126
392.386
419.688
588.409
661.175
374.775
646.543
637.923
195.42
175.596
222.749
332.94
580.114
698.6
541.882
522.686
299.936
289.141
203.117
345.1
493.324
568.571
772.196
671.935
224.773
168.457
212.719
397.788
704.659
748.246
594.677
493.936
269.775
280.528
237.482
330.933
548.022
549.976
660.298
410.739
191.822
230.649
211.973
398.842
669.457
467.44
595.595
499.2
251.54
224.366
259.112
334.397
545.782
555.11
832.889
426.937
244.062
210.563
335.932
401.694
813.714
514.152
710.332
360.213
308.739
331.62
347.039
335.919
691.975
440.854
480.786
291.213
278.836
330.143
360.175
361.109
489.135
317.687
673.245
313.921
255.59
470.562
318.695
295.175
660.975
388.518
752.19
485.052
279.996
297.377
233.731
337.986
718.308
559.528
622.087
418.281
373.143
248.889
239.154
322.195
604.31
444.111
828.42
483.189
252.644
429.227
260.141
334.739
799.333
566.411
699.919
390.744
392.956
428.243
273.399
279.339
675.984
456.069
659.336
516.5
263.074
320.645
266.888
265.729
607.973
578.852
1041.16
563.228
356.312
287.589
185.923
358.86
1006.28
666.76
684.467
483.285
383.304
232.656
232.508
399.54
705.005
500.832
499.749
277.727
151.947
202.641
184.065
324.188
514.921
303.29
432.171
289.639
118.237
158.053
196.783
283.023
431.895
322.888
748.451
429.406
394.489
441.159
330.881
626.142
802.448
464.034
643.405
499.123
282.657
292.005
293.029
243.038
580.143
565.716
965.069
534.565
260.524
446.236
326.085
320.813
918.518
649.559
689.551
585.834
248.34
300.32
275.605
392.387
636.164
647.334
552.28
545.048
244.296
202.914
254.252
336.971
501.85
590.749
535.295
515.039
230.859
244.108
202.915
305.677
484.802
556.1
1040.93
549.213
205.317
219.153
237.133
386.37
999.104
673.032
749.938
388.346
281.002
239.887
258.626
386.014
736.739
461.105
592.063
284.44
260.476
427.728
289.911
295.468
583.55
342.438
519.007
266.63
306.365
427.383
303.467
322.942
527.569
308.637
374.465
288.076
365.191
530.556
471.806
282.359
365.908
304.576
588.932
327.73
315.007
356.46
338.996
250.6
562.295
392.411
511.327
421.668
251.134
327.065
236.526
240.772
472.514
469.233
579.332
396.149
410.064
373.028
343.293
264.708
551.271
450.363
714.139
530.345
288.978
211.003
211.582
336.033
676.72
594.961
828.078
471.028
257.414
532.494
303.612
288.022
798.431
560.389
533.461
330.671
333.202
356.181
176.994
285.016
530.955
352.99
570.3
349.686
242.656
221.071
171.146
323.425
587.402
373.424
523.083
264.168
172.112
215.593
239.656
287.723
523.507
297.711
489.064
364.402
393.693
399.71
246.224
261.632
488.848
385.973
700.061
410.622
475.068
597.089
337.51
466.267
733.805
434.864
547.871
582.75
339.513
418.094
338.316
261.008
492.134
625.266
560.799
471.445
271.257
490.479
400.922
266.461
501.642
528.822
703.315
516.137
269.859
354.474
208.125
202.72
642.375
590.794
642.984
535.663
281.007
272.064
205.265
294.07
589.561
594.834
844.574
473.38
220.653
281.479
165.511
323.875
794.782
573.806
767.658
418.085
275.563
577.378
334.009
335.753
739.881
504.981
926.239
424.241
186.521
227.424
182.578
398.635
914.814
535.549
408.065
208.342
321.477
379.514
423.372
368.6
416.444
230.933
264.757
179.202
216.895
263.976
254.716
219.537
265.559
188.322
276.778
297.408
286.517
326.656
275.585
263.415
278.606
302.502
359.421
334.822
225.805
313.136
254.98
194.733
334.644
359.949
816.838
612.717
288.125
277.63
204.417
387.739
772.487
673.752
790.596
442.219
237.278
283.389
195.385
255.288
758.098
525.02
596.559
503.964
263.049
338.573
239.235
328.03
576.344
546.89
571.512
471.837
405.913
297.807
299.659
305.445
571.871
473.293
429.972
276.277
392.002
422.673
226.785
180.231
423.311
289.869
676.059
352.303
237.464
262.275
172.009
250.328
672.743
411.027
889.69
456.177
232.27
386.021
267.873
342.612
866.516
549.669
477.061
304.869
294.274
272.329
194.989
240.684
471.855
337.299
884.61
399.182
240.692
368.232
256.206
391.512
882.318
490.243
676.903
657.723
245.292
141.335
279.357
360.3
619.207
718.224
668.391
483.803
271.009
378.582
280.076
383.98
639.767
527.807
638.565
506.994
241.337
201.887
223.212
281.116
581.497
569.554
913.811
676.513
216.279
307.625
315.123
483.854
852.461
778.898
736.833
466.672
302.736
348.678
300.784
292.234
688.028
555.783
671.212
422.985
262.503
384.02
294.703
255.507
637.811
487.287
478.292
306.248
241.922
317.404
187.239
232.22
467.405
329.171
616.626
318.099
245.082
315.264
305.076
352.757
606.494
384.302
346.836
271.234
271.13
389.116
330.426
271.609
364.69
267.949
323.712
288.474
243.911
274.33
280.968
312.123
305.164
311.706
430.379
484.898
314.1
342.796
291.912
217.563
384.458
502.656
565.57
516.683
267.891
417.969
283.842
294.272
523.105
560.479
682.228
584.077
282.039
129.839
139.356
253.317
628.646
641.886
615.23
369.33
341.305
630.036
344.753
253.551
591.711
422.674
809.562
429.606
171.32
295.352
214.247
272.062
775.466
525.772
512.127
277.501
342.122
285.35
239.7
283.127
518.342
303.969
471.774
298.889
323.935
352.889
238.174
292.997
467.276
315.668
305.878
297.04
394.609
352.552
256.027
228.318
312.325
288.454
470.269
444.119
404.229
281.086
231.76
291.655
457.796
461.5
603.364
390.826
364.029
335.8
350.047
459.221
639.183
410.508
478.025
536.797
350.742
450.92
306.426
407.997
480.445
534.978
649.782
686.996
303.834
299.565
231.635
416.197
619.423
737.218
500.927
540.625
251.563
215.472
266.705
285.076
443.198
566.523
851.242
406.653
183.692
217.569
177.139
267.939
809.715
510.704
784.32
632.74
190.893
171.935
201.023
428.2
722.773
721.601
951.026
446.004
172.168
202.128
287.754
361.237
927.057
561.442
440.536
318.193
371.526
352.287
333.6
231.674
420.433
343.778
540.794
336.716
232.139
434.796
390.781
356.513
537.371
368.511
404.502
218.83
292.08
453.038
218.046
285.019
412.888
248.67
514.84
450.219
417.187
423.153
287.156
320
485.795
481.778
292.999
353.043
367.086
328.16
281.072
238.421
290.005
348.766
590.056
598.672
289.406
270.389
164.864
250.388
536.666
626.117
708.771
623.659
268.94
221.903
214.924
357.342
659.677
686.787
654.319
456.266
276.065
221.814
232.76
382.422
625.897
493.946
1189.97
649.473
283.992
299.324
314.784
402.458
1139.3
781.269
538.929
354.078
263.52
360.463
266.392
270.476
526.19
390.483
507.069
519.122
359.775
352.824
306.587
353.34
495.436
516.205
544.94
298.6
151.388
325.632
304.559
312.897
524.421
360.302
417.523
402.822
280.453
445.285
458.311
349.89
405.567
429.869
828.964
459.388
274.533
193.424
172.902
400.454
811.932
542.496
564.889
626.99
377.912
228.438
241.582
319.586
510.81
657.332
695.084
684.772
279.079
126.496
146.637
329.653
632.115
735.488
489.313
451.61
287.719
242.3
269.608
368.678
474.9
496.543
814.491
602.637
225.413
199.733
185.521
234.566
745.529
690.504
997.895
486.565
185.186
236.73
198.462
345.413
961.993
612.298
506.218
367.45
253.404
291.316
381.694
319.146
475.288
415.321
517.626
335.97
252.435
587.106
322.563
230.731
492.223
392.848
443.292
296.846
275.745
390.058
430.319
520.321
471.268
308.477
316.052
225.819
321.775
685.47
361.415
233.356
333.882
230.961
338.033
269.133
240.368
335.313
249.728
223.406
334.811
283.16
384.808
547.298
338.835
165.913
146.057
238.194
336.739
543.724
546.624
541.533
315.661
193.728
173.721
263.707
500.083
574.42
727.69
540.454
327.283
238.629
245.692
262.635
679.818
594.894
1104.44
523.491
221.216
266.17
142.946
374.535
1065.85
665.16
760.978
467.507
230.771
361.921
239.698
278.333
727.554
544.071
546.644
379.747
273.977
512.49
344.165
225.923
516.554
428.209
534.092
382.222
375.893
497.258
356.241
343
526.809
383.965
353.612
259.293
206.312
239.888
239.818
163.304
345.32
280.958
354.147
247.989
199.564
416.367
319.2
288.102
360.39
263.332
1088.87
477.794
215.345
345.767
184.261
402.232
1060.97
615.199
795.172
649.471
303.544
306.07
224.997
332.076
747.043
704.525
794.414
615.565
267.523
255.219
195.589
244.98
726.764
688.625
619.111
524.766
205.613
178.814
202.19
263.799
562.37
587.532
734.857
496.021
254.154
247.062
166.932
306.616
684.841
578.141
657.968
457.735
337.795
430.164
327.249
303.557
622.765
524.178
650.357
439.359
162.745
181.388
182.534
325.158
620.848
502.523
488.741
312.289
281.912
356.867
380.52
321.202
478.19
352.417
440.006
306.364
291.765
197.447
172.932
206.784
444.743
315.588
432.214
349.232
402.136
267.246
206.566
308.358
437.283
356.055
316.626
249.632
387.076
378.924
441.887
247.264
301.619
255.256
278.385
310.26
248.101
285.289
171.044
286.758
268.268
312.599
334.335
445.051
344.006
164.764
178.491
282.578
316.836
436.17
458.784
528.502
314.489
291.765
157.14
296.238
432.004
537.053
814.907
646.679
268.985
260.014
223.609
325.991
751.83
727.863
990.114
641.995
228.518
282.426
177.273
347.963
927.273
751.038
650.182
525.245
384.859
176.741
234.923
281.15
597.325
568.559
766.338
425.075
281.627
255.842
230.015
256.459
724.142
513.937
411.738
196.707
289.802
537.258
448.092
237.291
407.799
229.595
601.473
345.465
269.286
265.808
203.871
336.149
619.497
379.154
552.586
511.759
338.306
374.523
294.066
450.564
581.16
527.272
690.451
709.97
342.68
337.606
290.349
512.014
649.418
752.825
799.441
680.27
305.123
448.441
328.499
479.811
738.729
764.008
522.199
515.949
279.005
279.389
175.374
383.307
498.157
552.163
910.637
588.368
283.307
288.373
183.852
319.402
863.826
668.067
587.262
418.317
206.901
302.721
186.852
216.696
551.765
465.012
629.214
398.286
295.052
351.976
329.684
273.012
598.001
461.789
301.911
211.723
279.768
373.119
274.912
237.981
291.692
231.239
512.811
231.335
254.203
354.423
369.873
307.528
519.228
276.07
321.285
202.467
165.668
266.659
227.714
292.902
337.124
224.512
247.451
286.506
272.947
344.378
326.213
324.001
239.671
275.028
216.359
281.754
295.607
289.605
333.772
215.543
202.439
270.232
279.436
449.361
342.98
268.05
204.624
168.943
244.878
434.75
723.338
417.744
299.427
222.584
214.529
279.503
693.426
486.273
893.365
613.362
274.467
365.25
264.597
333.533
835.008
703.144
886.761
588.666
220.305
220.38
230.342
344.265
834.393
683.489
669.811
386.302
308.461
380.893
256.098
278.876
629.222
471.056
449.71
433.979
263.923
280.158
281.475
266.631
429.378
444.079
502.799
330.615
205.054
300.441
348.44
373.401
507.457
353.602
652.741
479.023
296.259
479.447
330.52
313.376
642.522
527.688
375.762
228.229
236.672
256.233
276.074
332.358
397.234
237.519
