790.098
916.03
447.567
233.306
212.189
358.936
701.456
944.856
471.335
770.721
473.853
351.462
254.992
477.569
437.222
746.972
437.604
718.276
562.46
340.634
282.957
390.248
423.657
688.513
551.195
949.752
740.165
324.359
344.964
484.207
503.623
906.318
512.648
883.851
812.252
392.411
389.499
451.744
461.112
837.171
236.776
551.493
700.726
399.169
340.999
307.868
227.477
481.834
290.934
565.424
900.701
816.107
472.343
345.42
288.261
490.314
194.209
379.586
762.708
861.489
388.224
247.561
185.004
331.718
251.687
277.244
686.762
1002.78
555.725
158.177
234.23
264.793
261.7
218.631
548.5
989.26
613.542
162.251
245.943
217.402
165.838
189.141
375.345
951.999
798.677
358.581
180.284
161.772
215.005
304.42
497.289
718.932
924.811
548.377
226.042
278.239
304.034
284.468
435.331
498.515
769.932
533.584
295.954
293.892
390.487
333.292
399.505
298.385
585.89
624.664
390.549
341.766
176.454
229.188
227.476
291.525
290.935
333.81
176.114
225.22
474.776
409.282
284.763
230.918
500.626
831.306
524.788
407.689
724.254
385.898
373.299
200.392
559.881
871.7
799.189
413.024
553.656
466.053
315.832
172.569
333.771
788.155
620.552
462.627
838.019
385.13
216.858
182.752
296.824
789.875
900.29
444.432
925.367
482.481
238.817
188.292
215.11
726.242
988.083
541.036
1047.05
932.444
369.881
168.739
195.431
423.797
955.656
1020.1
483.641
661.734
520.773
317.004
330.721
384.508
485.511
631.814
543.68
886.345
645.62
271.66
349.7
474.066
482.088
852.473
462.383
860.404
694.868
333.798
266.642
355.875
413.043
814.581
410.569
719.36
613.961
290.79
297.97
338.674
387.353
675.741
362.336
689.484
802.208
468.013
317.995
339.374
349.088
627.148
368.414
521.935
799.097
573.338
438.944
442.036
368.815
457.621
356.548
494.106
471.813
393.195
275.937
195.081
323.328
475.598
257.083
301.895
487.493
790.774
447.363
258.987
254.962
280.644
286.96
336.239
496.004
1191.64
617.792
368.728
296.198
336.031
177.42
195.686
353.355
937.309
763.542
318.145
174.953
191.695
263.656
350.306
424.425
692.223
886.78
553.662
275.264
327.569
301.763
298.346
364.133
468.882
804.621
668.58
330.914
285.75
440.023
425.67
405.027
321.815
592.774
682.159
455.793
402.708
480.096
327.896
308.005
458.697
384.914
462.412
478.114
358.858
578.692
504.933
306.984
325.029
360.082
569.162
616.475
502.714
522.375
451.827
309.813
284.302
497.853
721.809
536.41
486.576
672.299
403.573
411.724
365.129
521.743
819.849
740.277
427.939
936.196
409.79
160.124
208.013
201.819
601.032
978.341
492.993
840.129
365.48
288.217
365.066
259.637
618.923
891.723
424.937
1006.37
909.42
374.84
201.099
181.013
433.307
920.519
994.989
574.664
900.679
495.08
201.449
264.693
452.166
508.094
887.305
543.844
827.518
651.305
225.772
359.377
469.439
529.912
789.272
411.791
661.494
563.372
276.404
287.238
345.8
395.042
625.689
307.376
681.741
680.733
309.646
301.724
358.161
288.732
616.643
409.429
765.916
766.728
444.771
382.353
380.075
364.633
719.218
267.631
598.81
818.169
502.684
431.162
328.016
249.615
526.221
200.634
444.494
753.757
588.539
392.18
306.403
196.742
374.958
259.816
398.997
805.827
863.763
368.067
209.509
242.042
351.783
173.76
179.324
511.859
1089.15
622.088
238.957
174.634
172.595
156.125
173.555
423.211
965.163
832.228
299.782
160.632
168.205
301.883
267.259
554.856
809.423
914.094
457.171
298.743
263.209
318.021
458.312
451.529
407.297
766.417
825.141
359.809
405.178
354.291
283.45
341.313
341.389
580.616
607.165
383.263
277.917
360.793
544.503
287.645
277.021
400.978
685.929
396.74
507.104
706.901
324.1
289.993
430.565
436.781
766.452
766.561
358.973
861.974
336.009
323.498
354.256
453.868
819.813
925.586
405.541
632.869
417.514
410.912
260.268
343.69
507.611
630.038
457.104
467.167
348.979
201.603
363.557
379.263
370.588
481.793
386.488
998.812
427.312
208.717
208.348
221.364
607.263
1037.29
513.124
769.891
797.195
422.013
334.682
330.931
440.867
713.303
852.103
635.408
672.99
302.473
225.61
226.795
282.963
555.948
722.241
601.165
756.24
517.744
496.843
362.139
307.247
531.878
771.221
768.023
784.684
348.062
231.884
187.04
358.28
701.419
846.772
474.094
801.153
687.244
291.584
430.87
487.576
452.195
755.275
605.774
819.969
734.059
449.844
385.775
327.657
542.274
815.135
360.95
672.27
631.087
269.887
309.25
329.287
308.132
626.53
269.48
633.589
913.681
693.18
503.118
370.355
241.899
554.764
225.633
426.179
692.922
619.607
304.073
234.084
222.398
374.982
335.872
249.667
480.531
741.943
405.351
187.963
326.144
248.09
183.007
182.067
431.916
930.019
787.413
320.188
184.304
176.415
270.244
289.2
432.314
769.554
843.481
523.938
281.68
268.034
338.099
445.448
494.057
401.413
760.801
795.498
386.146
401.049
468.067
441.356
453.611
346.358
528.734
788.912
525.056
430.012
390.454
205.311
209.075
317.696
330.747
508.491
433.178
221.295
717.594
490.192
190.403
143.585
237.717
690.397
770.967
553.939
832.296
457.25
179.048
301.047
355.041
753.616
892.452
514.972
541.48
303.888
244.352
374.362
308.16
456.523
583.595
333.555
519.627
349.909
175.027
196.353
160.858
345.378
525.906
389.994
788.419
545.655
357.052
450.594
302.113
615.689
823.745
607.178
782.505
806.192
476.752
410.963
420.925
360.757
700.698
851.113
661.982
705.262
228.67
206.181
251.086
386.409
598.99
762.969
736.875
740.847
374.581
205.367
193.352
327.328
657.403
785.866
720.566
844.94
417.757
261.321
193.836
355.73
642.628
869.97
882.441
732.627
416.475
275.941
327.495
385.376
812.795
802.378
434.173
679.071
652.214
357.583
349.068
345.083
428.088
634.989
463.714
763.295
707.639
297.2
308.114
361.532
418.172
716.888
268.089
543.171
766.595
650.795
366.674
239.908
257.887
482.152
291.17
494.246
867.858
790.37
503.072
355.232
288.697
439.422
210.87
229.761
591.069
962.534
488.47
182.589
213.22
212.449
249.176
278.273
400.586
829.813
705.635
247.211
228.875
283.217
388.159
237.557
346.551
634.962
818.162
631.865
427.057
244.997
439.907
427.069
403.41
323.17
608.844
784.791
489.796
417.88
611.945
407.685
311.884
375.141
486.426
877.785
678.927
410.607
547.721
399.182
221.232
203.545
303.457
656.299
603.957
439.012
302.847
253.753
310.003
295.718
336.25
342.802
316.124
251.594
643.236
437.531
268.62
333.025
364.91
756.28
704.536
470.479
666.656
519.849
277.807
390.43
251.563
577.404
709.978
560.477
783.879
394.821
212.247
199.253
182.272
362.808
787.015
466.622
733.241
398.569
208.09
374.58
258.329
533.981
770.515
438.551
887.392
818.36
348.501
191.44
276.961
459.869
815.309
874.119
611.202
532.381
254.387
218.018
268.991
350.331
558.352
593.013
717.6
761.978
377.664
451.259
358.284
430.748
662.413
816.52
704.191
725.042
275.305
367.89
186.299
427.187
655.161
789.073
448.462
612.541
354.867
288.834
226.985
334.392
437.519
608.797
465.874
856.206
701.838
388.67
390.226
439.565
410.993
816.009
546.455
767.542
663.334
287.944
326.213
337.795
479.447
740.085
389.052
613.068
634.817
424.135
280.687
291.104
345.815
578.865
301.123
461.597
701.366
664.664
424.351
258.258
276.916
432.538
329.442
378.72
667.584
711.08
463.354
306.583
331.407
352.751
233.456
269.864
404.605
861.035
766.215
329.11
225.549
254.606
472.85
460.909
384.02
491.418
750.443
568.72
457.531
479.201
315.59
256.842
321.34
243.049
499.732
511.779
345.985
249.767
429.346
448.231
310.933
213.076
504.227
856.423
501.015
430.57
479.407
431.564
336.344
250.421
324.753
631.026
498.329
418.265
466.577
286.703
251.339
359.446
275.891
375.631
478.517
315.048
517.848
430.432
390.979
376.625
418.11
507.827
552.066
465.541
415.246
352.825
380.005
431.362
337.145
444.325
424.464
368.322
430.505
274.941
194.777
224.45
177.476
349.13
440.283
298.054
667.284
344.856
227.886
212.234
296.446
479.79
680.958
399.226
776.997
763.732
354.731
291.463
300.914
492.179
712.362
810.998
589.871
472.433
239.604
271.506
215.936
447.543
575.146
530.834
799.937
737.656
274.457
193.362
278.104
409.845
732.034
812.342
855.089
689.632
308.735
242.112
277.392
308.173
786.063
748.582
529.772
537.165
230.765
146.951
154.642
295.992
469.415
570.176
526.209
768.302
484.394
352.764
233.169
372.398
473.761
760.31
657.389
808.183
542.466
397.05
367.732
313.944
587.628
822.404
552.685
777.376
655.816
334.108
332.101
297.078
495.451
763.446
332.557
544.852
734.536
647.856
580.213
276.928
298.933
511.825
213.49
322.845
501.527
591.417
411.931
282.292
207.999
294.89
271.99
337.646
395.981
889.295
676.218
315.42
255.969
333.906
353.947
270.813
558.27
537.426
663.646
497.669
378.05
250.603
416.813
324.098
295.913
343.55
538.517
652.947
466.435
336.093
543.79
410.115
315.736
171.94
291.827
625.129
580.783
449.555
538.448
431.262
257.234
299.688
342.735
737.496
594.573
428.824
382.295
288.123
130.416
106.878
209.083
385.298
402.5
311.853
710.406
226.65
171.65
312.102
282.726
483.736
755.26
299.324
615.84
328.316
259.99
485.871
288.91
459.98
654.305
371.907
516.966
379.001
204.477
166.818
182.452
268.997
501.612
437.738
686.41
419.79
204.31
208.316
151.173
417.24
715.672
456.792
875.69
844.932
346.939
271.185
283.663
399.599
791.215
924.349
432.879
450.029
355.532
356.695
310.036
348.762
406.579
468.657
798.191
729.74
305.005
212.024
172.527
276.35
718.139
791.227
878.938
711.001
331.252
370.684
262.259
288.197
810.023
791.198
701.547
811.554
444.972
266.152
242.843
436.635
642.346
826.803
627.266
744.004
431.877
270.835
179.504
344.378
566.727
774.132
642.541
849.826
498.82
273.236
317.45
442.792
583.438
856.114
569.716
604.623
418.212
385.68
341.539
287.47
532.572
614.979
406.46
602.406
582.775
371.921
340.288
282.992
366.079
571.481
248.333
291.094
564.494
656.059
455.856
307.169
255.548
261.947
333.11
451.402
467.309
504.137
366.515
420.563
319.974
432.966
608.831
379.707
322.216
448.204
526.876
682.991
641.997
406.154
607.424
429.663
327.118
449.481
457.325
476.777
612.266
446.107
420.212
329.533
412.045
337.161
335.626
528.968
456.007
345.858
465.682
277.427
326.723
414.603
430.729
445.103
508.407
276.259
548.733
363.028
163.268
262.095
214.638
523.487
594.093
403.834
566.773
420.645
384.426
468.293
392.452
449.485
564.671
465.38
380.966
271.377
296.43
554.029
316.497
362.18
399.148
299.098
371.613
284.668
251.768
554.394
419.011
412.115
383.592
304.106
501.804
315.122
318.176
505.768
329.467
271.747
518.164
340.346
840.51
813.512
348.132
396.228
287.499
559.095
800.604
883.448
635.583
460.286
192.856
289.724
257.261
388.631
596.383
529.85
747.865
694.152
289.715
235.72
334.164
419.728
698.394
756.06
646.449
733.689
329.449
194.267
170.933
414.138
609.627
772.743
732.705
530.305
304.016
247.935
260.302
336.112
704.464
588.991
825.218
826.812
442.908
200.244
200.35
346.254
747.113
884.39
733.112
805.903
498.671
380.543
290.469
363.285
667.955
831.815
680.558
736.93
480.532
443.884
410.51
442.347
628.575
759.093
491.509
563.567
562.714
637.865
340.234
276.957
453.416
573.135
400.275
373.355
366.539
478.946
438.418
422.055
410.321
388.008
269.034
276.788
352.445
453.803
407.187
256.561
257.771
273.496
497.075
287.306
220.212
482.213
528.507
448.715
509.057
312.326
598.134
461.393
374.201
317.855
324.577
626.859
643.547
493.321
578.9
325.809
310.67
337.372
354.012
429.95
609.541
347.573
605.049
255.42
354.017
330.705
345.881
367.987
625.055
291.318
518.196
295.905
285.205
370.773
262.279
404.897
556.949
312.691
523.203
455.395
286.961
314.029
251.427
348.495
506.491
485.95
542.159
257.03
302.443
246.029
283.74
500.437
587.66
260.175
467.98
409.022
289.496
334.362
195.705
300.176
479.948
435.234
740.77
380.404
331.931
533.234
457.628
612.458
789.419
424.988
558.672
638.688
301.43
369.438
299.98
274.886
488.213
675.792
684.532
652.939
319.329
266.947
307.45
291.532
607.036
706.962
836.461
716.981
192.881
111.888
151.797
368.29
759.539
806.39
876.641
619.495
317.49
286.35
274.335
379.439
812.084
712.746
779.282
747.973
239.003
172.473
189.712
505.93
725.46
822.961
561.764
446.57
299.12
160.295
234.358
310.187
538.552
481.22
863.229
625.372
337.79
265.032
206.666
283.086
810.13
701.738
621.642
676.167
459.759
406.433
365.871
264.464
560.464
700.096
491.747
565.488
365.894
238.144
213.984
304.407
449.617
581.452
512.234
472.354
299.872
374.121
354.389
360.399
497.713
505.612
470.802
445.313
365.911
373.392
404.692
362.309
454.096
446.638
893.154
505.95
305.708
398.426
351.565
741.368
945.163
548.783
590.384
407.707
282.279
389.396
308.729
421.049
619.992
435.981
891.194
370.257
150.649
177.301
238.624
561.795
918.878
452.656
644.024
307.597
215.382
253.289
222.378
369.871
671.752
356.784
743.393
385.827
239.392
292.887
294.751
494.001
790.668
438.822
629.067
294.652
228.352
307.443
213.609
344.243
632.83
354.434
485.613
434.558
337.62
431.624
318.15
367.219
502.244
468.15
513.523
479.784
362.845
281.367
237.522
332.715
492.246
507.445
585.106
489.686
327.374
311.667
240.303
535.743
626.328
510.727
595.524
667.529
363.889
319.757
271.846
394.613
572.675
702.076
869.602
855.536
350.055
121.007
180.062
363.993
781.463
919.33
706.907
534.183
238.932
254.931
215.079
301.935
647.91
604.798
679.055
681.814
239.394
190.81
199.814
368.271
616
737.964
1007.3
644.828
236.279
276.341
171.717
343.079
942.399
760.652
683.59
496.539
297.609
313.725
259.733
268.995
626.69
566.229
722.53
582.01
271.486
200.073
206.494
394.475
676.78
647.982
664.6
571.504
277.779
191.542
240.849
335.932
621.439
616.606
602.485
517.539
336.291
361.187
222.548
277.021
562.296
563.561
337.781
294.208
341.857
407.881
379.419
299.435
335.133
301.726
388.773
291.966
321.561
335.215
314.673
324.151
383.532
303.559
834.06
377.214
246.227
284.621
281.885
373.179
821.237
479.457
971.064
422.632
246.564
403.342
237.551
455.374
970.6
522.511
935.594
474.273
298.271
249.84
305.857
375.378
914.065
563.254
698.923
326.848
200.103
386.29
286.753
433.465
727.013
374.321
876.316
420.372
263.614
370.863
350.386
421.312
890.829
493.593
630.269
273.247
253.271
223.056
201.718
315.869
633.717
328.146
290.043
326.198
386.19
350.79
282.002
238.32
276.514
306.806
552.427
410.626
229.532
286.03
225.47
306.809
529.759
456.287
904.305
407.381
332.96
324.281
302.323
633.221
935.454
465.366
744.828
681.113
338.861
278.128
315.006
368.59
684.569
728.669
878.555
713.153
312.671
252.363
183.782
314.31
799.874
796.391
881.217
744.315
331.517
354.903
368.836
391.659
803.259
830.557
527.498
297.897
253.205
306.111
303.519
327.326
504.13
337.763
1101.95
678.092
233.643
268.656
283.935
399.406
1043.34
792.09
792.83
607.349
182.553
211.323
277.971
506.07
746.512
696.104
780.248
510.299
281.545
479.474
299.802
325.978
737.762
581.819
656.684
384.909
167.191
188.435
246.951
316.957
635.825
454.554
427.233
421.609
224.931
250.044
304.059
374.087
419.315
443.584
503.999
491.838
448.56
316.299
309.522
313.987
472.371
498.366
483.343
282.015
251.208
309.409
221.129
345.703
484.163
321.524
683.388
444.932
324.888
432.512
356.234
275.654
653.504
505.901
656.313
377.492
267.353
246.453
151.428
282.625
640.684
431.688
755.709
378.855
344.623
358.548
333.071
374.72
747.407
442.714
636.532
346.721
274.642
233.552
223.533
295.484
641.488
381.454
597.893
333.986
263.757
369.318
266.644
282.911
610.697
378.516
606.667
334.28
165.875
295.931
287.06
336.037
603.703
386.418
545.172
320.147
270.327
317.752
269.679
418.008
560.155
352.011
567.907
357.835
229.84
354.834
267.685
470.883
609.054
393.099
971.678
379.603
365.623
601.748
318.923
572.116
1001.95
456.465
549.812
451.219
215.56
268.204
288.064
224.458
490.966
515.997
819.098
716.353
223.414
180.663
167.017
425.689
745.751
797.969
777.366
598.034
221.691
226.586
219.951
326.874
711.723
680.35
508.131
469.91
297.953
303.061
182.55
364.864
477.851
518.729
624.45
391.101
256.078
165.481
279.704
331.941
606.838
432.151
559.313
409.857
253.728
421.405
380.02
304.251
524.629
460.022
742.851
398.682
290.904
355.755
305.814
341.165
725.935
470.147
747.493
374.306
211.22
187.485
249.96
311.37
723.453
464.59
492.149
308.088
232.395
419.297
314.346
322.521
497.102
336.434
800.788
418.468
244.051
373.791
228.52
351.386
779.371
502.034
696.995
476.5
324.35
305.364
208.325
338.117
668.471
539.627
638.926
471.06
325.856
291.237
174.777
252.479
592.641
534.339
808.909
466.54
260.076
273.221
170.837
310.064
774.465
550.405
818.811
442.807
384.638
367.45
279.466
338.952
790.119
529.081
934.056
533.323
391.169
367.651
353.955
428.067
900.085
623.43
1021.97
467.922
235.598
102.274
158.565
433.695
1024.32
565.864
408.623
214.141
212.152
229.268
224.541
227.233
421.334
242.723
522.22
257.105
184.865
280.219
312.782
332.548
527.787
304.764
742.22
475.861
270.231
268.27
243.32
570.642
791.93
519.098
882.803
495.964
297.911
274.574
222.61
456.565
898.288
573.579
445.572
440.293
290.429
376.981
210.524
213.822
401.752
463.717
1065.22
612.655
262.66
233.806
246.358
336.147
1002.86
743.927
724.317
651.746
264.338
365.058
316.492
377.743
657.524
719.441
728.873
584.861
229.55
158.886
142.558
336.215
678.549
662.469
388.413
436.69
241.162
182.613
200.274
356.829
365.641
447.583
1144.84
555.983
171.262
192.836
172.911
383.383
1111.4
694.216
635.065
383.574
256.496
332.676
255.731
312.694
621.511
441.259
598.914
285.825
135.87
199.195
222.685
278.05
588.981
349.303
398.566
294.917
277.238
600.888
428.339
315.659
396.865
306.877
524.366
388.133
347.375
305.473
294.83
332.843
512.032
417.252
639.057
429.676
223.347
250.333
169.372
224.066
607.949
481.741
843.483
492.147
340.522
423.157
342.308
252.648
803.252
577.004
1018.59
562.588
256.095
165.15
202.158
385.05
974.443
678.025
966.078
476.357
249.945
410.741
241.36
354.753
933.591
597.105
633.004
321.153
273.658
309.088
250.456
278.014
632.017
356.63
449.196
423.489
241.407
382.801
206.924
273.974
428.131
460.964
938.466
413.162
234.541
365.684
255.78
426.87
939.323
516.242
833.792
414.011
240.954
337.947
170.889
351.127
820.548
493.138
600.854
450.503
467.42
672.848
356.785
378.921
615.12
482.593
1010.69
481.856
316.861
237.683
283.531
551.017
1020.89
564.69
618.306
534.919
305.613
444.403
306.63
232.772
560.271
595.689
633.528
536.328
290.334
394.418
470.614
331.276
578.048
592.674
862.671
513.83
206.142
225.12
207.552
250.881
807.913
614.829
962.041
657.479
333.587
227.25
202.405
359.282
895.575
760.921
721.618
446.006
234.993
247.687
181.215
319.314
676.323
522.753
904.417
467.263
224.928
362.087
213.953
343.111
871.889
573.035
771.047
382.024
270.53
392.787
325.635
403.802
769.383
463.998
291.802
168.619
131.977
245.747
270.316
211.2
293.957
191.552
281.978
185.156
170.761
307.081
332.615
335.201
303.032
203.73
520.46
417.014
272.157
302.965
223.322
255.41
492.661
459.504
634.52
545.636
258.954
219.363
221.049
248.67
584.92
605.222
821.493
565.863
310.445
167.778
139.003
269.341
769.425
641.515
601.476
428.607
445.183
505.064
379.694
350.841
576.832
467.337
524.315
296.151
371.943
329.73
356.682
285.359
533.155
324.407
702.756
347.645
287.811
397.828
195.617
234.863
686.438
423.659
432.451
370.487
378.487
429.187
222.975
178.532
403.869
386.253
1099.4
517.398
202.706
189.724
217.111
429.197
1072.96
645.76
328.55
310.628
222.883
391.002
239.025
291.54
322.145
327.975
1023
434.139
182.694
192.677
150.166
430.425
1029.97
545.654
795.219
547.726
276.999
506.753
267.649
586.216
841.116
586.382
768.218
529.64
290.666
240.578
252.747
313.114
716.135
606.652
650.771
530.339
177.907
272.767
240.067
314.625
603.292
583.135
831.321
595.239
220.897
128.244
179.694
259.641
760.841
687.938
860.903
595.213
231.489
370.601
353.316
357.556
802.536
693.644
634.201
376.306
204.836
274.056
182.111
254.677
593.786
454.661
792.258
457.839
226.622
312.522
231.281
276.056
757.289
540.643
521.306
329.033
275.827
320.573
195.564
273.182
509.473
353.568
494.906
268.761
238.488
212.173
225.019
332.705
504.526
292.283
234.951
268.729
281.377
340.26
285.449
208.937
237.809
270.465
318.847
269.53
224.858
212.95
270.529
211.488
306.346
286.78
416.124
423.41
302.994
411.679
241.22
249.89
382.822
450.437
876.608
603.486
232.151
243.392
194.048
328.554
815.629
693.141
766.788
530.528
480.517
453.605
337.896
336.731
728.589
590.265
982.906
563.946
565.939
465.028
487.499
345.799
934.698
668.519
632.801
330.565
235.26
219.014
174.589
240.915
610.097
392.926
621.266
304.711
321.551
388.307
342.749
262.7
618.178
350.685
438.004
343.694
357.852
261.064
186.052
258.624
442.068
336.756
437.035
336.523
331.855
322.864
285.004
210.974
424.449
362.776
402.59
388.471
326.131
215.283
203.942
390.556
430.789
376.629
891.168
366.326
293.167
329.083
343.845
493.685
913.552
455.922
446.493
668.784
415.372
386.663
280.782
324.052
394.821
659.038
673.357
693.687
264.435
163.718
278.441
386.025
621.619
746.584
494.821
404.378
243.977
259.913
244.536
292.624
472.18
439.398
922.499
490.797
188.053
186.283
147.769
313.532
878.143
601.375
763.303
528.146
184.119
225.717
194.991
317.036
704.915
619.525
763.209
344.77
242.413
407.872
295.15
340.527
747.049
433.489
571.319
351.253
236.292
360.703
253.071
334.18
558.671
377.659
668.205
315.27
184.752
257.75
227.437
332.313
667.53
387.912
490.676
269.725
377.925
344.872
265.248
389.176
518.523
274.039
466.933
457.255
541.292
431.543
289.763
350.424
443.042
464.341
530.964
455.1
329.621
224.852
275.207
315.395
507.602
474.502
647.256
536.37
324.748
267.936
238.47
274.193
603.87
585.262
723.086
610.654
247.012
132.585
153.336
250.003
662.344
677.506
907.004
486.382
319.117
239.76
341.942
488.665
882.143
581.712
994.584
464.838
198.596
256.504
137.679
348.215
971.391
583.763
434.424
329.787
443.581
418.752
399.5
363.131
431.685
318.084
757.123
505.806
310.446
307.77
334.917
384.985
760.718
564.81
425.975
499.832
329.274
267.843
459.542
466.18
407.491
505.8
655.599
358.865
252.984
234.359
204.753
204.86
623.322
422.855
904.934
362.344
238.689
236.006
177.387
433.804
915.73
451.678
743.173
827.149
424.21
175.077
253.855
419.272
676.839
872.717
780.055
783.005
357.973
166.977
167.644
364.844
707.391
838.739
696.767
535.095
204.139
252.652
269.379
340.749
655.473
610.568
824.765
577.514
220.346
170.813
170.811
285.041
757.806
663.876
896.113
460.281
164.993
248.183
237.225
274.194
855.929
573.903
539.06
358.056
243.833
429.53
403.584
337.235
500.163
419.738
558.141
352.623
228.311
332.292
277.642
340.821
538.005
401.342
294.752
255.838
284.891
337.461
323.668
321.148
309.894
255.55
277.38
257.013
396.179
501.026
320.659
222.874
275.052
240.436
225.122
146.751
114.005
234.543
253.536
219.19
236.328
163.582
315.395
338.292
309.177
297.02
185.425
173.307
296.829
341.329
641.876
598.88
300.125
180.416
137.107
242.522
591.437
643.553
864.609
625.365
243.877
165.679
145.273
321.578
808.05
712.701
1024.01
545.74
247.858
264.035
227.562
332.768
980.346
666.462
1024.2
469.349
215.272
314.836
189.907
354.749
1002.07
591.824
650.532
274.05
427.123
492.54
267.613
295.742
652.719
340.115
361.139
237.261
230.465
314.411
234.789
208.299
346.756
269.43
449.805
311.749
239.918
403.93
316.462
300.04
454.534
341.67
1004.9
453.522
213.567
162.658
144.586
361.297
988.174
569.998
1103.19
494.457
264.494
205.371
310.298
621.261
1128.32
590.265
831.377
704.66
351.077
240.118
268.156
314.3
764.794
778.145
758.64
614.016
246.218
173.575
176.944
278.482
690.928
691.412
794.773
608.121
223.433
184.595
200.209
327.755
729.883
687.288
703.12
569.042
252.446
287.92
262.812
294.693
644.477
645.995
595.495
380.215
176.782
95.4184
123.679
209.497
561.773
440.411
582.394
451.415
210.452
305.316
215.981
324.214
543.158
503.1
444.02
317.047
188.129
363.087
333.101
293.485
433.004
361.215
317.972
269.954
318.872
303.856
243.472
241.472
322.673
280.822
448.741
279.28
349.181
310.512
332.073
405.293
471.396
297.823
414.615
282.756
263.021
312.82
257.058
286.792
411.474
314.234
340.893
417.075
306.695
221.056
240.696
236.479
337.301
413.125
325.47
344.439
311.527
315.078
280.735
210.277
302.2
353.646
852.128
569.052
222.065
197.015
255.94
382.547
804.103
647.488
1007.52
683.578
280.252
285.374
182.487
370.791
947.529
790.041
682.651
518.13
231.979
185.336
183.637
285.86
622.903
588.823
612.96
448.299
228.513
147.02
132.688
311.924
585.91
498.303
630.791
409.533
295.319
576.126
358.432
295.028
605.816
475.189
682.066
335.461
192.2
287.835
256.828
411.437
699.006
395.239
532.056
422.645
273.914
331.506
164.147
284.643
545.108
448.55
886.012
490.586
315.234
217.835
238.074
591.368
913.944
561.392
648.953
737.281
396.201
170.105
270.267
455.165
595.189
756.195
709.455
634.566
285.656
419.003
352.09
437.673
661.679
707.068
579.637
662.732
305.488
113.998
144.756
352.639
524.388
689.798
947.227
464.81
292.524
319.315
311.169
353.127
921.391
567.311
604.225
454.668
190.652
199.64
142.775
271.899
567.049
497.826
522.511
354.037
381.257
349.674
253.908
380.791
515.834
378.105
397.767
264.679
223.779
279.111
247.463
248.234
386.393
299.382
350.561
163.677
264.787
377.998
305.845
226.492
360.628
182.343
411.618
248.972
166.617
187.167
297.048
437.947
431.634
285.04
199.776
224.295
306.958
353.098
250.281
208.631
201.98
222.439
245.733
271.898
283.727
271.671
210.504
197.243
232.486
270.026
433.535
352.754
224.666
224.077
179.992
189.18
406.432
385.615
639.958
494.762
276.705
285.424
191.143
304.104
592.999
561.85
732.274
521.664
265.587
268.573
243.21
327.241
689.333
598.322
1035.66
551.806
171.96
239.421
199.771
309.907
985.146
681.014
628.507
470.65
212.379
260.738
186.007
337.455
611.165
531.298
826.228
374.111
217.331
199.103
299.616
461.415
828.743
449.48
722.659
391.324
219.22
368.678
290.68
304.364
716.87
459.865
507.836
187.726
133.062
206.735
219.271
385.626
540.018
228.787
613.72
452.058
354.024
253.588
358.791
648.152
653.088
493.164
