867.639
1001.29
543.383
350.025
337.406
457.356
789.046
1051.05
600.213
878.738
664.234
383.012
515.08
553.259
539.385
862.319
530.468
821.665
636.883
252.336
496.158
487.007
482.476
789.043
566.935
933.551
816.112
406.95
496.761
558.736
540.795
869.831
374.219
767.313
820.448
460.365
376.064
435.447
345.81
701.872
357.186
626.171
732.462
372.236
362.772
366.862
344.721
568.588
279.309
482.109
917.587
755.852
483.923
284.966
265.074
414.978
276.926
430.991
752.561
761.859
398.105
260.925
277.276
378.784
267.794
367.906
796.161
1001.48
488.335
174.211
239.772
354.306
299.628
208.728
346.118
835.831
625.227
233.723
285.718
235.609
186.215
253.831
499.519
1089.3
789.903
354.544
189.026
235.151
150.138
197.597
385.118
795.68
851.524
394.754
156.276
173.439
171.95
276.113
349.064
657.988
748.435
459.752
190.763
247.911
253.773
310.291
370.185
583.731
802.375
726.395
286.494
281.223
136.25
190.314
296.586
229.094
325.691
380.392
158.498
172.149
448.053
421.392
325.846
455.931
632.625
887.114
516.995
422.587
551.58
425.424
342.241
273.853
658.775
885.285
609.439
439.911
705.614
462.588
323.773
231.767
561.277
958.602
779.378
473.853
779.18
376.867
352.073
231.353
499.273
844.068
853.319
429.063
875.034
454.963
166.244
314.715
344.566
768.298
950.047
515.129
772.422
939.862
467.81
157.573
249.836
423.215
682.798
961.158
403.161
518.882
341.383
150.572
243.254
270.198
370.642
525.265
535.55
805.52
596.187
295.159
349.23
421.419
510.371
780.042
533.998
893.529
836.477
357.454
404.216
486.46
501.676
830.88
419.439
844.841
752.768
413.55
366.338
393.616
388.494
787.051
369.07
668.698
659.931
372.037
338.673
397.423
361.106
618.09
216.414
622.682
906.176
728.568
435.469
367.049
183.755
536.041
261.296
311.367
588.574
688.377
478.153
316.751
273.639
280.505
276.262
308.39
581.504
941.86
528.612
273.413
277.8
295.581
146.538
195.352
515.606
1216.06
613.868
211.969
153.767
184.199
173.003
162.3
397.738
994.727
651.796
214.835
178.376
162.633
200.07
252.625
418.249
841.322
906.044
484.271
205.719
224.041
359.478
352.676
407.947
551.677
895.072
616.143
359.612
346.741
364.955
264.898
303.117
372.052
596.79
638.492
401.457
257.493
275.096
297.717
316.585
318.065
519.331
586.31
287.019
268.975
528.883
347.166
202.382
315.012
321.578
417.46
529.638
371.968
584.64
384.849
451.798
441.933
548.961
827.884
657.447
377.227
627.575
398.045
331.547
345.514
459.857
837.738
694.908
409.246
844.033
371.429
199.106
146.292
266.449
676.767
879.003
415.203
881.067
568.563
252.622
257.081
225.972
738.413
949.258
622.655
1238.81
981.451
396.53
124.161
211.669
469.215
1154.31
1083.71
612.836
763.952
465.216
283.732
228.419
391.005
551.696
774.94
530.342
815.834
636.645
371.35
327.932
353.179
477.522
789.211
377.99
743.999
703.285
294.353
362.217
407.521
365.526
672.295
374.623
629.758
617.593
258.328
325.282
371.796
350.359
571.215
350.744
692.449
770.061
440.724
311.715
305.325
319.08
635.168
302.522
653.953
806.053
517.577
412.44
388.079
261.512
584.399
333.955
561.525
768.998
571.817
381.166
339.891
312.036
516.985
412.246
443.981
638.697
766.388
421.141
203.539
396.649
431.184
207.74
220.194
518.265
976.667
725.517
370.801
226.07
205.667
209.329
198.174
488.85
1049.74
821.469
251.823
204.746
189.544
260.648
214.185
371.77
910.037
836.299
481.153
268.519
228.669
157.273
262.013
397.893
503.193
876.693
561.331
177.595
237.402
394.013
313.77
326.59
361.19
722.365
780.848
439.291
307.422
480.881
442.007
241.527
281.037
450.898
727.446
492.101
464.434
313.398
261.084
230.464
360.729
467.463
578.981
357.276
264.247
712.198
461.733
335.089
336.517
433.38
768.164
776.038
485.547
711.372
373.536
390.3
309.94
581.746
607.839
736.527
403.5
396.368
240.196
264.915
431.929
388.097
394.151
430.732
248.593
1009.07
519.661
269.951
252.229
275.053
717.73
1056.62
592.327
913.24
962.985
464.015
232.892
209.537
372.214
816.963
1020.19
855.941
891.567
376.565
194
227.472
395.227
768.091
959.084
475.408
804.513
476.678
373.864
356.28
429.41
410.639
785.758
487.089
671.319
402.326
267.266
372.566
450.386
471.706
655.286
406.129
777.854
588.989
286.384
260.911
385.637
365.408
735.005
487.977
868.815
819.327
325.152
460.544
522.287
431.401
807.335
299.232
603.025
697.746
406.921
304.571
339.818
293.398
530.959
252.473
527.251
810.803
568.674
513.294
286.677
226.898
466.715
249.933
623.629
862.538
736.705
363.61
377.01
220.549
543.397
256.971
231.451
476.146
905.715
560.079
278.826
264.566
215.824
356.434
314.938
376.107
963.227
715.286
316.657
344.42
333.38
230.883
268.067
435.817
779.839
796.076
473.468
243.778
258.252
312.044
367.465
382.796
456.943
816.599
770.071
353.934
339.634
386.863
295.471
336.249
442.123
665.938
758.26
435.538
295.732
468.284
429.917
378.307
329.023
521.275
669.348
456.474
455.814
437.105
344.797
318.221
350.579
376.887
569.644
486.321
342.193
852.757
539.875
221.868
163.727
291.714
745.89
909.827
598.069
595.289
497.198
261.549
378.419
292.609
554.059
610.042
551.671
475.594
400.072
343.907
316.304
266.65
397.66
466.076
419.843
408.281
285.59
296.915
451.926
336.029
322.473
422.434
318.937
988.51
923.01
556.275
262.06
415.53
473.848
905.732
984.638
669.316
532.263
202.721
258.024
181.563
219.619
605.254
603.268
611.764
740.77
368.714
207.341
374.542
439.246
553.975
768.253
619.668
801.694
422.734
296.249
234.714
385.606
562.793
821.58
604.526
788.876
510.379
330.097
254.147
309.724
527.949
799.166
592.923
687.035
681.674
314.599
306.628
422.516
584.71
638.41
376.003
591.733
673.863
373.9
321.916
316.652
370.406
540.01
448.562
561.358
788.188
564.826
417.677
323.083
425.054
523.43
370.479
652.045
755.477
581.887
309.763
286.834
339.908
612.762
231.387
283.05
667.594
962.485
486.532
269.165
244.047
260.502
277.765
243.328
403.459
814.114
593.174
284.968
275.901
242.966
260.938
286.04
444.476
863.04
938.263
513.608
283.825
257.901
280.367
319.389
411.837
430.103
665.155
698.239
325.693
283.096
462.256
408.019
349.699
354.739
565.308
754.203
503.746
427.338
332.246
368.733
367.116
404.538
462.362
684.492
387.04
338.469
660.059
464.644
225.369
109.677
172.764
474.37
638.419
525.779
640.18
445.161
246.297
444.322
361.813
557.254
665.741
495.013
863.838
410.258
191.37
315.582
370.585
802.144
925.636
445.647
769.486
467.343
167.471
180.453
211.287
528.477
805
529.383
884.096
323.986
162.731
353.433
241.316
487.785
914.712
407.829
905.631
842.687
448.305
360.002
360.098
378.443
823.359
915.285
744.059
695.443
292.823
266.876
261.536
372.253
669.909
754.355
896.566
671.77
360.038
398.94
358.959
359.633
825.776
754.281
725.514
717.127
402.049
218.817
221.961
302.029
658.71
758.199
564.606
582.097
370.973
400.804
268.472
283.261
513.582
617.159
645.255
710.291
656.097
420.976
441.59
382.749
588.521
706.02
474.724
749.648
559.497
322.275
279.142
409.037
447.862
727.297
396.354
801.912
856.331
453.069
357.336
414.28
352.657
728.584
336.021
546.805
810.546
635.692
591.983
338.373
323.939
499.919
154.226
299.422
736.248
837.651
458.92
241.5
157.736
239.896
487.766
317.306
425.371
1078.69
816.233
388.531
470.118
342.817
356.815
268.045
440.611
609.763
844.539
645.468
401.322
268.096
370.678
314.318
367.888
459.213
542.93
516.481
360.044
325.865
402.612
465.456
259.599
343.968
408.304
796.072
463.629
444.291
461.146
303.937
269.443
319.494
404.261
698.581
515.077
317.354
350.357
327.442
284.255
237.592
315.99
314.664
355.178
319.972
432.328
374.102
410.889
367.919
374.158
551.819
466.791
366.816
613.792
347.293
248.232
313.749
242.06
436.664
643.318
374.778
560.747
282.395
257.005
218.05
226.535
368.527
573.109
319.481
1043.23
483.353
317.012
270.476
276.277
835.566
1116.16
554.903
889.938
793.691
372.573
312.705
237.864
349.749
814.911
866.583
677.479
445.5
260.439
314.151
359.85
406.609
650.455
516.668
699.966
662.593
283.554
235.392
220.187
511.213
646.12
736.449
716.27
812.545
400.104
274.739
348.503
445.841
658.197
855.335
457.73
514.317
261.658
288.867
246.522
292.741
434.225
537.469
409.063
708.002
642.895
284.355
364.474
380.898
362.571
662.252
474.83
799.416
776.766
584.261
477.79
401.548
443.458
761.427
584.565
777.156
727.344
466.78
395.804
423.388
542.308
764.78
402.852
550.033
726.768
599.562
578.853
361.221
376.249
519.329
192.912
400.203
794.038
684.22
559.269
294.79
174.676
339.938
166.63
294.432
428.895
755.867
503.386
296.555
172.238
263.32
337.834
303.35
319.554
590.681
671.505
477.122
332.001
318.033
412.346
380.738
270.414
391.906
518.091
560.579
419.809
403.934
450.348
327.924
270.543
349.12
404.583
682.841
511.534
333.552
503.783
429.279
238.182
301.334
361.582
839.331
582.74
414.843
383.21
293.06
364.296
318.127
367.856
400.614
410.507
315.727
499.373
436.748
195.921
264.934
279.903
479.593
534.585
456.533
495.65
318.247
378.154
304.991
322.38
413.317
523.367
307.038
297.576
270.624
263.96
334.861
330.734
333.794
325.485
267.771
548.443
395.806
302.452
189.37
220.357
455.206
569.899
427.14
837.458
775.688
415.165
415.115
308.012
361.057
765.606
810.878
544.555
518.842
348.986
214.762
241.128
313.619
499.425
557.3
669.333
657.477
305.223
270.937
246.164
377.3
608.194
717.964
612.187
695.728
390.071
203.827
205.584
334.866
545.597
720.23
461.363
453.051
320.933
214.033
296.412
309.385
454.364
461.171
641.403
720.18
410.105
192.226
246.981
414.814
589.494
740.048
756.395
795.81
535.128
273.769
251.566
351.588
688.203
832.672
624.403
837.891
677.029
426.636
301.77
396.924
564.728
833.743
411.225
570.829
618.977
660.92
384.03
335.09
384.568
542.234
312.939
469.325
697.107
611.815
436.098
345.382
306.786
422.633
261.872
249.953
626.131
931.486
521.637
264.187
263.587
230.062
379.878
514.483
451.851
564.662
772.512
672.921
381.972
468.877
377.79
281.087
506.681
568.307
573.476
457.017
405.003
272.045
606.009
446.537
212.177
141.037
280.94
668.687
650.042
498.61
347.684
291.7
213.944
262.335
392.962
621.157
396.797
285.757
550.399
309.674
261.227
324.244
300.525
462.241
586.79
343.869
371.898
298.425
168.868
175.646
165.205
303.586
360.884
325.211
585.932
295.512
259.45
304.293
290.919
557.314
638.331
327.463
418.491
330.062
298.86
516.259
393.336
425.197
433.259
351.265
505.115
401.907
206.971
279.487
294.401
406.89
530.931
441.285
756.38
752.493
418.844
330.06
434.586
460.125
684.996
797.705
508.628
410.784
271.243
320.558
306.842
362.18
491.486
466.983
863.087
650.056
294.364
219.962
219.492
261.867
789.517
734.209
768.485
846.637
519.736
262.747
360.139
441.019
693.076
864.9
506.129
551.477
472.757
300.34
234.002
351.419
467.673
549.68
895.676
874.489
438.106
253.357
283.517
376.638
810.74
941.772
687.304
869.311
588.633
338.15
320.233
403.436
615.484
877.028
556.301
694.768
538.713
548.039
397.019
372.143
509.622
697.326
606.55
784.029
540.919
430.765
325.09
472.326
556.018
790.283
463.697
438.271
520.735
486.973
278.468
268.555
451.937
433.926
412.638
261.58
282.612
421.994
491.626
375.953
423.293
289.446
461.943
353.115
285.534
560.102
376.599
419.812
483.385
369.053
547.857
395.917
281.592
269.189
332.663
532.131
573.342
429.739
593.251
281.011
320.986
392.267
484.158
677.115
653.155
304.224
608.353
422.011
337.265
303.118
369.595
573.829
659.798
447.501
686.662
453.332
223.64
169.279
209.292
634.719
744.677
500.329
538.524
416.857
287.925
276.688
305.307
429.978
567.439
419.486
659.222
376.384
298.117
206.309
232.959
443.738
690.508
397.784
555.464
291.913
232.777
453.997
292.671
416.508
583.728
332.59
561.695
294.599
260.601
269.875
229.932
411.508
579.938
329.949
804.55
845.643
355.3
246.662
380.494
533.982
731.583
904.348
662.117
728.909
322.887
228.107
195.951
482.122
617.641
781.56
579.646
456.636
226.516
288.047
242.695
257.553
527.811
526.587
733.958
744.347
315.316
155.914
271.969
426.039
670.551
797.172
932.312
757.957
296.771
214.856
341.631
402.354
860.113
842.173
569.163
635.351
416.799
198.634
187.056
323.293
545.07
636.159
865.832
779.688
490.847
251.71
230.808
299.398
798.735
826.044
510.235
581.443
391.797
421.309
355.328
363.222
472.987
600.066
514.112
538.1
433.009
361.691
303.499
233.359
477.166
547.849
656.253
523.287
470.966
438.568
273.591
338.388
632.613
574.194
422.346
293.736
256.917
501.054
475.004
355.468
426.178
327.994
592.052
420.131
300.749
432.848
454.667
616.876
629.436
442.387
617.507
320.499
320.231
470.258
385.319
314.236
609.811
384.626
766.87
512.292
309.397
246.664
216.267
449.179
771.358
559.347
538.14
357.662
243.709
260.082
301.393
340.239
558.857
391.841
920.261
402.357
316.442
314.507
231.996
472.74
925.594
482.719
551.698
233.839
258.649
343.942
226.165
282.354
558.771
270.262
549.953
405.061
274.712
255.742
213.813
420.716
567.683
425.308
636.892
530.628
325.995
404.699
474.459
411.023
618.371
587.553
506.312
444.265
304.048
341.731
302.734
481.313
524.247
476.715
777.073
668.067
299.889
370.981
307.777
310.246
695.395
739.437
798.481
813.692
383.783
261.597
255.267
419.827
719.909
862.836
785.733
698.258
249.166
358.485
246.955
413.928
724.098
775.947
695.033
558.085
275.609
281.848
345.594
365.703
635.881
626.448
712.14
700.806
256.806
245.618
187.743
485.891
657.569
768.348
694.746
575.326
281.958
281.596
224.104
486.661
663.863
641.295
760.732
615.362
296.044
266.584
170.759
285.587
704.757
686.774
726.112
639.451
326.734
227.432
267.26
298.799
673.686
694.076
600.97
597.841
374.675
273.156
235.806
281.241
550.897
637.651
529.104
464.406
312.664
350.153
224.712
321.67
496.111
501.009
266.982
251.294
301.049
519.215
487.121
331.111
273.034
260.016
610.075
366.353
189.017
215.104
252.758
526.519
655.483
403.086
687.999
419.251
284.954
243.044
205.14
421.084
696.391
455.948
520.6
402.379
390.806
344.414
446.301
401.124
539.817
414.266
558.994
337.601
210.649
263.548
237.842
288.277
558.247
382.361
602.71
335.323
258.141
396.36
352.566
347.608
626.06
374.043
751.837
307.496
230.406
309.951
237.288
295.051
744.249
375.976
418.555
399.156
334.693
473.47
259.652
289.493
410.687
407.058
483.956
332.519
361.823
173.239
264.501
308.911
491.013
350.968
721.145
519.331
568.456
357.282
302.25
603.798
763.234
512.749
749.571
685.342
352.197
466.388
295.091
410.651
690.368
750.018
884.794
901.563
370.787
225.657
259.664
431.156
791.176
955.421
801.377
752.415
290.937
351.222
271.641
455.977
726.05
836.043
648.039
565.63
279.659
253.638
255.271
465.872
626.371
613.954
809.367
722.313
370.229
180.564
225.336
380.562
733.994
804.024
736.881
573.158
308.416
446.402
249.665
361.896
679.11
650.475
739.689
440.794
215.055
203.777
274.689
385.943
726.997
514.657
793.682
474.653
306.259
340.915
278.977
288.734
758.822
554.572
796.242
530.594
264.503
397.429
294.447
354.069
766.85
611.321
480.052
560.025
486.756
347.178
284.565
325.419
471.018
554.178
415.407
355.028
255.491
371.139
213.033
215.053
391.143
383.826
823.979
432.289
361.073
572.978
407.149
448.157
834.201
476.474
770.302
491.487
320.811
380.463
334.243
456.806
770.682
526.663
813.547
382.598
311.863
330.852
405.744
390.544
806.326
457.724
622.882
314.028
275.834
233.131
230.636
296.426
607.256
373.665
613.863
483.952
274.742
329.087
340.488
324.92
605.404
519.08
620.636
340.207
222.837
272.837
270.257
347.738
613.004
399.32
781.38
468.849
321.22
314.847
264.672
529.552
802.426
515.864
463.141
305.41
282.855
368.434
227.045
290.163
469.13
328.757
755.008
408.896
335.623
452.013
367.909
664.236
800.605
422.108
496.372
490.852
233.397
218.991
220.915
320.294
452.522
523.889
860.503
493.961
171.581
304.239
234.554
382.927
809.655
605.112
773.016
692.381
319.684
301.115
370.106
354.524
701.48
759.31
663.489
513.458
232.757
356.141
285.896
382.949
611.496
584.994
625.373
463.959
276.077
184.155
216.082
334.591
600.307
493.491
703.453
435.592
263.421
289.842
215.01
299.815
661.473
513.377
799.14
498.522
228.906
266.872
208.795
377.2
778.559
573.887
718.838
469.935
263.492
255.999
263.621
303.965
684.63
549.6
479.841
348.713
262.066
355.276
310.638
251.69
459.522
382.685
399.405
227.466
282.371
497.471
467.874
256.777
395.094
261.274
850.333
449.796
341.537
464.572
285.935
343.114
838.369
516.313
607.441
350.72
282.392
288.274
186.996
288.304
596.532
393.555
806.962
432.176
373.783
443.431
332.684
387.528
791.544
497.779
814.253
525.487
432.394
412.579
307.482
426.037
800.048
554.43
1004.85
492.024
267.861
251.728
226.552
406.265
986.72
595.921
630.3
368.452
246.818
260.589
205.129
298.463
627.037
413.975
503.428
287.051
237.337
302.035
293.442
393.44
540.453
303.2
552.86
252.077
261.379
543.921
389.8
374.055
586.145
286.643
540.182
268.796
302.879
369.408
253.819
339.581
543.338
319.69
763.536
460.218
275.937
419.554
255.688
454.865
778.825
516.311
587.438
579.343
208.316
119.632
165.159
430.7
557.827
632.164
877.526
583.581
267.864
266.937
257.539
343.968
821.131
675.222
677.589
605.218
265.097
310.946
332.519
368.585
611.593
670.351
515.243
458.504
263.093
300.66
219.859
267.947
464.744
496.789
687.072
470.544
212.752
154.424
226.241
301.023
633.677
541.101
861.327
534.542
220.505
283.155
265.943
320.098
809.007
634.343
701.259
459.264
203.852
252.505
246.198
394.14
680.152
519.977
539.105
264.288
179.381
279.858
268.793
302.768
542.569
319.369
375.839
242.843
255.472
383.482
338.757
281.704
373.388
268.658
340.271
282.712
399.846
497.609
423.638
354.818
325.229
301.703
827.995
460.174
237.93
264.697
159.196
292.314
804.02
545.143
1116.13
516.605
220.233
184.352
166.167
409.297
1097.01
643.689
907.072
526.585
311.498
346.029
284.983
291.278
864.667
623.164
699.651
389.919
371.861
375.802
312.161
308.401
672.839
459.354
573.991
340.633
293.675
316.708
238.917
360.469
544.724
382.267
701.648
536.334
322.24
314.352
226.155
273.397
652.54
600.372
865.316
394.421
269.383
268.457
271.716
331.306
844.516
498.93
560.989
332.249
186.141
211.012
184.787
313.319
584.506
377.611
462.496
335.957
344.071
437.985
230.107
215.264
432.273
371.375
912.194
471.502
474.664
404.969
263.902
388.801
899.684
547.121
425.269
519.464
288.227
360.108
199.565
181.412
369.797
537.749
635.987
605.859
322.214
310.043
167.4
284.324
569.231
658.064
728.687
677.401
226.028
343.153
281.652
540.786
700.168
750.875
727.823
597.37
233.659
250.717
230.073
324.477
660.253
671.027
766.575
383.424
215.859
299.807
161.253
234.9
720.679
475.984
651.709
427.027
260.572
352.615
248.701
248.268
616.787
481.255
784.02
446.809
201.995
236.742
203.35
390.96
775.026
525.112
412.853
401.305
167.18
120.607
219.17
408.337
402.991
425.992
404.664
272.262
224.679
391.261
301.901
271.532
414.762
290.106
483.156
341.459
268.741
294.128
289.866
186.066
452.145
377.453
424.042
329.263
163.025
185.512
179.926
215.604
403.134
368.469
670.516
394.251
344.692
404.804
300.517
300.337
646.718
460.904
520.768
378.565
264.286
325.905
216.86
220.683
494.521
424.421
343.143
274.489
251.411
216.02
200.593
338.679
354.338
292.317
599.243
462.738
236.225
340.385
366.118
279.87
552.995
506.441
417.306
354.713
380.365
294.667
257.977
283.931
404.407
340.028
760.14
448.313
233.628
167.099
157.918
289.184
723.744
520.795
442.245
375.647
249.732
300.216
234.643
312.778
453.679
403.68
786.518
427.704
287.723
450.688
266.728
312.54
760.92
498.385
581.285
319.325
369.462
303.8
279.477
462.022
616.247
333.162
623.496
572.212
323.188
318.838
329.897
304.667
557.941
621.7
701.966
553.464
268.012
397.859
419.453
367.809
648.342
610.973
638.648
583.928
265.21
299.925
229.94
317.242
578.365
642.51
810.785
531.242
206.098
336.191
291.731
267.516
754.074
623.781
827.215
475.423
304.077
285.983
238.015
397.771
792.366
565.622
916.318
530.165
168.408
162.85
201.795
380.759
867.318
642.287
623.531
377.413
223.508
356.463
223.046
393.056
635.448
426.762
471.658
278.882
226.761
233.662
220.042
274.207
481.99
292.304
240.23
192.582
194.001
235.212
257.366
239.066
251.043
191.599
291.091
415.521
279.661
295.818
284.749
383.587
297.612
393.377
442.774
432.491
237.683
263.142
252.691
299.95
415.124
460.578
651.404
593.191
296.471
222.772
172.97
239.557
597.766
632.387
941.89
556.74
241.523
229.849
188.729
320.521
892.177
663.67
613.092
357.716
410.454
439.272
279.178
243.009
586.071
409.404
523.136
328.922
352.105
321.205
289.459
356.045
518.53
335.691
558.304
398.397
344.447
257.95
236.44
344.109
533.259
418.457
664.014
344.295
347.029
427.353
223.077
349.958
673.848
376.14
481.776
268.443
211.479
304.947
200.453
250.233
480.15
304.718
424.752
364.47
386.635
311.311
253.141
234.563
414.095
371.249
1191.01
553.047
260.827
225.543
178.733
462.508
1174.98
683.928
672.307
717.444
349.966
337.351
324.699
384.772
608.398
765.742
470.527
513.198
277.775
509.714
327.675
370.211
431.886
539.812
533.064
502.434
220.34
207.584
239.007
313.092
492.225
543.718
1241.66
638.448
196.053
194.905
270.928
434.205
1207.31
777.714
848.55
430.67
144.709
286.047
217.581
263.694
798.272
537.108
796.723
455.155
161.482
236.842
207.808
313.33
757.93
546.555
695.061
324.998
268.85
237.802
215
302.622
691.953
387.054
437.258
268.874
336.466
470.16
460.144
245.076
427.064
295.008
402.654
176.808
244.246
321.358
263.144
279.702
418.922
210.139
246.754
234.155
307.523
373.883
283.578
227.376
235.012
244.884
437.218
500.541
322.788
422.145
337.626
273.786
398.589
527.226
681.442
709.681
375.222
242.382
230.457
321.24
609.797
739.052
682.82
552.575
203.751
230.178
231.324
320.691
631.778
624.538
476.264
372.792
196.15
224.638
312.456
401.231
436.344
421.908
885.168
485.205
171.589
231.498
274.924
288.392
839.149
595.845
454.927
297.062
288.091
238.763
216.635
226.087
442.135
314.282
596.372
638.272
339.462
205.947
255.239
375.472
561.014
641.366
438.137
361.344
212.219
356.368
278.533
232.072
403.97
412.852
446.914
227.402
312.284
424.232
226.746
230.433
433.614
255.099
766.726
395.099
206.862
207.901
245.922
595.005
806.454
440.924
696.094
662.052
333.784
307.017
240.515
300.281
635.886
700.415
602.653
659.747
416.835
307.65
279.33
266.6
534.216
693.303
680.526
527.864
155.636
271.445
266.115
301.229
615.299
608.667
802.134
707.672
191.548
222.236
131.538
467.198
745.552
792.567
949.32
544.664
213.175
274.745
261.016
291.021
894.812
665.195
685.055
499.514
160.554
149.08
215.169
367.28
636.555
579.912
799.113
324.865
175.85
164.19
142.221
326.672
793.704
422.514
497.303
315.888
317.936
537.491
365.685
346.981
482.02
361.819
259.638
217.812
368.762
530.32
271.979
189.349
265.741
229.379
372.821
280.165
377.981
285.781
203.821
232.653
369.15
282.389
403.632
381.936
258.446
248.45
212.722
199.912
374.433
402.113
620.884
551.266
278.956
162.3
183.485
319.971
575.216
598.198
816.196
519.907
214.137
156.24
155.058
298.068
768.132
611.006
719.331
525.372
400.604
374.582
438.127
411.895
661.77
606.255
999.99
498.992
184.434
278.271
180.469
340.465
967.23
620.061
623.953
292.407
299.372
430.906
249.807
285.127
618.976
349.343
390.962
337.974
357.44
391.834
382.551
292.358
403.503
344.19
357.363
285.954
347.878
290.413
257.421
246.137
351.911
287.519
314.925
258.759
159.078
353.731
297.884
271.803
310.115
286.549
727.689
499.195
373.488
368.964
338.99
534.26
777.411
531.24
665.018
750.029
384.604
266.664
376.203
364.507
596.172
791.038
908.612
860.236
332.11
302.797
216.664
417.586
827.358
937.559
537.949
348.78
247.106
293.799
263.611
303.091
496.615
411.609
872.059
670.646
252.634
267.821
246.899
400.669
809.065
758.831
697.173
486.395
360.698
261.041
257.967
248.081
648.721
547.925
841.792
414.947
214.74
300.968
354.186
331.151
812.209
516.6
605.261
296.282
149.881
211.983
251.477
332.399
599.028
365.347
418.88
214.109
229.334
240.815
411.345
333.133
430.16
237.681
396.178
282.016
360.386
398.648
334.931
366.56
426.269
286.806
290.184
278.481
272.523
250.269
321.541
244.833
281.894
287.33
392.55
367.25
196.488
239.955
183.885
256.072
396.394
386.389
400.489
542.79
380.956
212.346
166.952
281.203
364.63
536.2
854.071
554.784
229.746
185.139
166.594
246.342
804.899
634.158
998.586
647.846
361.005
348.986
307.06
418.192
934.929
753.906
823.764
472.587
183.766
359.142
188.108
232.529
775.752
568.057
509.532
433.385
363.512
287.111
171.63
256.281
489.756
467.572
641.214
362.766
318.002
413.276
193.733
282.804
641.106
394.171
624.446
375.551
239.057
259.736
308.628
312.293
614.959
418.024
316.233
251.585
337.151
319.95
318.989
253.78
326.123
253.49
990.626
476.683
324.522
167.754
306.857
682.151
1013.64
550.551
833.131
773.512
300.647
310.769
258.121
485.812
764.756
851.824
745.966
636.684
263.814
215.21
291.609
321.494
676.063
702.819
595.047
559.154
298.423
195.307
242.311
278.225
538.879
600.26
921.231
614.264
247.592
236.973
218.65
390.244
854.068
723.922
782.032
451.859
164.856
192.235
235.792
376.756
747.359
545.333
537.175
301.786
286.127
348.291
390.81
346.122
527.156
353.963
425.832
189.231
260.563
429.6
308.92
320.542
439.572
223.396
406.329
214.229
208.472
278.034
237.78
341.153
425.89
219.816
439.463
263.271
253.055
276.28
230.808
345.353
449.934
282.266
222.301
243.948
233.319
385.975
371.554
313.035
223.791
232.511
238.122
308.897
388.737
332.057
210.462
180.294
226.56
280.797
239.771
410.282
303.298
289.597
172.842
205.838
222.181
389.784
487.027
343.369
258.016
457.316
245.241
209.413
464.373
387.535
891.112
493.746
238.423
231.358
149.645
360.785
861.97
590.504
950.959
556.145
291.805
290.236
183.751
284.608
902.166
660.141
623.528
382.334
352.429
238.877
228.767
328.615
604.021
426.923
819.526
398.836
275.606
295.514
299.105
300.078
794.829
493.856
551.466
319.076
166.37
220.415
192.632
325.306
559.425
352.392
554.943
399.573
280.861
391.468
312.723
342.899
558.124
432.153
774.471
419.003
296.449
158.595
211.253
449.202
775.541
465.848
