293.781
208.861
137.332
152.263
155.703
213.621
295.698
224.679
223.73
197.698
127.532
136.758
123.768
171.747
221.567
210.077
330.907
374.356
314.567
194.984
209.643
234.17
327.5
351.195
377.057
585.202
379.151
208.544
260.526
302.238
330.753
570.614
282.976
468.37
304.334
237.112
189.901
241.147
251.28
454.218
307.337
460.708
417.737
237.953
215.311
258.286
306.189
425.945
321.287
476.608
721.263
509.248
398.005
276.174
311.898
433.764
297.264
506.817
813.574
685.981
369.752
235.475
284.681
455.158
218.402
266.287
578.039
990.753
468.698
207.767
205.704
254.301
276.665
187.43
304.762
815.543
471.596
128.84
262.653
212.706
185.331
159.027
333.973
787.146
727.365
251.705
181.392
155.945
215.934
252.217
295.065
806.951
733.977
406.661
220.551
240.84
346.613
266.835
452.196
739.78
824.975
391.468
330.796
294.228
257.349
197.383
420.364
463.29
761.906
518.159
285.664
183.925
347.033
288.44
301.437
356.652
697.393
660.51
383.942
285.413
346.559
356.282
388.091
285.222
666.921
774.247
399.254
313.5
443.223
329.147
356.025
265.523
622.845
793.944
506.152
311.85
537.343
498.754
356.486
259.836
658.656
949.512
607.457
499.415
426.879
352.715
222.33
146.581
368.811
742.136
492.651
343.881
566.251
381.645
224.884
190.589
366.262
763.021
635.849
410.876
292.669
213.254
137.221
145.052
156.389
193.851
289.307
233.482
395.51
314.897
234.084
197.756
140.004
210.478
385.211
343.642
517.063
677.865
382.365
196.515
270.387
320.024
471.722
689.832
368.542
687.961
399.405
146.229
198.763
372.61
322.004
661.069
435.603
542.607
301.654
113.153
177.149
207.377
391.401
557.353
389.426
571.284
428.097
247.62
210.914
317.817
376.002
550.475
314.04
627.108
696.055
358.938
330.014
411.482
291.346
557.637
260.088
539.768
811.092
682.687
383.735
255.13
232.231
478.776
233.061
311.816
734.336
892.303
447.022
213.073
225.514
275.475
189.159
146.88
429.331
888.799
589.33
156.026
182.566
148.386
263.419
218.192
365.481
746.759
760.494
356.454
254.287
231.083
240.861
264.423
358.03
838.717
695.394
361.468
246.612
245.51
169.507
237.606
387.161
563.58
733.95
500.679
198.404
209.839
193.907
321.473
358.601
415.004
727.757
608.374
222.631
286.468
373.8
296.654
332.446
302.612
630.71
731.183
427.539
291.174
567.55
428.382
288.984
227.828
434.404
712.23
611.579
477.941
431.409
328.097
294.919
293.538
335.228
449.831
446.927
335.509
411.381
394.835
245.271
191.093
411.787
770.149
473.237
393.635
639.299
477.145
235.22
244.184
387.396
806.593
706.268
490.227
660.465
405.177
222.226
313.655
316.318
671.446
722.585
454.5
322.405
297.163
155.514
110.506
139.428
296.854
324.322
302.856
311.002
470.62
263.798
181.255
169.921
303.711
277.2
462.066
518.169
645.575
401.916
146.427
192.385
338.573
492.202
656.54
364.277
573.78
316.847
159.41
188.102
323.672
331.65
560.138
403.346
529.512
299.179
120.994
188.147
274.275
358.021
527.781
481.26
752.466
488.958
241.14
282.6
395.765
449.721
725.344
316.149
631.869
678.818
313.58
295.448
303.775
301.136
581.643
309.231
581.799
885.486
628.823
415.083
444.324
303.597
505.928
273.242
364.653
834.16
850.247
396.779
255.183
270.908
303.016
369.887
388.501
502.133
740.021
356.157
213.933
341.877
399.199
400.187
379.339
360.087
357.693
362.947
297.007
389.579
379.578
198.571
195.621
321.43
695.967
762.479
311.941
199.429
206.028
294.753
227.3
269.578
558.17
687.853
477.882
310.427
249.512
310.769
248.423
406.13
485.567
622.313
570.79
342.937
247.867
388.522
338.864
257.829
272.446
552.275
679.116
412.906
354.103
478.31
345.985
306.115
227.55
414.915
633.497
532.921
349.161
581.511
335.359
197.015
277.538
297.191
591.593
635.391
375.03
462.22
342.517
224.444
160.356
275.044
633.469
513.449
346.609
783.298
419.755
239.381
169.76
298.868
709.673
846.986
469.539
705.138
294.604
182.657
152.348
227.602
610.853
757.679
319.389
285.727
240.127
187.03
98.5968
127.982
237.492
294.421
243.544
354.829
493.982
285.915
271.708
213.791
363.361
325.888
480.653
450.21
602.122
494.365
279.078
276.178
276.294
428.502
595.632
356.134
526.6
373.065
268.399
282.928
266.7
308
521.172
410.549
643.59
415.736
182.717
311.389
315.95
367.814
630.541
391.522
343.377
340.209
223.53
203.24
254.86
383.338
350.036
308.754
594.145
698.827
416.899
332.274
327.279
294.237
531.301
322.031
606.235
834.67
503.06
470.525
281.12
294.082
544.218
198.503
465.596
815.505
748.536
477.184
266.967
183.722
400.826
220.568
222.71
587.112
956.029
550.131
205.735
220.283
206.588
364.251
328.382
278.951
661.882
547.379
397.782
353.015
350.49
234.755
270.416
313.801
438.111
544.506
362.62
244.88
266.431
183.903
284.486
296.727
394.9
617.885
539.467
213.11
246.44
468.669
419.102
289.102
265.674
522.235
712.79
517.25
432.256
563.493
410.29
215.49
254.368
527.161
821.405
631.262
429.055
524.86
242.681
224.563
273.086
346.14
410.305
539.073
288.405
756.044
415.291
224.064
134.07
302.979
724.866
808.502
434.857
694.484
429.644
182.003
152.918
230.659
622.208
742.127
482.686
579.2
328.835
218.863
159.609
292.751
723.313
650.644
321.78
810.019
557.686
188.321
154.29
242.223
535.246
829.425
624.682
293.021
290.647
167.946
108.004
93.512
157.869
280.5
307.231
344.179
507.359
279.874
199.569
245.454
345.611
331.914
497.614
590.124
672.153
338.761
198.34
236.241
353.905
561.52
704.154
543.569
773.65
416.573
405.93
271.132
365.585
471.724
772.803
619.677
437.427
354.202
217.661
205.852
395.886
634.261
482.924
289.048
505.771
379.229
362.428
251.283
285.384
274.375
477.938
485.662
585.52
637.301
381.728
299.089
329.543
468.186
553.953
454.346
693.479
777.098
441.688
373.483
452.007
451.891
623.314
253.922
432.909
787.784
734.097
529.39
286.602
242.08
377.745
363.176
326.769
556.838
1049.21
472.758
233.794
363.242
319.07
235.106
268.692
387.393
792.811
718.829
361.112
236.931
250.09
153.764
200.929
281.229
446.77
574.727
426.379
174.504
182.971
277.34
253.512
283.599
239.667
303.158
487.759
312.941
242.888
414.679
374
284.441
259.203
444.506
711.512
470.224
376.349
469.752
281.108
252.339
300.782
468.642
558.212
509.806
288.829
484.328
343.205
287.305
236.493
300.752
639.483
540.567
319.483
656.3
312.229
227.269
139.999
307.079
651.988
705.906
334.443
811.963
289.956
159.118
166.285
235.68
613.561
857.371
351.987
952.033
541.912
177.241
183.381
225.754
734.937
1004.94
606.671
791.533
441.818
148.173
141.724
161.776
587.29
840.086
490.715
376.028
384.004
184.081
115.101
118.448
165.746
345.527
412.705
335.506
516.261
258.302
217.464
275.387
305.893
308.885
506.331
459.734
569.367
281.272
129.236
214.096
297.282
450.723
585.753
500.394
606.753
386.34
194.148
276.948
360.273
459.956
598.978
382.507
640.956
477.733
392.801
336.177
370.789
360.018
611.876
419.733
629.307
418.692
179.422
268.268
358.457
400.495
614.464
400.273
668.222
628.036
354.493
307.732
321.781
391.617
619.069
283.577
581.735
763.193
535.02
357.196
340.805
273.648
516.957
262.235
521.583
709.631
681.825
316.368
254.243
243.232
469.406
321.339
318.805
526.077
921.037
597.183
258.256
330.291
319.727
451.862
390.655
422.755
638.08
624.774
299.835
418.268
419.422
239.023
183.709
403.355
433.096
625.493
507.64
276.875
166.645
242.208
379.584
343.871
237.759
404.693
464.374
240.65
348.127
415.1
313.324
249.959
413.383
358.465
586.579
464.041
310.689
431.658
283.064
243.809
207.971
297.021
580.661
483.216
284.536
452.38
279.391
198.792
238.868
244.752
471.685
497.501
284.605
748.208
473.296
150.562
224.751
253.824
670.373
810.604
529.047
782.338
359.927
203.14
180.684
250.583
602.065
829.297
401.963
771.561
319.592
244.638
159.742
238.128
597.858
823.733
368.079
846.335
536.153
209.646
189.347
223.448
704.745
903.555
595.959
406.434
484.883
277.17
170.342
231.027
237.119
364.132
493.291
310.591
436.833
300.8
283.336
307.667
315.308
299.818
425.711
416
585.613
356.083
193.848
243.359
275.48
382.063
586.015
524.239
680.053
408.265
172.64
174.859
223.598
452.042
686.542
629.574
639.067
306.102
192.256
192.271
335.172
597.009
678.49
340.457
610.88
417.018
321.634
253.921
361.693
302.396
585.643
409.823
691.539
659.587
452.942
369.428
373.638
405.903
649.858
396.4
676.162
716.488
431.787
361.594
327.635
371.271
637.46
286.04
424.621
755.671
707.292
380.79
250.08
287.391
375.889
182.274
288.25
564.808
838.104
397.934
197.503
171.606
258.712
228.956
182.17
282.998
661.187
633.613
341.993
228.732
180.243
347.992
252.482
315.413
428.292
536.234
473.784
352.95
284.706
512.051
319.339
250.369
235.749
379.218
648.754
569.714
347.474
562.326
297.495
259.817
325.728
435.849
677.274
613.842
319.15
655.684
329.652
194.678
203.199
378.121
685.82
717.56
374.089
518.452
310.619
180.572
140.313
212.83
484.805
562.327
332.421
678.814
441.188
190.576
199.732
286.01
595.372
732.373
484.132
987.892
495.225
170.508
213.044
241.009
712.361
1039.46
561.211
642.182
304.118
166.49
134.7
184.999
376.759
665.711
338.566
1006.28
415.948
279.92
217.658
285.866
740.542
1055.71
499.78
303.758
270.726
169.083
115.804
116.307
203.335
299.551
285.052
315.4
603.091
321.371
120.261
175.324
416.367
279.627
576.774
637.161
822.159
503.388
192.162
391.606
439.898
577.745
837.004
617.594
528.594
341.791
223.133
220.806
427.651
595.623
578.729
563.584
703.867
414.908
278.188
223.187
317.581
519.187
725.665
436.333
759.711
396.09
193.727
220.739
385.033
372.62
741.845
529.951
845.05
590.775
290.735
282.488
485.113
499.036
822.297
436.276
603.829
592.987
323.609
336.309
289.675
393.124
573.496
323.76
559.844
735.467
574.78
284.171
319.238
320.213
494.021
256.998
265.896
463.754
774.063
488.675
174.628
241.913
260.321
335.665
327.574
318.612
398.311
357.656
247.783
311.024
334.856
299.934
441.775
553.046
448.69
400.314
560.889
330.321
387.287
743.689
315.26
232.718
370.464
348.433
422.06
749.067
388.155
448.646
235.198
243.333
532.198
332.487
456.044
477.916
261.986
667.55
365.401
324.26
265.377
284.033
582.666
719.405
395.476
756.589
298.606
197.208
317.784
191.081
512.324
796.382
358.61
464.667
259.07
142.169
112.971
101.986
310.981
489.423
301.783
971.181
402.087
190.632
181.845
223.999
699.991
1022.82
481.617
689.977
384.151
158.447
173.46
173.63
522.275
733.173
427.334
809.839
456.609
221.837
204.973
284.049
642.348
855.7
489.558
380.571
333.983
201.492
179.399
182.482
241.124
367.18
360.131
628.289
743.704
305.159
123.853
146.877
404.29
576.684
777.129
751.71
787.609
391.882
151.76
161.355
282.846
667.277
818.204
481.526
496.24
243.247
228.876
274.774
288.125
448.991
525.517
646.943
744.822
368.283
148.179
241.51
321.295
569.971
781.306
632.452
798.902
462.258
231.067
318.982
334.323
552.36
815.364
572.738
720.299
485.948
302.713
289.964
379.71
542.455
730.08
514.843
774.534
674.499
344.085
225.293
382.866
482.348
742.495
351.357
582.78
596.867
371.27
338.808
402.64
356.391
531.372
240.557
295.784
554.078
596.418
320.071
229.272
244.715
273.027
220.987
227.424
266.306
340.555
392.892
398.882
238.445
228.284
337.082
245.821
361.393
333.652
355.378
407.087
356.941
246.529
637.621
285.562
199.327
202.499
243.255
369.602
643.414
352.719
560.276
193.425
206.481
274.686
271.771
363.325
584.342
246.79
670.925
339.397
216.839
194.299
209.626
507.403
716.357
378.511
937.897
352.005
221.704
239.733
185.937
470.475
958.572
452.323
608.219
251.434
183.921
158.578
137.419
403.193
641.262
278.394
909.291
334.051
177.82
191.21
201.873
568.337
950.17
419.356
760.315
318.738
147.972
185.477
212.352
614.919
820.009
377.185
877.736
462.972
171.22
128.067
104.372
583.318
926.961
509.948
310.164
327.647
225.255
221.446
130.784
184.759
293.704
336.968
707.512
771.191
406.811
167.848
259.49
341.584
636.981
814.028
769.993
843.683
344.227
211.769
166.791
385.471
693.133
903.873
600.479
635.433
271.513
266.006
303.592
249.527
525.65
683.512
600.905
697.194
315.128
164.095
177.972
267.613
521.373
721.049
776.462
816.203
419.796
248.724
215.705
318.16
696.45
856.354
593.419
741.735
388.446
286.542
217.077
367.735
547.938
759.319
519.766
811.275
584.607
330.344
228.619
333.877
454.067
795.407
405.03
604.322
541.058
314.458
240.109
344.23
404.806
572.219
168.701
300.024
512.587
653.786
374.56
192.985
154.945
271.637
517.74
428.536
291.983
387.018
341.016
436.337
534.555
431.54
615.443
318.378
199.158
275.399
287.211
294.376
605.816
381.153
445.092
323.901
210.931
164.854
163.711
323.741
453.956
348.204
721.166
320.32
303.598
376.424
275.997
405.535
740.833
373.209
703.797
262.632
161.202
230.028
206.822
414.34
727.067
326.104
845.733
315.632
160.851
193.174
143.749
486.645
874.608
401.814
678.703
306.278
257.052
225.724
283.629
357.806
696.824
367.04
944.497
326.299
152.35
151.585
208.325
573.862
985.581
420.727
824.986
424.469
142.243
152.399
184.619
638.867
883.793
474.79
685.521
364.721
382.703
193.66
269.089
605.691
730.308
379.915
389.651
420.236
201.496
182.852
119.103
201.365
359.881
438.36
555.213
629.259
312.864
170.386
199.064
363.122
504.634
646.068
531.009
613.589
254.948
127.65
160.987
315.589
474.796
645.026
712.016
689.473
283.319
191.745
223.033
300.495
641.373
746.603
751.378
759.69
287.017
203.989
192.92
369.125
675.485
822.626
781.154
858.903
415.428
210.039
302.574
415.854
701.263
911.338
885.827
828.724
345.755
239.394
204.515
384.838
805.188
902.866
612.182
682.251
403.016
265.166
276.658
291.821
553.107
712.888
636.251
743.028
412.127
221.829
224.298
353.886
575.877
776.125
363.469
535.622
514.601
498.687
433.814
284.407
334.968
527.633
443.612
300.733
217.159
264.426
267.121
462.026
454.102
321.718
529.125
225.29
286.047
486.944
357.248
348.672
545.522
266.446
499.651
308.98
150.961
275.593
286.738
282.662
486.155
359.953
624.328
307.881
259.921
480.72
329.012
372.779
649.408
346.683
861.38
349.249
189.31
325.824
271.883
458.715
877.701
426.604
969.773
387.57
175.93
153.991
214.108
443.067
970.391
503.667
730.151
322.362
170.243
146.664
171.271
300.148
716.78
402.372
959.078
455.423
290.969
207.486
274.518
641.409
982.082
512.848
824.154
398.21
141.136
179.198
186.161
614.135
876.939
451.765
789.916
454.077
137.089
166.953
211.32
560.554
833.801
510.752
360.725
419.934
203.183
176.676
185.269
201.874
329.561
438.757
414.001
418.182
331.811
265.321
206.143
190.592
372.478
432.674
742.644
723.052
310.183
209.909
190.474
355.267
678.639
785.949
817.294
732.185
322.411
188.711
251.197
368.53
736.892
796.298
757.82
723.948
300.864
257.241
337.099
372.451
683.691
793.336
837
778.171
477.26
520.492
395.369
324.683
757.876
832.975
1003.81
768.82
310.023
184.237
117.603
296.972
922.357
863.078
816.025
708.848
313.329
168.695
184.688
384.286
756.532
764.527
770.817
742.769
353.949
361.489
220.635
330.006
700.156
805.454
591.383
410.409
389.64
491.88
386.065
340.709
560.255
470.238
693.109
365.862
229.279
267.135
193.166
313.336
682.224
437.475
657.456
311.604
231.509
273.016
267.265
265.638
641.44
389.11
729.573
374.214
226.349
366.503
251.936
344.319
723.235
441.993
727.642
325.525
155.518
255.491
125.829
324.424
723.111
406.62
646.275
269.236
125.654
131.288
148.327
428.851
676.236
325.76
692.407
293.101
203.816
174.833
236.942
301.576
686.421
343.363
944.075
399.498
223.645
318.644
315.58
586.466
971.192
476.523
1045.73
409.731
184.221
135.126
237.21
740.493
1092.42
502.97
758.318
353.837
262.049
484.31
316.114
475.334
775.479
409.528
703.584
462.19
242.759
178.661
211.593
487.747
738.354
504.7
366.325
390.126
201.711
163.247
169.298
249.688
347.456
412.477
697.29
736.862
273.986
146.432
146.602
442.832
660.808
792.311
843.507
703.815
309.295
292.242
210.026
356.869
772.434
762.856
795.947
830.25
317.649
213.89
168.273
374.737
712.347
898.472
1013.87
950.07
464.292
319.48
296.735
347.884
913.111
1036.75
897.736
722.095
356
178.917
240.747
307.513
825.647
799.322
1083.53
804.984
338.067
211.548
191.056
371.064
1009.65
912.276
952.534
791.799
394.37
222.621
210.541
347.729
883.189
865.652
409.206
323.208
266.436
347.892
262.363
216.347
375.292
360.321
502.825
362.046
190.224
177.798
154.323
217.047
468.844
406.253
575.793
362.077
253.713
262.747
239.315
263.153
550.439
410.382
413.502
256.862
287.865
431.398
260.834
259.373
415.289
280.397
729.435
288.283
233.476
210.474
238.226
364.879
739.907
366.409
536.62
239.828
239.403
256.34
238.313
291.834
529.444
291.668
361.315
201.021
206.291
307.82
242.094
230.118
359.78
223.349
1148.21
467.681
153.544
178.345
247.278
473.632
1138.14
613.154
969.157
438.997
120.608
158.168
207.582
616.223
1002.75
529.46
905.719
325.298
192.793
149.258
219.27
564.235
940.939
409.373
953.867
376.114
213.124
165.824
233.899
632.792
990.385
468.082
880.25
294.765
156.177
224.326
190.525
532.845
917.55
380.821
361.27
349.68
157.388
129.427
144.588
174.85
334.808
382.491
595.593
656.682
336.34
153.813
173.154
314.026
536.654
683.25
919.003
844.182
343.32
165.968
198.451
301.892
829.451
921.499
924.089
921.224
341.05
200.859
192.612
395.647
828.997
1006.64
1018.94
930.228
308.254
167.169
142.155
406.26
922.159
1028.5
863.853
683.815
204.687
213.207
152.307
303.577
789.521
778.773
817.019
673.769
329.711
226.911
188.986
276.016
748.35
754.456
754.084
599.123
260.402
237.329
222.592
282.086
700.018
673.553
469.537
373.161
198.324
229.923
207.009
340.722
477.634
393.247
404
403.087
364.476
313.855
253.071
202.411
384.299
408.214
547.192
379.927
160.08
239.704
194.439
239.741
518.188
438.639
349.562
215.905
198.272
379.449
246.862
203.851
340.334
250.111
523.17
249.69
296.693
357.108
243.793
245.72
525.568
297.689
665.6
382.468
291.499
299.742
277.645
346.43
663.938
432.565
556.152
347.071
255.51
212.295
323.965
360.822
540.361
382.481
1095.54
493.351
141.991
203.066
103.272
374.385
1070.04
632.16
756.248
345.742
258.453
188.507
341.789
629.977
802.236
404.913
1011.54
398.919
206.493
147.598
168.954
519.627
1026.07
506.033
1232.32
468.916
193.086
135.977
256.05
597.798
1240.58
612.993
684.833
272.952
198.964
184.385
202.972
485.584
721.061
319.863
259.191
395.525
232.77
126.43
193.579
296.825
238.549
389.566
805.284
791.559
390.366
259.357
230.883
295.589
721.066
855.079
883.611
906.503
526.665
274.65
296.61
333.167
791.292
963.086
830.772
889.428
425.09
289.821
245.686
324.109
736.347
948.042
677.04
691.274
411.615
261.837
173.21
328.991
621.601
711.825
994.471
795.078
281.947
132.215
168.608
382.578
920.62
893.219
843.008
650.97
254.743
248.745
198.817
316.759
780.234
738.535
721.554
546.404
284.43
335.657
201.602
288.943
678.685
611.116
639.742
521.952
264.672
246.462
217.714
343.226
600.586
575.963
439.922
498.574
381.122
395.756
316.099
259.212
410.396
512.205
699.786
410.188
194.574
284.25
172.483
252.695
673.684
489.117
470.532
226.965
211.362
383.652
255.078
196.934
458.741
277.12
424.738
310.786
326.579
327.54
374.431
336.985
400.857
343.672
958.766
445.238
155.978
160.282
180.49
328.23
933.422
562.38
370.712
311.28
340.892
352.731
217.856
278.805
379.339
304.733
927.892
448.517
159.502
146.955
172.903
333.174
896.2
564.039
1122.6
444.581
137.126
155.199
214.999
526.812
1128.7
577.17
998.677
443.668
165.295
263.717
227.846
520.42
1006.62
555.328
960.132
468.425
196.194
212.559
170.365
557.678
983.825
540.264
791.999
420.723
236.163
218.974
301.258
645.881
848.376
473.412
579.947
620.663
333.377
139.977
175.521
343.221
540.299
651.245
757.277
794.95
356.813
187.87
163.638
333.227
676.966
837.899
866.76
860.811
433.241
176.49
202.27
380.077
789.371
910.799
695.411
743.155
298.889
156.695
174.69
334.26
611.553
795.277
870.382
600.339
248.945
267.744
187.481
308.902
805.353
698.56
1044.92
741.259
344.956
184.839
159.331
294.722
970.118
842.011
1123.54
645.598
278.2
227.429
236.653
392.873
1071.49
767.03
843.511
523.547
312.73
207.005
217.757
276.951
798.309
605.677
543.518
445.617
232.182
257.933
190.98
249.762
501.204
499.479
523.972
349.347
256.159
268.478
311.507
273.008
507.936
398.006
527.666
425.739
340.241
399.9
337.888
220.177
491.331
453.736
406.422
362.195
263.12
308.781
311.138
351.836
377.488
397.666
428.054
256.668
208.994
331.296
218.93
191.754
412.831
294.699
1008.53
478.442
153.287
174.198
137.25
336.303
976.97
606.487
317.707
199.374
136.072
198.979
160.714
240.445
319.522
209.226
837.958
309.168
77.0165
174.448
147.652
344.963
839.367
411.226
858.82
331.164
185.73
175.111
207.68
393.323
862.11
420.499
922.072
450.38
174.963
220.863
191.387
509.59
929.647
549.749
832.735
424.794
236.913
305.256
273.574
584.402
867.341
482.081
594.606
318.655
217.398
191.182
190.303
423.302
622.874
344.311
509.527
656.077
330.345
194.362
236.556
386.946
459.364
667.695
669.036
694.019
286.798
203.641
221.645
333.002
603.845
743.97
689.358
620.836
332.934
230.524
230.008
321.537
643.914
662.6
793.566
805.213
337.937
300.802
226.591
350.629
709.018
872.833
1036.12
685.225
232.239
150.058
177.486
299.973
959.533
800.852
1125.62
791.557
293.957
164.308
218.328
400.519
1050.48
899.853
865.161
661.518
281.512
207.596
186.103
332.798
802.219
735.209
810.61
600.008
286.472
208.798
181.817
302.445
762.195
678.369
523.519
474.584
284.608
422.481
240.515
259.093
482.89
510.98
694.974
478.61
247.702
268.986
202.062
288.569
664.893
546.121
526.706
425.818
214.904
380.099
213.498
234.713
494.666
476.517
541.552
438.367
209.18
206.222
194.802
239.816
502.191
479.431
521.531
363.929
239.842
412.727
276.709
247.548
493.717
401.034
1004.86
488.736
149.704
256.89
183.994
378.821
978.302
609.138
470.617
219.6
158.953
158.64
160.148
210.907
463.428
260.324
735.17
270.462
177.138
156.129
153.226
284.789
728.941
346.621
1112.4
476.413
189.267
222.867
203.707
421.862
1098.83
610.389
587.991
492.102
186.177
184.068
227.074
555.52
585.64
537.554
870.186
368.756
195.113
207.982
234.898
574.813
885.454
446.926
850.478
476.547
252.096
209.35
195.761
574.896
880.44
533.574
526.952
572.128
289.332
180.623
137.977
244.703
472.54
610.754
543.48
540.1
289.088
232.083
308.193
288.007
482.582
574.666
623.917
691.767
315.164
282.504
179.67
324.297
556.278
737.437
862.04
901.094
349.361
237.583
246.718
506.128
789.857
975.627
903.459
760.446
298.949
199.533
178.237
358.21
829.102
846.219
1015.14
680.79
285.055
245.85
225.853
314.102
949.697
783.998
755.679
712.787
402.029
342.711
243.367
312.7
690.321
771.133
815.319
673.215
326.634
126.56
143.263
309.478
760.903
736.81
739.749
583.473
331.886
312.94
188.161
293.681
694.812
643.964
378.073
431.556
285.796
274.211
236.303
355.981
359.097
439.36
406.292
317.757
257.187
406.846
302.965
193.831
390.509
341.809
305.336
253.703
284.558
356.452
296.555
264.818
295.742
268.09
722.41
373.71
172.095
181.562
174.975
280.184
702.107
455.267
1071.9
503.878
272.381
276.926
255.439
345.122
1040.13
633.102
617.571
281.859
173.603
340.474
232.156
279.958
616.377
343.316
990.96
458.344
210.162
169.536
158.691
356.921
970.439
569.62
1224.13
476.903
187.981
216.015
244.091
519.818
1228.08
622.854
881.156
303.636
124.738
168.067
176.221
395.691
888.103
412.178
948.129
457.683
204.552
164.885
188.702
560.256
965.86
536.969
765.679
335.454
220.161
205.222
262.372
533.413
791.735
408.071
524.63
584.555
282.786
163.135
180.382
328.882
482.659
600.853
545.258
472.436
170.629
174.38
155.76
255.447
495.93
525.775
844.844
817.842
305.678
194.757
169.827
368.85
762.946
894.667
836.61
693.303
272.35
278.259
216.707
284.64
763.502
777.369
952.23
807.972
348.107
164.562
165.309
347.481
879.794
888.396
878.474
734.632
295.101
219.62
161.289
347.81
811.671
818.286
991.692
781.921
230.207
110.683
120.542
338.259
912.752
886.803
762.302
607.517
325.481
188.211
167.128
259.225
699.31
671.514
629.824
578.094
254.705
167.016
171.077
241.042
569.692
633.915
849.707
564.806
353.101
383.009
448.214
481.555
826.365
597.691
404.21
419.354
323.011
395.893
266.029
181.228
362.636
437.477
343.181
280.496
211.953
233.551
191.211
192.983
336.401
301.012
525.947
446.675
283.07
246.239
212.548
233.466
494.227
473.755
868.774
406.54
127.364
200.272
221.413
349.896
856.496
506.419
827.583
340.115
161.666
199.581
143.186
332.409
827.53
434.161
1050.92
420.464
152.263
204.408
191.609
429.579
1050.9
548.188
922.456
340.099
129.023
113.929
146.276
454.98
934.96
436.101
888.076
400.224
140.644
229.387
188.692
471.779
917.512
478.847
864.709
522.966
189.892
243.054
203.674
577.127
897.06
586.41
745.265
444.659
199.012
178.506
153.604
517.761
788.073
486.925
552.285
655.467
346.442
189.418
181.212
319.494
493.416
675.666
495.314
496.486
377.232
294.998
268.924
408.564
477.396
496.339
649.277
721.844
399.733
211.892
291.333
360.313
585.304
759.627
907.534
769.592
289.604
216.171
188.706
319.015
821.89
858.092
903.717
865.51
387.662
253.289
199.668
359.268
820.596
939.525
826.684
750.518
324.933
207.762
230.384
315.839
749.8
822.874
910.978
736.983
295.678
197.56
197.897
359.131
842.81
820.594
748.595
569.313
257.571
232.168
234.661
290.31
701.456
639.481
647.315
643.253
293.236
253.671
143.625
305.351
584.382
701.448
625.481
460.633
244.143
267.28
170.274
237.397
589.472
523.466
547.546
571.8
280.612
270.174
153.533
203.499
492.639
599.206
372.574
301.012
198.48
227.757
226.318
244.655
362.356
323.228
393.254
279.02
292.325
301.614
229.667
192.806
383.477
302.009
827.354
440.649
165.68
117.078
142.261
299.632
797.985
535.985
744.781
288.162
101.605
156.597
131.759
229.023
725.257
381.034
821.789
326.814
136.657
197.72
185.605
367.005
819.62
421.028
1292.09
539.624
136.867
162.073
177.535
485.568
1271.28
706.283
635.941
279.612
199.616
247.45
252.556
524.242
671.408
321.025
761.085
349.028
159.494
259.365
263.497
453.217
763.813
427.877
778.525
322.625
154.668
149.414
145.745
367.132
790.213
401.346
