529.136
581.596
324.463
231.097
231.076
415.055
541.312
604.342
544.224
740.603
627.839
357.777
355.401
567.628
550.54
718.438
433.768
555.89
739.216
540.241
361.028
399.626
446.724
525.814
549.394
770.201
653.407
451.527
258.965
378.049
496.886
760.419
351.826
593.308
922.251
629.259
476.595
320.023
337.433
522.466
392.843
685.893
805.519
507.177
429.842
269.15
343.75
646.929
413.651
671.116
730.009
440.475
297.924
437.974
419.432
604.857
287.827
342.137
727.594
804.369
584.047
323.892
288.073
298.885
242.359
377.819
687.229
726.361
353.105
314.443
243.016
332.423
410.102
386.305
697.443
739.682
559.85
403.16
414.025
366.511
303.562
211.529
435.287
859.757
610.459
226.287
302.649
217.692
392.24
366.788
377.304
730.679
539.138
305.045
377.04
390.001
447.859
271.911
459.337
791.556
807.108
400.225
452.089
287.57
509.022
439.977
404.956
482.182
650.104
563.618
533.506
465.451
261.68
216.756
386.5
673.26
871.843
560.766
293.247
217.458
286.214
365.657
400.387
615.827
883.552
768.838
334.226
313.261
421.227
440.068
395.309
547.115
750.902
627.186
439.766
457.603
324.117
242.379
256.153
469.176
698.872
670.7
367.257
234.517
439.409
395.714
443.199
405.541
702.524
790.586
477.061
372.218
608.93
294.484
389.489
424.7
703.527
845.86
667.267
328.304
480.097
524.215
374.63
358.114
298.679
333.721
467.561
538.122
400.032
487.091
655.443
447.619
379.426
375.106
390.935
448.3
600.391
633.694
437.168
352.01
348.445
483.182
563.62
653.24
583.094
736.551
552.411
383.604
293.599
325.534
525.069
744.01
655.562
774.299
553.259
435.655
377.491
365.449
593.961
787.619
682.922
642.552
671.697
520.491
410.212
511.881
700.448
634.364
369.303
665.132
805.959
595.22
464.472
522.544
352.51
592.196
332.017
468.675
611.663
625.586
347.883
405.188
324.231
438.913
343.738
349.335
574.554
542.047
423.044
246.653
324.834
340.1
227.582
224.036
352.561
485.327
480.716
258.36
233.231
225.86
248.368
237.906
385.693
971.305
602.219
305.872
259.008
234.685
354.662
289.481
498.225
1005.12
588.724
331.138
374.582
292.75
356.175
312.239
326.842
798.261
783.201
464.945
368.024
307.809
276.943
205.147
337.309
592.17
722.118
434.191
289.123
197.662
280.24
290.298
322.139
589.7
792.327
611.271
314.023
270.888
250.683
300.765
474.317
628.813
856.998
611.702
281.195
270.108
241.609
335.956
482.29
639.567
800.889
598.405
265.867
297.118
232.709
313.216
342.666
394.746
726.458
693.259
274.804
273.144
320.798
315.907
418.728
470.897
728.433
708.397
358.174
294.725
544.024
348.761
388.97
374.492
675.863
886.692
610.65
351.066
598.979
414.341
528.323
550.943
344.713
346.984
595.319
434.944
432.218
592.133
550.55
271.748
259.716
326.773
416.205
560.957
556.329
702.237
621.306
324.278
380.134
564.321
578.716
675.919
370.846
640.694
669.191
417.959
380.585
341.421
360.974
592.412
350.102
587.341
709.772
606.799
470.165
282.471
307.203
555.029
393.581
635.74
769.57
473.517
486.317
386.33
367.485
597.489
310.95
470.946
768.206
607.336
439.408
419.377
314.602
409.967
332.226
504.745
732.726
619.482
377.539
282.602
333.585
462.21
301.53
410.328
768.955
973.032
453.486
292.931
291.62
367.886
371.012
323.255
597.784
690.997
307.314
303.614
383.547
310.597
320.44
285.47
384.434
700.914
355.157
363.866
335.797
279.56
416.491
287.536
350.429
716.713
487.807
250.655
402.414
310.982
356.308
362.449
412.7
844.819
780.969
420.744
333.092
383.171
274.197
227.62
256.118
542.289
572.345
412.913
288.466
237.989
284.461
332.521
601.441
605.455
674.802
479.385
292.392
303.938
517.227
350.589
335.643
404.283
639.83
733.124
570.618
363.092
415.97
343.322
282.37
453.225
567.166
650.54
458.731
345.245
422.416
268.184
294.102
399.499
645.841
699.649
474.172
276.877
422.709
388.369
431.324
391.431
673.391
786.533
472.361
363.799
398.287
339.379
363.393
394.316
689.653
759.582
428.696
330.616
508.937
736.514
649.038
405.68
408.855
323.001
451.9
718.821
477.861
724.844
760.443
477.364
481.111
437.966
431.878
674.776
620.848
746.612
404.831
312.138
237.971
330.712
552.147
761.63
565.127
599.821
428.362
376.712
336.152
492.138
575.551
597.843
477.378
711.456
713.97
558.572
606.013
412.328
468.862
681.793
582.772
701.034
583.568
417.31
522.001
434.047
542.057
692.49
502.093
568.177
769.47
535.175
502.942
429.822
497.643
521.634
478.253
532.873
752.896
561.891
507.03
495.199
484.352
480.685
286.97
399.465
687.817
655.726
353.779
334.697
280.431
353.363
242.051
312.748
601.5
626.275
595.297
375.427
227.229
300.568
260.975
170.65
580.505
944.284
555.914
275.859
272.674
164.833
363.95
248.529
438.071
849.41
592.046
261.019
348.694
278.952
399.941
260.787
263.69
677.144
559.824
272.466
382.003
287.876
314.926
344.418
430.645
635.631
670.414
445.526
302.799
354.638
267.961
269.224
379.678
402.794
531.502
503.003
301.264
235.108
540.137
342.916
286.441
452.793
523.689
631.231
587.046
373.155
406.706
332.799
448.366
544.074
760.429
652.412
426.911
328.473
658.96
403.22
340.456
365.789
553.094
724.551
699.117
427.298
334.236
263.287
422.72
332.726
360.501
328.009
335.015
269.038
494.434
328.863
372.544
413.273
702.273
856.217
560.709
319.154
665.658
428.662
262.322
197.829
241.345
478.345
691.389
474.255
643.281
810.492
556.888
342.443
332.866
316.466
571.45
826.377
427.557
773.035
728.763
366.874
299.482
414.068
399.933
722.922
530.1
716.414
466.832
291.762
187.541
330.327
483.314
718.97
396.375
601.218
533.102
468.1
466.883
346.827
368.88
583.785
618.152
708.219
737.347
629.728
573.081
396.86
575.038
702.625
384.853
569.433
735.348
685.968
345.426
314.342
370.529
538.193
327.891
420.287
699.84
762.54
304.104
238.2
329.298
373.759
325.497
439.508
466.551
414.931
407.688
233.166
300.804
428.56
285.414
309.751
654.08
695.202
501.935
297.711
291.699
276.219
249.897
282.667
582.608
815.631
422.501
286.919
241.805
270.522
326.238
187.454
378.142
878.75
687.964
374.092
335.928
210.63
213.769
280.572
478.155
847.696
806.126
453.577
218.746
249.473
347.09
322.133
306.232
481.922
557.729
436.441
358.177
324.13
436.536
410.179
366.621
482.201
643.052
647.972
461.746
400.413
428.376
413.465
456.198
525.425
609.999
770.554
466.042
389.736
522.162
431.191
341.196
302.617
632.935
765.488
565.281
445.338
641.035
535.565
323.586
327.197
607.8
870.762
705.187
550.217
654.622
337.965
294.442
287.55
343.928
656.912
715.732
365.038
579.883
430.855
385.876
269.83
580.476
902.803
649.988
433.46
584.82
610.89
402.556
356.728
320.094
285.337
533.208
640.296
619.067
795.738
545.011
297.395
402.467
370.269
548.288
799.045
652.686
695.51
528.972
386.717
354.17
754.146
699.301
698.875
574.467
742.708
482.077
526.487
306.807
377.122
519.764
748.47
525.512
731.467
573.64
467.28
415.858
350.711
476.917
718.947
665.335
805.501
579.197
422.349
450.371
352.769
600.096
815.906
627.822
494.03
581.133
620.602
640.435
387.679
601.909
511.758
605.816
693.392
475.704
307.416
226.867
226.047
539.388
716.517
519.773
695.646
598.484
423.881
273.439
450.596
509.45
687.562
323.762
302.848
487.501
494.48
566.934
358.143
335.865
280.563
396.469
448.056
616.953
628.654
569.988
499.8
393.449
410.17
433.91
330.304
380.893
739.346
481.549
311.718
443.55
353.088
298.45
259.923
362.356
670.639
806.122
473.649
301.625
262.049
465.551
358.153
271.714
426.152
621.526
626.659
482.083
374.267
342.707
251.65
279.754
308.205
570.981
624.306
387.471
237.137
409.045
349.597
299.065
341.776
490.647
578.816
432.363
366.054
484.504
486.929
366.588
329.349
565.779
710.174
528.042
494.872
450.613
470.964
327.607
196.992
450.372
716.943
493.879
475.204
601.685
390.135
221.481
253.639
499.501
828.069
670.669
402.044
808.574
455.894
327.796
222.517
398.447
855.235
885.334
485.15
589.441
721.745
562.232
298.527
286.626
396.273
567.176
721.512
669.739
615.654
389.619
262.366
167.052
265.343
626.536
651.825
945.304
907.526
399.834
264.373
294.171
559.082
871.303
965.222
624.507
844.97
496.56
253.677
310.254
473.136
550.477
841.646
557.541
791.683
728.744
866.601
570.596
551.933
549.044
758.322
562.555
640.488
364.271
219.275
246.284
298.802
509.79
659.863
653.155
731.646
595.967
553.083
481.533
313.761
595.737
740.611
577.26
649.57
498.345
408.959
278.159
426.676
565.739
662.443
581.445
474.542
367.083
375.764
255.174
310.443
551.232
508.569
349.3
392.978
300.322
458.059
370.675
430.449
369.873
396.116
427.383
420.704
468.809
441.11
440.971
523.119
427.702
425.818
360.08
248.976
433.128
630.377
361.056
312.812
365.67
262.401
322.967
266.409
367.093
604.275
462.895
392.447
327.822
287.352
245.844
273.147
324.297
653.718
799.208
586.729
261.138
264.366
361.435
321.993
445.465
577.625
589.802
662.325
404.69
278.043
611.114
416.777
234.701
279.339
449.434
818.522
678.544
431.441
614.585
296.066
200.13
260.874
433.81
652.988
659.406
328.49
533.779
316.187
354.757
294.665
461.853
724.639
591.94
327.735
641.271
439.262
272.496
301.536
469.522
939.133
720.694
436.272
560.94
355.13
328.581
372.272
500.336
826.25
629.278
350.489
538.041
448.389
330.913
455.621
337.203
554.972
565.133
470.824
801.015
794.454
557.587
326.255
595.02
683.836
762.841
814.614
745.786
716.893
338.843
320.958
230.416
421.39
697.253
777.583
832.299
816.613
373.144
354.611
295.028
519.023
762.146
867.55
595.179
714.28
427.151
490.199
507.227
637.477
590.632
722.418
687.555
727.125
429.617
264.737
292.248
331.285
620.534
761.498
629.361
456.682
326.274
377.353
287.794
370.697
616.511
494.006
607.271
660.027
565.283
520.519
349.921
399.886
564.076
670.723
513.713
567.872
457.055
235.122
272.89
484.927
501.984
570.416
408.467
474.681
462.048
329.374
313.106
298.115
385.614
456.218
431.289
365.22
389.434
286.634
316.597
295.772
430.534
361.954
308.572
274.519
276.022
486.904
591.096
491.956
311.798
283.633
481.879
366.32
312.93
592.027
476.472
293.163
469.494
388.819
333.754
283.408
327.62
441.177
665.807
647.336
369.829
282.755
449.462
324.473
417.779
465.648
464.032
466.161
447.681
335.632
636.942
378.892
248.363
321.277
391.435
643.926
692.07
429.083
517.579
443.597
254.052
262.693
403.347
721.275
570.122
461.584
534.049
267.975
250.405
225.176
375.515
634.812
583.03
287.147
593.609
412.235
364.012
481.805
474.029
723.748
648.128
432.921
573.434
366.467
265.078
242.555
367.78
624.455
624.777
401.208
849.105
758.79
474.308
503.502
432.738
510.367
796.976
819.283
753.176
721.448
520.269
412.351
556.152
401.901
701.438
752.467
872.98
1000.44
647.915
342.459
315.745
445.426
783.658
1037.47
883.154
832.472
466.905
308.825
280.29
376.954
809.26
898.802
814.749
878.762
448.705
412.249
355.704
534.884
743.227
918.583
584.024
633.565
435.684
490.29
507.681
350.26
525.213
656.063
440.068
641.649
352.045
299.305
279.775
389.085
391.859
640.157
620.688
681.907
469.2
274.806
260.872
372.878
561.972
702.311
564.125
578.106
443.466
369.177
393.838
340.527
519.573
596.654
575.09
581.949
389.956
257.239
238.848
278.297
530.205
602.281
227.911
269.787
410.777
511.713
469.848
217.683
212.824
252.447
370.218
249.612
259.097
302.377
358.048
291.548
361.785
276.401
222.044
171.873
330.822
621.683
581.578
344.54
229.156
168.742
418.497
390.9
455.691
414.241
644.425
685.5
434.065
385.553
499.781
315.502
332.067
275.893
442.379
654.324
544.704
322.931
591.441
311.335
327.707
350.087
452.045
602.651
624.272
346.144
595.111
288.267
206.689
168.286
310.327
461.047
617.148
338.129
499.02
359.162
329.822
251.958
402.499
623.872
542.529
364.691
647.22
279.78
151.061
126.92
285.92
612.057
703.948
328.895
748.13
397.78
269.501
278.078
367.381
784.417
796.459
436.967
967.208
811.607
416.047
277.799
184.645
361.943
894.912
898.596
955.335
921.67
455.2
436.149
460.695
547.142
875.405
977.839
841.366
959.843
481.884
411.869
421.975
599.708
795.702
1004.99
1013.94
872.895
401.546
309.903
345.957
484.655
939.433
959.668
791.015
765.893
502.756
335.181
534.259
427.517
720.171
795.042
589.079
643.156
375.031
369.094
331.52
319.849
529.04
668.531
541.702
586.58
407.589
574.059
422.202
512.104
507.397
609.789
607.744
727.045
374.955
377.311
347.314
551.42
572.715
742.925
733.965
542.358
322.668
436.439
287.83
296.481
695.709
611.177
550.093
342.965
296.523
333.269
270.768
291.806
546.954
388.89
386.267
300.111
247.594
290.687
240.423
284.54
390.592
316.636
429.955
334.55
301.88
378.356
436.328
360.816
433.552
355.252
340.618
250.153
258.267
353.412
501.841
559.895
376.689
254.326
531.468
434.774
426.404
350.582
498.618
633.89
555.334
419.124
546.246
278.098
358.012
491.05
553.967
540.564
573.558
323.402
587.079
345.826
193.65
168.245
300.743
532.144
614.056
368.978
361.617
171.037
220.29
275.009
256.302
252.951
370.649
188.999
421.256
353.74
214.559
151.205
157.272
337.742
433.131
376.403
520.279
295.97
325.223
297.123
364.355
553.36
553.03
312.111
729.453
474.861
371.373
317.717
314.078
673.178
770.076
482.334
983.06
923.199
316.636
247.785
226.313
481.786
899.312
1019.12
899.784
840.408
455.303
443.097
397.754
561.314
836.198
896.573
821.224
886.959
547.346
544.933
459.642
425.788
742.11
928.673
1041.34
695.135
334.269
257.592
320.826
393.888
980.147
796.89
765.423
659.047
286.63
255.878
283.927
333.591
695.281
722.262
821.488
616.969
236.635
253.3
340.226
514.27
777.017
699.507
798.152
653.998
353.108
352.046
345.23
340.585
748.113
721.499
780.452
548.545
266.867
324.768
315.644
343.011
743.409
626.299
816.619
460.336
464.76
469.692
396.8
435.517
808.704
496.729
856.854
465.569
240.323
360.431
248.646
315.644
828.451
560.761
425.592
261.457
279.842
630.169
385.186
267.237
419.558
299.036
502.422
370.212
289.165
519.665
319.239
529.867
522.846
396.544
656.056
423.799
251.261
219.479
388.408
728.489
711.831
436.409
637.765
307.165
250.884
324.82
386.539
706.118
690.816
342.443
732.307
333.9
248.151
309.938
301.165
544.368
757.688
397.75
530.057
415.837
260.002
217.987
316.962
565.825
560.075
432.34
687.522
334.923
201.184
289.428
246.986
444.536
710.84
375.703
348.59
287.157
275.727
206.624
208.186
324.148
372.386
287.217
457.6
264.551
329.676
541.229
380.209
382.793
466.396
298.272
658.642
485.218
214.374
279.216
258.95
514.332
651.054
556.156
864.723
849.803
410.07
275.798
322.779
464.559
788.035
923.402
868.512
866.82
465.689
277.537
356.327
457.89
792.587
912.68
988.952
844.21
369.102
206.083
260.236
419.047
910.021
930.903
823.18
652.76
448.557
394.944
329.332
297.049
768.143
719.697
699.473
741.365
381.491
252.841
188.062
435.223
660.119
761.697
723.933
797.504
576.234
392.958
357.836
481.367
666.015
822.772
693.874
597.343
311.736
413.578
334.027
404.012
641.136
661.825
788.947
486.05
272.274
246.163
240.918
376.53
767.179
555.837
423.47
283.707
307.318
387.398
311.281
246.963
415.375
312.282
803.054
376.804
219.326
239.129
281.794
385.488
791.988
460.144
573.275
349.501
341.381
451.06
265.792
232.532
549.703
399.301
495.31
423.141
336.45
475.866
331.052
421.061
493.929
435.734
872.099
450.989
361.397
279.387
285.327
638.301
904.07
495.982
813.865
441.961
257.651
327.63
314.579
597.909
849.337
491.811
656.913
320.078
253.146
335.439
336.352
454.646
684.742
364.589
662.396
316.385
254.118
329.852
308.797
556.481
689.277
348.496
653.669
291.611
220.451
259.429
316.402
449.205
671.427
355.307
591.041
314.985
215.336
304.415
174.458
388.022
608.351
360.958
523.631
373.973
220.168
231.052
221.433
475.459
560.184
413.977
659.688
388.923
275.093
273.25
247.564
534.226
687.606
446.472
838.936
814.037
506.993
241.385
393.123
412.269
755.547
850.476
785.63
828.901
539.471
639.574
320.386
493.172
717.429
865.395
1011.14
779.901
391.752
565.781
366.339
402.08
950.675
872.151
855.566
673.248
456.702
510.867
505.724
429.884
809.617
731.921
590.668
602.825
527.781
419.438
582.643
429.384
546.148
621.035
711.531
730.507
496.268
408.063
363.54
446.214
647.332
783.885
979.371
679.416
271.294
233.85
261.459
440.503
916.404
775.794
844.636
576.365
354.356
345.581
452.299
315.509
791.722
651.521
729.99
485.067
200.927
281.443
340.587
455.753
693.858
557.673
796.602
444.808
220.052
187.813
207.99
439.327
807.645
490.857
865.384
466.762
231.95
213.796
243.879
361.88
838.467
561.867
1061.33
452.817
152.453
222.005
137.477
409.331
1054.17
577.571
763.072
331.826
247.835
363.867
290.517
569.993
795.907
387.291
797.824
406.161
271.48
269.118
306.837
513.5
813.669
477.46
779.067
290.291
211.394
329.149
224.899
411.895
788.192
381.266
875.442
398.437
281.326
490.865
314.518
407.101
867.66
485.59
817.044
400.646
262.707
228.753
229.662
455.4
821.749
473.287
613.075
251.619
170.984
257.316
242.221
397.593
632.064
310.962
511.704
284.28
348.76
370.803
342.252
435.678
538.021
313.041
436.204
292.284
183.398
207.394
162.377
309.825
452.837
325.624
1230.22
782.643
379.463
244.05
243.079
479.142
1164.6
900.635
866.771
853.791
477.096
564.824
440.82
706.471
805.463
903.508
925.73
848.925
414.559
477.545
339.024
420.957
843.489
931.232
872.553
667.653
356.464
423.24
260.104
431.567
840.438
729.87
720.43
598.742
259.372
333.327
313.763
545.496
671.91
663.778
973.103
784.139
342.185
440.95
396.504
486.371
901.371
857.247
902.221
738.393
233.216
232.297
199.98
419.092
839.209
830.491
937.157
581.135
246.117
344.179
290.626
401.566
892.055
674.431
855.736
478.481
212.83
289.105
353.735
404.059
820.959
568.579
473.185
243.821
263.074
213.483
244.693
268.816
462.283
278.008
872.833
457.526
151.352
198.652
158.734
388.272
859.796
554.444
751.374
313.346
160.072
210.516
205.617
441.95
766.17
393.132
864.634
447.156
243.597
310.162
240.352
526.446
876.803
531.375
705.07
332.051
260.279
408.544
303.207
464.815
715.152
392.3
674.103
414.977
354.633
355.219
282.187
417.921
685.963
455.57
641.49
332.655
246.066
324.423
348.202
497.125
662.948
361.859
789.852
336.129
269.493
352.603
245.964
474.186
807.46
405.69
520.235
308.392
271.583
211.106
272.164
420.811
541.938
318.892
508.62
360.24
372.443
367.267
289.132
310.949
496.451
390.084
396.601
335.279
293.844
384.438
340.399
406.047
401.997
350.413
935.985
893.5
430.209
315.383
318.713
614.821
868.604
947.132
793.355
732.786
298.827
371.025
195.452
453.235
743.391
807.921
665.015
857.252
527.435
314.462
427.148
452.19
591.777
863.276
932.344
823.077
479.416
424.561
314.692
422.478
852.993
898.798
997.091
713.701
459.406
409.71
295.816
381.313
941.371
781.928
471.341
476.209
355.832
305.667
244.11
289.286
450.062
486.667
901.758
578.112
265.567
248.837
210.057
315.332
849.015
668.983
997.368
544.625
262.083
235.716
196.724
511.499
991.248
645.096
856.599
434.95
336.136
308.964
257.278
406.025
844.305
512.033
497.362
292.004
333.126
534.576
398.721
357.053
497.731
326.298
620.58
395.156
234.337
274.913
193.604
297.878
602.423
459.179
941.755
384.34
284.999
292.67
261.304
499.539
944.922
486.231
719.27
386.45
267.174
199.587
253.215
490.057
737.447
410.435
678.629
362.361
280.722
275.421
236.649
435.026
687.041
420.162
751.21
459.424
284.358
218.467
288.564
592.431
778.973
480.192
589.078
354.593
185.01
244.805
204.236
434.161
622.122
394.196
727.922
514.927
365.743
428.636
263.06
559.362
769.15
544.526
545.389
245.592
197.802
294.866
211.314
392.074
569.231
284.584
702.015
401.662
205.55
252.089
190.815
439.843
712.394
456.487
501.271
287.214
156.05
209.056
198.249
367.538
525.197
321.173
1199.66
914.504
383.473
358.861
306.557
579.95
1124.4
1038.05
870.09
792.967
301.874
196.646
168.185
416.129
802.755
872.037
837.247
777.928
354.992
320.726
380.119
410.868
762.959
850.191
879.129
833.121
393.855
275.496
441.276
674.425
823.247
898.947
810.188
744.274
384.921
542.853
324.915
363.929
742.972
788.994
745.205
487.086
238.633
257.222
210.669
268.216
695.677
572.801
620.959
443.741
232.457
331.452
320.213
320.105
585.256
507.311
1105.93
472.835
190.325
163.732
143.959
421.986
1089.91
607.595
945.231
444.409
239.171
171.779
227.57
423.385
930.455
546.645
912.671
420.312
262.199
425.912
257.151
376.489
902.015
516.723
675.936
337.702
174.528
191.999
169.917
275.975
655.535
413.274
781.321
460.606
196.853
245.763
318.294
658.932
831.035
517.229
637.915
280.58
307.978
360.328
317.226
430.848
655.957
324.574
740.398
352.281
218.728
192.89
226.971
467.707
760.226
396.791
634.111
356.206
165.902
225.24
182.984
475.389
671.5
395.06
705.295
365.767
221.677
220.104
230.115
585.379
735.95
398.395
611.292
335.409
187.041
262.47
238.433
322.308
610.744
393.349
537.045
285.103
150.286
181.738
168.435
380.138
567.994
308.111
573.442
319.651
293.556
233.365
250.959
453.797
596.944
359.34
443.668
335.679
238.491
302.524
243.044
411.142
469.27
342.648
983.307
837.432
364.342
463.805
311.074
383.622
906.97
930.58
618.004
638.13
420.42
487.7
522.759
416.284
586.487
673.628
842.22
792.326
372.494
477.292
330.752
567.556
777.465
846.31
1002.02
753.654
318.626
239.692
247.423
447.689
942.732
834.227
986.395
662.406
339.969
257.337
285.175
393.73
925.258
765.696
718.77
492.621
317.659
315.58
284.286
387.586
691.879
557.846
899.198
478.602
256.017
473.558
306.776
367.559
863.565
580.675
798.017
409.617
351.471
387.912
322.04
291.758
768.067
504.811
878.26
418.411
234.447
170.624
214.167
387.988
868.149
509.06
829.784
428.033
218.266
232.17
217.467
338.569
803.499
515.283
910.647
454.202
169.775
191.554
176.487
368.14
888.028
560.114
761.447
344.514
203.231
157.576
222.305
542.437
794.911
399.477
768.402
365.399
172.083
194.81
266.637
569.308
803.147
434.602
702.052
391.584
383.31
344.373
267.565
412.561
713.097
443.943
763.654
401.762
259.425
367.965
253.704
501.876
777.764
442.981
690.305
362.525
131.428
104.321
131.9
458.847
716.947
413.349
647.761
355.57
372.817
318.376
293.558
394.247
646.636
391.223
571.335
342.443
281.992
237.991
272.425
451.077
580.665
384.086
522.199
313.154
209.407
305.349
278.719
309.342
528.475
354.742
482.795
368.727
268.238
184.869
204.84
350.471
495.392
376.576
845.709
641.675
355.545
609.265
435
335.119
786.774
722.036
1015.53
697.336
330.323
349.91
293.269
373.826
962.136
797.342
923.033
703.848
381.785
434.98
506.503
360.554
860.847
778.843
941.219
815.226
437.003
311.508
241.109
398.421
868.135
892.295
769.816
623.89
399.66
352.25
436.04
449.106
725.916
671.079
621.294
430.407
341.122
407.845
299.343
266.853
594.422
485.734
1072.46
503.262
185.339
346.136
199.588
391.097
1049.52
629.862
971.941
454.566
277.548
251.152
214.574
444.415
967.345
552.017
937.377
438.065
226.774
425.299
301.429
394.164
923.662
540.38
866.545
392.871
161.837
199.548
215.384
493.726
877.309
480.733
879.33
446.16
219.542
287.76
239.719
484.133
888.632
512.955
1029.82
429.986
166.597
212.289
182.101
552.813
1039.44
539.248
867.342
426.329
171.279
156.989
305.748
686.537
903.108
495.084
710.509
318.564
218.796
247.921
177.879
482.247
732.665
372.246
710.377
343.955
247.917
243.696
229.263
463.507
729.177
411.444
742.129
346.53
255.268
135.088
171.905
346.454
734.234
413.48
472.721
276.217
254.665
295.675
209.874
353.993
495.067
295.068
768.114
357.88
226.891
195.856
238.885
459.384
770.353
432.311
352.827
221.783
230.137
294.759
295.281
254.577
366.001
229.141
383.258
279.673
213.405
166.912
199.888
321.383
397.684
299.533
844.335
763.749
405.404
323.461
245.581
316.369
770.732
829.173
774.479
676.968
414.358
524.252
538.313
441.058
720.04
727.501
983.839
665.947
344.862
555.267
494.049
359.454
925.28
756.102
653.69
588.444
337.869
333.354
186.913
228.078
591.438
636.679
718.555
388.449
422.407
450.504
340.601
479.307
706.736
435.723
859.76
630.151
360.633
357.035
348.717
446.054
820.18
707.056
818.69
378.552
330.728
513.639
254.912
346.898
818.497
461.595
1231.19
505.175
166.334
172.466
192.918
570.435
1230.08
642.388
1226.29
493.327
265.477
366.251
308.603
553.044
1225.09
642.507
1033.15
459.499
273.251
280.925
276.316
604.249
1047.92
550.894
903.7
409.122
141.805
99.0335
174.485
602.514
941.578
490.134
866.377
415.858
254.42
218.584
211.044
579.345
894.803
474.196
993.383
406.016
195.007
275.144
302.163
613.175
1008.41
501.99
799.568
363.516
161.291
174.766
149.951
341.979
793.518
449.128
716.057
358.885
198.115
233.126
204.965
444.412
722.909
412.927
578.118
298.458
209.925
263.695
293.85
389.109
595.876
345.56
460.039
279.551
233.06
220.022
225.032
364.879
476.275
304.676
695.165
374.378
287.213
148.379
243.554
458.352
702.871
425.493
436.573
317.938
337.116
424.002
262.119
391.243
450.176
326.362
543.581
434.716
304.159
183.688
176.06
381.375
557.047
446.755
807.154
785.008
460.137
496.887
483.055
526.393
753.926
848.709
939.766
774.938
400.13
346.236
378.661
402.309
880.661
837.322
1077.39
726.859
288.623
248.895
233.794
402.501
1020.17
830.643
1041.99
623.95
293.749
369.707
318.024
374.267
983.715
749.305
1148.36
593.984
258.917
326.794
228.972
386.824
1105.66
732.86
938.82
607.467
206.452
192.669
220.94
410.17
873.134
721.686
671.151
373.559
351.283
376.371
367.907
515.112
673.858
420.236
1190.16
524.437
210.148
205.466
271.9
556.02
1181.66
664.956
1216.08
537.677
205.063
169.776
167.117
488.172
1201.35
682.576
929.461
459.441
152.777
197.617
214.143
576.424
949.323
551.836
936.676
456.171
252.513
140.304
236.77
647.305
961.925
516.99
774.535
339.764
149.17
260.829
240.063
574.826
823.147
403.186
653.95
320.841
292.834
296.237
325.85
600.058
690.301
362.62
420.394
298.864
304.232
417.514
349.568
341.889
418.35
309.182
666.96
348.271
298.875
300.121
254.178
429.054
679.82
404.546
583.98
368.76
339.119
318.132
303.116
444.404
590.783
394.882
543.007
275.537
239.393
252.466
277.418
396.785
554.086
322.212
555.915
322.136
227.086
230.359
259.886
382.652
565.117
363.242
394.77
214.712
256.978
236.237
186.428
351.11
424.035
225.271
585.974
409.238
210.105
338.803
277.494
515.061
614.455
460.968
