652.606
804.874
513.181
278.403
275.69
368.398
589.74
812.518
570.28
723.85
513.895
311.532
279.139
561.67
542.032
727.365
507.033
646.399
514.703
265.091
257.347
262.806
459.545
635.365
313.375
445.218
764.407
491.91
381.376
226.154
298.59
390.201
206.528
369.511
847.831
707.965
513.948
296.873
212.532
290.75
228.252
547.599
876.368
847.938
435.643
372.643
224.014
473.512
185.668
409.86
800.798
845.095
451.075
231.822
173.873
352.057
157.89
290.619
727.355
1014.27
516.461
189.682
152.153
253.369
327.835
434.015
458.457
560.408
398.53
240.199
300.486
419.946
211.389
235.462
357.032
847.204
727.655
318.082
210.048
240.594
227.898
223.772
333.149
770.537
789.939
438.535
240.364
224.903
314.563
242.603
488.997
657.172
763.828
504.649
347.816
245.721
278.745
282.599
420.774
727.608
916.921
673.155
322.303
247.421
400.584
429.136
433.817
344.477
734.928
833.432
436.949
383.934
435.712
421.281
365.334
340.132
605.278
756.422
462.444
427.851
381.673
374.056
329.328
274.822
457.904
658.411
398.183
371.913
524.924
363.954
309.346
319.02
344.65
704.352
584.859
353.049
663.858
363.836
351.929
297.538
360.216
710.036
732.155
393.301
690.537
462.267
247.068
243.614
349.771
765.465
755.761
504.93
539.58
300.914
256.379
239.434
248.362
496.701
578.388
324.347
700.523
835.577
618.797
448.622
325.53
317.952
622.859
852.737
487.38
522.317
487.421
238.359
209.937
301.358
473.717
508.054
710.412
613.427
583.368
451.779
231.3
425.968
672.484
632.674
399.285
703.474
791.39
450.957
283.17
339.91
398.404
631.391
446.085
719.704
861.886
618.061
328.028
319.758
409.427
671.681
299.201
604.98
763.743
649.32
326.262
289.877
284.648
544.012
384.339
397.257
754.267
697.882
443.444
282.119
390.465
356.604
201.908
394.134
737.215
895.384
378.842
312.68
195.062
336.204
100.256
219.261
641.097
1253.5
597.196
207.645
102.07
182.163
121.717
205.62
565.736
1094.37
737.366
311.831
129.858
171.051
203.624
228.712
320.625
845.603
814.591
395.754
207.22
220.672
253.157
377.034
387.478
686.019
845.161
620.751
278.808
328.91
246.554
362.066
414.71
501.255
760.293
681.8
272.893
321.04
409.617
360.079
369.861
301.854
696.249
836.218
465.867
327.208
597.485
500.186
338.61
229.256
600.537
964.238
678.382
500.713
634.941
418.523
373.967
211.609
550.782
867.262
705.208
455.887
866.473
425.275
225.744
107.096
189.118
650.226
924.172
483.846
1074.95
360.801
202.875
241.371
286.029
765.057
1127.77
457.685
849.099
514.355
303.648
288.441
322.243
764.359
915.758
563.408
730.381
348.82
140.293
191.926
246.836
627.643
790.271
401.64
816.03
877.742
519.703
252.427
232.459
362.07
742.194
924.515
797.642
952.542
637.144
483.561
332.035
467.946
721.381
968.735
610.429
869.268
686.087
417.631
297.433
370.11
546.338
851.873
407.24
777.556
787.302
336.447
308.756
354.371
350.911
706.99
465.941
684.957
772.285
510.857
395.185
325.909
450.952
647.536
282.424
556.241
729.976
571.899
418.828
299.531
278.613
496.312
374.089
716.556
787.785
484.539
342.346
315.037
329.483
654.299
376.743
380.627
778.89
942.706
464.536
304.73
370.461
347.077
259.97
282.084
687.47
1175.71
524.405
291.299
254.519
255.532
281.725
195.165
465.722
1076.41
715.932
238.12
273.881
210.787
303.593
238.104
409.16
770.056
890.164
440.877
306.209
240.461
315.748
347.992
412.847
479.249
873.837
752.579
349.982
337.417
345.302
376.521
379.12
377.434
616.376
592.393
346.86
366.096
515.857
458.651
407.996
282.557
580.247
866.598
573.076
456.125
615.844
390.506
251.979
351.168
518.796
920.568
696.988
393.43
576.78
437.804
279.003
398.389
416.118
792.396
642.557
455.896
695.091
295.625
287.524
459.795
292.351
561.495
742.081
346.735
977.735
405.574
200.882
201.981
276.376
693.599
1020.87
486.27
843.452
424.931
291.611
335.821
393.557
893.927
915.517
449.561
722.19
365.323
366.261
217.026
252.921
616.516
768.199
398.108
851.099
983.568
578.539
266.117
186.866
404.094
763.792
1013.38
694.826
768.694
495.628
428.164
374.517
383.458
632.261
797.254
683.93
912.233
661.912
361.015
334.121
382.267
608.27
912.826
608.478
887.399
615.639
421.706
278.522
554.215
578.116
875.173
482.339
675.246
727.218
569.491
353.426
268.561
435.45
661.202
414.097
669.169
796.254
582.596
397.609
381.887
416.619
614.376
357.154
640.924
782.554
575.416
297.729
287.013
343.296
578.769
243.195
517.445
832.689
741.184
381.532
240.905
233.888
454.802
268.451
428.231
816.065
875.28
536.091
393.768
262.955
372.19
179.247
224.702
536.798
1216.5
781.726
228.968
168.556
214.663
171.228
231.682
482.936
860.079
904.359
309.593
166.117
212.124
393.697
307.853
353.74
520.244
827.574
594.359
402.264
317.277
505.598
391.279
417.279
461.79
820.375
752.272
508.414
409.934
415.688
448.505
272.437
262.296
462.767
805.19
464.958
445.567
672.268
350.458
307.656
275.868
350.943
777.939
749.566
364.374
551.419
438.13
268.372
191.168
248.285
468.552
573.316
466.768
612.048
451.079
297.245
346.154
253.252
560.564
641.984
503.475
766.794
417.191
257.571
396.553
315.112
626.425
819.578
462.977
1163.24
498.229
315.694
190.416
339.94
893.048
1220.66
589.487
777.942
325.903
237.291
273.269
277.751
545.007
822.189
400.667
814.802
817.762
477.2
292.917
278.414
339.234
735.147
861.151
769.476
973.843
733.174
323.983
363.968
403.749
689.705
971.178
722.903
950.715
692.644
412.176
391.333
424.379
648.162
950.948
464.526
730.595
509.509
239.486
258.666
429.095
440.907
708.903
628.853
744.984
384.531
368.545
227.672
363.342
560.33
768.208
632.404
783.144
612.798
373.345
302.317
414.508
578.536
789.413
399.499
601.809
702.561
454.817
436.271
359.336
406.637
559.961
268.75
553.891
872.299
664.861
538.975
290.924
244.23
491.697
218.655
345.604
770.398
935.547
495.69
204.73
217.862
297.357
282.967
249.29
486.231
1015.32
571.513
314.042
273.234
260.907
251.321
279.969
313.062
810.907
749.891
329.001
256.97
279.009
402.44
364.416
494.863
589.385
556.656
575.778
427.28
333.19
429.566
267.959
349.773
479.874
737.5
782.207
493.747
263.941
476.756
397.82
382.495
350.475
617.042
809.464
520.275
390.964
672.549
414.186
361.524
355.516
419.534
739.865
735.872
447.143
528.977
282.644
195.968
380.466
317.271
634.249
581.846
298.091
570.749
436.85
163.406
202.733
172.028
335.681
581.346
482.78
714.56
327.533
288.662
286.737
279.118
529.256
765.624
368.939
1168.49
480.2
240.095
221.328
246.485
705.651
1200.33
601.689
1034.91
354.129
242.902
197.94
245.889
640.162
1081.02
454.078
1009.41
913.302
421.88
332.971
267.915
482.043
932.707
991.475
769.086
856.01
475.052
304.519
277.602
436.936
692.396
884.408
699.43
836.131
583.767
350.941
446.335
410.632
620.72
845.026
614.107
712.597
419.864
256.842
235.236
319.804
558.652
742.329
605.848
747.151
495.567
343.245
372.492
404.743
567.777
757.815
468.472
667.531
480.671
256.799
229.129
334.298
432.503
657.989
441.376
679.418
542.07
446.08
341.113
406.466
428.036
660.262
645.734
709.834
598.752
372.599
234.424
449.754
658.408
689.992
495.31
628.172
682.944
493.728
439.171
355.442
451.018
617.683
237.589
392.35
721.289
948.073
479.125
239.387
231.982
358.637
375.751
299.024
348.223
770.064
657.686
411.857
372.203
313.794
495.958
373.992
463.95
498.076
823.655
688.287
517.586
367.265
499.198
415.181
471.319
451.551
683.731
896.333
566.303
396.001
465.85
534.591
326.579
277.816
376.882
653.224
488.538
513.268
569.358
417.236
280.717
392.861
374.117
636.358
590.773
458.662
684.126
386.265
242.365
241.839
248.062
619.34
742.379
413.255
378.635
289.445
334.91
397.836
217.263
260.524
378.104
308.243
685.7
239.086
214.21
323.95
229.807
515.028
736.097
288.904
1020.47
485.096
329.311
209.331
304.428
810.491
1085.7
547.314
708.587
349.076
292.857
335.401
342.05
632.631
765.371
369.579
941.854
774.855
360.863
299.553
235.04
413.201
867.205
857.648
868.97
753.266
442.741
382.074
290.906
386.609
800.822
806.274
1007.95
733.018
360.516
298.82
343.642
455.691
941.073
814.647
665.61
854.869
418.398
145.854
279.357
410.096
592.231
869.429
802.66
703.274
340.854
418.721
239.741
303.007
725.48
768.287
619.1
866.058
464.641
176.089
302.222
466.319
548.618
866.463
611.863
751.285
495.055
261.468
406.383
456.675
557.271
766.572
442.903
677.853
557.687
357.954
279.982
306.039
400.27
658.621
558.672
697.795
442.35
367.199
351.027
314.406
497.484
707.581
314.737
361.17
711.077
778.309
522.605
319.9
293.364
338.813
233.372
247.999
493.563
954.274
777.591
330.838
229.062
223.389
384.026
327.331
365.185
473.001
483.897
459.535
386.724
339.205
365.954
455.452
457.11
434.477
712.597
664.695
383.831
421.835
654.086
491.005
311.475
271.755
330.171
676.143
715.004
505.4
535.308
449.114
231.688
150.451
226.387
556.529
570.209
456.382
875.608
478.686
191.145
167.912
285.369
767.794
942.627
529.253
847.072
448.627
322.053
444.096
283.79
501.146
880.969
520.261
735.509
370.224
321.292
469.105
297.829
501.591
763.148
393.999
623.792
474.024
285.003
341.684
325.338
615.297
671.484
497.643
935.089
471.492
276.822
224.568
340.48
741.85
984.92
544.208
1545.5
744.347
249.22
236.164
226.941
485.943
1498.58
928.644
1200.21
805.153
334.141
293.043
287.898
404.971
1129.75
912.762
737.744
703.018
300.385
281.893
246.544
281.734
663.644
769.908
845.239
751.442
301.818
299.326
272.421
516.726
802.195
824.624
799.906
697.271
351.25
264.421
267.863
313.176
737.307
758.817
796.788
681.042
368.27
382.088
321.206
265.673
728.956
743.345
731.785
811.287
421.798
250.414
217.881
422.543
669.338
837.487
625.239
634.535
373.766
376.364
230.227
378.903
577.523
674.252
405.576
624.655
566.029
438.722
367.485
401.484
407.597
594.76
236.919
313.043
407.323
519.634
288.382
173.229
220.685
290.199
228.876
263.845
442.616
695.156
448.641
251.199
222.036
266.487
457.986
315.273
283.677
665.167
636.229
503.334
491.335
328.163
536.216
431.743
406.755
315.058
404.593
779.16
602.298
418.898
715.166
464.354
322.451
377.866
437.267
782.985
779.393
522.898
700.954
396.484
280.636
228.93
281.557
674.604
747.081
443.501
603.966
314.879
404.498
350.463
383.947
414.225
623.843
355.447
518.869
351.766
381.506
456.643
239.077
377.509
512.796
405.966
616.162
462.988
277.325
446.944
392.184
590.732
657.337
515.838
695.818
419.683
223.077
161.554
282.807
706.042
757.882
462.888
795.765
476.029
312.103
480.081
362.079
592.228
836.674
528.946
1105.39
870.974
293.077
278.652
208.991
443.569
1024.04
983.737
1208.52
691.092
197.607
247.19
173.806
350.229
1134.43
844.659
954.002
778.345
400.745
345.298
271.309
361.747
890.269
858.25
942.077
707.887
307.194
248.33
284.516
328.558
879.55
795.772
616.194
542.196
278.214
221.935
230.358
276.781
563.794
596.915
773.374
685.521
322.529
378.788
255.334
400.517
717.662
738.196
528.115
604.596
411.897
327.279
349.722
554.489
503.632
621.611
718.095
668.274
329.702
144.951
231.029
358.167
664.518
705.938
636.215
617.494
534.906
382.183
307.672
404.753
595.327
630.574
294.133
324.852
417.013
368.367
463.896
315.86
297.904
314.171
297.802
385.504
268.933
477.122
370.972
246.754
265.46
389.447
304.163
277.971
310.438
406.339
518.976
435.638
309.083
290.972
533.219
328.142
389.204
314.058
454.016
719.856
592.814
318.608
637.204
443.302
268.272
265.931
348.649
712.669
685.244
500.52
686.922
419.764
257.377
314.665
350.675
718.795
751.297
475.251
360.797
303.762
209.596
297.342
260.867
270.308
370.87
317.324
386.225
323.028
224.166
305.469
307.128
384.5
399.593
312.663
545.368
380.584
411.841
595.148
346.747
432.324
544.031
429.662
798.028
697.263
288.061
314.497
297.002
645.877
781.714
779.655
679.865
422.789
372.073
378.453
321.357
552.437
717.899
438.926
634.666
504.246
352.842
346.658
271.249
427.091
598.745
562.264
1124.12
785.68
308.292
341.556
250.061
553.924
1066.27
902.013
1195.85
598.312
204.393
260.397
216.79
383.343
1153.21
743.606
1042.68
710.27
285.893
346.529
311.876
424.281
977.364
806.799
525.932
445.06
289.844
386.519
343.651
345.68
522.221
485.475
706.498
482.659
212.779
270.255
274.62
401.14
672.031
550.353
675.313
545.591
273.804
345.197
250.925
318.62
633.263
598.009
858.373
540.849
359.607
376.627
285.261
257.773
804.96
635.202
471.857
622.779
454.738
337.52
345.837
308.291
414.844
632.447
345.079
436.51
426.491
323.627
356.809
341.02
327.716
407.152
299.752
264.292
414.65
728.022
432.233
256.541
297.07
264.2
346.862
250.775
259.289
288.296
339.462
421.554
369.457
259.424
609.276
461.546
338.115
300.438
420.374
667.562
647.7
479.639
586.657
262.346
247.292
209.865
312.154
614.748
649.349
297.116
739.18
306.106
355.088
411.067
315.664
645.089
789.907
338.411
358.503
296.254
276.962
271.704
251.744
260.007
355.908
307.426
675.902
487.982
282.264
320.669
546.337
614.803
637.402
555.659
607.323
491.835
425.734
278.701
304.447
848.866
687.691
455.636
551.54
452.661
267.868
316.644
433.525
528.004
570.18
483.719
592.866
548.135
328.141
279.23
254.284
535.215
614.751
589.943
1293.18
758.7
300.213
255.873
291.776
432.544
1224.19
908.608
981.813
614.511
301.17
370.418
254.688
338.314
920.014
725.714
910.094
662.799
226.509
166.078
130.766
424.546
862.067
753.512
460.609
440.678
233.5
209.944
231.601
314.849
438.293
474.549
679.744
394.22
288.152
232.83
293.089
333.732
642.612
463.88
645.354
412.697
226.274
376.871
351.199
283.948
604.112
486.364
637.615
478.361
299.043
368.672
281.299
408.439
597.035
546.996
648.78
524.214
266.781
280.265
254.921
254.803
590.975
589.923
762.578
348.2
224.07
212.773
262.28
335.128
752.449
429.881
583.321
515.029
339.663
432.773
400.293
312.309
551.651
551.497
328.159
319.335
207.911
285.71
281.576
313.555
327.594
329.34
607.892
523.974
268.165
241.433
242.685
344.181
578.462
559.991
654.21
373.026
172.425
226.341
232.234
544.687
702.142
419.656
771.442
421.891
286.554
265.961
340.32
669.215
827.584
466.392
794.166
637.964
272.996
327.075
331.78
585.566
795.859
705.645
508.851
416.31
278.962
413.176
272.222
387.265
520.679
452.355
363.004
332.226
315.861
293.74
308.423
356.046
382.892
337.875
804.177
564.398
416.595
419.558
338.932
819.216
872.813
619.149
573.237
403.209
387.665
334.381
313.662
571.014
619.916
388.748
455.152
470.174
607.096
480.541
541.879
653.043
512.957
433.284
941.808
602.316
296.865
288.044
269.535
407.612
902.335
695.601
777.609
711.568
279.453
192.302
251.05
311.124
698.943
785.188
814.114
532.115
232.362
249.595
226.372
281.876
758.612
618.541
684.429
492.882
210.162
258.62
178.171
205.358
629.224
564.262
604.039
346.666
280.105
249.013
331.033
283.078
575.372
403.85
797.454
397.328
247.029
370.162
244.381
304.578
773.595
487.958
761.356
484.676
248.355
315.279
292.412
287.837
718.677
562.265
691.461
578.985
270.869
200.213
214.894
546.362
645.828
645.826
508.901
285.849
277.503
281.39
257.482
346.721
495.707
338.037
480.984
406.106
257.684
322.303
222.363
256.188
447.794
453.436
447.03
273.89
324.178
432.13
437.331
458.876
476.699
304.774
415.48
232.396
265.104
263.693
308.01
441.258
442.399
252.859
763.714
400.888
383.459
311.935
338.464
496.112
782.693
450.355
884.395
485.808
279.915
267.491
264.831
475.307
894.309
528.934
648.42
439.16
334.37
244.157
194.185
435.1
655.509
475.223
666.29
334.906
211.958
222.235
210.98
355.502
680.62
381.211
837.473
392.863
357.888
290.139
370.658
592.882
872.082
427.995
863.281
596.287
400.143
519.97
484.862
693.15
909.751
619.038
560.474
389.178
594.856
500.516
497.226
585.097
595.435
371.545
678.749
487.277
395.708
456.522
436.14
599.219
698.541
541.477
1199.62
710.825
294.241
421.225
267.663
382.834
1132.81
847.317
798.111
667.197
259.327
256.06
249.667
599.792
770.976
748.85
838.797
511.9
209.484
233.201
171.853
399.368
790.815
619.78
713.625
501.228
317.853
287.897
219.083
239.156
660.782
575.205
850.211
561.57
240.01
198.772
270.725
337.941
788.975
654.645
767.994
467.716
251.058
411.145
356.636
355.363
744.861
540.703
869.213
599.977
238.584
224.655
184.131
332.177
819.898
693.672
980.357
469.981
269.47
238.169
253.284
365.278
956.133
581.934
762.869
433.553
209.591
215.403
192.715
273.841
723.058
524.207
588.966
339.957
289.229
255.446
266.716
272.26
566.083
397.219
271.636
257.474
334.041
539.467
379.49
330.249
275.956
254.126
676.149
463.789
314.453
319.348
310.133
406.824
686.451
484.328
730.641
427.951
418.625
268.385
282.452
527.028
738.523
444.881
867.505
364.95
256.531
258.583
166.205
377.659
869.211
460.01
782.035
460.043
241.381
229.044
201.468
469.336
813.269
508.299
858.36
329.938
241.211
420.392
281.975
334.629
860.928
421.364
739.318
349.636
276.829
238.061
263.707
569.762
781.99
384.525
896.17
488.257
339.109
402.6
267.599
655.733
947.181
546.497
1273.81
494.885
362.36
327.206
287.77
716.024
1302.39
611.044
479.763
453.297
446.095
448.547
434.086
581.47
527.983
442.134
1125.9
639.688
262.626
330.329
322.362
381.087
1070.89
770.514
1024.13
685.135
302.818
269.407
236.345
361.761
954.522
792.006
721.908
466.043
281.82
158.941
226.176
430.938
684.211
545.7
866.833
592.09
230.467
310.691
224.951
363.044
804.382
690.331
616.118
408.688
273.258
250.794
300.166
302.045
580.083
466.635
538.949
375.977
195.37
306.377
291.406
450.169
576.743
410.084
935.93
457.731
271.148
278.483
269.037
395.256
919.574
556.957
791.832
405.447
211.929
304.617
256.941
274.69
764.175
497.026
883.464
432.635
195.162
196.18
206.346
329.422
857.363
540.943
518.286
297.787
303.966
238.743
236.593
294.343
503.617
334.856
730.674
457.449
307.128
295.478
278.828
351.82
708.69
503.766
549.537
339.201
314.95
345.635
311.729
297.529
544.479
375.291
560.695
447.119
292.819
188.089
227.799
438.317
577.782
458.434
575.82
295.583
258.478
296.107
285.731
351.471
589.704
330.711
918.397
487.304
276.003
381.242
235.361
410.182
913.322
566.576
1086.02
446.451
158.363
256.45
196.052
468.618
1094.5
562.743
710.545
463.423
174.1
199.47
212.961
610.264
768.516
511.247
896.576
573.805
291.589
306.739
289.744
787.491
966.832
611.768
428.347
323.878
369.333
378.973
385.922
412.722
464.394
311.155
515.368
466.252
423.667
436.945
518.421
369.725
483.8
488.733
1172.55
692.527
341.352
262.402
238.915
367.184
1109.94
825.733
1083.23
708.462
303.004
311.705
248.811
395.067
1020.53
808.946
705.437
596.859
370.867
307.182
352.514
372.027
651.59
652.399
660.888
443.623
296.423
475.796
347.97
276.638
623.076
507.259
803.09
609.246
176.471
222.707
132.276
364.606
740.142
700.548
823.921
478.947
198.909
210.74
165.453
311.416
772.98
581.01
1237.54
565.296
197.523
218.384
204.479
469.02
1208.45
713.771
566.533
278.825
187.52
188.846
215.573
381.754
577.001
322.174
889.385
433.578
205.208
236.548
240.894
348.396
873.358
530.258
585.092
350.441
222.794
144.301
201.245
303.878
569.814
401.999
694.963
338.603
277.52
392.548
214.798
289.996
683.852
414.715
386.422
326.929
379.687
385.847
360.552
231.276
381.272
330.665
380.471
312.391
390.142
470.178
335.033
266.299
384.825
300.204
757.393
329.673
141.42
208.233
209.311
341.903
753.16
418.637
732.293
409.474
336.943
279.552
213.89
324.75
737.761
454.213
934.942
333.129
186.017
178.235
266.484
561.744
972.878
423.626
818.408
332.372
259.199
269.888
233.498
576.307
855.154
386.344
743.66
361.437
390.192
350.358
380.615
682.352
799.386
384.218
705.995
475.216
296.186
569.96
430.457
577.034
754.051
521.355
584.922
301.092
386.645
384.943
261.2
470.192
626.477
324.308
716.737
468.685
284.713
367.381
230.121
278.697
677.482
540.301
911.071
523.94
284.788
384.481
268.065
418.94
862.376
640.765
787.116
588.922
145.905
161.989
168.954
334.799
726.937
678.964
710.19
593.37
265.61
353.921
345.417
460.678
660.428
663.812
699.222
439.123
283.07
344.094
380.75
369.437
659.745
520.402
893.142
499.021
277.643
231.509
283.125
348.806
850.738
593.46
1155.28
570.385
287.099
180.619
198.781
409.491
1122.48
705.98
620.892
331.485
238.732
291.478
227.121
196.412
588.915
394.383
829.154
410.974
198.831
360.971
244.623
309.661
808.556
504.717
537.452
309.686
220.513
390.64
237.198
283.341
528.689
362.919
652.339
408.756
320.006
375.736
281.369
375.492
659.223
457.532
217.205
228.892
177.689
215.303
193.46
203.836
217.823
224.068
340.849
245.042
285.508
245.608
256.653
224.431
343.893
246.789
558.24
385.248
232.477
237.917
198.551
346.795
569.544
401.746
675.517
272.823
226.57
372.981
288.9
346.367
679.578
343.805
920.906
421.26
239.724
347.21
300.755
478.806
941.751
478.925
976.45
427.946
181.61
185.191
190.836
500.407
981.788
521.203
674.103
460.129
421.486
227.245
288.899
561.216
706.446
467.18
668.154
587.732
332.285
432.197
363.633
690.487
687.093
642.075
569.269
278.484
247.895
317.087
308.485
437.854
616.377
309.956
864.899
596.779
241.17
222.435
176.259
326.745
806.904
691.358
809.566
669.59
370.052
452.751
295.782
272.855
740.221
745.578
439.713
426.976
229.778
241.624
255.765
316.176
404.73
452.746
844.96
473.495
210.135
316.588
239.332
307.111
801.788
573.67
804.931
462.29
219.306
314.736
208.25
249.594
760.611
556.02
1100.51
580.909
238.181
440.537
337.406
425.318
1055.67
716.316
849.134
447.413
193.197
222.621
217.629
361.601
823.542
537.433
639.296
309.495
221.119
300.603
248.584
337.157
641.394
360.546
738.853
329.377
226.879
268.795
221.161
325.522
733.229
408.693
626.729
266.737
149.752
245.291
144.086
300.283
627.039
335.445
575.739
297.711
211.668
282.863
243.915
323.314
578.396
350.801
385.047
201.904
241.829
228.846
169.698
239.571
393.761
218.797
521.486
267.615
152.659
260.868
230.72
241.003
518.179
314.59
597.426
291.166
288.614
468.101
278.08
370.127
609.326
345.249
809.742
395.32
250.811
320.554
260.799
392.899
806.335
482.031
868.864
490.976
198.825
148.055
145.12
433.493
866.576
565.887
858.76
416.892
186.799
181.844
184.634
405.205
857.333
495.296
729.995
515.28
244.75
276.534
250.624
542.625
764.479
562.315
568.991
449.349
427.299
272.834
320.812
671.311
619.408
449.927
466.478
443.432
323.162
328.297
224.066
443.32
491.293
457.892
935.705
616.675
251.577
220.7
231.774
341.564
876.911
717.469
970.068
659.822
281.606
198.917
230.783
388.64
909.922
755.066
690.254
426.445
260.229
216.21
193.267
325.199
646.567
500.452
834.773
488.556
194.904
172.485
177.51
306.832
782.72
583.67
1024.84
579.826
204.306
192.84
134.164
326.262
968.326
710.697
679.136
586.698
272.532
396.489
312.206
406.448
624.704
654.982
731.16
361.619
129.42
138.758
129.271
278.693
703.945
442.152
668.826
388.897
213.605
268.629
188.996
299.492
651.824
457.071
557.363
322.815
188.809
462.887
294.343
242.382
536.06
383.644
673.141
303.193
174.305
273.142
218.763
333.505
665.431
375.314
403.066
227.142
227.725
270.192
167.672
201.503
400.559
261.042
473.939
228.276
189.368
213.863
149.398
195.938
468.718
277.91
500.086
236.095
191.719
276.393
186.881
282.875
506.033
276.241
522.537
320.723
225.065
342.206
236.636
318.77
544.008
341.565
672.693
395.862
249.207
318.457
216.195
437.234
703.953
425.221
953.192
395.36
209.665
310.565
302.006
590.251
972.548
494.354
995.393
425.163
293.733
255.154
229.053
520.765
1004.7
519.631
850.043
430.839
263.349
257.977
425.908
750.051
891.541
466.381
900.569
407.929
237.157
468.547
410.358
641.891
934.088
465.78
450.1
367.44
333.12
216.54
313.397
639.551
502.081
357.727
814.745
634.478
243.702
161.925
277.568
461.442
760.131
707.636
754.385
516.466
343.693
315.46
414.251
373.396
704.656
594.969
831.232
718.678
247.754
167.99
139.779
309.943
752.265
802.889
905.707
594.698
257.669
288.049
289.112
257.879
839.771
692.437
842.351
569.74
239.535
164.408
188.985
364.61
797.057
651.357
679.76
447.397
162.351
259.212
230.717
207.679
625.435
521.305
645.027
404.86
256.432
284.849
206.825
244.985
601.43
472.824
534.838
348.433
184.106
251.742
257.761
213.138
506.235
404.046
595.956
305.236
159.531
265.855
204.851
329.195
589.284
370.388
610.268
362.765
280.886
238.366
212.835
360.64
615.75
402.996
432.343
225.681
174.914
144.216
158.223
263.969
435.462
258.65
471.419
265.282
183.461
212.833
155.635
194.339
459.9
313.762
312.444
156.262
223.803
307.036
290.039
263.848
315.931
173.145
511.032
329.925
234.762
376.049
217.359
273.141
516.404
350.345
446.376
324.903
438.254
447.024
351.004
364.86
460.761
325.908
876.534
460.104
241.795
269.119
295.458
628.797
909.095
527.656
899.765
370.108
305.95
308.345
305.846
566.993
933.222
456.314
724.571
422.687
396.691
323.55
452.722
790.393
778.585
440.899
896.893
460.813
276.75
226.672
403.079
791.683
959.453
522.59
580.236
317.527
318.668
286.167
333.079
639.644
633.566
320.638
967.583
769.425
390.503
360.342
272.592
371.564
892.456
835.281
837.695
542.774
216.014
184.621
161.071
327.188
781.386
640.93
824.096
471.514
169.4
258.019
234.967
218.259
767.945
573.873
852.955
649.866
347.905
351.357
240.541
450.39
789.22
733.292
987.49
652.104
225.465
214.818
204.417
413.406
925.517
762.222
990.424
546.227
186.011
225.715
175.539
476.362
955.845
662.643
802.98
331.606
92.0661
196.439
190.714
274.283
779.355
433.854
810.37
391.776
177.315
180.298
179.31
376.109
804.376
469.386
483.29
332.645
167.393
263.935
227.918
349.559
474.906
373.65
573.037
307.478
183.227
228.938
244.235
321.634
576.753
353.6
635.572
322.473
274.989
211.955
257.072
359.316
633.335
367.143
345.975
170.789
109.893
183.79
239.946
222.664
349.4
205.587
273.225
210.271
149.617
188.756
161.284
178.187
269.311
230.608
439.142
234.674
144.375
134.881
133.273
330.093
464.254
252.835
518.465
341.599
234.204
164.247
156.224
319.657
525.058
366.333
582.797
258.587
241.35
453.491
351.63
314.286
583.88
318.593
914.182
464.432
319.793
276.09
346.976
635.997
939.653
535.966
661.394
569.653
279.275
272.912
450.575
795.774
716.511
588.019
464.396
392.887
336.222
267.947
430.447
569.295
477.654
420.161
456.516
486.238
243.559
177.745
309.496
621.515
490.521
496.455
