803.138
910.758
513.878
341.47
261.169
400.845
725.599
935.274
501.254
754.232
453.483
221.313
176.995
384.985
446.314
744.332
435.462
611.907
418.452
156.966
290.45
375.622
404.943
607.01
237.061
525.754
668.55
398.672
377.962
507.01
258.569
445.61
229.535
503.311
611.013
281.029
452.471
350.016
225.984
438.167
234.954
274.68
469.596
419.545
513.517
380.704
255.609
235.009
189.328
292.747
550.392
435.377
283.407
243.024
181.254
256.884
171.196
214.555
406.889
331.607
275.114
153.767
161.578
205.168
233.161
267.954
440.74
464.509
270.581
264.2
233.456
252.998
146.481
129.161
359.933
580.072
349.204
176.611
149.621
125.609
312.674
143.075
296.581
689.68
615.675
403.441
335.654
153.22
225.974
187.554
425.264
988.488
932.006
375.702
244.385
184.336
315.948
253.191
245.215
336.305
453.535
399.941
323.832
261.788
547.043
480.491
322.233
349.535
528.665
642.456
550.059
525.221
358.915
356.584
222.991
289.825
293.754
522.53
383.542
355.742
365.737
225.266
233.695
317.818
230.001
405.906
389.884
239
505.6
422.458
195.225
85.9972
136.125
444.761
543.472
447.919
325.056
178.564
192.944
163.427
124.651
250.962
341.178
193.953
224.906
225.224
182.162
167.337
152.083
205.734
225.377
229.158
305.491
222.337
122.562
120.079
141.015
246.43
307.906
242.584
768.572
834.185
544.688
213.839
332.638
398.884
695.831
868.297
793.995
847.891
419.899
191.867
278.329
457.048
731.161
900.682
617.287
608.171
501.787
341.485
337.778
357.457
601.672
605.835
362.703
521.959
445.57
359.144
278.489
386.74
354.099
491.299
222.272
416.239
425.211
404.234
334.335
360.467
237.176
368.57
493.33
379.358
360.127
250.463
213.331
291.025
479.627
383.099
311.151
378.427
436.99
301.166
236.11
357.003
309.374
365.887
222.077
312.545
593.77
561.066
325.546
252.539
221.469
272.67
210.563
410.441
722.4
710.803
314.305
210.596
207.405
360.039
394.997
343.08
565.177
820.478
584.976
265.387
375.913
351.074
156.51
156.887
363.228
1032.03
646.193
203.362
161.119
147.385
346.27
255.372
381.917
745.812
795.084
384.929
341.462
273.324
229.503
274.537
434.51
585.645
865.466
633.56
261.686
243.149
372.611
264.229
224.64
252.46
361.092
368.202
384.541
284.151
473.349
353.921
311.021
304.039
368.702
568.114
493.795
379.31
385.345
303.792
204.049
344.613
267.97
312.93
382.601
327.538
445.477
291.539
255.5
331.819
363.205
279.838
421.683
334.093
462.512
299.093
142.304
167.443
270.498
403.524
467.929
330.022
362.167
262.884
206.645
190.752
221.623
254.864
358.211
294.165
270.833
227.696
163.352
149.144
124.747
214.57
271.356
237.831
552.07
833.78
535.109
310.896
263.396
363.641
483.222
821.621
585.241
735.275
434.713
350.699
243.332
291.765
517.495
747.669
544.025
782.555
425.873
329.412
285.482
375.971
478.133
781.952
409.427
464.969
393.994
392.224
251.566
221.272
402.618
455.147
446.019
536.32
521.185
361.153
314.929
289.025
438.071
502.992
140.998
347.448
369.828
230.774
197.59
161.789
122.796
311.274
247.126
445.567
626.084
452.239
399.34
362.176
265.712
389.965
240.66
438.884
647.023
495.706
312.328
307.351
250.869
386.899
321.248
260.044
654.441
940.446
461.525
274.719
328.397
244.604
313.806
283.239
601.199
1025.51
447.193
222.452
302.849
282.534
328.499
232.221
483.88
685.334
444.284
291.078
324.569
233.44
362.756
224.088
319.757
736.11
871.354
554.963
384.795
225.381
343.033
282.964
347.439
410.983
760.459
583.251
351.662
297.811
357.396
330.034
397.637
241.702
560.288
694.484
388.753
299.01
493.689
379.202
349.076
296.295
217.018
484.951
508.531
404.591
386.339
278.261
258.586
191.342
216.794
374.129
418.351
280.715
564.566
249.026
175.462
270.389
246.215
333.876
566.645
311.92
466.515
228.94
235.465
229.225
181.8
332.501
494.973
266.768
291.271
234.202
133.013
232.053
176.96
205.21
284.842
257.866
304.695
230.133
149.652
70.3787
135.362
212.164
306.479
239.465
667.924
777.529
456.864
244.988
245.441
375.881
619.573
811.283
661.007
745.706
384.139
220.156
257.474
452.162
622.33
778.336
250.987
397.919
230.247
203.34
212.652
196.102
216.646
392.103
463.209
567.929
355.979
303.999
287.777
217.43
398.299
583.72
388.779
347.569
226.439
266.255
254.182
240.656
383.027
356.733
277.641
548.336
503.868
280.729
227.919
257.149
251.923
515.902
370.24
583.846
638.876
458.003
310.541
320.762
355.264
548.051
155.576
340.173
552.022
502.302
362.248
219.087
152.657
292.718
439.406
251.29
558.643
653.297
580.087
344.828
450.978
274.02
151.996
192.669
554.658
780.115
402.441
178.113
154.551
167.212
421.214
240.277
358.021
780.589
580.215
285.863
420.791
272.038
260.775
269.758
385.792
898.599
907.18
535.321
283.68
267.296
505.955
448.49
426.801
522.99
827.502
799.747
501.9
456.312
463.538
532.206
267.13
138.597
461.285
830.475
509.41
525.984
577.255
427.025
321.933
286.883
338.535
689.334
624.722
477.543
401.379
351.908
240.392
361.46
201.013
235.818
388.898
379.848
512.227
343.077
166.027
178.297
308.845
353.307
484.543
396.751
470.673
393.132
279.328
212.346
181.439
400.699
493.607
400.067
434.18
395.387
204.518
205.953
146.825
255.662
416.066
418.311
331.282
211.859
94.1883
122.974
124.737
231.411
335.414
237.807
689.564
777.529
427.356
240.799
183.376
354.673
617.638
807.586
502.79
598.501
282.921
232.699
190.101
368.309
461.9
624.265
430.758
547.153
297.07
400.484
281.517
350.083
396.03
564.256
533.366
595.295
244.612
209.985
162.37
361
507.757
629.219
188.741
264.503
248.041
410.844
316.648
189.959
182.793
257.874
551.707
653.233
404.58
384.514
315.705
305.799
494.872
660.226
395.274
487.755
548.04
535.262
424.453
395.921
375.972
485.573
233.489
490.546
624.57
402.313
337.174
369.599
230.3
420.299
228.658
367.165
647.193
499.071
428.7
315.323
234.99
318.265
327.537
340.645
497.801
579.192
368.772
260.479
312.882
335.898
322.575
265.84
331.907
704.967
543.06
300.631
318.222
260.799
292.38
209.086
323.56
792.768
765.139
425.395
288.127
228.408
343.705
300.52
364.157
438.678
801.497
699.168
376.384
305.109
516.197
415.087
215.95
207.049
302.75
605.814
523.249
441.874
351.272
313.691
263.25
290.65
400.78
411.965
360.924
316.329
263.131
200.741
257.293
254.796
226.722
221.466
271.29
195.939
311.37
237.507
192.736
296.938
196.11
349.986
342.082
233.38
834.708
495.65
176.541
223.228
238.183
701.094
905.812
550.353
490.243
338.159
194.424
192.53
206.865
387.469
514.887
367.363
414.142
210.185
140.076
135.543
133.026
298.8
440.143
233.719
835.297
703.571
318.011
137.023
156.722
321.019
767.914
755.323
474.825
496.008
329.454
421.841
302.431
355.943
460.034
534.265
595.48
568.612
211.702
338.432
285.423
382.146
574.818
622.29
653.012
555.26
231.6
211.686
237.443
355.317
612.158
614.307
457.004
370.029
285.028
310.268
260.656
220.413
424.907
410.98
373.934
486.263
341.517
294.947
275.708
270.692
330.123
489.853
459.601
513.221
300.081
331.781
285.382
366.804
445.449
523.679
423.224
607.125
614.383
368.266
323.522
402.633
431.526
574.799
289.532
414.66
451.225
411.786
355.94
337.011
282.713
388.356
240.235
167.957
343.367
434.444
373.201
270.341
253.521
175.941
300.935
290.759
387.834
657.019
540.382
320.031
309.176
295.134
253.206
288.268
434.547
703.512
757.526
433.395
265.232
258.742
479.595
393.064
315.438
404.439
711.797
821.318
533.42
411.713
401.377
314.757
218.901
244.241
268.678
466.555
431.953
326.584
328.225
216.836
187.279
185.912
277.796
323.114
353.873
234.344
216.639
222.199
331.562
453.746
336.322
199.393
211.586
221.856
447.87
317.575
287.828
374.786
469.845
444.226
478.092
327.663
835.182
421.104
259.099
329.382
253.826
473.718
850.408
491.547
534.795
339.201
238.428
208.42
308.918
365.541
556.955
357.049
503.832
351.758
156.787
113.632
125.496
376.553
522.846
384.668
539.668
617.094
239.787
127.754
155.051
320.617
499.73
654.646
628.479
592.797
262.304
172.452
159.983
373.368
590.596
642.882
353.966
464.539
257.743
272.407
304.753
411.051
319.673
470.452
454.041
541.6
268.928
223.085
240.49
303.331
417.982
554.444
581.986
570.221
306.544
249.452
199.928
296.037
523.262
607.154
556.01
552.44
278.251
183.449
212.063
335.959
522.462
592.453
580.128
534.101
259.688
269.931
186.106
212.545
524.416
583.779
185.053
301.484
359.691
424.639
363.138
251.726
196.079
269.974
207.55
166.773
270.037
560.868
518.35
266.331
201.882
167.256
248.628
258.115
463.624
410.117
457.263
352.147
260.533
235.305
297.105
255.845
247.734
454.075
405.572
252.411
287.199
277.308
353.199
283.675
326.298
394.465
528.875
385.842
351.821
284.835
443.09
317.852
322.465
306.82
561.421
672.059
487.924
313.936
347.807
310.179
393.748
338.118
357.203
474.32
381.678
304.809
415.71
356.297
163.863
262.134
217.905
321.043
420.647
387.821
345.99
266.164
267.308
331.867
227.149
243.924
334.73
263.939
608.601
289.787
339.268
338.546
365.399
364.635
620.67
330.688
588.522
296.173
315.839
476.192
265.784
420.923
628.082
319.964
608.681
355.446
187.539
161.035
158.874
429.875
636.449
393.18
377.536
243.953
178.012
109.063
121.119
269.519
391.38
263.194
374.992
439.53
237.383
155.429
258.939
245.8
338.459
460.848
630.562
637.188
344.913
483.914
356.837
328.314
568.475
686.435
719.718
531.185
235.635
296.487
193.18
294.602
666.244
605.707
592.661
508.411
254.179
266.46
254.266
299.657
536.913
568.878
578.311
519.51
200.055
136.258
183.752
386.642
550.48
575.735
477.145
532.268
314.979
288.12
222.67
309.799
418.798
559.599
461.124
393.334
286.362
396.614
273.052
294.705
426.303
439.695
455.462
248.525
215.303
312.314
442.224
359.712
466.347
276.534
434.112
349.278
271.693
198.14
272.347
480.802
465.231
352.821
614.964
481.855
435.531
216.494
290.424
440.273
620.948
493.814
219.603
171.195
252.411
375.121
304.638
241.189
217.78
174.047
472.629
269.546
351.322
474.293
520.236
501.348
503.389
273.55
672.109
309.087
226.005
280.834
455.56
533.894
676.141
371.621
587.868
303.59
223.814
209.401
258.386
428.794
623.8
335.867
277.474
316.903
290.069
207.216
154.827
195.259
272.488
314.027
309.335
263.606
190.182
180.225
221.779
348.137
321.502
268.53
288.239
265.35
285.053
353.94
214.466
156.588
276.791
277.315
693.859
340.001
308.411
282.379
204.405
368.87
717.527
376.762
634.274
241.572
105.129
151.522
234.283
476.787
674.328
290.709
425.059
260.88
143.605
104.354
169.993
328.98
441.307
277.215
720.235
823.784
429.612
292.631
274.696
375.243
646.641
841.466
385.573
295.905
315.78
410.602
318.501
239.402
395.173
325.459
631.14
578.87
254.158
316.408
194.216
295.402
567.15
641.829
599.619
536.174
174.75
182.174
161.642
342.309
549.26
595.613
546.306
493.925
263.684
313.691
200.5
287.227
505.317
546.344
599.554
528.995
200.373
179.418
236.366
303.637
551.875
582.092
719.027
581.795
250.249
338.398
267.76
410.036
666.886
661.483
258.659
241.144
285.516
385.136
214.818
234.793
259.958
255.054
243.515
219.428
245.691
339.331
270.997
237.941
239.432
229.473
312.669
253.531
280.329
256.464
267.996
325.149
330.941
249.35
378.471
334.857
345.201
531.112
374.349
243.137
350.762
353.486
495.104
324.147
328.032
348.16
521.11
348.395
469.529
358.703
601.496
399.889
283.755
226.915
352.727
705.791
652.239
416.638
724.062
304.819
246.249
291.852
196.917
388.545
732.571
371.116
337.856
320.236
327.517
289.082
267.051
289.608
334.146
321.532
542.56
364.768
225.01
201.304
200.611
246.219
523.572
407.284
411.351
290.356
438.308
424.073
362.712
263.6
410.294
296.471
418.362
262.954
361.438
290.488
237.1
400.52
449.215
260.866
455.922
285.429
167.83
154.103
182.408
398.591
480.261
323.552
364.834
275.395
158.29
136.155
126.316
217.227
358.238
300.219
679.014
687.216
383.665
412.173
330.937
412.323
622.333
715.914
414.973
439.655
289.154
269.075
234.02
299.452
368.756
470.855
572.148
418.482
232.182
186.595
206.393
295.257
540.569
477.391
558.905
424.791
234.718
371.184
301.369
291.591
516.18
482.576
375.861
420.301
317.353
261.638
177.978
206.983
338.071
436.047
380.34
263.77
153.318
322.462
235.46
192.861
353.368
306.431
434.822
319.125
232.745
334.233
217.892
185.246
414.68
360.798
243.131
192.538
228.993
378.69
231.987
149.838
232.441
208.258
240.055
232.885
239.543
292.128
229.428
168.699
229.977
244.962
314.103
326.815
276.976
378.24
315.018
385.131
334.323
323.937
444.525
384.828
236.154
498.355
310.661
280.08
422.999
422.448
409.12
430.601
508.747
382.359
451.083
576.064
402.948
428.455
808.483
376.436
315.889
198.083
319.037
704.758
858.927
419.089
801.132
421.791
313.391
403.66
285.864
437.896
804.227
478.246
544.385
475.225
291.224
311.017
213.904
389.191
539.189
501.551
591.563
320.736
193.62
268.218
307.165
286.771
575.629
379.922
448.559
245.125
366.088
402.631
297.654
251.287
442.942
274.884
591.149
465.37
303.909
313.991
380.852
426.626
574.029
505.537
400.738
276.74
172.939
164.25
183.038
364.096
424.827
295.395
375.124
218.982
124.453
123.81
125.332
227.804
380.573
242.574
628.729
709.419
365.668
338.01
320.95
379.397
569.504
735.655
620.534
545.992
289.344
213.776
166.191
198.542
552.593
600.425
376.729
354.353
241.299
312.555
208.694
276.418
361.545
375.317
531.425
512.076
250.694
236.405
240.342
342.917
496.013
553.088
406.01
272.235
194.176
194.573
219.392
225.035
385.976
303.472
447.161
314.946
215.978
354.614
314.912
260.419
416.8
362.039
421.251
288.829
185.259
244.312
159.858
169.642
394.226
329.572
225.218
230.628
276.731
260.334
208.517
260.443
232.018
228.943
322.201
280.753
234.403
374.66
248.658
219.932
309.594
292.931
457.079
320.301
339.611
451.262
315.219
446.146
476.575
353.768
407.74
342.25
255.38
361.817
305.499
269.906
383.71
375.847
675.533
388.852
233.26
313.669
401.711
619.978
704.678
420.468
924.148
338.526
282.904
215.438
303.711
587.586
956.324
417.406
1100.32
493.81
258.628
152.129
216.184
575.674
1117.16
583.957
620.045
673.224
358.287
403.809
567.885
507.091
593.606
703.758
698.396
448.805
275.466
230.793
188.754
329.813
677.785
505.079
409.103
347.161
220.693
254.872
241.344
357.588
394.737
362.292
375.242
227.183
246.646
328.967
257.605
266.678
392.257
268.113
581.618
239.322
181.944
246.101
177.29
354.332
605.373
283.748
373.425
316.838
171.649
132.008
133.045
250.281
372.013
337.415
628.972
670.486
379.83
213.023
360.804
434.972
566.119
706.765
467.535
477.742
330.052
238.567
204.932
387.029
429.717
494.768
506.646
478.256
312.67
273.197
245.474
288.689
463.539
502.42
625.95
560.866
282.503
284.025
208.168
292.92
566.47
618.842
389.961
433.176
290.117
237.648
168.415
182.749
348.463
446.31
608.892
440.935
254.01
180.994
177.184
262.854
565.92
490.391
242.418
254.77
144.46
155.375
137.806
223.554
243.668
264.418
271.438
258.014
240.741
202.818
209.052
216.604
256.051
269.062
342.041
305.926
188.671
261.062
157.795
207.478
323.198
330.13
511.059
298.383
231.97
265.271
199.495
252.502
491.25
348.246
561.998
295.639
260.678
205.283
288.24
330.005
551.935
333.277
1040.09
392.187
154.908
224.346
275.368
644.114
1066.96
505.396
1109.45
546.457
331.703
365.813
296.941
529.45
1100.03
633.943
695.67
432.838
436.099
415.147
413.299
463.697
720.211
436.107
760.018
374.303
311.769
495.477
270.056
405.572
776.026
426.693
811.966
366.216
297.751
315.511
248.035
386.552
815.327
439.545
610.152
457.408
248.858
324.524
235.254
443.045
630.824
484.582
449.278
257.682
289.532
518.976
645.221
403.098
428.718
291.218
556.215
386.59
253.302
328.33
275.009
476.554
594.25
422.023
285.13
237.974
127.9
117.525
116.153
184.379
277.653
254.963
755.446
660.601
329.681
247.899
242.869
385.514
697.438
716.082
507.865
454.229
256.332
324.268
252.498
264.131
465.103
499.555
612.532
675.434
294.53
268.77
297.331
354.173
558.405
721.475
431.245
390.183
219.583
331.894
251.372
236.538
395.925
429.26
521.769
415.882
237.816
225.577
266.013
299.783
474.962
464.883
329.46
268.766
236.475
405.083
302.898
305.643
325.758
281.349
293.627
227.741
284.553
398.816
261.691
169.167
292.796
238.255
690.245
379.687
202.688
333.253
266.379
345.958
671.012
450.722
468.165
228.262
230.251
313.251
245.982
244.879
462.297
268.385
537.811
400.693
236.784
203.204
166.395
315.467
541.556
404.604
796.208
394.569
270.88
441.464
307.793
320.623
771.89
478.412
675.162
382.623
265.676
263.915
146.836
343.646
669.398
443.906
855.278
478.844
302.802
377.979
243.54
485.29
871.55
543.72
1185.86
502.405
201.976
192.989
159.298
516.745
1185.92
632.159
895.174
468.294
267.644
257.628
263.947
403.519
912.497
535.843
580.144
354.459
154.268
163.418
164.609
345.587
587.732
396.144
439.511
256.608
292.181
460.914
290.91
276.652
465.828
285.896
445.194
445.85
270.355
216.998
237.468
410.403
462.804
456.432
381.188
325.585
334.6
350.938
249.499
402.654
406.417
327.887
378.321
237.396
119.838
112.723
135.13
252.981
379.613
266.231
625.717
708.09
447.984
252.742
240.436
345.78
571.804
739.933
457.272
359.522
218.492
160.733
152.66
261.576
428.169
399.09
731.409
562.167
240.888
286.917
253.742
376.997
690.877
628.13
462.238
344.143
237.12
258.605
187.144
170.858
426.002
380.846
457.682
419.103
332.086
268.605
217.063
196.709
412.233
451.421
404.823
420.03
276.364
330.243
195.338
249.82
379.931
432.747
475.752
338.213
217.249
224.081
210.02
360.272
455.863
387.883
394.427
362.438
259.593
247.855
157.441
252.169
373.346
389.851
496.578
299.921
233.995
242.403
281.069
368.904
489.378
335.167
801.639
363.834
233.084
201.464
213.671
351.226
794.317
449.241
777.61
378.408
382.071
436.019
223.856
442.752
789.336
434.204
1267.14
554.383
192.925
210.49
189.938
484.343
1242.59
715.858
1054.88
548.827
289.355
304.739
318.056
520.6
1042.56
665.868
1015.53
530.43
261.543
207.822
148.884
591.079
1040.82
605.901
1058.99
436.235
283.322
266.011
220.202
492.583
1063.24
550.415
815.134
363.536
322.195
242.077
238.795
541.371
861.445
395.142
552.018
426.073
362.371
314.588
412.156
416.628
564.555
458.583
731.217
334.648
189.454
247.69
237.142
510.746
771.959
381.004
364.631
413.805
335.843
239.62
216.671
419.764
382.657
395.044
424.943
214.907
123.165
105.732
127.763
294.684
441.681
242.015
523.614
530.722
304.894
254.014
198.293
244.658
475.45
558.955
512.464
526.934
239.494
405.601
280.175
343.035
464.507
565.911
635.665
403.052
224.247
188.59
145.656
341.973
624.533
451.073
593.47
448.824
139.14
96.0481
156.018
209.933
537.789
519.669
536.272
439.882
298.377
273.07
293.181
259.547
487.28
477.726
424.763
295.367
239.455
351.795
243.607
397.341
437.932
317.76
735.583
460.227
252.897
232.947
183.175
272.07
688.165
543.921
591.375
336.795
225.691
184.871
210.76
239.149
562.774
392.764
397.49
282.625
228.634
180.602
205.971
191.88
387.605
298.145
480.617
230.447
155.465
242.978
179.45
287.458
501.651
264.905
701.39
287.143
214.589
253.013
209.805
390.073
710.43
351.055
1011.73
463.864
288.427
387.975
305.331
408.133
988.717
581.316
1195.61
517.234
247.288
198.726
221.721
560.661
1194.83
640.65
1427.23
591.385
233.183
259.78
192.062
572.714
1408.66
773.3
1258.19
485.209
163.666
154.662
188.066
634.224
1282.18
619.695
1191.28
471.506
248.683
196.167
285.619
606.456
1231.7
580.444
539.529
364.869
306.361
249.926
207.951
373.5
573.314
372.23
665.439
464.941
300.739
266.434
422.921
697.636
723.833
497.407
438.879
311.433
345.658
262.954
259.209
404.356
469.868
330.763
453.284
254.172
220.291
178.388
157.477
359.16
476.622
270.743
394.254
496.574
326.893
339.141
284.386
251.55
372.348
508.346
597.41
513.628
228.797
245.613
214.715
393.104
551.721
578.632
333.042
345.691
250.247
224.257
190.236
192.493
332.855
362.827
527.346
421.035
156.03
191.503
160.519
350.704
497.014
476.977
712.159
436.99
217.416
170.073
183.318
252.942
673.671
510.075
425.823
304.376
213.802
363.825
293.919
193.098
393.934
342.902
838.811
455.097
145.4
182.389
183.256
281.51
802.565
556.575
831.893
403.044
198.999
242.342
160.298
275.595
800.959
508.108
607.319
340.02
274.854
236.231
159.79
233.411
589.55
388.498
625.874
285.22
316.445
208.012
226.418
298.187
626.408
329.992
944.1
489.5
218.805
399.778
252.499
341.607
918.876
582.864
763.632
330.731
215.189
286.628
220.63
366.933
764.467
407.299
891.623
401.471
147.103
228.927
163.469
551.767
929.926
471.048
752.362
381.753
214.808
326.233
226.426
419.718
760.983
444.693
761.324
322.166
160.733
215.855
289.24
493.749
785.115
396.281
1046.63
389.282
272.858
301.879
337.057
483.956
1063.31
505.743
896.13
496.245
318.158
283.764
416.2
801.186
966.405
521.455
593.472
367.59
329.865
447.694
369.343
608.633
651.453
399.755
499.705
321.406
198.732
190.04
184.642
426.641
535.9
342.998
284.243
224.242
133.385
113.324
90.8255
163.324
281.004
241.908
547.383
549.043
330.19
490.415
342.634
348.988
504.635
576.906
615.563
508.017
209.78
159.877
176.918
279.815
563.126
565.435
779.02
454.793
151.519
164.047
109.912
226.95
728.419
557.111
436.235
336.557
272.029
227.886
338.509
414.842
442.935
363.995
614.723
373.713
129.615
141.358
132.317
205.462
570.78
437.982
520.46
279.555
148.861
161.06
255.187
255.033
504.539
332.705
650.984
427.29
182.223
230.372
207.583
324.67
624.193
493.53
807.205
365.299
138.529
80.3333
148.086
312.935
798.501
451.494
672.111
254.525
182.975
181.343
170.757
236.716
660.043
331.115
834.315
448.144
149.458
139.996
192.3
380.676
835.827
526.618
613.513
395.34
308.507
436.31
307.839
441.129
645.072
427.378
1007.67
468.763
286.832
295.58
307.151
428.108
994.597
574.158
1159.14
434.005
185.555
202.82
246.459
599.184
1181.61
564.126
990.319
497.38
217.838
266.9
274.967
556.181
1007.89
584.95
1139.22
546.529
146.073
136.264
143.215
527.95
1127.81
672.181
1066.01
449.608
298.391
166.727
323.231
755.102
1120.09
523.219
923.616
426.964
225.37
245.729
263.347
725.774
995.043
482.778
736.186
365.34
227.545
221.236
314.001
763.547
819.821
396.2
647.725
497.701
212.378
302.949
298.073
566.316
685.954
546.758
325.206
267.777
134.464
110.584
131.763
190.03
308.883
291.832
607.991
668.077
381.184
282.813
211.756
362.109
555.184
688.561
508.337
460.869
245.646
142.167
191.541
194.148
456.226
503.619
733.308
494.039
148.46
153.877
130.429
224.496
674.275
583.271
457.593
290.064
259.635
213.954
213.531
188.304
433.022
328.898
645.28
389.915
181.655
220.213
185.994
268.804
608.393
467.222
455.067
279.496
185.086
197.68
207.561
295.388
439.449
325.468
681.611
336.593
145.37
141.427
97.708
299.992
672.728
408.276
695.31
348.076
208.339
178.052
148.506
270.72
677.071
427.197
878.792
358.124
257.771
269.964
260.347
384.535
880.598
459.43
596.493
274.504
199.543
367.609
275.168
400.781
619.922
319.435
779.306
379.674
240.522
215.236
185.219
490.045
795.015
441.741
792.681
391.326
284.851
228.475
282.422
538.787
819.225
432.804
702.342
344.885
279.902
328.188
291.097
533.035
743.038
375.301
1041.64
421.123
252.439
238.633
236.951
580.569
1061.17
527.877
1450.54
562.161
163.125
241.863
280.463
650.533
1456.49
735.268
809.324
514.863
210.165
287.815
269.786
678.151
837.51
587.404
1195.24
728.149
231.876
172.473
240.115
1003
1288.74
801.465
677.527
388.373
265.195
250.433
259.567
632.331
746.076
426.51
535.881
299.92
303.855
273.13
330.246
529.056
589.186
318.511
273.765
207.149
149.541
146.936
94.1065
178.326
274.068
221.712
675.94
487.045
388.943
347.96
350.303
299.092
637.299
527.737
470.112
482.123
187.66
117.589
186.999
258.069
430.705
518.175
698.347
544.602
220.187
204.723
231.468
234.211
632.182
617.047
465.277
328.101
204.036
179.673
168.739
198.336
432.299
373.108
645.962
393.129
228.501
165.271
192.162
254.036
610.377
462.443
711.539
386.121
260.513
302.866
223.392
270.655
685.787
469.079
730.384
341.974
198.99
257.481
159.962
261.146
713.771
429.484
628.292
366.123
168.315
127.17
123.87
373.165
634.547
410.869
611.526
268.499
239.343
246.555
308.145
516.957
650.13
305.507
953.924
387.353
118.513
124.023
143.478
407.754
953.038
503.312
717.562
363.495
254.927
164.631
210.862
524.473
739.066
395.79
513.88
283.638
246.445
518.023
346.849
472.996
542.237
297.943
729.297
398.514
168.359
187.113
231.405
458.892
762.129
460.464
1185.83
476.036
287.286
231.565
196.007
604.567
1200.08
607.115
1151.38
499.261
191.348
153.651
198.632
699.61
1191.85
598.117
1145.82
490.933
229.299
290.223
343.211
518.283
1151.04
606.559
1099.36
515.62
320.506
190.978
365.331
940.381
1185.41
588.167
853.661
507.592
292.414
219.766
248.392
732.517
916.722
554.503
676.963
409.432
217.203
283.258
195.474
532.539
719.065
451.6
363.558
172.964
82.8694
107.034
94.5974
230.636
382.365
204.791
610.436
589.106
283.547
200.096
253.601
305.543
553.892
632.543
603.167
646.118
303.658
346.53
253.777
291.482
539.074
690.216
446.427
399.707
231.355
159.106
216.747
303.342
409.834
440.191
740.365
523.433
239.248
309.37
225.705
307.785
695.98
588.194
554.877
358.102
204.805
140.984
176.693
207.174
516.86
411.903
739.566
390.899
237.321
263.949
272.51
371.712
720.155
470.055
722.35
277.405
146.111
86.1293
142.143
320.728
724.89
361.91
886.38
422.62
171.687
178.895
138.743
371.474
868.595
525.518
996.06
412.056
209.843
280.9
195.581
449.639
994.732
526.411
693.962
289.788
209.384
208.058
154.304
427.873
716.159
341.159
547.879
305.263
338.811
445.796
319.835
368.193
555.53
343.861
551.172
333.732
345.819
350.429
316.412
557.292
585.683
339.885
845.975
524.819
312.585
242.885
318.489
475.847
820.915
601.051
893.642
320.542
273.615
223.572
274.278
559.441
933.196
405.653
971.72
547.897
203.288
153.761
212.098
786.381
1047.41
607.837
1009.09
329.197
142.582
134.594
236
680.58
1068.16
423.818
1187.6
593.717
316.471
246.636
314.551
975.923
1280.07
673.156
915.2
408.882
295.389
168.583
291.164
827.309
995.664
466.331
528.818
341.534
155.209
266.572
243.739
445.284
562.179
378.611
362.468
248.758
162.723
145.742
129.808
282.647
375.025
268.274
