1022.1
868.921
355.806
195.986
214.632
418.683
942.944
956.948
609.45
605.096
302.615
310.045
339.538
373.895
552.436
657.746
496.337
734.458
428.699
178.883
248.779
386.598
443.459
726.338
345.137
674.256
715.926
370.172
297.802
401.973
330.071
604.643
410.915
457.487
546.036
408.369
388.593
281.622
402.52
426.214
331.68
579.449
692.863
443.609
358.411
456.903
315.439
511.753
237.955
379.668
562.074
318.829
277.984
212.246
226.201
342.015
239.657
314.31
615.531
564.398
292.231
240.659
252.717
265.651
212.459
370.355
711.638
730.916
386.025
236.821
206.137
322.467
259.652
255.223
435.227
1018.12
495.932
228.37
246.114
273.485
343.815
246.693
451.577
1203.27
710.754
308.749
356.829
257.792
211.876
244.923
425.577
839.693
892.166
407.061
226.078
222.815
290.279
259.856
356.551
471.857
770.924
523.146
295.702
244.47
513.937
368.629
259.415
350.242
360.629
468.064
528.754
407.875
386.221
356.366
304.006
341.522
375.012
619.105
411.768
362.267
440.549
350.847
231.181
297.391
235.006
338.662
440.67
372.167
361.115
281.216
299.56
366.612
368.949
261.511
346.665
306.779
554.85
281.48
207.668
232.13
323.707
329.262
549.335
313.14
329.302
212.117
191.574
210.49
213.291
338.433
340.414
232.345
309.306
238.335
160.223
107.231
115.987
211.539
300.16
263.428
737.838
821.103
504.878
316.373
337.991
316.186
654.79
861.154
838.76
907.651
487.523
275.402
260.365
390.089
754.751
963.544
465.148
778.633
508.014
321.139
301.106
392.525
411.821
749.574
292.044
464.414
445.366
483.749
343.85
250.516
264.002
432.89
297.08
572.017
534.231
314.13
324.913
328.171
257.598
520.332
401.1
350.077
339.879
175.74
207.592
254.172
394.477
327.521
267.149
488.095
699.299
412.398
370.509
228.465
245.36
431.687
269.941
378.604
739.4
713.778
412.2
237.065
256.028
333.097
507.763
528.808
591.408
918.382
402.11
304.682
468.449
549.295
198.277
297.99
654.522
899.749
416.154
207.43
192.513
257.446
317.813
239.32
351.264
624.072
401.197
248.576
326.278
253.736
257.261
249.259
364.81
795.418
912.093
514.664
259.654
246.575
341.871
262.013
468.06
473.766
881.979
651.076
373.798
266.466
306.597
403.79
436.723
381.258
566.077
599.632
326.9
368.271
460.319
383.684
290.043
209.776
266.846
599.209
482.217
394.28
460.584
301.239
279.074
215.765
248.377
405.533
501.655
310.117
543.475
236.528
258.187
330.865
310.527
327.818
539.53
296.128
599.933
342.612
272.08
221.878
186.503
426.3
639.238
387.965
275.773
304.791
222.844
289.921
207.575
272.23
283.075
310.47
388.011
314.808
163.345
89.7551
159.501
281.835
388.372
341.122
706.28
664.148
408.065
381.304
296.91
324.943
650.327
702.901
621.227
712.348
383.219
205.222
289.312
346.723
560.108
740.833
357.019
444.97
334.563
322.572
231.502
303.708
346.742
456.079
508.654
679.245
399.049
227.183
298.312
345.557
470.135
667.908
225.814
347.667
300.165
217.545
270.143
210.862
206.509
324.348
332.787
551.817
544.014
413.506
324.621
347.756
331.611
496.294
378.01
587.402
649.633
472.202
316.994
318.053
356.457
538.035
358.366
415.826
582.055
528.306
375.631
351.32
374.587
385.327
431.059
423.306
640.464
725.664
380.292
333.286
432.955
395.636
222.232
196.049
574.464
843.269
442.645
208.947
234.786
177.315
218.807
225.85
459.1
828.196
603.685
356.271
225.325
213.871
342.17
231.241
445.653
871.011
826.171
468.793
363.166
222.259
442.268
395.344
353.808
456.162
734.249
655.187
438.289
392.676
361.181
334.121
331.374
209.326
566.975
722.873
400.343
320.823
461.502
463.291
438.103
256.134
428.449
858.996
539.03
433.199
452.311
353.184
266.58
448.305
292.863
304.251
438.979
391.898
539.959
337.146
207.77
252.42
373.435
362.352
516.563
398.018
582.638
424.645
240.607
225.366
187.519
495.446
626.176
439.235
346.346
392.615
256.794
183.267
167.875
298.513
345.388
383.51
576.217
274.263
167.904
222.763
186.344
347.51
601.225
310
691.772
567.01
375.447
290.532
318.051
268.183
644.7
621.245
662.063
757.453
320.379
181.171
187.116
283.444
580.861
802.678
571.262
722.917
319.591
231.371
187.239
396.351
505.723
748.32
548.161
620.227
353.213
231.158
291.47
309.224
486.709
631.327
333.227
416.343
400.62
349.239
236.277
310.707
308.045
425.909
355.412
588.267
539.227
343.905
279.476
287.649
336.664
561.681
489.542
680.688
604.598
449.915
271.779
367.643
455.701
670.794
314.979
526.231
635.958
489.651
405.498
402.308
304.783
467.481
274.713
395.761
594.258
604.962
394.375
300.489
264.756
370.392
140.952
181.065
493.69
984.821
456.883
144.146
138.607
162.677
334.949
297.415
321.121
940.068
598.23
259.524
318.249
319.331
244.377
214.958
380.182
861.079
880.364
495.686
260.745
215.57
346.78
310.028
411.693
533.537
782.138
665.94
365.521
308.139
773.904
348.791
307.518
308.316
509.056
846.881
830.981
392.797
395.118
412.775
301.054
281.506
317.886
374.745
392.278
434.002
302.412
249.015
174.56
156.519
183.767
263.037
313.324
253.441
432.283
267.585
288.304
351.475
284.546
425.297
469.193
277.799
905.069
586.08
250.265
252.51
262.996
801.107
979.885
645.595
612.181
396.656
205.943
279.606
230.375
402.396
626.482
436.486
609.786
284.192
202.975
175.787
178.191
437.04
632.708
332.191
625.779
701.646
474.634
279.735
268.608
351.029
578.542
724.129
479.449
497.601
237.405
209.181
195.368
393.018
448.57
522.467
479.875
601.556
293.83
240.527
326.035
371.691
464.771
609.028
608.864
600.349
236.602
254.892
215.211
324.956
548.21
659.41
459.313
556.937
301.176
188.324
211.809
387.243
439.461
567.626
454.913
610.863
364.372
272.752
289.301
399.881
446.113
609.47
450.413
501.732
354.03
283.74
305.145
369.998
438.921
513.819
301.786
519.357
645.904
442.235
397.469
298.454
301.548
465.448
185.556
294.324
483.048
550.03
373.295
209.408
174.275
265.097
332.398
431.294
605.431
762.197
319.475
345.743
319.365
409.975
278.972
252.792
396.221
809.718
637.399
259.511
274.093
244.098
442.966
371.763
366.404
720.065
567.229
366.648
436.642
391.673
391.13
360.281
381.063
471.23
816.288
770.245
441.586
367.744
425.862
414.46
232.702
204.354
280.009
622.967
471.139
410.339
288.279
203.79
156.312
225.687
251.871
269.245
291.11
223.677
271.412
310.359
356.742
447.941
296.325
256.538
262.311
291.338
470.346
345.205
347.411
350.462
379.41
419.588
499.035
350.744
894.493
401.845
232.71
315.724
238.809
470.007
917.254
483.374
667.305
238.916
241.288
269.22
288.415
385.996
700.379
301.382
663.032
378.61
308.155
175.891
232.143
495.382
695.42
395.662
560.444
562.292
296.207
285.508
241.524
289.169
526.478
587.815
582.815
647.353
307.006
293.173
157.093
295.701
521.32
691.485
434.619
624.984
431.675
325.512
420.255
473.404
414.939
613.443
487.182
442.624
248.199
176.074
225.303
413.652
463.73
485.211
503.808
651.661
400.893
247.094
273.78
400.039
457.983
656.664
463.846
495.012
216.359
188.221
216.384
277.959
417.23
526.353
446.373
550.191
275.643
251.175
277.457
347.338
401.295
554.258
419.102
497.818
489.907
432.853
433.239
315.271
414.477
469.372
229.916
311.361
397.385
353.953
411.479
360.749
240.647
280.067
289.148
292.182
322.786
409.403
260.252
243.096
282.29
297.399
142.497
262.218
468.915
729.306
483.864
336.045
144.763
229.9
422.524
331.181
392.558
690.599
707.97
426.368
448.202
353.913
455.543
367.407
299.088
403.256
608.468
597.084
481.032
391.388
524.752
354.205
323.185
245.323
262.705
520.49
561.594
363.317
509.149
332.156
176.761
256.049
221.602
426.535
533.063
334.116
294.446
262.625
272.249
370.073
279.841
251.044
300.863
270.425
517.329
252.805
226.191
304.033
252.667
341.88
532.541
270.963
633.113
244.591
380.387
461.836
271.698
470.912
677.815
277.827
609.632
293.353
196.091
238.807
213.36
477.291
647.505
323.791
432.627
277.713
164.78
145.244
140.536
320.503
453.641
302.027
755.084
782.848
325.803
226.737
231.344
484.754
700.672
845.17
570.242
624.676
301.116
138.949
154.192
234.393
504.225
662.082
454.93
585.077
290.559
250.763
218.185
328.581
402.632
599.378
581.046
482.698
253.786
217.431
159.641
268.684
536.592
537.109
770.722
728.253
239.511
119.673
156.142
436.033
709.265
798.19
715.188
574.014
255.717
198.103
239.592
272.257
661.913
630.452
434.382
410.134
357.86
344.946
271.8
353.934
436.482
439.754
185.589
239.68
292.731
422.893
414.074
240.204
189.713
209.402
289.391
361.408
350.862
450.182
306.111
207.341
269.397
353.606
524.298
513.437
455.208
401.063
354.946
440.17
540.443
507.211
280.636
256.557
297.386
617.673
436.006
260.49
284.742
272.676
355.922
269.145
226.127
560.422
463.761
317.657
335.596
302.195
496.015
371.392
203.803
310.282
466.191
511.43
488.008
402.56
404.378
332.868
334.758
381.655
406.995
445.405
408.518
346.995
372.572
336.497
275.597
295.833
196.278
315.967
377.189
354.695
351.803
326.143
276.474
256.665
214.426
316.564
369.686
325.544
193.12
293.719
350.492
312.262
252.441
319.266
212.269
252.624
723.611
455.62
375.693
301.754
237.165
375.172
745.834
492.976
813.427
342.223
200.606
206.921
301.816
502.325
840.591
397.166
536.284
273.148
170.073
128.538
231.173
479.01
572.708
306.035
538.386
673.354
329.862
204.097
265.031
364.338
477.459
691.405
513.524
619.985
381.864
343.322
401.799
350.74
459.404
634.307
703.863
492.006
181.998
169.267
175.691
314.221
643.971
579.614
493.482
408.516
263.144
262.701
215.742
279.42
453.18
464.017
443.89
440.069
243.424
195.491
159.826
258.559
409.539
474.488
502.526
595.676
317.458
323.296
326.946
299.501
447.903
618.545
736.905
589.623
212.085
196.38
171.272
325.633
683.691
666.174
303.053
274.715
233.211
268.06
405.012
378.213
306.139
273.636
300.117
371.672
391.774
293.724
279.894
275.851
287.371
359.032
459.075
310.246
276.157
217.04
271.282
430.567
478.864
319.448
367.621
233.261
390.261
628.022
338.719
239.355
354.738
261.761
500.393
404.241
248.989
276.335
341.144
332.613
475.527
437.187
491.514
331.35
297.843
353.249
421.372
528.164
522.016
340.472
422.615
344.812
278.407
250.444
289.082
414.051
425.35
365.578
378.286
236.119
315.705
313.165
234.47
284.714
391.869
255.871
434.48
271.526
191.191
317.079
227.824
297.08
445.526
298.297
321.622
308.549
417.755
388.904
255.943
202.791
327.395
292.306
606.388
408.393
231.285
269.934
317.091
522.416
631.708
446.204
685.767
423.28
251.477
213.269
310.629
686.274
738.635
478.945
481.463
302.608
196.252
120.737
125.415
328.016
500.772
323.17
658.492
700.027
338.002
429.959
257.01
419.24
603.265
744.297
599.911
393.77
267.028
190.999
187.763
274.752
575.593
443.086
509.957
467.199
282.867
269.581
246.327
258.555
456.638
507.398
918.612
542.28
225.318
201.212
152.419
287.89
864.982
653.883
555.623
442.009
206.198
162.698
177.295
319.442
515.352
491.448
569.162
403.08
297.097
360.453
276.363
250.473
557.963
437.035
537.165
337.053
243.562
572.603
363.332
324.108
508.471
397.38
230.44
184.415
243.747
410.147
242.715
266.892
247.879
189.465
223.14
193.13
309.528
447.22
319.769
201.32
227.601
188.788
324.327
335.82
309.332
274.71
375.329
232.463
301.059
341.264
451.68
372.278
326.028
540.381
362.733
335.753
427.362
408.463
410.284
407.415
347.866
337.06
364.272
297.276
413.405
419.54
686.423
519.432
230.308
254.101
354.976
673.103
734.298
576.373
584.343
309.155
263.629
359.109
224.899
474.003
622.981
332.33
300.935
332.039
361.142
275.281
258.347
222.117
279.083
329.864
439.234
392.884
215.306
234.121
175.841
340.111
459.977
421.088
324.588
297.214
260.708
215.715
216.229
266.69
308.666
297.012
634.737
367.505
293.441
232.929
295.415
511.846
659.395
402.205
448.256
227.67
276.311
330.703
333.917
479.273
498.316
248.369
424.411
288.1
175.67
189.958
185.091
309.86
433.607
316.326
694.518
603.3
293.926
410.049
236.198
370.027
645.576
656.944
456.391
353.893
166.595
294.063
241.604
214.147
412.475
410.21
812.423
360.738
170.69
215.427
246.589
330.455
807.937
449.126
499.696
382.356
369.122
336.61
459.648
357.715
469.111
424.162
392.789
291.905
259.955
277.684
268.932
229.794
380.991
320.009
435.919
265.375
210.658
297.357
228.307
163.466
417.334
305.854
543.346
368.346
180.926
298.187
250.133
198.838
504.677
425.805
182.227
196.672
204.688
280.397
216.769
146.107
173.634
201.887
438.681
299.282
149.819
171.452
197.901
266.904
428.031
333.533
321.79
316.815
214.841
236.482
211.966
197.69
307.204
325.702
431.801
358.754
242.717
519.777
383.33
319.388
426.409
386.347
543.985
389.914
504.762
376.665
343.376
608.212
581.546
375.664
669.144
276.6
298.556
305.772
313.406
554.11
721.918
322.913
712.62
604.007
360.21
261.793
238.846
506.346
748.219
626.169
740.24
558.147
302.157
444.887
359.507
473.335
738.699
599.5
621.705
522.689
313.468
351.225
224.27
421.378
609.262
576.679
488.557
421.12
321.173
396.324
467.535
321.382
459.608
465.182
473.628
464.853
357.337
306.091
358.095
424.679
505.962
470.992
730.648
335.67
271.285
218.489
239.009
583.003
781.178
382.99
553.678
415.046
176.297
171.287
171.523
386.008
566.278
456.592
652.552
747.617
368.505
397.704
365.446
418.22
600.678
783.793
437.491
358.622
288.847
274.037
238.38
251.8
409.634
388.636
741.58
422.187
256.75
226.195
207.127
316.93
713.928
502.498
833.166
485.493
257.129
255.37
242.296
377.263
800.162
559.438
409.216
261.665
166.074
225.251
187.842
241.91
398.707
303.632
424.863
322.181
221.274
288.535
351.632
226.675
392.525
364.758
441.237
194.747
150.531
187.672
181.211
200.052
438.824
237.438
291.202
270.668
221.312
271.8
242.212
289.273
308.694
274.252
292.308
196.752
283.837
459.867
291.431
248.935
289.224
220.542
638.549
370.682
253.7
227.564
186.791
324.602
626.406
436.716
391.698
307.218
224.25
285.469
281.328
272.985
383.646
333.788
800.38
466.434
343.26
368.1
339.196
563.85
833.653
522.114
781.867
487.932
230.703
257.857
213.363
584.451
833.197
528.604
892.062
572.581
294.761
237.762
194.747
547.138
920.576
618.766
727.242
451.323
285.967
382.746
311.604
446.267
742.249
477.576
521.084
469.557
506.722
262.16
344.869
505.042
512.451
458.02
495.079
386.098
220.074
225.148
243.08
405.378
522.185
425.187
386.418
392.523
258.703
512.166
579.737
402.824
386.492
401.794
459.714
248.544
250.073
377.454
232.149
427.525
494.863
265.928
294.619
251.882
186.308
86.4124
110.42
284.253
308.091
248.959
551.313
510.319
319.644
320.637
347.98
303.985
501.46
547.429
404.319
517.861
332.264
299.805
301.579
297.674
377.379
525.64
615.408
492.077
151.105
200.722
154.015
272.736
563.35
563.148
536.773
436.268
251.837
253.806
233.056
262.578
494.507
482.712
327.634
337.874
250.165
200.137
154.866
227.01
299.469
363.822
475.23
362.599
229.386
304.242
331.08
361.82
446.729
411.249
420.195
275.898
201.885
300.776
241.79
204.362
399.925
314.161
417.41
216.895
230.603
198.56
168.893
222.766
418.759
229.919
239.799
155.339
234.932
306.697
225.841
208.523
236.16
172.697
613.353
364.562
289.025
317.883
255.141
262.897
598.264
422.386
467.356
345.275
364.53
373.484
345.417
272.557
475.993
361.888
832.786
311.673
180.495
148.239
285.462
563.686
851.136
396.257
981.712
573.06
336.09
399.743
229.313
487.557
991.917
612.636
1028.86
628.758
400.477
290.816
308.078
594.767
1042.18
681.796
846.604
347.231
205.81
367.735
282.899
388.343
869.064
433.692
781.215
409.76
217.441
212.821
212.976
525.799
815.909
478.175
441.335
341.481
403.327
567.16
335.607
356.951
470.803
345.084
703.549
448.474
223.83
319.626
304.203
581.982
755.305
485.293
394.185
395.359
343.804
309
256.052
409.175
409.733
398.577
482.317
212.483
132.119
164.515
161.516
336.864
503.546
255.914
601.674
563.104
275.273
228.875
269.357
252.797
542.082
606.075
400.68
377.297
253.059
341.93
319.711
249.565
370.844
411.351
591.196
661.556
376.819
284.644
265.214
288.976
528.175
698.647
374.229
321.253
190.631
262.509
190.309
266.259
370.229
333.223
577.277
420.527
345.616
386.165
445.653
424.679
538.987
480.329
309.104
223.702
246.294
302.316
218.957
290.566
322.021
224.365
450.689
335.57
261.87
330.517
258.957
197.582
421.379
371.336
478.112
276.784
205.612
447.728
257.338
237.053
464.196
315.802
387.671
197.306
197.384
238.752
194.689
233.797
385.642
225.218
432.484
354.781
384.89
310.188
203.899
271.236
449.46
352.474
568.768
299.26
291.071
329.436
264.467
268.75
576.931
334.481
714.527
454.986
276.993
348.431
213.867
445.89
732.751
481.573
692.706
371.368
294.044
327.284
295.719
406.941
699.419
433.941
781.269
459.675
306.358
232.865
154.619
480.303
803.026
498.958
650.159
351.589
298.613
396.128
282.149
412.135
677.51
363.665
822.667
397.468
346.797
297.751
224.53
431.194
844.307
454.898
756.576
522.163
351.7
283.518
258.939
467.145
782.516
539.85
595.903
368.556
260.117
287.783
327.274
532.259
642.273
386.783
487.819
209.982
351.683
428.986
249.888
387.208
518.781
232.086
346.52
237.661
221.698
195.899
237.156
347.297
357.851
257.576
605.099
568.792
292.857
279.927
224.991
288.672
548.787
620.69
453.241
355.681
201.612
192.346
225.716
208.134
414.816
400.619
663.681
557.003
244.174
226.636
241.287
502.728
662.898
617.182
555.148
308.765
152.216
227.707
245.649
207.34
520.801
376.587
388.002
351.513
231.041
302.439
189.873
181.43
367.851
372.961
467.614
366.448
351.325
427.247
314.469
247.174
437.976
409.525
473.727
350.406
207.486
221.952
186.454
283.296
444.655
389.642
389.13
419.665
267.749
315.091
207.125
257.659
369.373
443.249
503.617
211.425
205.463
330.56
342.022
288.851
501.507
262.642
532.584
254.084
167.305
287.498
281.546
238.541
521.836
311.033
757.477
358.153
277.783
296.702
179.517
331.074
756.474
433.301
917.192
428.47
238.924
291.649
164.217
368.902
908.257
526.54
1012.4
532.811
274.826
295.895
244.246
468.061
1002.52
625.421
1037.01
456.4
302.545
282.214
291.157
508.458
1037.91
557.216
955.08
553.539
314.415
290.975
253.604
608.926
999.943
601.908
1322.89
579.108
348.111
249.964
269.915
679.267
1349.03
705.005
458.948
237.693
283.971
163.584
199.992
351.612
485.2
256.638
539.245
238.889
259.892
393.06
437.243
401.213
574.825
265.479
550.818
482.255
254.055
257.4
278.564
536.054
586.841
501.206
621.121
345.196
241.009
156.743
193.872
548.745
673.59
377.785
381.792
461.106
242.058
169.431
219.977
279.748
336.861
478.535
576.369
484.278
211.823
288.257
151.292
308.94
531.249
545.254
742.37
373.249
160.387
97.2177
121.179
282.552
711.886
469.709
636.847
397.789
133.065
146.715
156.156
212.595
591.975
473.261
475.877
350.725
237.659
210.872
208.419
273.945
449.767
388.896
416.039
193.511
218.151
224.035
201.131
228.702
408.368
225.716
826.58
450.011
268.689
280.719
138.638
300.884
795.715
542.08
464.423
248.88
142.181
206.7
212.929
203.38
451.926
294.223
391.273
318.467
282.755
221.08
276.569
253.61
368.356
311.858
547.988
307.18
222.904
288.09
247.67
268.923
537.545
348.493
467.881
278.187
220.015
229.949
180.479
288.102
474.011
308.439
746.57
428.217
252.974
292.295
231.078
353.6
732.89
487.341
938.192
389.106
182.416
230.439
165.9
466.189
948.165
489.32
1024.52
464.367
331.905
370.281
277.676
501.802
1021.71
574.076
1031.83
488.222
187.903
241.644
240.744
732.049
1088.25
556.868
1050.81
467.154
232.621
120.904
138.131
610.672
1090.02
533.569
772.478
431.643
379.031
423.066
370.146
502.749
807.419
485.928
735.728
450.014
434.857
507.325
393.92
734.105
803.007
475.861
555.119
433.946
320.692
251.757
293.277
612.165
605.641
429.833
408.755
249.596
217.183
116.28
127.16
327.792
443.115
249.433
415.772
541
266.595
191.562
193.567
274.146
371.097
548.581
474.625
329.414
242.677
467.326
238.855
295.632
442.012
382.053
488.531
409.475
223.8
231.684
195.648
303.622
480.206
442.265
636.03
460.664
212.228
201.235
210.677
399.709
601.085
516.153
493.101
309.924
203.047
240.389
211.003
238.063
470.942
356.403
726.85
372.957
256.384
281.556
286.053
296.153
703.268
455.05
575.074
332.723
182.658
301.564
223.931
234.848
551.315
396.07
814.972
403.294
191.227
165.477
116.987
273.498
789.805
500.467
685.974
389.92
293.222
252.609
178.998
267.389
674.959
445.139
444.364
209.918
271.983
213.932
188.91
286.827
451.866
226.062
833.632
395.386
246.178
377.813
229.098
379.186
835.504
462.978
560.487
346.431
321.879
376.991
274.961
311.638
560.03
380.061
989.395
415.848
201.193
258.557
207.85
479.143
990.761
525.499
764.493
397.2
199.348
274.12
240.217
352.617
747.9
479.863
1034.13
531.3
239.688
182.596
338.488
508.002
1015.34
638.944
867.617
515.625
458.032
396.383
326.336
626.755
916.317
554.483
866.662
440.574
290.317
224.506
314.265
849.316
942.82
471.316
1120.75
455.202
360.733
474.35
386.98
644.336
1151.39
545.032
739.721
443.833
318.457
194.553
282.15
719.043
801.697
464.46
381.968
254.177
118.315
116.055
142.262
238.212
377.023
287.836
469.502
445.323
289.991
388.484
287.477
292.565
433.434
486.944
539.634
390.831
170.089
213.487
200.515
283.596
502.284
449.527
746.186
441.398
116.437
95.6991
117.622
239.485
695.071
542.151
557.849
322.234
166.626
216.546
273.761
378.141
549.193
381.4
731.156
345.818
177.203
338.344
217
261.482
707.325
433.668
668.618
336.01
269.959
241.349
366.203
348.783
659.26
398.74
480.69
336.496
205.993
198.941
190.331
229.082
457.023
383.313
781.592
346.307
187.733
196.284
209.093
341.207
773.746
432.814
539.194
257.614
185.969
178.109
208.16
270.473
546.501
295.235
710.124
409.174
226.584
290.343
277.524
417.914
721.389
467.665
518.618
382.889
225.923
326.743
269.407
394.875
545.346
410.359
762.146
533.493
305.28
299.618
283.008
515.079
794.123
566.201
803.813
275.924
227.32
320.736
320.813
589.32
847.62
349.881
1193.96
519.876
309.397
352.392
280.736
553.154
1178.22
652.419
1288.5
539.068
231.725
135.926
181.674
616.828
1295.29
673.741
1109.54
669.459
350.726
292.768
350.199
853.943
1166.26
723.102
1099.82
482.727
288.713
218.462
320.193
834.28
1162.99
560.671
941.77
689.717
266.12
268.988
280.329
837.857
1014.93
761.212
962.108
342.065
330.851
354.04
322.682
631.428
1001.33
428.577
430.492
375.144
184.71
206.389
209.963
254.475
407.55
413.755
456.094
486.735
361.751
326.878
243.173
279.947
414.623
503.236
649.296
431.598
185.354
210.416
188.375
228.769
600.1
509.451
613.84
402.421
139.472
131.334
116.627
166.712
564.702
475.087
272.795
234.871
208.137
225.342
275.609
253.092
264.05
240.668
561.415
325.165
235.251
207.524
283.601
301.112
534.905
358.008
437.822
264.467
191.185
243.196
176.624
290.402
428.822
297.981
521.78
302.92
172.071
135.469
141.555
296.842
520.832
347.533
664.601
348.51
266.13
298.013
200.939
343.479
662.27
402.699
675.146
333.746
296.008
251.275
280.882
333.912
684.031
374.948
505.118
336.507
227.82
342.798
304.141
371.842
534.033
364.521
651.636
373.081
172.829
210.45
160.832
456.219
682.526
418.674
610.368
457.69
229.59
212.585
197.535
478.445
647.224
479.526
652.566
355.31
156.476
195.812
156.207
354.3
672.79
404.94
916.973
481.396
274.26
307.021
169.626
538.715
937.464
542.772
901.285
412.856
266.467
329.709
355.726
579.707
938.198
488.632
853.686
314.551
229.229
157.752
269.621
553.427
899.54
388.298
960.098
551.35
301.742
195.161
335.653
933.175
1049.34
604.779
932.343
347.908
368.542
352.127
350.382
710.821
986.814
415.608
734.99
446.905
179.572
163.815
169.257
642.676
800.438
490.964
337.208
250.999
195.335
182.469
196.267
308.088
351.3
267.801
692.533
502.955
216.725
132.102
165.283
265.738
650.931
564.258
440.455
399.924
157.784
162.204
187.753
242.057
393.607
438.688
574.039
488.851
287.387
239.89
318.142
304.61
525.758
537.324
656.701
377.093
215.329
196.001
134.514
216.187
622.855
455.666
631.962
413.464
320.919
213.116
313.076
347.018
602.115
454.43
561.68
308.467
234.624
183.516
121.877
197.238
538.404
368.709
585.893
326.826
178.8
151.958
134.887
235.929
569.59
383.803
529.924
366.581
224.654
139.957
145.543
345.319
545.612
380.522
476.606
215.745
235.602
244.725
266.182
413.883
502.934
243.476
678.882
288.714
116.895
157.571
150.752
335.272
683.494
366.184
563.938
293.729
215.218
135.199
160.667
431.366
587.901
328.981
398.838
325.761
285.958
515.347
301.759
458.521
432.654
336.706
672.671
324.932
219.903
296.774
276.525
315.699
664.051
387.126
809.108
481.816
303.512
341.737
225.774
629.355
865.35
529.599
1047.21
407.123
154.769
112.461
188.785
583.168
1072.39
518.36
945.743
391.694
194.962
231.19
215.934
551.382
987.923
481.54
1075.7
504.922
267.69
159.129
279.21
831.012
1143.94
586.435
894.352
534.409
272.84
266.643
263.538
767.753
966.606
591.67
669.021
346.832
240.09
231.085
182.836
542.295
707.572
354.123
493.915
287.987
306.801
270.142
200.541
400.763
521.794
296.685
535.835
521.714
310.464
374.494
251.69
218.606
485.703
557.207
475.501
627.695
298.17
180.887
184.052
349.793
426.043
637.85
336.803
331.696
201.808
222.534
229.85
338.992
315.646
359.618
533.196
391.275
196.615
230.76
223.613
301.2
500.542
440.095
888.964
487.27
198.402
189.18
217.85
308.488
851.627
588.082
449.249
310.81
272.406
266.445
338.177
333.961
436.052
328.981
679.741
272.851
107.677
177.251
145.812
289.016
678.483
355.368
525.553
300.116
184.408
192.611
145.443
286.544
519.5
341.508
787.35
374.471
213.225
278.61
178.511
384.189
788.244
446.293
513.426
276.6
259.742
227.078
219.97
384.784
534.008
297.69
449.364
343.936
277.189
328.83
194.352
319.567
464.261
361.477
445.25
282.23
311.398
421.659
337.319
417.95
475.424
290.9
902.419
486.601
187.663
188.903
184.264
448.99
885.106
571.695
813.313
344.893
179.38
229.855
296.443
575.578
850.347
427.038
913.941
408.092
315.226
247.676
258.075
683.014
966.135
462.743
871.782
352.216
208.955
233.402
290.107
657.994
907.369
407.26
996.239
439.746
184.895
215.282
255.85
783.179
1066.67
522.793
835.517
535.982
451.688
251.001
476.662
919.341
918.074
574.329
707.593
460.293
267.921
400.83
316.625
644.215
759.466
510.237
304.209
202.456
171.805
217.97
195.108
301.949
327.271
220.211
