826.321
908.212
561.301
207.927
291.005
375.346
738.039
950.439
739.49
929.793
610.559
351.583
380.06
417.539
657.352
946.665
429.275
661.737
498.983
266.104
294.108
333.926
389.73
640.785
370.417
685.871
640.59
405.666
371.753
377.199
327.624
637.286
474.752
530.669
710.678
449.372
334.974
285.979
462.934
491.636
336.939
453.661
550.667
271.058
288.918
378.628
336.71
402.363
262.938
324.552
459.577
367.826
354.764
234.968
250.559
310.265
243.816
276.547
519.374
426.537
259.984
253.627
240.229
258.872
252.198
268.411
315.589
341.781
269.037
206.81
242.95
269.875
331.034
270.946
418.304
742.777
353.224
217.812
315.44
294.815
145.526
175.645
272.759
621.227
399.331
218.147
154.063
162.439
190.14
164.935
409.19
1254.07
878.477
291.271
190.092
155.952
298.526
225.293
396.874
771.209
713.622
432.326
306.935
229.255
414.023
329.513
300.385
302.184
495.901
446.729
419.486
337.444
628.762
394.148
196.352
296.005
305.02
531.906
603.741
462.668
305.657
267.765
209.153
204.372
278.078
480.225
334.037
264.945
527.359
395.39
228.172
123.993
248.033
691.128
587.466
414.301
348.324
298.02
201.851
282.276
210.565
282.606
336.422
324.045
308.759
273.296
328.878
392.533
216.842
320.842
316.432
280.018
393.451
243.958
185.479
197.621
175.977
316.403
417.793
266.954
784.292
974.913
491.008
217.343
231.369
446.137
700.8
992.743
739.312
850.539
407.42
177.919
205.571
415.591
665.551
871.409
528.596
507.915
250.428
141.533
221.933
461.639
545.73
541.3
390.508
562.827
408.074
259.13
211.588
305.46
384.1
535.194
311.786
431.441
574.128
390.415
299.447
226.395
306.967
388.044
371.966
437.888
406.207
368.698
266.766
377.687
362.354
410.01
183.576
308.484
556.672
528.128
368.394
203.64
180.18
260.695
198.436
270.442
487.481
389.208
364.113
231.909
203.403
243.22
290.445
276.684
565.988
573.882
305.167
262.335
299.293
267.217
103.976
138.207
457.462
754.671
395.999
179.487
107.271
115.693
182.3
229.239
301.387
704.781
426.217
259.453
183.42
218.788
331.873
216.572
455.167
1313.41
824.709
282.115
334.248
226.995
238.969
212.429
298.038
717.296
762.68
385.852
254.598
212.986
264.408
249.776
271.699
278.326
332.111
351.858
268.643
251.569
426.842
424.421
470.247
306.144
658.554
787.41
456.538
372.884
399.333
332.9
200.565
210.666
375.39
655.276
451.534
316.421
422.365
448.54
243.666
265.936
282.114
458.186
417.597
462.297
579.101
292.848
124.991
174.806
167.261
439.269
608.118
336.225
413.181
205.594
198.199
201.456
182.404
232.202
421.393
219.84
372.096
271.452
134.901
120.322
182.136
262.691
381.683
307.623
826.119
893.105
496.457
294.421
260.661
332.047
738.337
945.567
718.934
848.207
428.239
179.347
312.676
414.108
661.56
886.485
773.232
862.415
584.981
356.239
418.692
387.624
688.128
891.73
409.765
510.085
357.712
428.647
246.478
319.862
407.06
516.77
400.541
448.941
330.065
247.954
284.947
324.552
388.018
426.2
270.167
324.613
386.679
310.233
243.584
251.596
266.888
284.13
171.236
276.567
375.474
334.424
257.025
201.186
160.203
253.966
206.279
388.698
641.099
502.649
382.52
192.436
192.242
340.806
150.963
274.327
676.773
800.491
398.347
202.437
144.437
223.27
615.602
438.856
543.889
631.351
466.956
390.837
593.464
476.609
206.414
188.668
394.224
712.833
436.029
270.364
217.01
185.049
300.647
356.9
366.162
741.87
695.237
426.532
299.91
343.877
177.796
266.523
427.645
702.446
928.796
581.757
206.272
233.972
335.278
279.652
390.548
310.927
740.533
707.725
362.325
287.568
369.39
308.465
265.802
214.016
320.29
461.836
390.793
301.256
517.471
336.546
247.732
272.573
281.415
601.116
555.608
355.2
432.998
450.646
319.018
188.946
147.145
340.696
438.999
445.35
406.117
234.728
151.282
304.851
295.629
368.253
428.124
269.658
686.134
514.236
265.807
255.816
346.628
416.473
667.872
560.186
446.055
299.782
182.493
174.116
129.283
360.945
468.416
322.671
962.206
885.484
397.813
151.622
172.874
383.182
879.871
937.114
738.629
849.259
442.806
327.758
260.153
370.237
661.539
874.766
484.901
581.734
281.321
178.788
218.666
306.977
440.269
590.743
330.843
374.03
272.565
259.47
226.028
310.844
333.491
375.308
376.656
633.388
397.109
191.768
346.595
372.082
322.776
611.197
264.526
331.24
357.939
303.3
302.534
231.547
258.726
304.919
395.885
560.795
605.068
443.315
360.387
433.733
401.01
499.675
247.861
398.409
559.232
434.749
296.48
324.235
255.343
347.105
353.357
423.847
670.465
591.315
329.096
276.583
341.857
386.051
245.55
207.314
598.456
960.669
467.037
203.75
253.947
182.244
152.633
165.527
490.842
867.104
540.466
210.666
163.708
147.053
364.039
260.14
408.953
838.119
842.699
464.523
367.434
274.065
361.887
315.133
388.828
534.274
754.481
593.448
357.365
332.015
366.372
415.225
470.437
390.09
710.908
840.05
422.949
372.9
571.588
447.358
357.033
270.819
487.953
870.638
642.66
441.163
465.308
434.912
283.721
206.823
255.605
482.999
507.723
427.982
407.16
180.348
229.325
285.813
245.694
283.395
424.321
205.885
658.807
429.191
323.94
323.337
470.898
396.9
644.467
460.05
466.199
257.144
143.739
161.424
152.841
303.439
491.685
299.951
571.259
419.83
197.687
164.35
175.805
345.201
568.682
467.396
843
922.02
421.308
237.076
155.503
447.322
768.956
978.904
631.913
735.631
449.643
210.978
382.541
455.349
566.26
758.499
424.378
507.805
268.351
189.377
222.712
276.786
396.822
523.049
417.348
553.148
302.003
298.841
245.996
327.655
362.139
573.143
488.09
462.726
258.561
373.468
195.182
168.244
430.783
502.536
298.014
475.397
471.718
384.023
313.258
285.399
299.978
436.594
359.913
541.082
573.855
405.444
281.678
306.766
338.685
523.702
375.908
557.652
646.451
505.294
446.764
277.211
341.705
526.545
292.49
460.464
557.084
452.082
363.793
293.568
266.934
427.159
114.618
198.436
658.24
909.861
514.949
182.106
108.076
167.534
217.617
239.918
421.536
1026.31
580.557
220.055
225.035
237.276
186.878
195.155
371.226
860.692
788.889
428.801
211.368
177.068
434.703
288.358
460.68
549.475
946.885
701.831
467.664
291.656
670.992
417.883
275.544
254.466
446.604
862.54
733.167
429.38
376.122
228.517
288.984
382.063
445.737
511.114
387.603
243.203
601.068
435.249
269.084
187.169
329.462
472.158
608.177
470.667
471.736
251.77
231.137
395.55
253.239
299.056
488.425
292.182
936.171
484.927
265.14
199.135
203.14
541.066
939.33
537.963
676.57
424.225
203.014
165.212
226.149
645.479
739.279
472.283
451.496
355.502
177.194
231.6
230.993
404.463
469.374
392.025
851.872
866.119
403.036
293.034
237.335
395.418
769.79
932.003
464.795
619.171
359.535
336.074
258.82
304.213
410.385
621.92
460.294
508.112
279.114
240.264
201.026
293.58
414.702
531.323
397.933
512.169
287.829
271.101
293.407
331.426
367.42
525.711
339.041
343.87
312.103
249.175
198.488
257.488
324.999
345.874
509.782
672.998
412.067
213.433
194.019
430.178
508.144
670.136
335.87
420.558
346.772
414.525
440.318
462.333
348.854
424.328
454.19
567.57
537.953
314.093
273.142
320.324
445.402
541.022
209.955
293.423
555.567
511.189
469.29
236.881
201.268
257.894
316.862
273.707
496.574
993.057
481.819
266.005
311.56
257.309
226.725
251.469
398.65
755.439
622.036
380.082
241.002
229.441
265.201
251.527
454.565
853.933
798.7
365.74
270.89
238.061
399.726
393.519
357.797
359.142
720.468
791.524
430.557
381.336
436.734
389.78
307.264
356.99
429.143
744.014
499.559
369.351
370.43
301.816
212.36
310.139
206.742
364.771
400.772
311.53
373.171
216.625
241.65
229.597
214.119
261.496
383.642
229.024
396.497
404.797
306.885
284.869
253.729
240.752
390.253
413.336
798.518
394.4
324.959
295.988
286.007
668.222
861.37
432.694
849.104
386.134
267.088
220.14
208.863
576.402
898.117
434.006
558.68
369.022
256.581
244.892
264.577
506.708
598.67
387.607
893.815
757.491
269.833
134.022
146.958
365.883
820.858
840.044
447.546
455.803
268.66
337.669
205.758
272.228
438.653
482.776
628.843
655.004
310.237
347.796
255.354
414.996
595.87
704.99
563.187
689.75
343.348
425.097
292.82
391.412
522.052
714.663
504.86
351.272
217.108
183.745
153.604
258.326
492.86
401.383
459.091
474.342
300.542
274.063
188.754
301.848
425.144
506.951
604.286
621.359
297.74
188.954
291.745
341.149
542.945
650.37
494.409
536.6
421.107
558.095
347.295
370.662
481.172
552.79
288.281
428.923
474.647
550.248
460.675
394.692
284.021
389.484
252.531
258.112
503.235
479.508
397.689
314.315
269.038
225.875
279.314
290.105
506.775
605.721
322.387
293.667
275.608
275.138
325.881
332.87
387.737
721.245
812.303
433.212
333.182
341.775
396.284
367.878
414.008
368.169
748.97
816.004
455.57
332.781
611.54
420.674
332.407
175.206
343.146
706.626
671.119
439.05
648.727
391.908
201.698
263.477
222.034
440.281
690.306
435.749
537.866
336.02
340.65
355.923
265.075
280.741
538.255
354.037
293.723
309.43
345.618
485.82
283.533
213.419
288.489
311.358
617.205
353.766
231.32
391.679
348.059
433.528
663.239
416.315
1028.9
343.293
213.072
281.708
278.594
727.354
1089.45
437.471
646.378
295.776
231.762
213.048
288.226
617.12
707.822
322.708
611.153
598.251
264.693
175.682
154.182
332.618
542.576
647.985
767.884
688.394
282.465
236.256
228.813
595.935
775.019
753.249
536.221
463.045
276.389
197.271
191.423
418.989
524.714
507.822
473.391
440.493
316.973
257.499
206.086
259.106
443.893
477.206
625.661
586.907
324.745
236.934
204.921
449.537
570.968
645.683
592.752
496.199
212.35
237.359
261.251
238.248
533.631
550.684
694.65
519.234
357.554
351.925
274.776
259.133
634.493
594.52
348.338
258.527
274.033
537.002
375.689
259.837
342.108
286.735
357.591
335.56
339.101
323.165
302.282
282.898
349.955
339.388
529.07
464.887
444.726
410.158
340.725
348.716
515.554
452.132
218.451
154.233
382.443
555.77
293.882
160.95
219.886
153.46
354.87
278.552
281.881
620.625
643.505
362.944
342.872
305.369
590.419
271.556
308.439
295.932
482.886
588.436
618.014
301.896
477.091
380.583
289.712
135.704
375.347
719.721
536.177
377.244
401.56
205.701
296.701
345.272
241.239
313.763
426.004
216.656
476.369
325.356
303.987
307.742
312.107
417.312
518.261
328.273
366.706
224.552
217.781
365.042
361.714
308.276
376.454
242.495
529.854
462.549
337.57
273.73
291.541
423.998
556.339
478.358
832.041
328.64
197.832
374.363
236.186
534.342
886.149
397.255
851.301
325.658
166.242
137.044
129.634
494.743
886.265
402.488
820.128
781.267
360.208
220.914
265.443
542.784
758.992
835.394
487.11
656.324
303.695
232.096
258.525
423.262
423.929
660.841
594.131
646.406
375.122
341.61
331.082
384.3
542.567
681.446
519.901
451.954
296.855
225.548
211.685
267.353
467.2
493.092
617.956
554.494
261.974
169.804
123.97
204.188
551.354
612.182
723.628
576.822
269.071
309.338
289.13
272.453
656.991
643.725
732.083
541.26
188.665
229.19
173.595
269.334
673.546
624.385
533.805
502.052
361.431
229.154
214.116
387.808
501.367
545.053
253.25
176.804
237.689
294.539
285.225
341.285
263.724
173.5
462.722
296.609
295.446
240.197
258.91
284.837
465.61
304.962
431.394
333.312
357.832
546.618
318.029
245.723
420.803
356.364
508.895
267.793
279.309
449.089
508.956
330.196
495.772
323.13
441.427
304.44
308.274
325.881
475.979
599.775
471.169
307.898
538.894
424.509
230.263
174.845
347.199
647.255
577.013
442.657
509.255
373.97
279.427
252.589
280.755
356.047
508.292
401.346
369.076
427.18
305.755
227.52
293.238
387.639
365.512
418.64
334.25
181.438
197.438
250.686
234.642
188.586
322.723
213.143
365.294
343.567
304.916
473.231
316.01
376.95
375.602
346.647
680.469
442.459
317.902
164.223
260.425
498.75
713.767
457.959
756.209
437.53
205.177
237.497
310.14
694.817
819.946
491.548
862.327
967.781
447.869
176.622
190.275
518.716
794.63
1002.93
359.718
480.925
301.175
306.702
280.031
392.123
344.195
481.65
383.266
311.078
314.451
212.79
197.498
191.019
363.678
322.594
670.56
453.975
233.865
225.03
340.091
304.48
625.784
523.792
775.428
517.209
280.301
323.527
294.286
317.869
713.479
614.291
393.328
428.551
222.365
224.021
229.193
285.179
363.8
447.663
670.276
446.009
450.576
351.111
373.948
312.913
652.257
473.488
264.051
337.975
308.873
355.953
340.304
228.797
237.867
329.583
205.356
204.578
235.215
381.178
275.23
174.85
194.997
211.19
355.4
364.432
288.772
570.112
318.754
276.667
349.945
379.484
283.977
276.509
390.227
525.663
230.187
228.007
275.961
282.122
384.021
313.577
397.384
460.764
630.983
436.267
388.814
323.613
705.485
484.814
441.097
248.302
438.145
778.597
753.095
492.506
678.849
310.112
251.929
216.605
247.426
555.297
726.246
351.99
267.781
214.55
287.263
296.488
267.64
264.63
281.018
196.882
616.622
518.468
349.138
262.718
255.364
535.519
663.477
537.107
440.703
303.095
201.478
211.92
216.554
331.606
438.14
342.04
477.682
385.514
429.708
336.607
472.268
672.099
520.589
383.224
582.026
423.723
277.995
319.547
289.583
580.106
599.424
432.782
587.06
285.771
144.834
99.7093
239.381
634.61
648.709
311.799
883.044
938.497
421.662
262.156
248.558
434.307
789.189
1004.33
713.569
728.026
308.527
220.227
312.658
497.583
668.41
780.731
607.373
387.855
208.931
280.601
217.711
235.098
564.199
466.439
462.572
390.416
318.082
343.229
264.671
425.207
474.879
404.795
294.842
277.881
201.176
230.108
275.856
219.255
274.526
296.762
482.907
478.765
309.054
248.831
243.983
326.017
438.71
511.242
418.522
333.465
272.723
263.944
244.084
273.209
397.937
358.468
423.25
360.233
241.035
294.579
201.001
302.58
392.58
398.843
293.995
229.937
203.05
319.913
209.518
164.571
279.517
247.26
314.16
202.18
250.087
368.856
371.748
289.007
314.586
224.828
387.471
247.615
241.619
398.919
445.065
317.804
396.35
261.847
582.144
390.344
417.32
418.11
333.037
477.478
592.559
422.074
707.703
336.144
416.093
339.829
389.692
685.169
764.431
357.618
850.455
505.193
362.837
357.859
223.873
671.964
909.349
553.68
613.619
250.672
224.836
207.547
250.713
386.903
631.935
294.473
663.973
436.697
178.221
328.311
215.089
424.753
700.95
519.887
462.565
255.225
165.314
245.058
230.715
309.094
455.772
297.39
477.566
227.995
388.302
493.748
365.357
386.484
506.789
249.19
615.974
395.467
203.876
302.852
221.634
536.44
668.683
435.741
603.227
355.315
180.044
246.148
230.321
541.092
654.463
389.473
731.35
864.668
399.902
235.611
377.922
574.264
674.737
881.99
672.314
708.96
216.401
180.586
142.265
376.563
606.588
771.311
345.063
298.035
245.295
310.03
175.085
187.183
319.244
331.557
814.467
498.755
278.811
429.872
287.741
284.771
761.47
596.015
506.016
430.254
296.549
308.181
329.404
252.419
458.385
488.025
480.017
491.879
351.331
456.715
321.887
247.52
434.505
522.38
570.04
363.08
231.19
223.985
159.453
240.663
541.809
414.383
199.537
198.877
337.88
337.149
291.968
209.834
190.182
193.271
278.299
248.812
259.247
292.694
210.656
221.38
268.122
261.573
435.624
355.081
381.905
218.338
321.593
375.398
430.866
349.883
293.349
214.561
313.692
385.097
308.343
331.93
303.147
224.574
588.509
294.578
223.586
246.965
279.431
457.622
617.231
343.878
721.385
390.038
339.637
331.508
397.492
598.721
779.481
424.259
1057.37
616.154
173.944
108.531
190.354
760.848
1115.3
686.946
721.888
318.327
351.315
322.203
339.74
466.855
757.043
353.666
618.783
401.933
349.81
351.316
261.22
454.005
604.089
457.676
466.664
314.086
192.186
249.478
155.971
227.869
456.727
356.394
571.112
558.732
341.047
380.132
413.869
507.755
575.681
574.854
359.072
280.868
227.617
337.464
233.651
403.511
399.126
280.435
555.667
406.035
305.042
305.4
197.271
465.057
571.925
453.011
763.681
778.018
339.116
297.463
362.418
414.507
689.503
840.872
426.497
511.684
395.271
345.101
308.379
327.51
394.539
525.82
397.567
411.464
326.08
197.276
320.17
305.21
384.954
432.448
924.838
545.339
339.185
283.821
204.684
310.332
870.18
653.824
384.789
408.829
335.628
296.067
237.928
256.304
361.074
434.943
754.616
669.346
241.378
257.381
210.459
319.802
687.034
745.117
463.354
283.72
285.756
376.492
257.07
304.373
462.234
305.89
366.738
324.313
208.921
234.881
185.002
189.876
346.696
344.607
191.168
162.806
182.902
222.079
229.939
257.923
204.349
158.19
408.004
251.775
262.343
399.017
336.598
288.019
400.264
265.901
670.971
365.639
287.102
202.544
252.311
327.427
671.115
416.136
688.922
398.255
282.941
319.082
385.327
556.363
715.032
431.587
913.837
469.615
249.167
341.093
276.124
407.543
906.797
541.831
1247.69
526.724
224.767
324.297
245.792
524.604
1235.86
669.919
824.141
431.561
278.11
452.405
295.036
511.773
861.741
468.664
786.726
492.132
290.691
307.554
224.272
531.7
831.236
536.747
395.135
279.041
223.166
414.493
335.218
395.02
424.702
278.29
711.796
413.945
479.743
386.418
406.559
530.733
754.952
440.154
477.184
359.584
247.456
496.316
355.467
267.521
442.017
402.453
450.355
350.787
315.691
259.752
383.319
525.47
483.939
359.062
764.839
879.703
546.76
358.003
363.904
485.812
701.899
912.332
704.524
579.299
315.951
288.514
330.479
326.239
642.388
649.933
589.293
494.482
272.991
337.899
225.68
266.842
541.469
534.695
840.86
623.691
229.993
180.023
155.033
321.366
776.151
718.436
573.659
477.776
257.702
257.879
223.942
226.986
517.877
531.736
420.888
563.69
524.274
541.078
414.498
311.391
371.994
547.519
503.96
392.919
312.162
274.999
306.822
468.215
472.633
430.569
494.705
349.14
218.632
224.525
207.051
214.999
467.175
391.649
459.053
222.698
171.098
256.111
210.051
195.031
449.125
267.118
607.245
314.21
242.105
298.911
215.964
333.044
605.012
357.479
660.048
346.854
244.458
316.104
357.589
351.622
672.128
383.286
746.853
411.888
295.483
503.401
302.862
453.196
775.281
446.17
765.397
414.45
263.057
245.892
218.235
427.061
775.117
473.182
887.236
405.008
289.526
203.885
185.96
456.223
899.148
480.659
922.243
494.945
254.872
142.644
189.552
564.709
960.394
537.989
855.942
363.06
251.961
205.606
204.576
535.772
887.531
415.481
470.261
398.904
274.955
254.195
253.91
379.61
492.629
416.174
732.657
501.971
343.046
205.62
282.099
729.521
794.933
554.731
499.996
419.965
243.399
164.709
219.48
433.126
526.343
444.814
516.853
377.113
293.959
229.734
296.31
655.293
574.857
359.35
873.545
789.046
385.662
215.787
220.632
334.429
799.723
859.954
498.137
422.765
285.021
361.68
297.775
270.956
457.975
469.294
747.675
758.643
266.383
147.867
189.908
429.634
685.981
823.525
470.531
415.328
232.405
308.737
275.507
274.928
443.072
458.164
544.42
398.422
206.016
233.004
219.135
251.896
500.575
456.402
378.373
312.784
295.156
323.543
208.458
200.688
366.946
333.482
437.248
387.998
273.356
313.798
323.263
262.199
400.327
412.854
274.686
248.151
230.548
315.29
240.812
200.291
262.548
258.762
420.939
255.261
241.513
221.261
168.913
249.212
432.662
257.963
829.384
359.129
144.057
145.297
210.373
438.335
832.964
453.886
495.545
266.134
308.562
299.18
280.235
320.944
510.801
285.047
995.54
416.522
276.554
304.188
243.436
486.526
1008.47
516.777
911.256
494.314
276.62
223.227
250.856
550.567
932.928
537.589
1246.74
501.11
193.238
179.39
216.925
568.332
1240.65
648.513
1375.87
511.51
264.199
224.056
284.248
664.413
1388.64
674.572
979.282
379.083
150.5
204.67
188.301
574.105
1017.37
470.456
732.528
412.842
269.788
276.983
217.583
498.946
761.109
436.686
618.813
392.096
433.564
456.461
362.072
582.536
678.179
402.506
787.303
346.022
196.147
159.445
267.609
676.903
853.587
387.284
519.461
432.345
306.421
282.636
292.754
725.831
583.511
413.647
615.348
667.018
371.582
224.731
234.54
348.65
565.705
690.84
615.738
578.616
300.912
249.489
245.185
340.35
555.607
614.42
748.653
491.328
193.847
283.028
220.289
310.242
724.328
570.803
612.683
480.493
164.227
218.619
160.89
253.451
557.091
550.685
810.958
504.713
315.702
204.407
181.24
321.298
757.82
595.852
556.82
356.421
233.729
245.434
184.67
238.932
517.977
407.285
508.11
272.295
265.031
291.349
326.298
266.508
493.667
315.958
477.389
257.866
218.178
295.232
201.701
227.15
469.4
298.242
473.771
286.134
169.597
204.372
172.318
233.315
464.236
325.99
707.949
416.042
253.095
271.392
202.87
420.7
702.789
466.857
709.126
345.696
252.894
400.253
282.647
346.301
714.046
408.873
653.638
377.348
229.759
239.564
183.112
394.891
673.646
403.801
657.398
335.904
198.038
314.858
204.1
419.452
676.226
397.375
970.271
438.265
188.076
173.109
157.399
565.207
991.81
533.527
980.503
453.02
244.238
349.484
320.694
761.99
1047.27
528.857
1098.13
427.272
218.737
240.726
222.564
704.999
1147.69
521.317
886.851
352.622
232.937
225.506
222.876
537.96
926.709
422.039
770.257
524.183
359.891
266.112
316.077
740.38
836.521
579.01
911.297
653.377
377.474
284.742
301.509
897.699
990.921
715.355
466.47
438.745
278.604
159.477
189.757
523.838
509.418
426.66
699.866
769.553
446.066
408.881
274.818
351.441
635.829
813.687
593.624
632.789
322.296
234.915
297.895
289.756
537.596
669.474
387.803
316.478
199.44
278.661
192.852
246.571
379.225
340.876
517.495
358.669
141.07
274.537
256.941
204.619
477.344
424.61
984.794
536.969
245.085
154.614
124.141
324.472
946.48
639.124
720.903
379.911
203.214
319.747
234.715
310.354
690.619
465.67
567.686
307.488
200.703
288.609
313.393
292.261
550.381
363.984
364.026
234.674
169.71
191.377
208.839
235.091
365.027
252.453
578.39
335.633
208.453
395.198
236.2
254.775
583.419
382.566
670.45
270.655
197.477
252.348
179.086
317.767
672.059
347.494
575.415
400.232
258.712
266.482
217.204
362.446
585.532
414.709
701.749
492.872
365.477
285.041
255.158
355.691
701.242
517.563
1005.69
417.743
232.313
343.937
223.764
424.567
991.934
545.685
1240.28
546.311
183.197
176.042
213.71
457.839
1215.44
703.305
1048.27
469.217
170.496
199.325
231.071
445
1034.29
593.997
1148.86
641.48
357.153
221.703
267.712
715.162
1172.14
688.649
1094.44
586.222
275.03
236.208
275.364
937.715
1182.61
658.301
1043.55
450.52
295.424
340.98
385.427
656.998
1086.41
535.357
902.58
412.212
280.949
188.361
299.111
841.536
984.571
459.991
676.434
473.251
199.23
152.085
177.376
576.848
718.735
519.428
728.075
714.527
539.613
531.508
401.85
339.729
668.321
744.122
577.547
600.972
327.936
178.414
160.345
283.351
517.839
635.442
719.875
492.468
163.885
109.948
131.183
330.397
673.874
573.692
613.234
454.227
298.836
169.683
191.138
337.019
566.066
522.9
575.453
381.57
181.604
130.032
143.205
239.964
545.417
435.844
888.211
473.074
208.716
248.443
221.446
315.941
854.277
578.227
454.033
252.941
143.952
198.846
128.424
189.792
439.941
301.079
781.323
307.613
190.393
178.337
193.973
354.646
777.456
404.242
674.189
292.615
196.385
274.259
233.334
298.99
670.683
368.031
602.773
322.881
150.748
159.817
143.276
361.244
625.447
355.875
645.965
258.768
235.874
362.374
263.005
429.988
662.797
318.993
712.392
289.003
238.257
367.708
328.143
430.844
728.34
359.419
875.831
438.083
213.867
193.052
322.7
764.704
929.59
498.624
838.316
342.456
163.013
207.282
187.572
491.435
863.837
420.949
1005.84
448.01
129.385
160.485
202.766
676.593
1051.22
540.318
1006.45
461.431
193.611
193.271
343.203
723.672
1048.31
552.349
1282.77
560.56
222.599
181.994
327.279
970.215
1354.53
658.127
844.943
533.755
219.472
242.729
307.389
813.219
923.693
592.134
924.629
498.299
408.063
216.309
446.829
1039.7
1029.32
521.341
778.93
327.293
186.065
173.203
213.972
626.665
828.525
394.849
1039.46
667.392
305.721
369.804
248.719
320.525
981.639
769.641
784.262
669.485
291.814
160.147
187.462
348.799
721.993
720.842
666.249
614.086
240.992
184.524
155.243
346.706
604.722
678.407
469.595
302.448
186.523
223.024
193.037
258.591
456.451
353.29
654.24
325.877
132.765
180.066
162.174
247.581
620.588
407.561
908.576
450.204
143.97
158.66
168.131
307.597
878.826
560.554
632.983
319.618
235.161
192.611
185.923
232.145
619.916
383.57
598.588
278.898
165.379
183.797
168.596
255.616
596.099
341.061
362.717
246.277
245.879
208.38
271.451
233.266
362.07
249.183
568.653
210.227
168.217
317.903
235.782
441.595
602.98
259.462
638.598
277.357
212.641
202.552
191.358
425.354
662.214
321.233
714.228
400.659
176.045
143.678
185.368
498.422
732.456
451.703
476.538
329.051
255.419
385.325
383.72
604.188
523.409
338.352
806.859
316.076
158.612
181.17
209.897
494.925
843.617
382.199
1332.82
517.178
171.656
177.258
295.694
653.63
1350.5
665.641
1144.99
409.848
163.176
171.93
201.584
639.974
1178.9
530.374
884.152
371.368
221.183
230.83
284.118
613.448
935.351
440.083
1074.34
518.185
389.619
223.954
437.542
1069.44
1174.51
554.818
795.333
451.822
291.521
183.958
317.62
880.888
886.207
471.896
727.069
547.117
231.193
213.181
272.204
686.733
763.122
602.881
565.649
647.686
394.858
497.208
320.423
488.83
532.34
673.493
844.71
716.57
310.618
300.258
213.348
307.333
768.584
791.91
856.105
623.174
208.995
257.024
316.141
314.077
787.486
713.803
687.437
450.169
255.133
242.604
193.212
331.151
653.687
530.551
645.082
412.313
370.134
370.65
261.842
261.539
602.303
465.933
744.071
392.758
221.776
231.082
248.711
354.155
720.695
471.257
652.203
323.292
161.695
183.132
158.819
262.595
637.724
395.002
425.404
227.071
248.713
186.764
141.969
213.884
422.891
254.331
874.148
444.157
271.152
149.582
185.07
481.298
876.874
507.94
695.899
320.615
201.22
266.272
163.725
346.16
706.51
377.69
600.888
345.32
231.482
325.571
231.087
451.073
638.193
375.131
509.048
256.682
232.032
243.053
272.316
470
547.783
288.387
752.391
430.189
262.145
213.181
281.421
651.148
776.532
472.384
738.036
436.394
275.53
183.654
284.167
460.43
743.544
464.374
1064.98
493.566
218.777
238.723
291.712
745.814
1106.15
585.447
1002.13
398.29
176.881
126.718
234.254
687.466
1055.73
489.109
1280.94
425.952
129.64
123.263
304.644
794.196
1325.83
571.771
1184.6
557.438
271.685
143.954
357.87
986.361
1242.03
629.207
984.961
415.562
297.387
167.077
402.683
833.177
1043.61
476.165
791.723
320.471
266.329
399.938
294.548
553.987
841.986
372.13
