549.682
756.272
478.451
227.691
202.267
334
500.934
758.376
538.395
726.291
619.06
309.79
272.76
366.904
493.183
703.285
370.054
705.041
548.042
204.484
235.251
322.277
321.989
668.935
410.279
480.843
553.097
544.064
403.495
321.94
398.372
442.07
317.532
441.225
692.594
513.392
432.264
297.239
324.13
402.545
343.669
533.442
792.117
671.498
378.789
314.06
342.658
488.958
241.929
235.989
529.744
635.86
351.812
196.048
234.641
223.76
256.828
367.095
492.617
490.042
399.205
248.397
241.345
338.05
385.664
367.429
344.217
455.095
235.138
260.723
374.544
391.008
384.579
349.219
353.154
649.558
354.573
248.179
358.534
368.442
195.737
185.476
418.719
762.29
432.273
167.444
195.196
179.703
186.036
212.765
266.934
548.595
731.822
446.2
199.288
200.158
333.819
328.518
587.679
508.998
591.229
432.679
345.852
305.124
248.49
249.994
382.053
503.044
757.387
525.562
267.792
237.208
338.801
405.866
293.568
527.69
677.462
597.564
359.932
389.892
441.714
327.807
406.997
420.03
606.922
640.696
464.843
320.997
520.952
460.656
429.097
458.442
694.353
736.952
541.286
484.094
715.533
459.584
209.989
319.633
377.51
740.731
779.454
514.716
465.408
330.847
267.511
289.504
483.383
631.278
508.388
357.848
529.025
465.492
276.549
285.205
580.28
828.265
575.305
483.592
811.598
625.645
377.021
332.672
311.814
297.857
748.849
698.442
526.673
849.055
516.441
190.602
198.429
423.667
481.939
826.43
370.834
693.85
445.472
283.924
292.877
324.205
314.314
659.771
511.086
809.778
564.658
288.049
254.191
417.906
482.522
787.921
336.552
568.376
723.524
475.982
391.008
289.239
324.615
526.427
252.852
481.481
774.153
530.486
394.416
268.453
242.542
416.661
402.29
591.836
787.882
566.683
420.593
402.906
404.018
527.246
149.396
296.18
715.571
913.656
483.349
188.412
148.029
249.05
178.368
295.833
506.187
778.663
436.536
238.487
163.231
266.24
300.311
341.41
469.828
863.376
521.81
288.68
280.186
330.276
235.903
358.915
570.324
685.223
579.237
340.524
238.682
315.008
346.072
345.807
456.527
593.884
528.37
348.851
335.018
360.931
406.535
287.768
405.274
678.207
651.995
401.742
406.234
318.046
324.916
444.027
291.019
389.624
682.591
654.384
325.139
434.276
339.391
224.1
252.606
360.318
638.036
688.354
385.981
223.94
304.035
320.501
342.551
409.366
620.957
476.767
322.001
321.171
429.195
403.976
355.173
416.802
685.238
696.282
462.087
418.034
420.295
236.131
288.397
431.797
318.609
263.901
428.144
255.355
459.175
239.222
333.606
311.304
554.873
667.743
504.461
248.245
519.704
305.039
302.879
243.688
515.264
657.808
559.208
302.88
550.202
679.878
447.754
334.339
250.947
317.242
499.303
693.768
668.71
569.013
483.38
349.071
288.179
295.067
613.855
607.85
627.919
894.706
624.591
266.601
324.597
435.116
555.761
876.517
397.687
575.709
612.617
389.484
214.953
256.576
376.008
540.678
628.743
706.313
545.022
234.593
231.349
259.88
570.42
713.529
270.419
345.549
340.057
353.17
388.387
285.066
264.581
326.828
308.629
487.543
781.324
585.519
348.037
297.439
302.714
442.973
399.587
319.051
519.214
675.086
413.346
248.403
377.949
336.181
330.298
297.345
656.603
872.898
384.372
151.092
313.62
289.34
245.743
288.041
560.775
1135.51
522.74
188.166
239.43
282.684
309.953
200.339
405.035
888.187
718.084
338.059
322.569
207.096
291.893
253.701
338.535
529.462
621.241
357.336
278.795
259.315
480.684
325.398
237.423
482.522
286.849
387.275
496.454
361.936
446.907
345.417
271.307
381.413
362.352
452.516
447.108
366.395
368.339
257.375
319.165
386.627
625.523
662.033
414.746
264.88
369.82
346.938
327.677
290.489
501.407
580.188
366.624
328.766
431.949
454.802
381.803
345.379
638.658
744.899
466.444
428.453
599.049
409.945
281.217
379.288
442.539
427.516
606.115
441.473
485.437
390.863
248.758
227.567
370.49
416.118
484.528
423.652
637.087
486.696
355.074
329.393
519.962
794.799
696.201
496.612
766.961
779.71
398.419
192.973
217.066
452.77
717.231
823.266
472.356
563.381
492.243
327.674
410.348
335.933
438.948
561.046
592.213
774.79
576.59
327.655
265.707
363.597
529.712
772.904
561.096
719.8
618.492
383.043
263.111
395.44
519.968
717.245
392.731
542.856
485.102
174.878
328.415
386.019
359.828
516.734
546.356
663.438
480.957
377.343
297.04
335.494
496.349
671.282
291.744
532.813
844.411
653.011
423.559
252.219
271.418
473.16
287.015
403.642
423.636
332.352
261.865
234.843
261.312
380.92
373.82
331.1
642.724
867.07
434.612
225.727
368.02
322.873
99.458
133.966
451.919
1078.72
556.451
157.112
101.209
119.462
311.82
291.106
372.728
813.863
644.953
270.035
288.408
308.036
191.539
155.002
322.125
371.847
422.933
277.28
204.34
142.302
251.95
242.933
281.108
452.944
723.027
544.792
275.372
237.245
346.066
292.488
251.641
291.647
399.062
449.661
361.632
292.222
502.631
428.65
322.875
244.77
334.278
521.904
506
443.855
472.499
262.743
268.381
256.67
414.456
595.388
516.208
284.993
465.868
262.628
186.389
216.199
437.963
716.515
527.123
278.835
524.084
349.907
183.27
327.666
484.949
753.689
576.316
377.746
489.891
223.841
225.858
367.487
304.588
449.083
524.24
242.081
750.783
439.249
242.462
254.823
346.784
720.599
798.837
480.296
582.228
438.226
342.914
388.094
240.164
352.931
572.567
478.886
924.766
852.855
407.986
202.123
257.786
344.384
837.458
903.288
688.009
773.643
424.997
228.648
170.959
363.6
619.506
805.592
448.872
564.431
361.624
350.243
224.861
325.996
403.303
578.577
489.223
687.42
430.58
309.449
249.323
334.41
433.429
683.963
648.316
825.18
468.954
225.258
321.001
363.077
575.462
843.624
315.7
528.589
631.125
548.884
354.949
284.289
287.141
500.208
402.899
390.526
527.695
493.699
495.672
313.022
402.36
383.443
266.834
190.158
503.468
1018.77
515.619
183.22
262.101
198.235
360.814
294.255
376.708
791.214
608.097
243.689
343.954
310.665
398.822
445.565
313.943
548.576
557.871
355.222
369.426
458.326
316.067
330.214
327.935
429.512
560.611
374.079
303.919
338.256
404.144
380.38
304.01
442.626
642.93
584.337
430.26
369.572
313.372
258.482
377.952
285.596
542.975
645.256
351.954
226.307
582.095
405.091
260.554
223.283
438.133
577.376
592.677
445.847
438.109
293.375
244.248
260.893
344.913
470.228
469.021
310.408
678.347
427.199
327.637
435.998
457.611
516.246
684.703
457.092
604.875
411.629
303.812
288.709
466.772
622.665
642.021
440.365
668.033
428.074
289.916
251.724
354.999
558.294
692.072
460.895
493.313
399.114
312.699
232.949
271.21
395.487
502.661
407.122
877.968
661.613
260.502
203.605
154.845
328.499
826.298
748.633
744.605
739.871
413.416
225.944
224.968
421.335
699.319
776.645
607.281
671.915
506.459
244.499
210.366
285.778
550.11
688.267
633.646
574.843
437.423
424.157
228.897
259.065
596.041
604.743
613.808
570.229
442.335
335.933
284.563
295.722
568.082
592.35
624.698
650.706
422.477
235.519
288.505
319.95
558.934
679.888
490.244
706.773
665.463
460.614
285.184
343.989
440.666
695.497
430.976
553.156
503.464
447.139
313.141
418.311
416.547
547.739
240.775
235.478
463.875
776.913
434.305
203.284
231.562
234.912
299.836
315.455
347.512
514.881
460.952
242.726
285.367
320.678
276.36
318.441
194.791
253.83
290.686
334.307
291.907
312.297
194.03
177.474
351.828
678.867
794.249
428.996
205.492
162.372
296.617
239.913
402.591
564.082
437.727
323.037
285.672
255.429
559.301
378.009
448.456
239.189
506.634
683.896
579.738
388.585
541.673
379.492
183.76
230.406
387.52
712.617
597.323
400.81
568.389
357.038
210.225
174.934
310.737
738.299
635.622
369.049
825.72
345.092
190.585
158.065
306.187
711.36
879.908
394.1
554.669
375.37
210.343
190.25
274.47
698.227
631.022
380.556
679.221
467.652
392.892
231.733
585.38
911.594
741.71
486.052
648.738
353.829
228.714
320.436
357.522
699.851
707.807
386.898
745.69
718.388
377.486
292.135
236.581
291.74
699.023
769.987
1217.03
908.566
266.372
140.794
143.552
447.569
1134.25
1036.81
1044.67
860.781
407.583
228.775
185.552
404.994
972.984
940.718
821.056
728.428
390.115
218.411
279.496
352.134
760.645
790.302
830.065
683.251
422.173
411.047
363.215
339.678
776.013
743.81
511.635
554.692
529.87
484.564
287.43
402.418
477.981
567.35
569.735
557.217
355.35
385.294
271.96
329.718
522.028
591.667
414.33
543.342
590.572
552.309
405.658
339.231
394.43
508.653
367.296
302.622
614.036
797.217
381.172
217.837
365.218
295.304
505.099
287.795
513.057
1100.84
573.913
255.051
498.593
339.678
331.881
337.11
480.731
763.329
520.572
438.774
357.313
308.875
356.281
262.098
329.087
481.976
586.648
445.612
380.343
272.912
418.738
359.463
336.349
338.172
591.524
737.422
470.769
362.094
446.796
267.735
242.16
234.754
324.491
368.456
456.349
294.796
324.025
381.548
396.066
322.925
429.041
427.87
336.496
371.732
473.967
352.342
349.942
313.628
476.946
594.822
505.912
363.428
760.686
456.624
226.277
243.085
393.687
708.643
793.67
510.189
712.139
410.678
289.468
217.314
411.476
685.023
760.449
460.3
514.111
543.75
246.372
202.556
337.862
581.526
508.136
567.825
782.164
424.561
204.392
205.311
249.417
587.063
803.52
485.089
1150.22
725.658
202.314
154.171
166.501
354.592
1069
867.922
1133.84
839.503
355.656
277.362
248.623
373.542
1056.75
946.58
1133.18
951.208
411.62
224.841
229.169
519.375
1058.05
1027.73
773.91
729.452
389.578
258.475
229.941
328.054
721.677
769.716
828.262
778.734
293.755
199.766
203.723
392.811
752.897
856.102
824.249
512.152
388.893
401.919
374.195
390.978
805.572
563.316
664.581
655.316
412.689
327.269
229.935
307.073
608.598
698.203
589.072
747.455
429.291
294.86
237.81
513.784
547.47
758.901
403.426
622.318
647.894
477.914
344.222
394.359
411.375
584.767
476.964
402.543
435.499
753.377
597.024
397.556
474.193
419.406
432.854
380.457
385.227
756.631
641.541
283.608
406.872
404.742
322.157
259.418
345.884
275.661
394.664
408.474
329.75
275.174
333.495
257.708
304.721
382.521
364.794
449.427
365.25
279.669
449.864
272.23
227.754
183.661
260.428
585.309
506.085
270.357
692.904
402.355
188.183
159.428
275.669
564.508
728.837
441.845
778.062
353.35
216.086
241.553
410.931
695.54
833.989
413.778
837.217
451.906
282.636
185.053
377.292
848.445
901.389
482.433
907.052
411.522
280.026
272.097
339.965
780.612
959.457
487.859
944.353
533.999
336.908
371.673
344.82
665.617
975.016
604.609
1056.34
383.416
236.425
189.453
270.075
615.224
1078.34
495.375
1214
875.938
226.125
164.22
152.126
412.615
1113.4
1013.29
1427.04
910.901
344.918
252.52
243.682
486.263
1346.83
1057.04
1338.96
1053.94
367.726
186.202
160.016
464.57
1240.88
1187.97
833.381
858.384
401.995
356.845
394.332
423.405
757.473
923.893
887.131
770.294
292.395
266.382
173.298
353.004
815.752
854.468
706.371
617.518
300.212
184.629
247.618
280.42
652.694
676.134
565.27
510.564
338.93
320.825
387.523
298.304
513.171
564.224
733.374
661.195
389.828
312.03
245.63
418.228
702.582
696.471
558.993
661.024
326.247
304.204
267.071
343.55
501.074
688.228
351.467
294.583
508.83
601.351
387.977
372.544
353.677
293.477
434.841
297.046
286.817
353.727
352.558
267.452
423.408
332.745
386.374
198.117
183.721
223.123
293.088
432.156
414.346
220.165
644.215
479.057
255.897
260.757
302.973
513.316
620.676
530.54
523.771
448.247
227.029
226.749
315.731
545.708
523.581
489.287
447.202
412.744
327.28
301.927
365.888
557.518
458.559
421.238
726.436
319.063
183.373
215.521
315.018
624.211
764.859
388.897
720.19
515.357
316.285
170.331
364.537
707.351
754.893
537.639
749.298
502.685
290.562
276.616
431.307
797.29
811.057
551.725
720.114
270.833
149.158
201.841
269.663
444.131
733.858
345.365
859.528
516.247
218.741
222.58
268.944
623.557
872.834
576.039
1407.61
797.532
198.105
228.131
206.836
425.855
1331.73
969.792
1037.48
806.756
240.673
266.095
245.415
443.248
950.554
925.149
1114.39
861.076
328.491
205.775
186.17
400.059
1038.13
972.794
917.227
659.43
318.129
195.759
182.749
355.748
871.921
732.828
646.358
564.194
323.523
186.714
205.838
317.823
615.149
600.096
505.183
452.573
288.92
250.671
219.413
350.049
486.931
475.238
963.09
675.163
253.273
257.761
259.257
466.618
924.314
766.372
349.844
337.037
227.369
254.495
393.773
390.073
339.31
346.595
688.353
378.482
280.689
441.283
429.027
356.033
691.034
424.87
292.584
360.937
473.241
428.604
286.406
227.26
293.76
337.573
323.153
235.385
246.778
355.163
385.109
325.368
322.68
250.516
504.408
380.958
328.353
243.213
326.384
424.966
486.386
406.469
344.844
305.905
201.138
190.855
141.684
216.113
333.646
320.697
628.487
348.207
242.088
257.044
458.78
748.793
687.455
369.634
626.673
316.376
283.274
217.627
313.721
587.771
679.012
349.985
563.749
344.104
234.822
249.32
346.526
580.236
611.28
365.448
455.801
347.941
322.961
392.335
411.092
559.379
499.098
355.024
878.379
526.938
258.885
238.782
223.222
476.881
869.422
602.797
499.285
433.029
247.712
186.428
194.174
495.729
512.469
444.892
1079.81
472.555
224.834
252.6
259.158
568.472
1092.24
580.076
1445.77
870.243
253.433
205.142
189.496
422.965
1359.75
1034.31
1691.24
872.557
189.653
171.417
186.262
511.924
1622.35
1081.29
1442.02
959.283
377.629
248.514
189.02
436.643
1358.28
1089.14
730.381
474.571
210.416
167.311
222.509
352.508
713.922
542.598
711.09
419.14
265.535
336.681
165.362
423.767
719.9
486.662
678.396
494.116
377.714
388.025
322.167
283.489
648.588
551.079
615.174
438.45
266.541
304.939
277.429
392.936
596.135
493.294
592.035
524.317
274.143
158.17
195.603
295.364
556.486
559.169
395.689
275.191
265.396
252.237
263.496
302.651
403.694
288.304
686.648
382.22
237.383
345.758
380.834
380.398
678.457
448.376
361.644
234.775
210.543
284.248
224.55
244.469
359.743
250.283
407.358
357.252
372.277
597.15
393.418
455.639
427.358
353.385
243.413
333.144
326.313
372.569
332.83
305.17
248.207
313.173
411.722
329.654
314.23
462.965
287.775
430.929
418.495
360.68
321.275
319.532
315.737
469.29
286.174
324.044
325.022
329.506
412.713
253.584
290.283
386.612
303.574
354.021
424.653
267.188
719.255
384.174
243.048
332.39
263.415
436.515
719.629
454.897
378.405
221.894
270.235
451.822
397.772
406.598
396.739
243.266
580.661
434.312
182.497
194.197
210.668
430.473
557.931
496.309
621.523
303.003
193.783
190.508
203.499
507.423
649.142
341.682
1255.07
822.181
208.595
89.9228
137.782
400.777
1177.46
961.352
1016.38
759.875
242.918
270.147
168.296
388.778
948.799
867.848
1010.84
809.755
265.788
186.244
180.929
399.648
938.506
912.46
670.696
509.485
398.18
256.137
230.97
236.754
633.237
555.549
537.64
412.136
315.456
312.463
190.452
241.45
510.395
453.964
463.836
360.732
175.924
151.027
157.544
271.992
442.582
392.285
721.721
360.479
328.726
373.23
265.954
331.907
716.521
418.022
774.26
513.071
226.089
225.974
261.92
311.507
737.348
592.448
709.572
420.972
256.439
239.435
153.134
287.335
687.151
491.006
374.426
256.285
199.794
256.845
223.18
315.499
369.92
288.03
494.368
323.431
270.342
265.883
259.668
273.605
489.531
364.146
623.338
333.893
344.924
290.852
288.09
362.016
627.029
381.493
576.711
370.931
285.058
268.932
429.941
483.973
580.664
393.3
313.309
290.729
198.825
189.723
237.43
216.36
300.099
294.536
524.959
380.943
355.6
392.739
255.451
334.8
533.573
392.582
824.522
413.887
225.251
134.619
192.253
491.066
833.03
482.245
906.469
419.049
218.587
193.565
225.05
569.853
923.223
506.07
642.442
268.006
258.604
217.01
309.154
459.273
662.33
316.696
944.21
465.54
255.609
302.673
290.467
649.847
974.937
551.41
854.853
508.67
315.108
196.337
401.572
842.905
921.675
567.099
1339.31
883.598
370.41
313.419
351.229
590.885
1263.42
1017.66
1812.46
915.002
203.884
192.549
146.826
540.327
1737.87
1145.94
1279.88
839.439
339.456
243.013
314.572
497.228
1205.24
960.233
1231.26
533.4
160.347
198.59
182.704
466.913
1207.41
689.872
431.777
342.318
274.173
176.964
171.777
292.87
444.008
348.706
724.851
358.326
173.156
193.889
234.335
380.752
718.216
431.716
500.935
298.205
228.87
260.289
248.152
310.476
492.595
341.429
842.263
486.662
211.586
207.32
186.515
409.699
830.151
564.954
788.991
420.823
130.288
143.345
137.924
311.337
761.42
513.025
457.671
317.967
262.694
283.469
332.67
424.525
467.394
340.028
315.318
289.867
244.312
285.412
238.938
229.384
319.331
295.145
447.88
296.072
203.564
192.144
206.507
308.299
450.177
328.088
330.718
242.128
344.324
359.484
443.498
349.047
340.979
249.497
534.069
409.232
221.657
400.594
333.381
401.517
524.902
454.769
492.084
318.27
222.046
237.069
257.989
241.495
489.579
346.833
827.382
412.753
267.242
418.825
276.19
513.841
851.774
484.726
597.464
286.08
177.121
293.585
256.415
364.394
603.048
345.465
582.622
380.549
271.749
305.198
268.318
326.31
562.399
435.161
840.406
395.347
179.839
228.569
261.141
546.987
867.035
478.413
1234.5
510.52
231.414
210.656
344.596
792.588
1271.77
630.461
1030.06
752.622
219.854
224.57
152.449
418.187
966.3
862.81
1255.89
819.371
195.679
95.3387
147.941
397.534
1179.76
960.417
1049.69
588.134
176.935
212.244
157.719
435.902
1018.21
698.062
931.799
567.824
192.429
147.56
129.665
354.887
892.838
665.367
623.706
414.663
274.543
356.781
266.787
300.069
595.562
481.497
612.893
275.629
163.131
297.954
238.864
290.942
600.791
342.397
775.863
446.707
209.728
206.105
200.451
367.686
758.859
518.728
669.727
470.427
211.507
190.796
231.42
399.321
648.986
527.63
653.467
390.471
186.125
245.178
235.422
293.192
634.394
459.935
640.137
347.443
157.476
266.958
246.372
349.917
619.366
424.34
622.369
291.669
176.922
196.346
233.762
396.934
640.289
345.786
308.881
145.09
258.193
351.437
366.942
282.012
318.635
166.653
515.693
272.901
352.077
434.444
524.327
353.749
517.257
307.919
476.806
362.763
247.494
305.107
308.791
329.77
474.161
391.698
708.663
383.846
198.031
250.783
188.823
383.176
706.33
447.155
1091.08
611.917
206.284
202.185
175.333
473.695
1069.19
730.287
795.527
393.309
179.924
209.78
165.863
464.444
805.161
470.162
939.881
445.476
277.057
338.306
383.96
540.796
954.547
536.443
1091.41
524.253
254.278
212.712
429.079
951.774
1155.63
606.267
694.533
555.869
330.34
286.148
440.307
759.188
734.253
569.501
1208.79
802.906
264.548
198.925
141.137
440.309
1149.14
930.468
1453.49
721.99
166.927
173.901
111.508
472.562
1402.99
904.833
1093.19
634.327
166.376
88.8351
111.003
510.308
1074.21
752.295
876.159
504.76
137.018
73.9336
111.314
376.565
847.804
600.294
802.801
520.581
300.536
238.565
214.011
450.302
793.355
583.036
376.137
237.567
316.36
399.825
371.768
308.493
382.022
243.297
458.542
303.568
239.548
191.908
202.723
251.825
446.134
326.767
693.047
339.588
142.012
188.716
192.185
406.243
699.542
411.594
877.927
440.255
216.25
195.177
176.923
475.053
883.625
532.065
598.398
307.014
197.985
179.209
275.125
435.103
610.627
356.044
392.729
272.235
164.73
203.395
243.771
291.85
387.746
310.235
441.447
348.117
202.151
352.802
407.572
340.123
414.622
388.519
548.6
347.511
198.61
255.112
205.996
292.314
545.049
391.614
471.998
273.291
144.041
166.697
194.133
328.752
471.536
313.668
705.316
394.179
295.618
408.976
357.8
352.125
701.518
458.068
626.284
368.677
161.088
174.625
202.802
303.301
619.982
430.358
695.688
348.171
145.921
143.02
142.492
309.297
681.405
420.127
616.029
334.746
281.97
260.008
233.874
441.56
642.141
373.776
1159.77
440.616
287.778
332.581
348.769
691.585
1183.55
553.202
1000.57
516.311
240.883
280.567
350.683
754.214
1047.95
578.101
658.708
637.058
267.236
195.119
202.109
412.166
615.946
695.931
1385.28
593.981
149.626
159.247
171.731
528.453
1375.92
757.585
1149.08
703.554
229.135
203.057
173.141
520.443
1120.9
822.926
639.01
346.477
231.739
227.442
228.48
321.509
627.174
405.003
944.045
596.002
169.253
126.142
186.32
456.907
916.41
697.438
335.285
361.183
380.659
338.74
345.751
298.255
329.084
356.656
467.469
229.714
217
218.343
246.247
361.414
477.425
267.06
548.654
322.549
235.948
218.271
249.738
260.099
532.061
370.273
804.812
428.094
173.301
78.0763
154.393
439.736
811.767
494.732
681.417
421.154
222.847
192.338
193.642
384.973
675.56
476.142
410.902
266.661
151.864
197.691
200.693
242.83
398.192
300.701
912.383
365.489
183.651
226.916
205.666
404.448
903.971
479.698
402.668
201.637
188.03
294.268
262.283
367.253
431.224
229.18
672.265
322.594
199.47
200.872
203.108
383.631
679.253
379.171
652.864
316.268
205.285
181.253
215.087
374.129
665.616
361.655
667.625
386.97
195.931
184.448
160.803
315.823
647.886
457.134
391.916
319.819
179.724
144.768
161.204
254.724
376.593
345.948
1161.79
493.317
192.59
215.498
207.832
449.748
1151.99
634.949
1103.26
518.845
187.362
177.475
244.818
701.811
1131.93
630.503
1276.42
582.315
195.669
159.043
316.884
856.575
1312.61
701.788
1159.93
580.705
242.512
278.2
164.697
367.607
1113.43
721.779
1369.54
663.805
165.583
97.7533
119.478
503.784
1335.44
829.907
983.709
546.182
176.561
152.553
181.072
513.643
977.634
651.049
927.877
410.975
141.616
191.299
199.768
389.992
908.088
528.998
676.807
375.203
251.318
216.033
207.148
382.239
672.834
442.431
837.936
513.528
212.903
271.559
253.654
375.459
812.723
604.563
614.568
390.274
132.483
115.865
135.3
362.1
604.936
444.149
395.46
314.696
250.532
210.376
253.792
329.169
396.089
322.794
411.011
272.49
202.834
222.708
324.706
365.147
430.393
289.612
591.906
376.444
240.957
285.822
276.085
498.718
615.798
407.133
333.255
268.818
336.325
385.86
358.167
315.868
359.732
271.714
365.917
261.777
303.687
332.257
174.93
212.137
362.67
273.239
599.764
269.914
178.799
192.832
178.401
388.59
623.877
318.446
757.675
327.531
206.885
370.742
223.666
364.999
770.55
390.429
910.335
429.713
149.064
179.553
158.148
393.289
895.338
532.35
519.194
311.982
239.353
274.343
308.376
332.329
509.251
348.746
488.193
308.467
241.667
390.698
310.351
271.941
479.7
347.522
736.611
324.137
126.882
146.093
208.764
456.01
747.163
400.908
907.578
469.002
194.885
258.867
227.342
442.411
894.073
567.1
1225.05
660.766
218.042
174.108
232.974
672.283
1223.31
791.711
1040.89
598.509
189.841
236.304
157.153
303.554
975.081
720.919
1423.15
683.768
141.114
122.428
123.465
511.083
1386.9
860.211
977.125
540.525
214.215
202.743
187.594
498.307
973.139
639.256
756.687
392.939
167.238
168.634
154.41
353.334
747.363
472.713
555.406
312.299
189.403
266.053
243.508
377.565
567.045
348.194
542.417
344.558
185.448
157.067
198.634
410.034
546.902
375.623
805.649
473.052
153.712
109.403
139.604
383.18
789.804
558.774
570.661
329.927
191.994
179.769
170.117
350.219
565.815
368.282
543.062
334.151
185.409
261.884
244.875
283.281
528.865
386.988
595.738
393.619
282.228
311.558
238.4
438.353
624.731
412.069
387.584
382.715
249.215
176.904
273.889
391.764
400.455
374.997
528.693
312.865
178.436
236.373
191.486
291.107
521.782
367.101
362.693
255.116
244.05
199.413
179.06
184.684
346.337
273.436
991.809
391.537
129.801
142.182
156.473
446.173
995.224
511.094
684.088
421.865
129.667
162.432
152.405
386.24
698.841
486.714
743.126
405.811
185.343
176.421
151.68
376.04
740.419
479.255
761.351
377.841
294.911
340.814
227.323
474.759
775.346
445.296
885.424
459.413
206.745
152.686
231.416
499.894
887.728
551.967
884.473
429.861
159.056
189.498
258.307
565.506
897.584
522.338
910.642
425.717
189.127
181.15
288.952
574.103
911.402
533.568
1160.84
616.395
268.077
312.36
229.137
432.641
1110.63
756.591
1264.79
656.144
180.47
184.803
133.93
518.613
1233.25
796.692
1073.46
563.711
168.564
178.665
171.02
586.134
1077.48
672.793
904.601
480.205
194.165
264.381
221.267
484.044
906.338
571.629
1032.78
404.787
110.918
170.925
208.066
570.744
1051.92
522.587
645.396
350.61
257.45
239.791
199.028
346.417
647.728
392.463
504.475
348.879
221.273
265.108
293.771
416.483
525.235
357.671
670.084
276.439
151.586
219.948
280.517
517.571
709.446
334.666
469.583
468.756
277.791
298.674
250.477
482.418
497.302
472.852
619.117
346.782
199.436
143.77
274.378
521.647
633.485
398.683
356.312
227.192
285.208
285.448
256.05
222.187
351.013
247.847
332.252
350.462
345.918
350.896
269.169
322.209
337.746
338.149
607.026
371.875
286.931
280.537
391.454
588.963
642.521
399.831
505.212
265.804
182.238
252.538
236.435
318.008
522.633
308.766
716.1
411.689
151.618
218.743
193.15
370.368
707.595
485.681
707.544
571.993
314.754
199.891
234.896
350.43
673.753
621.461
427.787
214.49
259.086
392.895
195.303
159.307
425.89
248.547
902.561
475.998
306.971
239.85
388.749
583.706
908.318
551.933
974.346
454.086
144.58
198.527
215.192
662.954
1011.52
552.637
1081.01
714.933
232.082
193.183
226.248
455.151
1031.35
833.455
1180.2
553.743
163.871
169.371
184.888
567.586
1173.48
684.073
1057.98
547.228
269.451
212.119
264.361
584.79
1070.8
645.18
893.641
393.657
165.827
130.816
189.447
419.726
892.224
483.377
882.367
465.316
250.13
143.528
189.657
570.55
914.253
528.074
858.286
452.787
183.28
111.907
225.949
535.117
870.899
529.672
721.788
437.331
228.406
213.977
149.861
356.054
708.341
503.166
686.578
328.548
177.399
255.834
198.561
447.009
714.63
382.286
747.25
350.326
329.651
316.884
357.241
469.703
754.069
416.504
634.62
343.379
188.831
224.195
207.206
440.812
640.117
400.174
630
326.347
175.002
211.409
175.751
323.756
636.345
383.538
597.651
363.562
158.783
177.451
249.755
380.711
588.342
421.813
228.853
225.143
204.968
125.254
203.217
256.078
230.175
215.794
523.958
332.804
229.717
326.539
288.312
406.989
549.086
358.471
602.613
376.646
181.182
234.009
220.635
338.984
580.453
444.433
656.956
370.142
220.524
372.81
275.699
457.193
670.536
431.375
389.802
344.643
327.095
423.592
289.519
273.699
376.78
357.783
397.497
255.414
322.618
341.406
199.056
197.159
386.406
284.356
782.284
544.655
247.903
177.839
202.502
336.503
751.654
614.635
745.009
343.505
152.425
171.91
244.472
429.717
753.976
412.288
1196.45
523.692
148.609
175.615
211.989
715.745
1223.68
649.473
