305.646
206.564
197.073
175.854
166.858
185.636
293.453
232.418
396.21
544.425
449.959
164.071
228.319
237.22
376.786
521.499
234.181
379.665
369.456
335.39
319.313
219.24
222.264
357.395
227.347
596.693
679.934
282.505
363.929
309.012
211.773
532.366
179.995
561.968
715.366
393.519
360.236
384.864
175.982
472.693
272.732
289.56
534.087
301.343
280.121
207.093
269.172
258.437
374.023
434.072
764.853
721.601
428.887
226.669
366.267
395.576
342.706
244.361
405.492
773.793
353.149
183.563
327.702
265.255
221.909
179.017
501.652
823.023
418.289
234.626
220.083
167.855
162.604
191.678
402.301
723.409
460.888
205.82
158.224
189.846
226.595
221.87
360.784
851.574
565.336
195.958
217.128
227.815
165.666
144.843
340.282
764.516
685.187
266.921
173.32
141.824
223.597
246.24
326.574
539.564
637.609
452.86
229.361
237.321
210.664
213.905
323.08
471.348
756.984
495.151
219.974
205.101
339.963
234.614
359.335
379.115
567.889
383.565
340.324
255.986
338.184
263.5
359.788
411.419
598.193
494.8
338.118
283.684
335.401
311.235
314.739
456.738
716.161
564.604
333.309
324.838
186.48
233.02
293.619
271.352
529.763
508.562
211.653
211.545
331.288
266.313
272.569
331.239
484.531
519.985
341.755
270.638
284.117
241.52
182.276
157.256
256.633
347.727
283.255
248.688
290.007
372.533
276.367
237.618
154.398
203.216
263.553
371.34
558.3
739.397
515.771
221.311
277.542
355.367
512.959
744.45
312.375
598.816
546.592
247.605
265.934
290.517
294.333
558.744
277.911
476.301
493.253
235.97
265.189
304.204
273.56
421.084
302.914
486.901
548.573
278.193
258.636
288.007
289.808
446.221
288.493
498.569
673.252
661.842
330.346
266.539
278.976
454.709
215.751
235.471
556.619
632.276
463.948
237.658
207.307
217.984
301.146
228.675
310.931
468.845
272.019
154.177
285.904
235.474
223.003
198.827
297.207
497.344
282.058
251.89
233.032
194.828
213.217
236.578
341.013
662.26
296.333
138.179
194.81
242.636
183.901
203.983
435.061
815.251
551.515
213.597
185.678
192.659
145.291
183.243
287.88
562.328
700.426
370.666
155.235
164.476
185.722
224.12
503.182
616.56
767.288
447.451
205.479
188.828
205.748
259.112
328.84
483.564
666.411
540.694
234.08
237.122
231.818
214.53
322.088
494.905
683.422
457.674
235.627
227.577
303.509
392.396
412.133
399.253
728.111
739.119
353.412
331.733
295.292
257.183
290.384
210.113
451.037
575.461
337.784
245.766
284.007
263.244
254.51
215.954
409.446
465.878
294.47
273.296
402.447
281.713
216.196
209.588
398.863
544.046
411.124
308.628
300.345
258.809
271.426
205.359
321.827
432.704
315.582
254.033
413.637
571.663
297.109
149.936
149.553
263.85
356.95
571.191
455.888
614.688
497.666
261.24
327.985
378.313
454.793
588.178
471.615
693.797
462.326
159.59
228.598
404.058
465.121
674.135
346.204
551.094
400.992
273.105
239.964
306.355
337.55
523.344
425.739
693.891
631.053
328.252
324.315
326.218
383.133
662.755
266.675
544.872
676.978
421.384
286.864
255.098
255.6
482.033
299.893
490.809
698.957
370.489
350.044
326.488
292.086
425.308
185.498
407.423
740.822
778.514
354.932
322.026
193.136
350.617
224.739
206.236
580.21
798.421
408.365
191.196
223.48
199.916
289.255
262.846
372.913
759.87
343.706
212.937
266.068
288.995
379.394
262.378
431.311
789.491
485.094
253.559
376.696
274.489
187.742
250.677
437.635
662.886
446.953
307.909
180.504
232.741
386.786
398.707
269.869
536.05
508.003
422.159
399.971
397.509
332.691
352.719
283.341
419.668
673.96
532.195
322.032
365.939
397.546
356.65
293.139
317.715
629.424
663.998
437.086
375.802
340.609
282.074
406.257
412.639
670.166
515.387
353.399
285.172
327.767
252.099
250.661
249.097
431.203
431.795
335.115
269.532
340.184
205.667
213.214
305.618
381.339
446.075
361.665
222.138
424.932
331.876
279.835
176.035
400.785
605.003
466.465
326.235
322.265
265.774
250.303
145.499
359.725
533.177
363.538
262.014
587.17
633.595
314.867
124.922
160.864
281.761
525.956
665.703
535.011
684.385
327.818
156.42
165.606
269.828
465.638
699.924
307.266
378.36
333.346
198.108
200.429
392.821
330.587
367.514
408.005
634.11
463.426
421.598
278.833
335.318
402.926
608.758
575.306
621.675
599.413
354.73
307.496
291.19
531.026
615.919
429.561
613.688
461.554
298.387
296.523
388.595
383.484
603.359
231.845
339.159
548.662
354.446
288.168
200.873
221.233
297.28
180.397
255.684
544
662.319
391.648
335.605
198.3
220.803
280.029
260.93
517.397
775.208
393.774
197.245
269.063
258.28
213.277
231.034
443.258
849.678
535.864
255.922
207.77
228.538
274.053
243.585
321.166
646.533
466.619
246.42
268.291
261.813
186.058
232.006
325.867
742.211
761.333
351.09
186.587
218.334
351.219
227.359
232.368
407.245
479.132
356.73
360.241
243.622
262.089
349.832
258.028
416.664
598.053
557.564
277.383
337.446
307.977
241.485
347.491
408.874
659.832
619.749
349.967
237.538
296.486
231.822
315.38
332.959
483.056
490.424
327.698
223.826
352.664
262.242
265.305
308.407
531.337
628.455
402.506
262.447
762.487
288.63
134.807
215.347
249.191
446.521
782.793
367.008
427.509
312.7
268.667
143.73
395.614
616.436
472.595
310.37
375.704
240.17
181.538
215.437
303.411
493.816
416.582
249.256
713.072
608.268
246.509
149.672
156.76
266.439
648.079
674.133
580.785
762.201
409.188
169.014
217.885
350.257
511.632
772.17
459.695
563.112
398.845
242.987
232.687
301.421
420.877
566.963
573.528
732.667
516.869
231.462
287.097
330.736
512.912
731.268
449.361
564.542
344.667
216.95
253.959
283.301
398.185
574.699
294.26
340.278
334.207
216.41
272.684
208.591
275.993
333.447
305.673
570.907
635.969
401.217
339.172
371.094
289.568
506.135
342.489
549.314
573.457
329.291
312.36
310.82
336.999
509.072
172.922
216.372
637.564
828.544
437.033
173.94
163.823
191.756
185.41
249.021
413.213
634.349
339.807
160.187
173.138
237.239
224.485
246.414
339.11
660.21
480.297
270.454
233.961
240.118
179.575
162.066
247.056
542.343
673.316
343.573
180.188
154.011
300.742
328.056
268.876
430.416
448.606
385.429
308.24
336.632
329.014
282.024
237.398
345.774
488.227
450.329
337.219
280.097
482.004
416.95
318.592
241.154
543.435
727.705
530.855
420.061
458.219
336.878
198.106
217.878
420.327
693.831
516.905
347.273
487.362
360.833
317.424
291.875
351.83
541.599
528.052
368.976
306.006
284.547
244.713
189.781
480.64
640.35
355.045
267.089
512.394
304.325
253.034
312.08
304.574
491.733
554.889
314.966
435.026
355.081
173.049
162.648
256.378
526.117
465.576
385.88
673.809
621.812
253.435
141.238
225.441
261.385
599.84
675.319
623.995
500.181
301.248
184.811
173.627
364.251
587.252
541.403
634.594
753.33
410.727
200.847
216.201
388.845
576.068
769.972
573.695
718.762
416.193
197.725
198.489
432.429
526.349
728.704
320.06
371.575
397.426
417.719
401.397
318.653
316.842
344.887
548.35
673.951
342.083
214.679
277.328
348.42
494.27
698.362
370.738
650.928
396.407
304.246
204.571
291.451
314.249
631.889
323.112
563.722
673.197
451.131
443.517
257.615
282.984
530.716
368.821
269.392
308.776
337.116
233.779
247.424
376.162
277.35
219.034
231.46
234.097
429.153
304.495
158.963
202.189
235.966
243.425
268.107
252.369
398.542
450.43
345.404
255.897
262.815
228.96
283.423
303.882
613.465
758.735
445.858
231.741
274.204
304.262
354.079
365.246
453.545
430.798
374.612
309.821
356.214
429.121
350.944
228.774
237.153
329.487
448.766
456.341
367.662
497.276
303.038
273.786
217.286
459.455
575.617
514.043
315.798
433.785
291.604
293.704
206.488
407.57
560.849
472.954
285.573
599.896
278.89
247.012
410.835
353.344
588.116
638.262
309.061
682.546
429.345
170.514
219.072
259.499
635.202
735.524
475.915
458.764
307.249
268.649
152.889
379.847
510.478
474.204
324.924
679.254
326.727
245.377
272.595
246.571
545.483
716.915
363.634
765.086
502.507
279.886
201.641
151.083
241.312
713.02
584.833
578.581
540.276
242.142
166.08
109.928
229.035
527.146
586.735
835.448
712.395
331.726
202.776
193.164
285.408
765.991
785.155
628.399
571.383
318.279
256.481
236.976
294.341
575.752
625.164
524.82
603.006
389.903
233.324
170.057
205.014
466.684
618.576
400.405
445.992
484.826
371.59
309.34
242.751
374.881
444.604
518.735
593.534
351.684
337.066
252.624
286.503
465.706
614.491
460.318
648.88
495.198
362.838
289.494
316.015
420.648
641.331
362.221
409.437
406.344
391.29
298.351
355.875
358.285
400.763
254.764
213.981
417.871
739.576
541.832
275.324
254.911
217.706
318.644
207.902
479.664
614.409
553.091
507.549
357.234
201.694
292.38
294.961
352.048
552.16
608.064
425.514
308.113
282.713
346.507
291.466
321.662
261.632
547.776
594.195
374.853
289.03
390.39
328.865
262.907
277.931
393.599
494.07
421.523
336.617
413.144
351.993
330.447
330.138
425.345
391.167
418.18
358.824
592.515
333.4
231.832
231.025
435.593
706.493
641.989
362.429
575.627
371.781
228.04
221.584
261.631
542.476
612.685
399.41
415.241
293.679
213.974
165.12
219.431
563.089
469.827
287.989
592.459
395.696
209.579
163.285
339.597
710.927
650.168
403.67
603.994
298.127
171.838
127.583
327.836
675.317
659.612
325.928
623.365
510.228
216.754
193.335
176.628
286.691
586.657
560.348
574.778
593.509
376.663
219.776
220.07
285.332
540.06
614.971
835.299
621.984
245.792
194.444
181.272
313.34
785.839
703.46
808.476
720.83
345.995
197.492
162.856
303.553
743.217
778.385
614.195
607.677
370.841
279.27
227.317
242.632
559.78
648.061
591.699
432.236
306.085
278.192
281.538
310.038
557.133
491.972
403.864
542.507
403.295
193.951
226.609
336.08
389.086
521.763
529.192
667.065
424.399
237.567
212.36
289.697
477.246
679.274
303.103
568.928
608.703
363.903
310.384
361.651
285.188
520.082
334.721
506.189
509.739
614.793
487.353
354.603
326.879
477.968
301.414
279.256
344.332
744.531
603.254
332.486
293.431
277.182
297.503
264.824
326.902
373.059
463.651
360.928
300.626
267.493
318.79
327.059
319.122
313.209
454.275
556.701
356.038
313.915
460.684
241.323
402.052
370.948
428.751
566.181
512.131
257.473
616.538
355.698
244.088
226.097
316.208
575.185
660.279
393.608
698.483
326.552
246.683
253.863
371.088
707.15
755.434
367.366
746.987
380.481
255.281
249.583
433.883
813.369
817.549
430.912
707.651
382.674
230.036
181.308
350.31
736.592
771.8
422.325
712.241
301.003
222.559
191.925
211.639
487.622
749.975
353.268
678.858
350.562
142.658
132.595
258.007
619.264
733.229
401.515
780.536
633.575
251.64
127.034
167.165
297.606
718.725
708.24
1216.17
640.199
119.115
140.463
100.502
354.514
1158.32
797.699
962.369
722.706
294.109
153.838
190.04
327.449
896.076
811.495
961.715
698.224
329.447
270.098
208.221
266.14
888.575
791.066
689.23
658.95
401.75
273.944
222.511
241.36
628.644
706.312
615.384
537.278
262.623
184.454
143.368
224.86
571.219
583.119
487.59
448.443
258.319
293.579
202.673
291.836
455.523
484.718
569.398
465.355
281.416
410.293
337.064
371.964
535.452
519.018
500.115
548.159
298.028
324.2
301.83
418.953
465.194
569.935
181.344
283.435
378.751
355.126
319.638
301.475
194.837
261.389
321.66
218.847
234.759
329.615
203.152
185.837
318.791
239.813
276.259
214.033
230.914
238.146
459.071
510.364
302.031
197.38
605.785
314.394
200.161
271.312
349.865
398.234
596.674
367.882
511.974
357.141
243.004
170.007
307.773
611.974
534.955
385.473
544.268
385.808
255.012
218.923
406.115
628.582
575.431
437.069
725.782
329.14
179.898
193.681
364.444
683.441
780.437
387.607
625.071
396.409
212.018
195.239
323.321
732.545
683.788
404.195
741.182
380.73
178.759
210.733
334.954
628.889
780.568
421.848
649.85
402.504
262.485
296.461
447.406
681.873
707.352
449.94
679.688
351.188
142.202
218.501
238.188
510.925
708.523
411.005
985.784
546.547
197.196
102.012
109.89
285.965
939.599
662.149
912.538
678.271
234.393
316.812
181.526
303.63
841.926
779.226
1038.16
728.856
340.588
242.709
212.596
296.34
967.332
828.198
914.205
714.227
333.939
172.202
198.094
341.603
853.053
794.827
817.274
557.526
264.723
171.918
146.396
331.183
782.387
633.727
635.774
440.928
170.059
258.106
172.182
282.276
612.529
502.862
676.401
544.58
267.391
290.625
230.748
357.211
630.691
611.26
602.904
558.061
361.695
434.611
291.279
286.111
552.326
598.186
548.561
422.802
271.784
398.437
299.665
308.593
521.266
474.026
361.533
361.032
405.804
600.181
315.713
233.307
348.946
361.657
351.419
265.952
184.184
269.264
284.482
359.142
361.161
287.753
433.73
374.305
325.904
201.091
345.351
459.762
416.878
395.982
358.098
205.049
246.18
278.273
333.889
331.575
368.812
232.335
532.858
259.659
225.219
149.141
261.876
466.389
568.036
282.469
535.659
257.963
226.959
222.078
237.299
365.314
549.286
301.927
491.552
273.537
215.162
220.523
384.995
611.963
536.02
281.005
509.845
322.729
322.715
321.916
370.477
580.22
556.441
325.901
700.454
332.045
211.874
131.192
210.892
456.086
716.503
392.647
578.435
344.438
195.374
195.264
243.681
567.354
620.971
361.619
700.013
446.342
204.249
204.303
275.243
651.096
756.139
495.924
813.884
511.888
137.267
123.366
147.927
199.824
749.168
607.567
1332.8
772.405
213.096
151.124
133.956
374.972
1261.36
924.405
850.11
554.811
161.796
151.527
132.412
327.429
808.43
645.595
963.864
765.821
233.37
166.158
145.353
388.497
891.195
865.967
750.057
454.714
192.832
251.339
239.24
310.663
716.679
530.799
717.619
444.164
383.26
322.462
286.457
330.889
692.665
495.805
669.278
525.857
307.906
289.721
265.861
304.051
627.428
588.459
412.55
390.162
375.283
366.279
334.566
184.295
377.067
409.267
813.821
452.198
182.139
302.422
182.995
281.263
777.2
549.036
564.094
407.412
265.55
304.767
393.103
326.516
539.659
457.542
402.263
283.272
233.088
422.321
306.905
198.512
373.174
324.472
595.295
217.818
137.706
271.48
254.091
491.904
639.828
267.614
277.657
264.1
298.238
431.856
342.508
309.949
296.653
265.276
389.663
306.37
273.347
336.257
265.954
307.307
376.848
324.563
510.864
364.293
352.451
297.49
286.608
419.053
538.8
374.569
641.813
370.767
219.909
306.201
239.511
474.746
670.356
419.134
830.733
377.981
193.837
336.597
302.256
574.413
861.291
457.973
646.058
328.631
252.978
515.819
435.684
431.129
646.563
395.282
331.968
279.921
176.031
231.81
185.977
329.871
339.423
291.2
631.694
285.124
196.445
217.329
279.172
486.054
659.638
328.717
1084.64
717.478
221.716
289.455
191.764
333.259
1005.02
842.725
1012.55
729.079
192.362
108.119
118.283
348.616
940.123
839.129
1282.02
683.607
199.647
158.099
140.892
366.713
1219.93
841.486
861.663
432.265
191.679
187.513
148.929
270.046
826.046
539.795
712.821
523.132
261.86
232.49
191.381
268.812
673.14
580.775
832.488
548.174
272.598
182.806
155.38
344.032
801.714
631.287
537.881
353.929
165.067
179.534
172.105
263.77
521.406
402.257
709.065
385.826
254.097
394.483
271.673
297.934
681.21
462.926
747.09
371.686
162.974
216.785
214.669
255.394
719.081
463.582
662.844
346.018
246.822
495.284
273.417
262.962
642.442
419.045
454.639
459.802
276.563
241.013
211.611
247.004
422.171
476.342
397.529
320.326
237.644
381.143
304.099
232.327
377.303
344.466
545.954
313.687
202.836
286.458
284.836
365.14
571.687
333.147
516.283
276.872
259.947
235.17
285.999
347.04
531.362
301.915
461.885
239.733
304.672
392.914
283.882
328.578
481.056
258.066
798.368
334.973
277.403
273.094
312.549
622.286
846.356
397.776
671.707
267.501
239.117
228.727
242.619
530.894
707.48
320.615
675.753
244.225
178.927
249.374
290.281
556.883
718.833
296.257
785.584
405.824
181.819
228.873
214.658
592.707
841.418
450.703
499.811
401.276
139.613
132.886
207.655
556.372
533.661
442.319
1441.35
821.373
219.428
174.231
136.059
395.182
1361.47
997.829
1209.5
734.737
212.837
197.455
195.422
359.826
1135.96
878.486
959.05
694.016
199.433
163.337
126.024
305.398
890.202
797.927
726.618
604.697
263.949
208.342
162.438
260.922
665.249
670.737
942.489
429.802
163.108
163.476
153.218
350.591
920.216
548.69
627.978
419.876
319.089
236.439
217.396
376.031
628.714
456.64
632.586
347.459
159.483
250.557
142.03
263.792
616.635
409.028
535.177
439.326
315.752
313.068
180.45
303.493
531.636
457.843
822.802
400.554
145.13
282.814
196.011
332.59
804.059
492.882
449.405
232.281
196.254
204.991
175.262
236.459
437.407
277.097
364.105
227.031
195.988
242.497
228.555
279.027
372.538
248.199
507.67
264.808
165.826
281.083
278.4
245.371
495.98
324.721
560.71
334.037
273.886
367.561
309.155
322.213
549.098
371.03
510.292
302.836
256.014
380.39
384.812
418.089
514.469
345.996
538.125
334.534
215.731
305.155
276.662
299.673
524.341
385.151
747.258
340.047
163.292
214.955
203.79
405.81
751.123
420.048
740.339
410.763
197.478
172.11
191.056
411.657
738.985
482.085
650.546
519.204
177.889
186.485
237.267
453.655
638.087
581.462
908.797
464.403
237.226
168.787
285.147
688.844
955.159
534.336
651.353
354.837
192.074
215.315
290.554
599.358
700.45
397.231
892.412
699.439
190.558
139.253
112.391
330.67
819.238
796.777
928.076
620.254
203.209
195.326
152.763
312.653
877.029
719.12
1446.6
762.93
210.145
211.891
161.649
425.543
1383.92
942.288
1099.32
592.274
209.57
185.776
206.486
370.125
1055.35
710.208
781.104
411.499
152.271
196.905
147.248
275.198
753.772
500.846
765.572
452.253
167.783
199.265
178.081
329.793
743.142
532.466
433.81
229.635
204.116
227.027
209.535
272.037
435.191
263.811
793.108
372.514
176.44
215.56
117.155
268.493
777.609
463.771
598.484
387.828
377.914
394.306
338.624
322.845
597.037
407.326
686.493
313.307
104.66
150.027
174.063
374.61
690.914
389.714
524.315
311.768
224.921
263.191
292.584
355.939
522.952
346.177
429.036
303.488
283.497
318.836
291.432
275.394
427.972
324.208
595.793
335.835
263.873
346.077
316.322
435.036
614.387
375.83
598.8
383.178
217.786
228.76
204.807
319.121
596.314
436.452
555.597
275.603
124.878
102.008
109.722
236.387
549.22
336.87
497.921
281.804
267.624
244.38
195.107
364.968
510.145
315.307
493.3
273.871
177.399
168.627
222.518
383.041
506.812
306.42
607.402
277.925
270.855
342.142
372.07
497.457
635.258
325.91
863.114
385.208
246.757
214.889
437.014
772.724
922.726
450.031
782.888
436.731
126.803
119.011
188.094
601.059
834.076
490.935
1432.03
767.346
263.048
164.046
248.711
466.053
1366.17
941.61
1121.18
633.099
239.873
141.006
172.508
398.493
1079.94
747.04
1262.88
616.892
151.665
74.8814
112.513
434.444
1228.63
768.737
1081.75
528.299
154.491
210.711
148.416
337.735
1046.07
662.907
850.266
459.153
164.315
198.381
171.295
291.552
813.675
555.954
713.685
431.445
232.369
238.567
236.057
349.341
691.124
503.631
655.379
432.379
270.939
278.707
207.338
339.172
636.58
491.691
566.953
308.794
218.431
219.383
226.04
351.933
565.208
352.71
724.474
324.322
252.321
276.661
213.298
322.394
725.789
390.503
766.705
334.141
180.601
168.497
135.607
302.129
756.266
420.475
362.357
275.625
236.09
228.167
253.291
394.378
370.555
290.192
414.677
296.471
186.318
187.404
164.471
258.588
427.671
302.271
416.282
279.782
227.59
310.454
391.354
405.918
429.42
311.102
561.88
355.71
155.329
235.784
182.564
262.282
535.057
414.871
709.246
315.337
171.016
316.394
229.579
360.008
703.818
398.103
551.83
403.529
253.997
187.278
168.519
351.193
551.143
439.135
646.826
334.293
102.624
85.3036
138.551
371.462
651.795
400.391
896.996
366.032
181.941
277.816
183.552
417.628
901.772
469.513
1076.75
449.541
194.247
170.373
246.006
537.936
1080.94
567.136
836.307
360.529
183.907
201.988
305.918
626.884
873.786
438.82
1017.32
758.718
217.58
180.472
162.835
361.458
937.643
868.278
862.792
767.569
293.065
157.391
150.908
337.038
796.187
844.31
1029.52
476.197
194.403
208.188
169.366
437.922
1015.22
595.396
1054.18
540.546
174.953
121.711
106.209
328.115
1017.09
664.655
685.305
394.038
199.857
189.814
223.245
365.63
678.537
461.038
467.075
361.691
200.322
268.964
164.103
247.436
447.853
392.785
557.239
362.366
297.133
299.768
286.838
333.064
549.479
402.885
526.177
329.285
238.081
232.773
240.91
333.388
525.116
366.099
492.867
278.741
246.751
366.795
219.067
318.934
510.748
308.481
706.42
335.234
124.268
123.118
125.307
274.324
691.425
416.582
573.971
321.888
138.077
136.668
112.104
370.817
592.866
369.729
360.355
387.233
266.884
264.903
296.211
434.711
373.922
389.14
547.995
409.53
266.628
234.987
184.466
379.231
557.614
424.337
834.832
393.65
157.059
197.132
204.581
480.357
848.834
480.239
561.615
399.033
181.028
211.262
205.039
409.848
582.248
432.156
412.408
317.517
213.415
380.905
277.097
251.594
388.332
364.531
652.573
377.164
233.089
458.268
305.247
263.656
630.602
445.427
860.932
390.22
112.537
139.317
134.829
437.058
864.755
486
917.51
472.799
147.6
160.883
188.198
507.946
921.326
570.843
1190.88
454.458
147.037
163.498
262.564
609.34
1199.68
597.797
1510.9
818.306
181.06
92.7407
96.2553
410.111
1430.49
1012.12
989.957
460.465
222.073
243.491
146.269
297.189
947.373
585.193
970.54
460.557
192.071
195.569
116.019
333.071
944.505
580.412
598.815
328.281
195.82
125.634
106.72
280.736
593.012
380.356
727.798
423.732
201.83
131.086
127.642
369.742
717.603
496.771
531.909
323.8
251.047
172.645
176.593
289.735
528.288
360.738
399.118
284.233
219.848
226.744
191.538
293.124
412.003
287.934
577.598
289.448
153.849
172.489
153.261
301.987
575.724
343.833
609.325
336.07
222.08
160.604
218.117
394.058
615.586
387.454
506.116
303.212
203.162
262.078
304.804
471.884
530.96
319.416
221.349
208.661
392.205
637.299
346.688
236.857
225.404
196.233
359.911
240.608
387.122
444.936
422.383
424.44
389.352
244.275
708.991
270.899
191.607
261.162
301.2
490.15
729.471
345.96
645.933
345.459
201.247
220.934
239.396
433.363
665.595
394.07
484.536
414.134
245.684
346.247
223.979
280.824
456.605
459.058
489.633
425.804
244.922
375.271
295.766
300.177
468.184
459.302
438.265
238.039
238.65
329.047
336.219
357.277
453.808
270.459
862.228
476.215
139.661
182.163
225.21
468.812
856.067
569.089
792.482
453.258
205.433
191.426
348.389
693.51
818.827
508.112
997.895
450.153
164.322
129.499
275.341
688.962
1037.48
543.065
1159.05
709.196
224.15
90.8477
166.152
383.711
1096.09
836.241
1445.66
738.771
152.083
156.735
159.705
436.464
1383.95
922.393
1062.49
479.512
178.046
158.422
136.071
404.433
1047.29
603.993
1061.65
470.86
113.821
110.529
113.459
383.548
1041.06
601.747
685.777
399.571
269.036
353.619
235.442
415.15
697.997
442.062
841.556
443.924
196.327
181.947
192.245
442.814
840.805
530.049
515.893
339.013
235.673
261.982
247.969
278.651
509.347
367.561
338.451
196.498
169.994
280.055
248.301
257.536
337.491
226.493
435.372
212.743
145.322
156.304
221.852
362.029
468.512
239.883
496.635
264.814
263.803
163.008
196.637
363.131
510.116
301.495
667.421
505.179
238.71
148.484
173.176
286.82
626.446
550.292
395.187
289.528
244.126
327.257
239.102
343.717
406.031
319.137
342.546
329.961
367.24
412.428
466.657
311.727
340.887
308.855
458.335
362.267
228.331
241.222
301.776
506.227
465.517
375.274
544.788
302.421
208.21
262.557
287.303
359.492
550.181
354.478
392.941
353.743
251.358
137.328
177.077
275.725
389.009
357.358
511.339
287.311
252.461
292.31
204.172
390.117
537.656
320.168
988.455
409.544
203.393
329.942
290.148
393.939
972.095
534.888
873.379
463.531
203.147
289.541
240.437
530.579
887.272
544.972
844.097
415.278
171.308
203.392
265.557
445.42
839.424
505.604
1443.72
709.691
185.439
176.615
110.827
462.517
1392.68
887.72
1187.6
627.47
172.248
127.006
181.997
391.852
1138.46
772.831
1060.73
486.723
114.314
151.61
141.708
387.778
1037.17
620.9
808.291
430.516
164.051
102.483
123.529
406.341
806.443
512.37
1083.11
443.338
156.139
169.683
199.897
441.787
1074.14
578.833
827.53
412.215
232.528
177.678
160.786
441.952
834.56
475.336
510.418
585.928
337.494
221.544
181.847
346.301
505.083
606.849
747.918
310.528
266.797
271.652
176.129
381.561
759.634
383.667
646.377
424.576
311.546
308.018
225.659
512.036
675.635
434.971
639.349
297.266
241.695
315.858
270.423
485.128
669.032
341.769
474.89
401.157
151.058
179.553
299.823
527.945
481.155
444.405
476.746
370.694
208.136
245.51
343.285
434.373
499.081
387.295
595.03
363.03
195.353
239.471
228.296
414.77
603.17
418.146
343.576
237.591
211.308
273.025
330.822
404.719
358.1
249.411
346.773
299.72
205.389
232.758
303.197
412.996
368.008
307.063
808.806
375.013
285.216
304.279
322.069
635.71
848.697
430.695
615.536
341.35
224.315
274.602
301.568
372.163
622.719
389.352
1108.31
482.782
133.385
147.234
150.77
482.95
1098.26
614.746
1144.17
444.937
135.099
211.134
288.661
575.355
1151.65
578.389
1054.6
467.363
117.724
138.876
194.076
730.489
1105.98
561.371
1620.35
728.44
126.254
161.77
141.888
546.663
1580.74
935.951
1096.17
529.695
189.822
138.227
162.704
412.686
1068.66
660.754
1025.43
448
160.262
155.749
153.496
370.339
1003.98
576.936
683.435
338.655
161.088
201.677
165.146
427.466
700.58
405.256
696.768
383.945
182.773
177.303
189.194
381.777
693.586
455.148
543.743
417.252
185.634
166.571
177.041
449.836
587.864
449.565
488.956
433.089
182.202
237.174
222.876
441.388
506.812
472.673
381.859
290.437
175.967
386.494
302.541
352.459
391.396
313.026
312.363
281.859
237.15
365.386
246.024
249.695
302.488
298.702
480.066
215.061
192.192
384.635
272.523
251.592
476.29
256.813
670.824
335.728
138.631
139.037
301.888
629.33
726.663
386.216
408.518
318.233
262.622
321.844
316.432
473.267
440.915
322.596
428.099
329.979
287.466
171.264
191.9
284.494
435.729
340.585
757.304
329.796
178.514
179.701
316.353
580.529
788.574
403.826
502.628
254.093
207.945
199.193
241.816
386.874
523.684
288.234
809.17
379.709
253.929
292.89
285.868
423.865
810.056
459.557
824.157
355.324
199.608
286.114
260.94
563.86
860.021
431.501
832.62
406.932
198.789
292.253
277.931
572.443
863.596
483.251
972.275
500.894
191.002
242.572
211.971
581.19
985.616
596.349
1163.54
454.114
139.511
118.183
181.839
543.744
1178.61
585.087
