485.326
675.187
404.592
153.833
196.609
278.455
424.41
672.853
607.88
678.701
374.251
190.934
207.313
320.877
548.783
701.325
445.68
600.551
443.089
201.107
260.679
401.502
434.433
591.153
549.441
703.006
501.837
298.134
292.72
299.253
495.843
705.493
373.417
515.934
436.521
357.298
197.811
288
352.064
507.585
332.117
409.127
453.804
375.15
226.89
308.027
327.848
390.612
224.79
330.293
526.136
538.969
259.794
175.929
212.759
305.477
288.76
342.638
440.965
445.941
230.871
241.822
281.042
321.039
230.544
331.532
632.497
868.911
438.17
214.459
219.393
302.931
308.392
292.293
537.762
564.173
285.876
173.954
296.233
270.696
287.749
260.589
482.655
750.201
386.929
171.019
283.845
255.071
113.649
197.282
498.971
860.97
452.124
181.527
116.273
170.038
243.707
205.628
429.933
731.226
440.938
235.268
236.3
207.898
122.877
163.942
523.115
936.635
591.798
160.495
116.943
147.022
152.596
167.564
490.819
933.963
594.684
241.398
167.189
147.162
327.709
194.837
253.615
575.875
508.432
321.979
332.389
215.535
358.776
219.658
260.883
611.054
650.735
474.65
375.987
229.179
244.372
265.445
477.602
1002.49
834.224
351.198
255.65
252.271
509.012
269.878
338.561
496.574
633.605
596.102
532.301
284.073
531.949
442.986
423.215
448.936
770.87
669.545
528.114
453.436
420.546
575.959
397.568
265.23
178.813
239.648
375.113
576.777
440.691
673.359
514.692
231.915
226.281
351.459
396.699
656.997
651.402
717.881
452.584
251.267
255.324
293.303
585.393
750.976
399.022
591.234
564.605
276.817
224.788
307.871
358.767
561.661
441.669
485.749
439.887
435.653
275.981
363.581
435.785
486.123
444.231
599.223
548.939
387.607
236.227
341.353
425.385
586.942
222.868
439.613
623.866
498.89
241.406
244.401
219.726
389.118
238.604
287.878
381.575
542.227
342.622
244.825
229.793
284.154
221.914
271.661
526.492
701.451
345.119
200.811
221.969
248.769
282.026
318.966
678.736
844.612
416.125
229.624
284.476
291.512
151.964
225.591
473.013
700.348
366.165
175.929
150.394
200.096
284.864
181.94
465.253
963.503
525.9
167.976
277.572
195.865
195.3
205.072
462.279
917.991
643.991
307.254
201.781
200.11
205.443
202.942
478.794
874.838
571.451
226.39
210.181
198.288
171.335
208.131
345.234
712.178
545.224
279.878
166.258
201.885
178.645
183.621
390.691
717.445
502.152
217.514
174.215
182.084
466.451
254.837
394.376
746.043
563.036
328.214
467.072
288.98
400.298
306.032
383.302
517.512
552.271
415.329
401.904
328.787
427.608
283.6
275.031
453.978
480.296
426.465
434.755
303.503
445.578
351.919
351.663
530.822
501.332
423.895
450.839
341.321
538.655
626.383
378.277
137.548
199.671
359.542
495.03
637.2
424.152
643.284
497.606
288.828
336.281
345.061
377.5
627.985
529.422
650.031
420.367
252.165
256.121
317.453
479.486
659.206
417.63
534.112
403.312
320.335
329.306
329.287
386.986
535.545
451.505
593.441
566.957
370.77
354.958
247.524
407.774
584.236
337.458
610.602
574.436
264.475
230.263
301.284
303.166
569.296
352.743
531.179
632.183
448.468
281.985
304.659
332.523
505.433
290.206
456.258
639.216
570.333
366.038
333.408
287.931
401.188
308.429
334.546
556.716
722.044
357.811
173.562
296.754
327.077
198.497
312.907
467.355
610.99
299.954
202.875
185.692
286.979
232.801
277.003
588.246
752.982
340.967
200.058
226.006
246.505
148.631
233.883
630.38
933.492
500.891
187.954
145.345
199.939
141.746
193.828
425.24
857.166
726.21
318.276
150.911
176.114
291.112
280.675
484.393
834.596
516.127
289.996
280.914
294.148
235.732
172.814
337.866
876.364
733.772
341.056
237.479
182.78
445.29
357.613
339.698
536.099
448.043
360.043
434.267
370.143
281.926
222.245
383.98
779.522
672.148
315.351
280.148
231.194
256.211
228.013
341.16
821.409
765.233
442.425
260.395
231.394
417.995
378.332
348.961
543.653
678.807
545.235
417.967
396.43
441.259
306.67
356.348
576.726
750.305
610.049
469.889
335.962
522.383
661.159
387.3
157.749
146.999
248.432
463.051
667.532
519.482
586.1
465.638
209.762
263.383
290.569
479.5
589.606
641.784
607.59
388.022
175.928
226.584
337.813
597.085
644.206
682.911
730.222
431.111
232.234
215.861
365.893
622.141
770.665
541.328
625.267
398.591
199.248
176.143
218.469
484.234
640.151
399.979
618.414
569.922
366.816
278.959
283.816
361.327
599.84
349.478
512.504
496.839
333.821
286.23
318.753
331.523
495.795
256.705
392.194
606.462
499.101
357.781
292.658
257.158
357.58
246.2
378.187
562.604
590.874
293.556
212.669
238.973
341.777
291.015
329.654
570
769.796
398.306
207.101
283.246
301.845
286.909
305.975
675.449
863.709
431.966
263.863
281.987
274.165
228.154
416.973
632.291
741.858
381.473
261.629
213.701
375.654
398.587
252.832
401.801
570.552
498.526
327.488
415.958
272.904
313.507
135.854
325.578
921.133
558.424
255.847
319.761
160.061
257.746
176.328
394.993
982.115
701.809
261.854
264.988
180.871
379.662
188.852
292.763
658.478
686.377
470.701
399.263
216.511
433.333
341.32
282.908
391.81
651.137
620.096
433.387
349.843
431.652
337.867
492.993
529.2
851.884
651.903
438.55
354.035
421.396
447.39
468.616
569.957
923.542
786.027
447.125
429.904
535.125
481.421
489.783
408.755
758.929
820.447
556.049
450.81
589.425
652.604
362.678
150.967
135.754
257.965
528.773
683.623
442.671
612.296
436.487
243.018
238.197
391.642
424.434
606.745
460.028
463.562
544.999
394.468
224.176
246.581
433.154
462.681
548.578
524.615
463.63
294.31
182.996
257.571
513.678
531.73
591.691
647.568
500.226
247.662
258.128
306.109
539.204
657.307
384.364
524.499
541.972
358.376
291.975
244.293
348.219
508.122
279.187
447.318
531.921
431.736
279.373
198.222
252.231
417.115
369.938
507.963
578.039
494.19
256.633
272.469
344.621
496.226
210.429
379.67
555.648
512.442
327.01
196.937
198.377
344.124
377.899
514.222
495.918
361.916
239.31
213.256
336.318
502.084
280.529
341.733
546.936
703.028
347.929
272.34
289.37
326.488
208.966
301.887
387.963
439.007
225.978
152.769
196.481
286.263
163.181
178.584
329.945
688.386
342.738
139.672
153.66
175.357
171.791
147.867
389.5
785.167
524.612
174.209
183.816
141.767
233.999
198.312
395.096
1159.15
716.936
298.587
249.966
180.549
294.516
189.45
396.471
835.871
728.643
403.736
305.304
196.878
449.362
267.072
281.579
454.898
497.045
453.986
464.156
285.141
551.436
396.253
498.924
577.088
871.934
831.616
607.608
413.343
540.324
526.552
363.536
465.009
792.764
881.514
581.742
534.827
475.584
480.618
479.851
350.543
817.883
970.738
540.027
452.133
506.953
674.025
451.091
177.307
264.368
314.352
449.327
675.028
597.141
692.845
437.043
210.914
223.399
281.395
535.831
710.455
969.141
747.944
283.241
161.585
169.252
367.038
904.706
832.557
604.98
597.877
358.128
145.192
137.527
302.118
570.974
626.29
597.927
773.325
605.963
206.379
356.918
398.805
529.78
768.373
505.427
509.333
379.344
259.967
264.792
378.72
477.565
519.992
370.759
441.677
487.843
396.716
366.325
218.488
337.928
439.002
200.973
413.831
482.632
317.575
244.411
243.356
184.173
369.593
438.137
508.707
486.435
387.639
214.466
373.44
434.697
496.572
315.037
376.657
364.439
358.232
248.474
345.681
303.789
373.517
225.185
310.393
496.381
518.328
248.003
186.044
221.757
280.432
170.257
255.959
452.701
549.482
277.708
146.988
158.984
237.31
353.779
305.781
391.486
677.135
456.922
278.513
340.335
316.872
216.69
199.907
352.774
806.377
721.715
378.853
227.313
192.563
244.459
202.223
326.354
771.629
771.243
371.264
249.862
201.953
165.181
221.285
330.13
770.199
744.606
435.961
188.318
193.456
373.851
344.191
397.856
533.081
872.099
680.164
379.679
346.333
618.877
340.244
265.979
346.49
525.578
548.642
638.869
389.671
519.552
405.713
407.559
480.15
698.76
662.242
553.844
433.665
667.106
534.15
471.979
477.52
802.042
1020.69
741.506
552.784
552.464
726.118
397.528
127.809
215.864
440.078
501.171
732.76
634.985
792.313
511.669
283.138
255.146
303.404
564.456
800.095
803.526
819.671
456.383
195.275
200.375
300.024
725.752
870.453
697.856
747.413
371.361
187.309
208.16
336.714
628.705
779.706
624.247
774.641
433.95
189.532
221.852
442.181
568.435
787.397
499.789
597.89
334.816
213.791
271.258
372.555
459.204
611.232
334.758
411.821
386.29
444.861
259.181
303.198
321.91
408.355
390.353
467.957
505.813
380.955
326.265
202.255
359.721
463.963
287.578
304.907
367.339
376.061
265.218
227.109
273.214
294.801
292.807
332.564
319.278
234.209
180.368
254.936
286.527
325.518
314.903
327.521
510.377
466.567
390.675
358.21
318.051
304.302
326.49
309.549
541.298
484.03
364.788
281.884
326.672
289.007
439.286
272.831
414.183
729.459
420.056
256.665
434.611
295.336
414.157
272.002
299.499
583.448
468.804
283.801
408.679
298.853
222.448
223.943
335.619
617.578
634.698
366.536
239.936
213.085
200.036
190.949
308.696
756.381
691.984
442.44
220.872
186.065
523.634
481.815
451.288
391.495
670.238
813.592
563.755
481.926
346.345
312.81
276.459
445.868
757.04
733.51
388.94
317.751
704.348
382.823
250.725
191.582
367.145
491.37
701.599
442.99
685.069
327.967
313.947
288.705
545.717
742.757
732.627
367.063
626.056
713.578
439.629
207.716
212.697
324.548
570.805
744.495
882.602
770.863
346.439
199.731
202.943
339.46
813.787
829.005
640.281
494.728
223.41
147.105
150.727
245.909
603.423
552.566
567.319
643.136
353.546
210.865
216.134
291.898
505.307
674.754
637.577
716.277
395.711
227.913
229.526
406.002
582.749
738.963
277.213
442.128
424.57
272.761
189.061
214.823
249.086
420.896
443.788
532.13
348.994
311.638
208.955
403.952
430.312
540.148
358.533
442.59
362.756
250.799
232.28
221.466
323.983
444.111
395.898
403.469
438.407
336.327
277.26
433.798
384.691
407.018
406.589
293.15
385.419
511.288
360.451
272.669
405.565
298.985
365.657
294.653
456.241
606.098
426.728
273.371
351.754
311.856
324.312
309.124
467.406
533.843
404.585
274.312
323.805
295.291
146.026
164.56
339.676
584.324
336.993
163.151
140.232
157.732
259.069
179.506
235.344
499.999
503.634
333.784
265.595
192.847
141.759
179.743
365.125
522.1
637.325
366.69
156.537
150.724
367.818
241.32
324.629
521.913
425.052
387.405
377.501
259.163
528.251
339.983
292.341
435.191
739.31
796.402
589.77
360.797
470.557
371.005
250.589
359.986
545.066
632.826
496.722
383.462
759.587
355.226
221.208
255.332
471.338
795.462
821.193
420.228
453.557
327.49
191.17
339.879
494.067
699.989
509.998
340.855
671.495
804.802
438.495
159.188
193.848
352.375
599.5
823.669
447.093
548.169
390.534
261.522
344.357
393.85
422.759
549.983
756.63
634.014
290.951
196.522
139.654
309.318
704.404
696.972
612.27
666.1
453.469
285.215
195.795
253.668
559.137
684.39
623.431
617.941
483.437
295.673
250.075
283.106
573.822
634.501
391.01
519.615
515.572
346.701
203.894
203.699
352.028
497.757
432.287
486.112
395.133
282.742
240.39
264.349
394.791
494.563
372.619
411.437
343.983
192.205
174.717
184.675
345.722
418.467
291.515
322.219
268.099
254.661
239.847
365.795
310.684
327.877
370.402
399.79
349.392
320.54
253.972
345.466
359.306
398.751
368.743
335.936
443.961
512.116
294.824
205.153
355.366
344.205
249.266
232.098
380.872
451.204
243.243
238.75
259.566
216.649
184.993
143.164
261.131
432.306
311.502
171.187
191.135
142.88
224.034
220.961
292.401
581.884
667.647
429.372
220.627
227.671
265.603
206.066
331.673
586.018
717.839
523.086
290.687
204.876
357.749
214.587
246.389
442.923
548.618
409.914
373.604
233.963
424.17
250.21
263.294
307.122
469.403
604.426
463.016
255.134
577.228
371.456
294.379
457.122
750.743
850.393
638.016
396.265
693.937
638.752
326.401
285.229
542.374
832.547
738.552
655.751
685.183
453.397
223.051
396.563
540.988
707.385
699.536
516.818
838.769
708.154
301.524
132.823
163.358
363.71
775.434
778.688
567.402
613.599
316.446
248.328
194.457
247.633
511.127
638.118
774.466
699.369
380.932
208.688
185.954
249.275
709.094
754.364
724.689
687.039
315.127
357.033
215.967
331.475
655.265
748.063
604.409
674.139
441.836
336.734
241.184
251.338
546.48
694.973
618.834
615.521
325.74
186.848
290.355
340.702
563.385
654.716
513.593
518.042
320.152
297.986
284.104
336.248
482.006
540.139
509.11
456.934
369.672
337.743
333.459
377.37
486.14
470.48
313.865
311.673
402.589
383.373
380.722
290.162
320.977
307.912
439.917
571.802
580.81
524.504
399.973
348.546
407.47
547.6
223.822
253.71
340.567
307.923
237.413
293.042
223.543
243.56
244.439
228.97
458.653
668.058
367.999
206.764
233.687
226.946
239.141
169.128
337.969
734.174
487.851
224.49
238.279
173.403
222.949
188.586
225.873
593.263
574.995
350.046
227.204
195.222
489.737
331.01
291.899
332.608
372.073
461.78
502.292
357.663
499.124
277.549
373.956
433.507
634.267
625.678
542.096
298.167
708.903
437.529
204.231
217.999
300.029
596.098
718.142
497.996
783.026
347.892
212.829
241.902
484.88
744.13
820.362
416.769
778.2
418.515
387.804
304.399
563.028
910.134
853.018
461.634
800.869
401.405
252.805
255.112
542.532
812.651
855.647
465.744
635.476
657.89
364.237
148.012
117.498
237.056
581.465
686.13
507.19
576.366
330.574
174.542
170.793
352.03
478.02
588.018
715.529
600.54
273.666
167.521
195.787
419.312
677.929
649.273
697.64
762.217
479.5
212.992
262.46
376.579
647.786
772.321
523.804
576.824
471.582
378.734
373.723
449.083
505.537
566.238
461.586
602.897
397.82
203.666
159.931
331.201
423.243
602.375
431.755
563.717
404.78
301.08
224.035
243.483
391.419
567.203
446.401
459.713
304.753
246.202
290.475
289.603
418.542
466.136
451.145
566.385
381.233
240.119
194.515
290.008
413.736
567.717
388.086
292.764
351.074
314.584
346.429
394.721
398.142
295.279
315.978
357.903
438.003
387.51
469.194
308.049
314.911
347.297
345.329
364.248
482.344
576.966
394.793
335.358
365.737
347.166
244.929
202.843
359.511
763.869
524.643
204.462
232.215
217.165
306.256
194.802
325.613
666.378
526.129
319.085
314.469
206.169
303.027
280.227
356.097
403.393
503.035
448.972
306.439
275.271
372.632
243.83
246.451
496.5
350.317
472.31
409.869
256.228
574.98
453.301
228.533
288.272
242.016
369.369
561.399
503.275
936.928
476
285.282
276.037
422.369
850.077
1001.24
534.167
953.811
434.786
220.836
287.909
379.617
785.477
1016.74
517.913
1017.86
497.155
156.015
232.125
295.826
623.46
1019.79
602.669
553.613
612.394
431.942
242.88
162.901
326.449
529.534
612.911
845.616
656.425
244.093
120.842
151.523
401.419
795.017
737.311
678.836
766.027
453.349
337.668
298.673
351.831
611.895
786.105
738.596
635.29
273.958
121.094
148.225
261.169
674.435
701.284
677.185
696.573
232.339
115.687
103.849
367.967
615.69
759.226
585.467
559.982
301.003
203.928
185.118
345.13
551.826
587.417
394.844
430.039
337.106
281.457
201.694
259.85
376.503
437.718
547.603
359.752
229.445
250.171
236.063
472.767
564.525
386.773
290.807
457.58
542.253
377.065
317.746
287.727
266.462
423.52
427.526
489.948
387.739
369.375
337.993
372.408
395.573
488.054
777.865
485.458
338.166
202.842
255.714
496.017
769.315
529.075
667.536
384.853
343.812
511.172
306.69
476.268
684.757
418.243
240.824
216.052
334.366
491.602
400.389
262.213
237.917
208.646
219.791
328.005
283.594
328.777
481.777
456.67
230.26
298.752
256.53
230.597
249.876
325.215
302.592
234.152
255.224
236.41
550.606
303.466
286.044
261.667
400.472
516.641
574.415
337.105
784.388
460.186
306.553
401.824
448.879
488.684
776.8
534.875
774.846
376.674
261.582
214.219
348.32
661.654
808.292
433.014
942.356
427.986
204.242
182.518
363.307
735.275
986.675
514.19
1084.25
440.584
208.515
236.153
332.531
782.845
1120.27
537.265
852.767
689.165
283.21
182.269
221.406
329.635
781.031
771.9
803.795
677.795
381.297
215.942
260.037
327.395
746.888
743.568
764.293
699.586
343.249
176.262
149.885
249.531
696.717
747.037
568.787
626.511
406.782
254.015
253.971
283.848
521.912
643.133
579.723
656.419
369.745
249.41
176.228
227.758
514.479
689.491
464.065
503.844
297.522
200.28
167.595
347.436
436.087
521.593
465.866
441.909
495.991
381.823
387.709
369.896
452.815
437.589
458.246
543.702
331.644
223.779
173.122
200.645
412.988
550.778
439.706
462.61
300.719
233.444
293.208
261.883
405.494
479.626
419.29
387.514
283.692
664.898
445.458
274.232
390.659
418.934
450.906
514.692
481.183
435.989
412.845
466.044
449.368
486.455
213.33
313.319
589.096
693.541
402.954
229.893
198.446
285.04
245.785
204.973
343.685
478.267
568.27
397.568
262.466
193.149
313.613
337.459
302.291
249.307
325.002
401.844
323.628
324.535
414.25
222.148
226.131
335.521
491.577
448.048
431.147
254.744
748.606
418.966
206.415
222.418
216.11
378.329
740.668
493.513
869.419
404.802
215.152
244.872
272.445
615.983
899.036
492.791
888.827
451.26
254.023
332.18
346.134
789.563
940.025
502.094
873.83
429.617
210.413
224.559
367.204
759.86
923.367
507.104
1051.88
459.072
231.826
216.695
376.596
846.673
1107.67
549.071
709.207
669.672
299.844
225.459
191.952
246.464
639.862
727.289
861.159
754.99
361.242
328.729
261.158
343.712
795.195
826.257
711.019
619.684
281.33
184.421
195.326
312.27
657.112
679.753
499.765
644.362
358.187
258.399
237.789
431.647
465.921
650.784
751.17
645.055
414.14
221.31
204.432
301.909
697.659
691.01
495.548
598.444
457.814
319.17
283.989
271.139
444.816
598.834
411.376
390.983
373.299
359.375
256.497
176.663
382.433
409.708
433.084
305.275
320.721
290.671
326.379
266.238
414.533
340.8
520.764
568.669
320.038
284.55
260.493
378.244
483.93
588.042
230.49
377.091
397.418
409.898
323.785
219.272
211.049
348.724
451.587
412.195
272.198
285.564
224.538
252.95
427.231
436.836
451.204
363.707
471.724
618.266
372.978
306.24
432.507
386.906
570.582
262.243
218.719
367.767
394.851
499.023
599.516
310.845
485.538
299.767
180.477
239.636
312.241
490.513
515.971
318.478
521.244
248.306
212.877
192.116
255.262
448.586
546.239
286.432
587.488
305.342
145.914
89.9693
195.878
376.731
592.114
361.915
834.419
407.612
175.855
188.429
206.879
489.586
837.605
501.317
1024.32
458.82
232.293
337.125
293.59
637.422
1045.54
568.761
1071.86
411.607
214.606
343.552
296.488
663.673
1100.33
530.388
1085.89
451.079
179.389
196.167
316.271
787.668
1136.84
559.159
859.533
708.683
331.814
191.892
175.654
334.287
800.955
776.997
729.509
697.523
352.653
199.931
244.466
448.882
676.744
738.497
686.797
721.848
406.351
391.847
272.168
533.408
638.427
751.709
742.965
748.562
358.598
221.709
186.594
426.81
687.903
787.136
691.666
483.064
279.498
249.752
231.475
310.552
669.898
538.194
568.348
445.707
273.347
229.147
214.584
250.421
538.862
489.646
515.47
500.615
313.252
283.505
236.86
242.362
477.096
528.93
536.74
462.223
300.46
321.991
312.159
258.915
500.355
496.797
298.76
406.345
306.385
246.413
181.803
202.829
288.302
401.612
494.178
500.271
359.943
402.68
262.543
284.879
455.477
527.406
460.207
537.032
290.392
242.138
241.986
370.601
427.994
558.226
438.189
407.645
280.239
266.196
342.308
331.649
420.296
421.939
430.798
345.22
178.182
208.567
187.506
261.273
417.941
376.102
725.245
402.269
149.019
200.874
194.946
473.842
743.641
464.644
917.222
417.137
351.182
374.537
370.365
458.754
909.272
516.071
669.812
373.237
224.055
266.456
221.424
372.358
662.005
442.766
910.287
510.213
233.562
242.351
250.352
507.787
904.379
608.206
890.326
380.04
155.459
232.275
202.017
498.181
897.012
482.746
831.33
426.431
252.798
277.316
338.723
651.965
864.348
488.736
998.981
526.787
277.429
281.473
269.615
652.625
1030.19
606.678
752.043
722.664
364.081
174.708
206.589
348.1
689.298
767.304
765.232
660.857
321.304
183.829
136.178
280.782
715.069
712.743
592.544
649.232
361.561
190.277
216.354
336.663
540.96
672.938
582.493
632.736
386.026
227.482
214.825
296.846
538.965
650.613
515.644
570.14
443.99
320.569
261.665
198.767
473.651
577.965
461.867
500.885
405.368
416.642
284.144
293.896
431.896
512.723
457.32
404.152
223.074
207.31
220.72
291.052
440.099
428.374
545.112
476.868
387.836
323.626
308.128
308.48
520.056
502.282
340.764
500.777
444.42
272.107
270.535
304.771
321.366
474.494
377.246
357.272
216.224
239.362
210.523
244.292
358.21
376.351
670.986
388.603
351.139
336.447
358.697
308.01
654.497
441.36
787.538
417.019
197.933
271.944
283.165
521.895
807.846
486.066
626.126
447.738
195.226
155.767
183.287
313.822
607.469
506.608
797.565
417.169
217.231
300.147
238.976
346.244
772.96
505.568
1028.82
506.083
282.01
272.608
260.703
356.228
994.694
626.527
632.238
395.196
207.376
315.018
252.711
269.458
609.779
458.259
754.068
420.313
205.251
267.32
173.228
362.687
745.032
498.706
934.717
498.553
161.497
173.251
177.191
469.84
925.729
599.589
670.894
342.145
197.735
190.077
195.506
331.674
658.565
414.463
964.512
475.24
193.997
223.151
255.188
510.528
955.565
586.669
786.364
667.674
331.194
155.363
131.674
297.227
730.525
732.359
689.182
650.907
377.558
294.341
200.696
300.027
636.468
687.457
623.32
740.844
462.275
349.603
243.007
433.151
573.466
755.101
804.523
642.482
300.603
189.382
174.168
308.027
752.366
713.798
471.674
311.826
286.382
342.682
232.729
278.933
470.586
333.541
427.812
599.286
403.744
397.872
309.202
380.768
387.233
594.716
517.965
489.452
289.087
318.154
343.216
229.1
477.203
526.176
331.12
291.608
287.09
294.39
213.913
251.708
335.77
295.225
400.764
463.222
301.855
252.942
258.126
331.878
395.998
461.85
567.909
501.438
260.677
262.445
206.299
296.892
530.844
543.074
440.066
357.997
231.955
234.501
233.042
252.27
414.28
393.016
529.397
484.289
239.773
256.696
232.998
424.671
522.421
512.097
675.638
586.823
357.506
227.217
214.759
241.365
624.278
627.673
738.505
535.868
272.07
193.268
158.969
311.568
694.276
613.353
720.975
495.687
260.982
257.519
333.783
490.895
738.659
539.145
659.873
490.969
225.393
220.649
177.597
283.88
624.381
556.485
598.967
348.243
248.344
299.627
327.527
323.67
590.052
407.789
769.226
432.401
154.031
232.247
168.876
365.159
753.41
516.526
766.716
428.82
253.446
243.506
144.479
404.871
765.218
498.754
696.277
435.646
223.229
133.064
204.319
494.257
706.72
474.313
602.953
690.226
375.846
198.323
218.716
361.939
548.586
711.146
574.574
649.96
375.398
213.435
163.772
276.87
524.348
668.426
531.685
566.973
329.714
200.519
179.68
284.294
492.215
587.419
580.968
605.171
399.318
232.536
231.654
252.815
535.984
625.603
451.638
548.611
360.445
214.032
211.506
278.857
420.719
552.689
387.382
336.445
299.403
430.555
229.862
208.586
376.986
354.225
344.922
420.654
409.52
299.481
366.624
310.919
329.681
396.961
430.076
498.127
396.384
342.052
292.494
267.702
389.071
506.528
375.795
363.235
333.776
444.764
309.31
259.908
371.092
375.009
438.96
483.186
306.168
391.762
292.41
252.138
400.906
503.396
434.085
314.635
304.464
284.079
332.579
315.619
431.244
327.641
398.444
578.341
385.863
223.114
224.106
268.81
348.225
572.282
584.648
507.727
395.639
346.972
301.488
269.023
551.165
539.901
581.596
490.942
212.832
106.118
179.993
371.259
571.396
530.673
533.08
414.539
284.403
315.757
260.979
259.012
507.767
458.553
654.323
588.729
308.298
281.024
288.42
323.103
608.417
627.871
717.988
502.603
211.477
155.339
231.842
379.244
686.791
572.36
801.212
477.232
236.898
257.298
184.405
383.761
783.141
560.768
800.637
461.582
200.488
269.885
160.564
358.121
781.147
546.188
841.983
427.561
160.367
139.738
162.462
487.272
850.68
514.846
632.44
754.337
421.85
214.915
212.065
439.951
578.187
773.318
545.149
603.704
389.909
272.836
200.648
310.173
502.46
619.825
649.462
538.807
309.865
345.74
215.606
251.104
604.294
595.563
409.585
449.863
395.214
280.312
271.996
272.043
376.088
457.083
418.555
527.065
362.896
379.272
317.66
348.524
392.886
532.44
552.213
583.913
345.423
258.643
159.089
249.931
513.478
602.275
489.912
409.892
281.733
257.201
180.99
293.389
485.915
433.536
281.49
296.132
263.598
245.376
211.704
232.55
274.273
301.534
430.693
435.79
412.419
389.713
296.007
289.513
417.403
430.47
537.208
473.01
386.533
319.002
318.762
452.022
529.642
479.257
406.148
368.946
363.339
310.033
261.416
295.825
402.569
367.315
503.823
635.536
386.969
406.873
353.128
304.147
449.772
645.705
789.967
704.007
447.159
414.986
237.279
288.372
731.89
755.043
517.632
312.99
258.852
284.88
204.714
299.4
515.119
341.729
452.49
420.823
278.261
277.752
226.491
259.118
420.766
455.245
674.744
512.264
237.74
208.916
175.318
301.471
642.319
576.672
835.82
608.743
297.945
267.613
252.099
348.281
775.064
680.245
685.686
461.873
241.731
352.347
260.514
317.376
660.282
529.765
698.299
522.598
269.808
214.744
174.99
284.432
664.152
583.312
740.898
416.157
241.45
368.178
199.112
396.234
737.417
489.309
517.938
611.17
322.174
228.373
222.925
427.34
482.398
625.722
588.772
483.127
375.71
299.302
289.647
236.303
555.082
517.227
563.094
458.31
277.029
271.923
191.408
246.465
531.033
491.621
540.279
663.787
466.779
192.258
209.067
292.784
491.205
673.817
383.135
508.647
560.419
424.213
364.818
291.737
354.869
496.918
397.783
377.311
288.999
378.32
282.742
268.82
389.023
387.379
489.262
541.618
353.726
236.465
217.277
422.281
474.999
552.483
558.145
611.532
307.434
336.067
246.432
443.18
536.291
632.977
444.732
469.045
486.92
285.782
369
452.602
450.047
430.309
282.338
434.249
513.226
408.892
340.355
307.74
262.766
402.047
449.988
478.053
355.065
231.848
231.79
390.546
461.759
477.965
349.158
413.641
354.471
269.499
270.288
424.314
348.114
419.727
349.979
410.748
343.074
418.586
350.913
246.992
336.004
410.841
403.828
476.873
426.127
331.939
324.025
282.242
368.455
469.719
526.019
459.665
345.313
254.27
221.46
292.868
507.534
478.077
462.667
389.892
216.301
196.011
214.176
326.028
445.017
421.584
524.779
445.817
267.714
237.809
192.022
225.603
495.178
482.88
530.909
479.362
370.522
362.193
383.82
228.101
486.15
519.338
611.704
515.608
286.359
342.199
383.361
494.751
589.691
555.975
756.154
501.782
195.117
329.641
315.316
379.27
727.351
583.623
