348.041
511.663
416.052
156.23
293.721
319.984
318.788
495.681
389.437
474.637
346.292
196.786
174.948
207.235
352.468
477.687
433.089
513.349
344.548
172.411
141.828
248.247
397.338
519.947
333.042
570.054
535.454
295.778
210.185
279.872
294.42
543.771
271.262
435.997
554.782
405.527
406.435
205.138
237.995
410.73
241.284
435.092
594.097
455.429
260.227
254.23
227.162
383.923
244.048
379.701
686.282
645.324
338.478
231.588
248.202
331.617
194.831
268.502
590.961
752.795
372.663
192.111
202.84
227.623
220.227
279.595
618.8
834.45
346.788
162.199
223.342
241.008
236.762
285.018
505.509
532.145
396.629
238.037
237.707
256.114
285.28
222.989
422.77
707.953
390.025
201.29
289.774
215.254
302.518
230.492
316.664
702.564
590.159
231.828
296.593
248.773
312.442
234.073
392.588
754.079
766.007
394.936
311.871
245.16
267.208
166.901
324.652
496.51
641.057
426.414
281.785
175.913
211.464
253.943
359.198
687.577
784.685
514.536
237.314
220.507
461.658
342.154
390.526
689.334
922.634
580.431
445.128
367.862
376.324
408.718
385.345
511.729
876.616
777.593
412.684
400.304
557.292
353.964
303.878
360.076
609.148
683.843
592.111
362.45
324.954
420.155
514.925
475.743
801.914
844.502
381.12
361.217
392.478
418.115
369.267
371.285
732.78
901.434
470.137
390.362
367.594
475.524
406.937
208.933
221.653
338.03
370.704
455.878
391.249
506.613
405.41
193.572
211.666
289.355
361.384
500.737
460.342
615.521
403.87
213.139
187.284
272.677
413.276
615.996
422.472
626.69
452.294
183.701
206.264
360.011
399.704
607.126
346.678
545.818
561.729
383.731
287.334
297.723
332.669
520.805
267.121
439.639
548.909
461.21
223.056
227.402
252.523
401.904
184.1
343.08
666.627
562.504
413.765
231.184
181.263
290.863
270.983
505.835
606.156
394.722
288.818
308.457
243.506
452.151
275.48
327.685
574.03
716.483
340.404
193.815
277.841
299.521
172.508
217.563
398.841
501.526
255.337
140.994
170.607
197.372
167.847
148.906
277.845
743.484
386.684
187.461
168.162
154.334
154.359
164.407
364.534
990.344
667.814
198.064
152.223
158.403
179.783
159.368
423.562
843.763
799.035
365.607
189.959
149.033
246.615
191.46
353.061
497.395
641.528
394.17
252.326
199.539
385.905
378.528
304.587
598.25
763.449
631.322
414.414
393.515
474.765
422.667
442.796
574.409
906.172
844.103
522.853
440.023
388.76
404.754
421.058
355.537
794.615
903.527
450.667
352.44
448.146
461.185
438.134
365.356
783.121
934.937
502.203
439.615
501.551
327.364
269.445
417.935
668.596
783.435
561.342
332.309
562.14
477.789
391.354
313.513
744.488
970.376
622.426
487.37
346.016
387.761
282.48
257.655
210.892
233.04
315.912
391.934
586.09
369.596
232.213
187.034
171.633
268.617
570.678
418.571
472.237
572.331
358.7
216.209
217.915
284.479
434.277
588.922
406.917
502.044
408.887
279.184
277.739
235.216
373.279
501.208
316.241
458.9
522.75
412.971
330.319
185.695
280.903
444.111
186.982
396.069
482.065
364.036
201.857
191.342
169.034
352.71
305.095
453.273
543.421
440.895
225.105
206.555
285.543
434.754
293.189
401.057
425.356
378.66
288.648
232.096
279.398
388.748
219.729
328.346
455.707
444.244
248.75
200.558
206.269
303.611
189.316
283.223
505.711
765.958
422.689
163.888
176.788
261.523
289.916
210.061
413.722
797.112
548.036
238.022
280.101
232.216
240.304
206.659
326.842
871.409
712.445
340.136
238.693
217.431
176.691
201.666
431.764
967.288
865.876
355.45
180.669
183.167
267.588
326.289
504.021
755.101
920.699
562.585
275.77
293.074
568.05
371.096
398.272
337.649
588.929
707.446
595.16
364.527
466.107
281.727
294.368
456.513
645.441
728.964
527.733
287.108
503.127
333.749
341.131
339.956
713.957
848.444
560.88
316.956
573.848
471.92
362.069
411.264
813.085
1019.33
651.459
479.917
662.038
410.752
323.554
373.088
709.148
963.673
738.857
433.57
556.468
387.133
426.442
462.747
740.458
859.105
619.342
397.199
521.971
663.534
339.571
136.204
160.503
304.148
460.469
672.303
442.084
600.85
303.421
155.945
184.312
275.167
388.444
606.557
593.891
672.205
380.864
170.058
175.21
306.806
540.477
702.3
376.322
494.529
354.689
225.004
241.249
221.004
338.941
492.038
271.944
446.789
466.794
371.435
193.636
239.504
260.932
417.445
323.027
526.837
537.152
346.813
278.335
237.367
287.783
499.152
302.296
362.851
335.35
240.678
244.806
287.333
288.333
356.305
347.021
475.988
415.579
233.558
219.649
283.427
320.041
468.249
216.996
325.13
648.897
666.8
414.983
176.789
204.18
293.376
295.894
241.558
467.378
687.971
388.227
229.583
287.764
241.82
208.977
201.146
293.152
611.43
448.577
235.888
206.084
205.26
266.355
238.949
395.073
717.519
527.735
294.031
258.25
242.396
165.629
191.423
307.278
648.046
667.468
436.625
184.753
179.22
260.176
209.957
282.937
473.135
735.201
632.062
302.196
191.412
366.663
389.439
421.549
371.768
758.968
849.219
427.415
355.24
328.968
305.518
318.553
401.225
490.699
555.599
334.984
306.718
583.821
427.58
238.16
345.892
534.323
753.635
635.389
450.364
532.564
398.505
374.747
437.62
706.569
863.749
600.819
404.894
708.971
486.906
369.15
358.434
707.849
1033.53
791.684
502.247
738.712
357.669
357.123
290.485
643.006
907.027
805.57
405.463
626.317
543.853
235.137
112.511
116.778
256.887
577.651
593.88
331.577
357.202
276.629
177.068
151.103
294.888
325.216
362.456
497.15
662.599
386.71
174.437
183.663
413.562
456.162
664.202
346.28
395.361
334.954
199.788
168.46
198.755
320.589
389.626
395.743
554.953
403.534
296.207
233.647
376.686
382.658
546.331
371.127
453.6
479.748
350.257
285.028
289.207
343.089
453.412
334.524
303.811
337.343
320.917
281.126
266.448
332.896
305.07
374.174
319.215
387.225
559.864
429.644
278.916
366.601
328.609
334.631
329.496
418.965
456.996
293.795
203.923
321.833
320.656
97.5877
156.92
376.906
733.76
447.247
151.941
94.6381
141.433
169.022
153.454
271.704
600.41
432.789
234.463
175.488
144.328
212.864
250.85
258.999
468.654
465.334
314.681
221.718
245.832
218.677
223.538
226.204
541.869
685.935
487.718
242.971
221.83
359.772
329.439
327.953
409.454
511.81
455.177
382.491
335.09
311.635
240.13
273.628
552.31
652.392
573.699
355.221
225.481
673.428
489.059
248.795
315.902
414.52
611.743
702.171
506.251
400.198
297.846
284.051
300.811
455.07
556.538
437.245
305.148
538.956
275.97
264.399
245.782
480.737
700.479
597.984
300.672
713.231
498.8
325.45
310.541
491.634
882.427
782.161
511.64
725.891
676.139
325.353
303.346
547.758
1007.51
800.077
690.725
571.727
569.275
325.547
161.833
167.199
210.614
515.781
606.997
654.109
670.668
380.21
190.179
141.631
251.775
598.272
699.505
543.609
653.063
495.101
241.593
221.126
325.153
498.269
664.881
338.873
465.927
455.025
374.525
208.279
266.043
335.996
449.705
418.655
473.189
328.842
318.246
280.003
339.717
390.077
481.352
396.071
400.766
388.772
299.208
286.216
202.63
373.411
409.897
299.446
366.807
386.077
341.4
250.08
215.281
285.527
347.431
367.986
399.91
481.402
425.604
452.889
288.177
340.571
399.122
249.279
345.236
489.659
533.885
320.328
273.4
243.336
318.069
106.084
157.698
444.042
679.569
387.846
169.332
107.452
137.744
264.788
205.768
306.697
566.602
421.125
236.941
271.31
215.56
247.804
206.703
247.155
369.132
414.434
329.529
266.951
206.545
284.879
256.995
298.872
531.019
785.485
574.427
312.425
264.405
374.141
276.402
263.039
374.526
524.438
475.898
390.029
299.866
686.158
466.791
352.499
360.689
586.338
823.421
741.811
486.595
781.558
455.198
403.935
279.459
600.907
928.902
842.564
478.955
596.027
431.605
341.58
312.326
519.803
727.787
639.426
449.776
569.418
419.479
280.943
307.238
482.506
679.789
609.313
440.983
736.505
467.069
300.06
232.181
527.932
857.474
790.728
496.22
632.406
371.27
367.587
293.998
687.811
905.623
702.286
380.378
619.836
632.57
315.014
141.183
149.486
317.027
562.125
669.113
641.202
655.595
394.527
197.748
257.692
301.459
581.817
688.845
545.948
594.445
337.172
212.198
160.369
231.791
492.196
610.164
547.514
542.702
236.763
183.136
239.656
316.649
499.689
581.524
468.989
512.735
318.836
211.422
258.339
216.25
419.802
532.66
464.353
572.028
446.05
180.345
226.974
309.619
428.339
560.93
469.058
570.78
433.369
283.538
262.305
366.141
438.831
577.26
429.274
356.477
362.047
509.107
427.746
381.522
440.096
361.105
190.315
276.53
429.351
347.054
230.471
217.926
194.022
248.424
344.432
207.986
434.954
667.359
405.715
292.283
350.1
225.826
125.621
138.217
386.763
790.571
552.606
198.84
125.021
132.676
264.65
215.626
327.598
545.144
674.423
486.002
290.397
214.965
425.278
278.053
200.343
347.371
476.368
416.665
436.016
309.492
356.775
261.5
344.048
615.762
442.731
391.37
357.459
290.255
572.975
409.915
337.452
324.33
440.916
749.697
632.75
424.47
677.391
338.273
282.755
305.533
517.897
787.841
735.162
375.346
700.434
497.691
233.137
217.725
383.861
835.902
768.633
512.291
670.633
399.703
252.943
269.79
511.871
671.004
687.808
431.241
546.923
375.375
252.822
308.418
537.862
816.454
609.269
392.673
810.714
526.696
265.338
226.599
500.457
978.715
886.355
544.607
516.44
526.242
283.251
171.371
175.812
236.258
476.554
546.562
722.704
699.098
354.679
123.734
160.183
326.793
660.769
735.868
626.676
606.039
241.544
204.393
180.55
322.861
570.028
660.776
443.171
600.483
469.74
238.522
314.432
320.415
392.334
598.802
427.615
505.868
332.031
249.593
272.939
322.7
397.248
514.32
393.302
384.988
384.282
375.107
325.27
240.438
367.924
402.091
407.621
454.956
372.275
284.851
221.246
257.185
379.326
463.589
551.99
566.156
385.468
213.789
187.377
429.002
545.98
566.806
337.63
324.955
481.936
409.367
354.024
431.654
366.667
292.831
249.345
125.26
242.723
704.213
466.253
223.131
261.364
141.802
500.854
260.143
314.202
507.951
482.788
378.18
512.836
303.903
102.103
149.63
230.204
374.485
404.52
206.149
101.476
135.232
238.931
273.595
343.6
308.44
425.763
378.183
241.72
267.338
399.574
233.249
213.063
248.495
332.568
370.213
405.833
266.173
329.209
331.142
232.6
312.69
469.204
511.44
356.57
318.225
723.595
342.623
334.072
378.543
427.012
709.74
767.285
392.784
950.456
467.276
308.326
253.053
398.808
781.445
988.119
532.472
1019.46
435.455
224.44
283.413
477.244
881.256
1086.5
527.077
958.512
403.152
240.218
172.342
424.27
870.131
1029.58
477.007
837.878
511.787
311.46
310.944
434.977
849.206
892.459
552.738
856.288
644.305
265.562
142.404
152.517
280.331
794.878
719.047
692.893
668.712
316.124
162.972
171.955
313.591
635.256
706.68
564.421
572.007
285.208
118.266
135.358
236.546
505.402
605.633
514.403
605.308
323.622
150.911
127.371
286.267
466.892
621.113
380.767
485.121
319.192
300.27
182.353
310.662
354.759
491.751
437.027
505.211
341.126
209.513
193.387
225.912
398.576
510.513
384.029
535.328
422.597
202.424
248.038
284.108
349.163
518.635
298.095
243.278
273.63
435.344
463.452
231.188
300.476
250.677
318.881
434.288
440.092
356.578
436.993
285.53
292.158
425.64
137.014
164.137
286.718
505.692
285.437
157.297
136.527
157.463
318.181
241.861
274.666
446.722
423.025
331.775
313.59
263.02
258.148
200.849
183.996
383.051
482.836
477.459
285.568
204.89
378.787
302.788
258.657
250.528
277.119
368.171
380.58
313.428
724.923
413.645
264.655
374.367
324.648
447.437
732.272
476.332
767.002
433.804
214.274
159.495
389.515
834.838
828.448
458.272
843.602
342.04
240.637
207.051
390.346
797.688
908.794
406.034
852.263
336.643
190.63
209.489
310.449
659.07
896.365
415.707
1037.21
452.015
233.981
262.101
306.764
737.4
1077.35
553.821
1006.72
435.162
291.95
253.183
394.051
765.977
1050.7
526.354
1008.12
488.785
259.547
231.269
359.107
867.543
1061.83
548.65
545.552
492.581
246.522
254.491
218.418
279.361
509.17
537.055
655.905
713.943
398.477
208.636
194.841
283.33
588.945
748.085
483.239
592.712
336.328
229.814
202.591
308.537
441.005
606.722
601.936
602.481
351.991
290.102
263.3
317.374
552.246
637.584
461.541
596.722
315.173
254.298
207.832
390.254
420.053
607.843
348.372
432.045
344.534
216.843
203.15
293.54
324.349
431.065
244.213
229.813
221.617
222.456
238.986
213.477
231.876
239.043
366.747
567.018
364.604
271.522
261.809
377.723
337.379
555.134
387.882
369.334
366.921
365.6
277.5
182.615
373.522
366.893
387.184
256.26
400.918
588.547
355.038
310.324
395.199
269.435
470.665
226.501
285.927
303.126
415.85
526.345
503.131
254.411
312.773
197.93
168.892
382.725
352.591
313.235
329.149
214.36
401.284
238.114
172.023
208.534
185.042
349.011
421.997
254.162
633.315
270.324
178.746
163.101
249.226
501.77
660.089
318.371
877.405
364.216
260.119
202.483
279.402
584.57
907.997
450.108
985.321
493.516
289.845
294.964
355.125
679.021
1008.42
576.322
902.195
363.272
236.141
286.854
333.013
626.061
933.527
458.404
1038.28
426.172
259.031
293.885
317.808
730.059
1074.53
522.137
1038.59
477.792
144.421
181.409
276.964
750.387
1086.53
575.658
949.826
500.942
231.01
197.64
415.364
812.376
992.006
562.268
559.244
552.698
438.944
277.254
232.071
385.368
549.803
556.264
624.81
637.82
473.47
197.285
276.891
340.347
572.208
654.394
589.402
604.641
334.431
169.908
158.426
249.717
543.144
630.87
512.425
482.38
288.806
218.904
167.11
316.753
485.825
508.127
395
425.099
295.45
259.48
236.56
228.873
363.948
437.242
401.762
476.364
267.479
238.094
208.174
198.075
360.462
488.345
278.439
287.501
216.188
180.28
146.818
163.064
265.961
293.1
363.859
397.614
328.383
316.39
319.454
230.889
338.668
409.181
438.805
405.835
298.664
391.525
249.381
342.294
442.478
415.022
412.327
353.162
230.501
248.364
256.275
309.777
397.203
384.358
643.011
372.559
210.022
230.871
224.755
367.737
637.631
434.259
613.634
356.791
227.617
379.031
228.281
318.173
605.319
417.775
775.296
415.855
222.214
307.061
247.697
492.87
789.263
478.794
758.621
386.021
218.059
306.781
285.353
477.848
767.74
460.54
833.637
364.183
172.969
150.863
223.297
521.218
854.522
450.091
897.401
362.682
162.613
288.94
257.626
474.978
903.489
466.137
921.731
456.322
155.146
198.101
346.214
688.845
962.566
539.838
950.163
546.17
335.226
279.813
285.696
690.149
976.45
583.265
996.117
424.787
222.116
299.802
414.202
754.021
1041.15
527.436
882.433
337.618
224.74
184.961
305.916
651.807
918.465
425.712
668.515
572.172
326.441
241.299
214.389
227.452
620.927
625.908
580.528
553.648
385.829
204.616
165.284
256.87
541.553
577.049
386.71
524.286
428.418
205.317
239.788
277.224
357.595
510.577
396.384
553.71
423.267
232.403
251.232
269.625
357.456
547.588
382.702
402.793
280.233
197.198
240.166
219.314
359.519
414.868
465.431
291.045
351.81
424.922
248.377
209.212
455.275
323.066
348.55
464.985
394.119
280.964
272.883
402.696
353.767
451.637
432.095
485.076
393.632
253.743
269.315
287.099
413.361
487.694
455.803
414.586
212.039
202.149
230.307
294.357
440.859
435.066
619.28
346.038
154.29
206.854
153.854
312.491
616.114
411.673
522.149
403.361
241.754
189.77
209.315
261.021
495.396
441.978
669.574
383.078
116.585
96.7455
102.834
317.251
657.144
452.501
741.49
523.287
271.293
281.276
259.873
291.849
703.371
598.631
830.784
467.229
168.316
226.962
181.582
395.824
817.573
554.93
827.104
455.069
179.164
198.281
198.334
400.133
815.232
544.179
809.735
414.693
227.012
186.014
160.042
384.502
803.323
498.349
918.304
384.095
131.188
226.221
229.29
415.312
917.851
492.075
873.428
450.132
229.471
243.276
233.552
508.19
878.749
541.356
863.111
471.506
234.37
241.883
275.975
636.883
889.42
535.135
676.943
445.036
285.778
334.526
270.342
491.354
683.119
482.657
610.466
663.863
487.119
250.851
176.321
269.747
555.558
682.382
752.63
651.321
298.319
204.931
171.916
315.216
696.207
717.594
524.437
388.762
224.68
269.317
165.591
225.071
500.438
435.929
293.235
363.63
282.656
243.273
244.157
182.864
265.85
370.236
363.491
435.976
280.445
307.558
281.574
222.741
329.135
440.818
444.811
484.834
319.347
168.502
179.684
214.405
410.15
504.793
454.583
307.754
245.418
257.085
214.243
228.007
440.209
344.045
446.252
392.516
234.288
264.959
177.968
268.208
427.643
422.041
722.833
408.89
203.538
196.87
188.636
358.606
717.15
470.464
500.812
575.226
335.677
160.645
192.441
245.042
455.563
587.857
640.389
532.787
282.687
220.523
137.829
247.602
592.995
585.018
580.394
296.699
207.744
408.98
279.013
322.362
586.164
354.838
422.628
326.572
212.189
262.477
256.599
280.819
422.37
350.045
608.06
464.349
199.434
174.553
152.058
245.236
574.908
519.637
719.329
479.74
187.502
317.018
218.076
313.169
690
555.156
829.932
452.312
228.856
280.981
216.222
435.509
827.8
535.232
736.637
354.017
170.158
285.214
208.92
430.429
747.209
429.251
1028.12
423.868
195.978
172.123
229.174
524.392
1031.86
537.27
1077.28
451.526
157.485
195.693
195.719
548.085
1079.75
577.609
946.875
444.499
208.334
267.666
241.829
588.054
966.508
528.9
584.617
518.367
285.137
154.199
124.977
225.49
546.02
552.135
529.492
460.947
278.218
230.086
153.902
232.204
501.87
488.52
471.512
517.777
349.651
179.218
211.34
212.009
430.113
536.223
350.054
456.903
400.144
311.845
220.956
183.936
313.519
455.455
299.094
328.412
299.634
200.091
258.358
189.329
275.531
328.534
344.306
283.579
346.057
645.723
386.038
210.656
329.088
297.418
465.284
470.452
345.019
340.905
289.784
183.373
427.698
488.364
345.211
334.479
225.22
251.263
228.279
244.734
326.777
354.035
423.308
332.281
241.345
237.986
261.49
294.401
422.272
359.837
386.961
538.301
347.544
210.243
251.033
282.802
348.522
537.62
750.492
616.761
312.832
289.053
252.858
289.138
705.071
666.353
537.188
398.06
244.765
320.272
306.048
313.415
514.1
451.655
412.286
379.962
263.476
374.635
236.482
309.811
409.15
398.328
429.491
405.063
230.46
197.82
189.713
265.101
420.321
427.433
616.446
431.505
258.848
329.801
205.416
267.703
595.996
482.979
861.282
569.892
219.034
185.794
169.109
357.594
825.987
661.133
875.887
518.471
169.694
169.894
148.33
424.011
859.636
611.502
729.337
362.486
182.344
219.043
264.064
454.209
739.07
438.47
931.401
418.874
126.987
130.387
180.412
513.523
944.054
519.24
959.901
415.576
171.36
303.252
267.553
616.575
985.799
510.054
719.233
648
290.752
177.565
119.871
276.541
660.541
710.246
447.707
539.598
417.707
227.852
245.494
239.372
403.643
545.996
419.842
384.109
257.788
216.486
217.003
235.597
394.633
404.884
393.836
476.662
345.328
244.186
179.479
241.247
361.333
483.625
390.286
503.946
306.373
235.48
180.896
239.644
350.221
509.792
448.351
547.214
391.815
230.501
155.01
204.265
402.786
559.795
264.895
248.583
307.346
396.868
260.755
216.721
267.341
248.838
470.087
464.874
306.239
201.338
217.45
386.236
473.276
473.338
536.752
613.239
480.215
340.702
266.364
252.535
489.037
619.001
460.341
485.897
291.188
253.393
195.567
239.643
420.945
506.843
352.744
370.763
294.855
360.798
232.117
283.852
344.488
382.278
503.126
464.131
162.6
141.986
122.059
271.451
476.414
509.509
590.791
522.017
221.21
278.522
237.95
337.234
547.28
577.264
557.517
466.473
267.032
243.227
219.04
306.916
531.337
494.189
291.682
264.55
235.646
311.913
334.835
256.802
286.959
273.289
566.598
448.72
236.594
274.019
216.85
269.786
541.338
485.566
789.021
542.244
223.168
260.559
184.376
346.957
753.069
626.258
667.482
452.287
221.958
366.31
242.056
301.793
635.49
524.31
642.599
363.326
208.89
198.443
231.459
484.288
665.713
398.495
855.236
351.593
160.615
190.568
245.188
610.059
896.928
434.261
503.643
479.558
273.482
196.609
162.755
214.701
469.251
504.682
430.471
571.782
390.61
196.329
163.639
318.249
391.043
573.534
320.272
476.473
444.242
349.395
243.987
190.085
283.629
460.724
355.301
512.609
335.478
208.496
135.464
251.456
320.338
507.66
415.278
437.719
353.284
267.467
270.649
259.936
383.994
454.785
318.104
401.068
320.13
334.025
287.621
183.795
287.089
400.418
389.255
308.827
340.082
277.173
283.497
425.84
420.429
304.758
311.92
350.48
341.264
247.665
199.716
208.494
297.229
345.625
452.678
408.304
301.601
345.725
289.487
346.842
446.65
425.623
363.59
325.674
311.462
429.739
269.798
159.59
338.626
343.022
467.14
460.125
272.598
370.05
328.464
359.855
476.635
489.398
335.619
322.379
211.601
304.267
233.291
265.356
317.298
347.09
359.33
334.678
222.915
181.807
248.497
227.229
345.686
354.271
430.438
481.602
298.068
191.278
193.881
205.072
390.337
496.608
645.135
548.982
270.271
306.887
241.781
303.497
600.19
607.98
274.131
203.731
168.597
353.36
310.584
223.965
272.967
220.212
485.314
395.973
246.437
191.097
198.613
244.671
466.931
426.656
720.705
460.44
256.606
430.025
255.54
285.766
691.431
537.127
748.399
424.568
278.51
390.717
250.567
396.144
740.463
490.568
924.664
419.3
174.707
152.855
248.382
632.198
940.59
508.186
490.154
525.575
300.987
151.907
189.279
275.057
450.888
535.488
315.102
531.961
572.513
395.093
316.437
234.991
280.515
507.152
422.139
446.211
412.277
341.669
290.777
203.498
392.089
451.875
264.547
349.842
413.912
343.656
237.843
168.956
248.929
329.7
590.217
664.514
341.684
184.91
150.867
312.618
538.896
685.708
331.152
426.518
390.798
337.396
209.104
254.467
336.08
419.62
366.641
399.924
427.949
280.639
249.998
376.751
366.155
367.155
461.818
479.245
495.434
442.451
405.678
361.599
450.882
457.935
405.252
548.213
423.855
292.196
252.734
267.05
361.382
543.393
394.546
468.697
304.613
294.931
262.317
285.843
373.241
479.313
471.707
390.703
263.726
206.375
184.469
254.532
450.892
415.685
259.059
386.489
407.801
345.15
310.923
207.298
236.227
373.147
444.468
365.303
259.769
243.21
169.874
212.888
427.683
380.573
622.06
461.431
247.392
223.34
162.33
307.902
601.676
505.285
661.304
552.34
279.102
193.244
257.786
267.139
609.56
608.816
741.013
497.061
207.076
243.571
229.621
345.914
712.604
568.976
555.411
432.876
205.747
149.475
142.207
270.98
533.931
472.123
372.667
377.196
224.863
281.017
274.566
308.01
351.736
396.447
749.142
468.511
231.642
261.387
194.308
266.6
720.296
541.641
807.204
362.779
228.404
311.161
326.039
646.643
854.368
430.725
355.763
557.699
495.648
348.503
278.978
265.121
322.105
538.917
516.246
554.104
370.688
175.923
136.686
249.815
475.583
570.681
367.327
551.007
478.756
337.79
301.294
274.519
331.746
537.557
331.282
446.085
433.09
472.396
311.343
247.957
304.456
436.773
354.488
351.691
284.385
307.636
409.184
360.819
346.797
369.528
367.069
365.806
348.182
307.766
202.716
233.991
352.231
369.064
406.832
319.056
283.77
355.877
288.986
226.111
397.493
329.858
348.987
511.701
538.687
353.936
267.966
263.55
330.78
488.548
329.591
315.81
252.978
240.23
198.17
221.509
326.336
315.709
398.847
529.32
419.271
356.76
382.303
265.952
359.627
521.033
522.44
507.476
501.483
407.732
344.598
252.477
490.544
516.797
463.644
461.513
289.203
264.31
227.565
343.353
475.712
473.465
437.198
461.854
331.616
230.376
150.824
263.136
411.625
476.054
501.586
556.147
346.272
207.406
162.333
340.893
467.277
572.879
491.577
384.643
233.738
203.822
200.598
298.755
482.716
416.085
622.376
488.895
228.746
377.024
279.815
230.725
577.871
547.126
640.673
647.185
308.81
233.214
176.156
303.363
580.006
683.738
695.469
473.193
198.491
238.169
205.201
342.136
670.491
542.879
666.762
483.412
208.048
136.988
158.131
262.448
633.828
546.833
855.699
401.687
240.755
222.154
191.848
500.17
874.962
477.22
590.428
591.591
546.682
368.611
335.495
423.59
592.644
584.298
461.872
583.059
460.849
290.693
255.809
198.916
409.11
581.295
352.116
524.257
557.99
481.019
300.211
337.387
339.722
504.706
335.323
410.332
475.965
405.58
226.113
237.582
327.19
398.452
283.548
351.008
485.171
501.547
271.468
230.264
285.864
324.362
225.503
227.435
319.809
534.809
443.464
195.516
222.091
221.356
417.937
437.781
430.388
305.328
185.8
287.774
427.543
430.282
275.672
344.472
403.188
295.684
240.521
213.839
266.175
316.483
371.942
543.861
527.352
254.606
306.91
376.071
338.722
508.439
292.662
336.054
339.692
265.998
191.832
203.158
282.698
328.446
315.285
440.477
395.125
231.113
277.554
256.573
302.48
420.843
484.802
589.266
482.002
306.232
266.001
283.13
444.249
600.155
340.053
402.461
300.521
189.249
145.741
200.132
311.967
409.186
459.946
409.546
351.551
295.605
171.383
275.661
455.193
410.8
565.408
398.758
379.802
338.277
370.439
309.993
556.617
432.09
424.969
345.06
261.286
253.446
259.689
298.632
410.465
366.492
617.892
452.972
271.712
242.125
220.075
310.066
602.195
495.398
565.613
500.363
301.196
416.994
276.006
259.122
522.688
544.226
733.623
554.727
283.954
231.843
176.228
258.682
686.5
610.453
986.531
487.464
262.967
344.568
248.673
393.037
954.824
604.879
253.916
428.938
476.839
343.112
171.743
186.011
236.841
394.579
398.912
420.542
392.238
324.235
207.64
277.414
383.835
418.559
169.018
260.848
344.958
339.261
344.24
246.224
168.933
244.624
255.441
381.214
523.253
502.695
267.893
146.147
232.929
353.563
272.503
370.296
373.445
292.552
314.43
342.78
272.704
353.401
312.659
460.219
575.424
419.329
307.754
255.196
307.455
421.289
175.64
240.753
458.987
355.007
288.285
255.132
173.263
208.133
298.565
436.38
454.28
320.13
250.459
202.13
269.277
414.605
347.739
386.415
320.102
352.148
238.941
266.673
346.932
374.937
376.42
443.143
361.008
385.651
232.116
212.56
345.158
447.445
294.115
426.346
437.525
344.737
300.356
207.405
266.348
414.821
307.395
355.48
312.143
311.265
224.263
217.874
295.395
348.185
441.611
554.805
463.646
349.853
276.596
241.891
404.565
554.619
377.145
445.042
332.412
306.639
261.412
267.838
353.858
444.283
297.763
478.702
443.61
356.836
378.395
247.642
268.563
447.742
489.956
597.602
325.338
389.898
320.068
429.716
453.901
615.861
359.884
502.831
522.848
284.475
262.636
264.094
329.231
470.468
428.926
565.592
423.406
281.653
297.31
342.877
398.508
564.76
571.024
428.439
271.24
298.319
205.79
293.549
550.204
468.842
713.76
549.562
259.596
355.14
261.624
331.706
673.987
620.969
