692.111
919.929
549.994
287.783
284.415
532.87
649.261
921.935
625.892
902.779
659.807
314.135
295.894
480.103
564.723
891.424
748.262
861.711
545.74
317.856
319.135
413.66
687.558
893.423
494.059
672.464
434.585
367.393
288.214
314.044
438.178
671.76
435.792
610.573
564.973
410.325
232.964
313.518
403.924
599.072
360.15
589.114
633.627
466.568
256.015
221.78
319.633
551.479
435.873
758.613
806.707
505.507
344.647
308.023
388.142
718.191
372.482
591.957
694.462
494.884
277.282
321.939
342.453
550.745
359.006
481.688
509.759
525.787
282.304
266.978
330.292
476.916
171.169
367.323
683.148
639.8
320.354
194.806
157.564
313.664
186.46
216.015
478.142
810.057
477.921
162.143
185.778
209.508
212.527
206.736
444.958
810.909
461.365
196.502
197.581
218.371
447.089
299.953
437.454
549.098
453.175
366.046
455.502
311.262
563.52
300.181
276.346
324.513
350.167
430.388
575.095
347.415
365.211
237.705
303.113
396.679
375.437
396.539
377.669
246.964
655.939
366.603
303.445
274.442
523.587
779.204
703.996
386.326
932.923
533.785
338.159
266.915
445.713
799.357
975.225
607.239
839.436
411.987
383.942
303.5
434.959
863.821
917.609
449.167
987.723
338.835
206.223
179.137
267.065
743.367
1046.68
418.058
809.057
434.884
310.533
485.237
368.211
664.845
852.52
486.926
927.135
869.262
501.968
275.953
308.944
463.433
861.199
927.156
684.276
839.366
591.129
318.979
363.308
460.236
616.84
838.815
832.364
753.603
434.085
215.964
212.681
319.296
770.407
797.774
479.107
453.769
309.096
346.66
244.348
271.617
437.394
483.294
514.489
727.098
625.355
325.68
412.415
404.834
470.47
696.619
360.505
614.553
631.722
402.799
343.467
312.572
316.912
578.703
527.968
660.393
563.762
264.988
263.419
321.036
479.632
640.127
313.971
458.756
493.333
334.183
303.768
262.796
291.259
431.108
404.611
520.48
459.295
396.04
293.472
277.234
387.013
513.594
281.114
353.354
644.085
688.143
329.882
276.085
283.726
320.013
128.723
182.011
502.147
811.488
454.27
170.771
125.538
165.873
131.403
180.786
366.635
645.117
608.174
309.85
141.666
155.201
490.299
296.962
405.853
486.254
540.567
472.553
496.648
328.734
435.156
279.973
348.556
406.413
656.26
684.319
479.262
284.075
373.923
460.329
334.836
331.175
384.497
471.335
391.137
451.202
706.615
518.232
212.032
267.407
420.967
759.099
723.883
576.148
973.216
488.549
286.34
157.826
391.774
734.96
1002.58
570.313
746.184
553.179
450.468
397.723
425.761
910.977
823.602
541.572
875.001
543.529
226.781
129.94
294.28
863.95
957.795
608.461
948.237
589.874
197.474
219.769
259.28
826.745
1024.86
657.156
839.75
983.625
571.31
198.023
237.329
376.198
745.954
1027.6
881.199
956.016
480.433
215.132
260.338
555.334
807.405
988.808
682.776
874.232
482.021
207.048
215.767
367.221
609.025
882.479
564.393
807.042
720.664
448.222
324.823
374.824
505.144
798.371
540.854
409.727
316.396
277.6
289.941
316.058
515.806
451.342
476.892
565.904
418.556
339.26
207.654
287.087
435.76
576.512
629.836
736.284
489.631
335.606
309.569
354.917
575.887
749.301
487.232
716.083
553.25
373.523
318.144
377.179
447.511
705.18
242.98
484.068
657.458
471.419
303.518
304.328
231.672
427.623
439.086
362.678
366.448
475.395
420.011
426.429
451.854
373.052
383.75
282.668
522.832
531.751
327.638
259.534
371.807
295.607
276.563
163.026
264.408
713.368
722.312
432.089
297.117
179.312
473.271
320.626
372.656
620.733
583.224
373.551
462.376
362.426
420.727
350.787
333.536
338.679
566.201
658.804
438.783
349.408
543.872
436.236
313.28
376.616
657.169
862.171
599.18
460.243
615.604
395.113
366.886
268.516
624.497
881.088
676.572
407.095
845.005
468.306
260.254
208.783
363.729
622.398
871.692
539.266
1139.39
629.154
336.484
222.149
378.794
914.729
1191.55
694.301
1015.33
514.688
223.572
181.847
242.589
689.759
1074.74
573.357
1129.64
461.507
227.387
231.429
274.794
733.959
1177.5
552.489
705.839
814.19
482.914
244.181
248.809
442.729
649.98
833.615
755.723
831.72
502.377
294.169
295.021
485.254
694.001
858.134
526.361
591.872
439.582
316.035
371.681
447.512
510.808
596.706
698.028
507.817
232.187
210.817
178.9
352.717
677.744
565.57
521.664
595.785
495.799
353.242
325.637
313.027
495.559
583.044
470.298
681.049
486.961
312.891
249.685
258.502
411.442
671.505
560.073
684.905
507.81
309.208
276.856
427.822
519.53
690.3
371.257
383.886
597.792
505.327
509.814
303.65
356.579
370.387
284.513
385.396
427.887
484.876
312.897
232.87
263.25
379.436
250.08
292.286
513.96
481.384
310.476
195.08
242.928
271.057
243.801
253.433
271.551
541.534
525.675
320.011
237.482
257.664
432.248
294.776
317.219
573.868
552.279
342.077
439.163
310.375
443.294
227.643
249.221
315.857
429.294
357.501
454.886
240.029
423.696
277.537
302.959
381.351
360.79
353.733
428.612
295.466
643.724
435.411
255.312
282.068
293.588
489.346
641.75
490.809
815.855
404.108
222.138
264.773
484.39
730.751
852.222
464.351
979.903
632.707
378.075
378.58
393.386
638.839
967.04
707.464
917.686
576.345
373.442
306.729
479.049
1028.61
991.416
604.87
786.794
390.198
272.322
173.725
326.46
829.642
868.014
410.408
962.072
481.398
382.438
383.698
407.277
742.558
1019.01
514.684
1162.79
893.994
388.004
217
221.596
390.723
1073.2
988.794
991.147
951.298
485.003
223.615
232.43
413.87
906.766
1008.68
562.623
523.254
459.249
441.775
260.067
366.063
537.496
539.591
524.197
655.836
549.147
420.639
268.486
340.83
481.335
662.6
511.159
453.117
344.373
243.048
203.474
266.768
494.77
470.836
549.441
480.555
362.659
319.081
337.346
311.424
529.076
505.616
567.34
671.687
485.674
467.186
412.986
422.746
528.054
682.535
444.593
500.134
564.009
482.975
289.979
244.485
420.906
483.044
438.6
504.662
605.904
527.976
451.583
276.336
400.572
504.07
257.076
265.886
602.792
828.023
466.443
257.718
255.902
239.924
309.446
226.464
275.017
427.713
498.982
397.403
325.488
235.123
293.759
190.306
341.748
646.021
741.4
406.398
306.843
193.223
425.627
256.558
201.397
452.18
465.536
457.042
450.28
278.349
580.375
327.516
311.018
336.39
491.757
711.206
636.695
355.262
721.453
402.756
216.837
193.73
402.004
795.317
782.952
450.395
908.604
544.225
260.97
267.728
273.971
694.646
951.836
598.139
1135.61
442.611
200.751
181.475
223.929
611.696
1158.57
562.214
1032.04
391.401
234.487
269.693
281.938
668.337
1076.81
479.025
1006.64
507.637
159.13
173.696
274.415
873.089
1094.27
574.688
1179.63
422.5
201.43
164.94
233.36
788.857
1241.89
528.067
919.468
838.205
434.091
263.587
240.757
356.961
849.731
894.392
699.66
697.618
391.818
232.544
251.269
461.837
663.217
729.242
602.641
694.222
368.342
308.202
208.009
283.21
544.445
713.251
760.262
607.66
356.709
304.562
264.08
367.794
726.752
655.511
651.432
681.059
455.838
236.467
163.1
197.01
586.618
713.26
597.302
762.809
587.573
304.142
277.206
286.546
528.655
766.137
526.953
647.238
495.499
313.541
213.25
250.366
482.324
642.195
411.739
349.602
438.363
654.964
395.203
285.413
396.569
354.932
267.6
275.053
512.589
629.253
292.462
170.795
261.406
272.246
175.492
178.108
179.637
345.898
404.001
273.975
181.804
174.478
229.705
187.287
260.71
455.164
344.776
214.914
232.787
189.498
197.83
263.9
383.958
432.603
621.407
548.184
230.819
231.122
659.872
333.324
253.055
350.348
417.347
630.356
695.934
375.007
529.177
371.619
284.653
329.754
433.387
472.548
537.927
406.664
697.283
506.669
276.376
258.414
403.991
682.633
713.673
560.787
715.398
466.457
313.62
263.209
382.326
712.393
752.208
496.203
1176.41
532.883
146.499
161.834
316.955
824.163
1224.71
649.622
1199.52
497.27
152.709
116.704
231.922
861.885
1271.17
597.827
1036.64
400.171
239.096
329.156
383.282
836.173
1101.96
496.072
1112.42
455.593
249.501
243.865
293.555
799.572
1153.7
548.406
970.548
977.985
469.668
239.942
223.545
437.707
875.001
1037.7
617.47
701.167
429.351
282.833
292.396
338.802
566.067
721.535
516.597
724.991
604.229
309.844
262.951
359.611
469.111
713.932
592.071
396.177
335.424
321.837
221.175
294.815
576.929
438.411
594.656
554.237
417.08
283.863
192.888
254.845
555.382
579.57
661.012
597.457
435.177
345.679
303.86
306.294
620.758
631.179
780.933
771.59
570.425
384.149
227.858
366.931
713.826
815.615
489.648
582.229
373.397
267.446
232.277
210.022
440.755
603.026
389.504
456.254
690.085
590.071
444.493
302.883
388.6
425.729
305.613
343.166
374.467
573.658
446.088
377.94
296.31
350.742
234.139
248.336
349.551
384.307
413.685
412.586
251.481
235.307
315.955
245.093
288.711
374.017
641.162
501.508
327.631
249.266
322.351
344.393
428.921
374.601
547.554
606.96
345.301
330.951
826.713
387.277
343.238
378.029
409.167
728.062
882.172
451.247
1013.78
434.776
248.302
192.127
268.27
672.786
1048.62
513.462
957.484
373.807
147.215
181.765
309.329
730.851
1005.43
472.372
1317.12
572.782
210.188
161.265
293.474
882.625
1364.42
697.528
1163.42
558.667
208.088
177.701
331.347
846.144
1218.19
660.132
816.391
319.224
252.45
315.883
330.471
535.634
839.911
399.862
1119.93
494.729
216.409
185.755
323.054
792.325
1153.71
593.345
1111.48
949.919
517.163
280.213
293.058
397.165
1029.29
1037.69
632.233
674.789
377.048
191.057
176.982
365.515
601.694
693.62
974.904
860.869
428.936
225.534
214.072
421.83
901.863
936.28
719.422
761.495
445.763
282.179
221.267
305.543
655.402
802.016
818.579
776.092
387.484
209.751
190.278
280.612
745.713
838.166
852.391
697.148
311.225
170.827
174.675
349.13
796.083
771.492
465.908
712.964
423.461
273.46
195.56
341.497
409.078
701.305
416.056
476.416
555.486
472.428
420.49
255.086
379.355
477.998
403.509
454.259
391.191
350.701
266.342
236.472
374.75
458.137
253.038
220.291
298.197
412.377
307.633
260.428
257.128
226.252
270.61
228.627
282.236
283.141
359.886
399.86
294.525
214.454
508.604
268.65
216.652
278.005
314.003
410.135
519.628
310.935
630.125
408.743
364.127
379.06
363.21
657.317
666.255
435.392
825.419
353.714
214.495
232.913
362.633
677.48
873.568
422.168
888.964
389.855
169.144
188.665
257.149
619.4
924.471
475.784
1002.69
464.69
191.579
200.727
292.905
701.862
1037.02
561.063
1466.27
607.157
217.483
183.35
237.064
791.121
1482.95
768.174
1307.62
534.567
316.948
207.826
319.31
822.763
1342.63
651.308
1224.47
505.37
197.743
266.952
250.045
663.741
1239.47
639.929
1241.64
563.109
218.513
239.058
239.961
824.376
1291.61
684.038
1133.48
837.866
343.303
231.723
294.68
486.809
1075.14
942.955
944.226
632.978
338.34
255.218
259.012
441.636
917.694
716.879
809.548
581.262
254.28
190.803
205.703
362.419
778.242
652.737
620.287
601.151
424.456
247.411
223.259
310.047
573.282
627.008
742.951
590.453
307.951
228.597
186.988
399.012
704.108
651.257
594.231
559.134
428.293
254.425
208.996
262.116
544.776
581.884
591.299
465.902
346.81
295.547
330.521
343.904
581.08
485.128
513.295
462.658
404.173
302.149
241.986
310.199
500.978
480.966
249.673
353.344
428.011
441.659
446.761
272.529
246.79
327.448
603.434
383.008
343.808
391.336
317.427
458.342
628.457
406.943
287.017
220.724
269.355
324.188
371.916
412.609
310.778
209.02
534.581
234.167
174.761
210.694
321.351
530.478
570.926
277.481
505.278
311.777
319.361
339.167
494.466
442.619
518.307
332.447
618.77
380.378
290.641
214.689
259.697
397.915
615.807
431.409
773.278
374.072
162.723
180.295
224.561
422.526
766.075
464.949
922.701
590.045
291.031
228.213
382.334
883.878
975.039
627.732
1022.28
474.03
190.793
244.836
301.352
744.402
1071.94
564.34
1152.03
555.001
175.911
198.748
203.969
764.895
1209.86
641.878
804.209
469.228
300.568
368.313
419.103
521.32
809.024
510
1019.92
652.116
436.609
358.861
491.491
994.927
1102.06
726.006
822.385
891.622
535.011
289.634
279.378
415.234
735.434
939.203
660.859
717.529
468.626
295.465
275.254
287.858
599.477
752.438
575.261
612.005
417.056
312.913
241.63
327.781
538.415
630.571
657.095
606.647
314.509
218.196
170.551
232.545
603.501
643.879
724.431
543.01
210.839
165.69
150.212
302.981
678.269
613.039
825.191
746.682
364.566
245.22
144.25
297.26
749.521
810.517
547.58
391.86
336.182
354.292
292.182
307.564
542.064
425.069
250.005
421.673
441.892
406.04
350.348
340.401
239.784
385.209
331.057
481.521
594.215
486.515
405.389
242.532
299.95
461.629
545.587
413.177
347.513
466.261
422.106
635.902
575.632
439.558
465.127
264.286
304.222
359.187
451.371
491.847
490.689
284.62
623.931
402.37
261.389
333.486
412.471
427.246
617.98
455.856
534.663
441.283
303.609
430.473
345.475
526.968
567.557
448.066
713.004
310.48
158.273
195.872
205.317
478.412
733.081
377.857
783.681
366.161
167.114
138.33
197.925
539.983
816.967
429.701
1209.13
652.015
220.459
90.5391
215.039
726.976
1224.11
755.746
1669.81
697.439
147.761
173.63
172.778
648.206
1641.06
912.577
1669.93
657.708
346.103
330.437
347.727
787.752
1666.81
856.529
1536.45
623.335
120.195
249.773
194.902
596.632
1527.99
814.436
1066.79
529.052
335.951
242.98
271.213
786.729
1120.62
604.601
858.107
717.948
340.285
222.051
188.9
397.645
802.766
790.798
902.432
674.344
276.598
160.549
190.329
322.251
847.566
762.955
595.591
650.982
305.738
315.971
222.927
456.485
567.034
685.406
464.199
511.845
376.064
306.367
191.757
360.228
443.528
516.567
664.952
595.749
275.325
123.664
151.124
317.898
619.124
647.988
678.194
754.529
406.757
179.283
309.883
397.463
606.461
793.921
581.306
694.478
419.825
288.577
288.309
278.839
521.495
704.254
460.36
678.78
619.579
430.272
236.925
247.661
407.952
663.362
486.766
579.501
446.058
371.486
335.975
514.217
515.272
560.35
391.096
328.503
243.63
327.038
339.201
517.349
426.915
325.099
550.928
288.654
271.369
357.452
289.211
469.06
579.355
327.18
432.16
307.112
364.423
464.026
464.287
309.368
428.628
332.489
922.943
447.615
161.059
200.329
231.94
580.349
945.651
540.274
1030.14
488.019
198.774
137.509
184.284
635.239
1061.58
581.049
880.786
432.357
197.229
194.944
259.263
606.972
907.309
502.751
1538.83
644.153
153.312
124.988
135.814
558.61
1515.82
837.336
1235.49
605.619
172.44
95.3528
199.115
722.934
1254.97
727.018
1108.5
470.396
248.089
262.12
238.897
638.449
1132.1
585.755
975.497
464.886
216.027
126.56
206.721
699.682
1024.59
535.806
1223.46
750.805
419.562
366.628
415.016
921.604
1296.31
819.832
891.438
726.264
381.63
319.817
238.799
398.981
843.533
788.047
592.28
676.734
467.09
348.497
318.761
360.748
548.766
692.125
733.048
631.69
454.898
406.783
348.33
384.411
696.69
673.24
496.003
444.932
256.566
268.219
195.268
241.961
471.6
473.855
625.955
423.572
283.892
196.842
206.917
354.656
619.286
475.37
803.762
547.249
308.251
254.347
189.585
337.055
776.201
616.863
709.722
786.148
462.007
343.24
286.274
347.903
637.857
814.864
353.67
518.934
334.249
368.047
271.867
362.927
331.373
496.312
522.835
433.601
448.303
515.044
394.634
349.428
512.736
434.902
308.041
318.15
352.892
423.114
299.914
284.771
309.647
310.648
457.25
278.842
231.062
374.908
367.702
397.443
480.554
306.663
543.154
338.355
225.813
220.463
182.329
324.612
537.942
378.989
942.904
403.725
142.445
161.698
186.655
481.449
948.955
506.295
879.226
394.818
163.575
161.473
181.234
494.018
888.916
489.764
1046.16
561.569
152.326
121.309
170.849
570.939
1049.95
670.337
1063.19
516.895
192.795
149.326
181.241
534.618
1056.7
633.694
1085.57
540.868
200.587
225.737
234.951
631.07
1098.81
653.342
1333.13
520.145
171.846
176.111
278.451
726.301
1348.18
666.18
1452.28
622.287
220.492
256.89
183.746
588.845
1445.58
792.213
1340.93
598.141
276.751
236.775
312.47
764.344
1351.92
726.199
858.077
904.806
468.324
223.922
240.131
441.143
780.277
945.094
679.613
713.453
364.015
177.938
168.481
348.821
638.482
736.484
796.634
752.862
411.068
211.076
188.726
283.471
726.545
796.585
739.46
620.14
415.433
355.358
217.754
239.589
679.813
676.39
752.195
708.751
433.109
303.374
279.798
295.939
688.375
748.302
504.741
444.701
234.833
141.494
153.939
287.168
470.768
467.784
420.788
470.816
385.179
351.333
250.918
275.997
396.66
471.081
574.351
778.725
543.703
425.491
372.011
368.753
515.019
776.702
371.646
468.617
329.75
225.399
235.757
263.937
339.555
464.158
373.102
340.054
218.641
222.914
188.681
297.299
365.046
349.309
796.939
413.552
191.971
185.472
191.673
453.476
798.529
495.438
543.685
265.987
250.74
297.651
320.811
501.28
572.869
292.536
928.334
360.003
207.752
171.357
210.009
541.91
954.311
451.879
1040.24
412.18
109.59
151.256
184.82
465.05
1033.63
542.043
1045.66
585.579
259.824
267.99
227.907
600.541
1061.66
691.631
770.11
413.675
301.667
366.974
249.038
433.901
769.997
489.801
776.484
417.276
136.593
148.234
139.129
379.765
763.585
502.07
1185.49
577.185
137.064
101.329
118.102
483.278
1161.56
713.373
1076.25
517.074
153.334
139.064
198.528
576.052
1088.11
624.454
1142.68
468.763
234.295
167.735
378.596
906.867
1196.71
555.656
781.993
706.729
393.671
308.841
294.51
372.522
723.455
764.742
787.804
616.564
319.173
202.853
240.845
543.386
776.089
667.003
517.247
549.345
381.614
258.284
302.296
301.583
481.024
561.16
705.328
492.426
191.169
323.411
260.293
310.16
674.261
561.87
624.767
626.358
327.773
160.797
167.053
246.281
568.369
658.81
819.539
791.428
335.386
175.221
129.167
291.679
740.305
860.625
532.288
499.173
409.078
319.402
249.016
311.521
522.172
518.258
396.387
451.469
277.387
204.575
161.635
225.147
365.821
466.712
580.62
420.023
351.982
399.349
368.335
358.906
562.229
458.3
521.743
470.354
221.505
222.038
144.35
213.128
475.988
516.86
776.036
530.041
257.613
234.642
164.498
333.6
745.546
604.796
1014.76
580.717
198.165
115.738
169.755
389.342
984.711
687.471
743.292
422.383
192.111
154.854
173.445
360.502
730.465
499.658
604.889
389.607
252.043
291.181
241.367
322.221
593.406
440.961
1160.57
565.119
169.4
147.56
134.626
452.641
1131.3
698.377
1057.93
601.073
198.5
226.356
196.168
549.564
1051.77
709.598
986.449
547.444
225.083
227.742
208.314
360.833
941.738
663.199
1117.44
639.418
158.98
129.298
149.372
554.504
1105.21
757.533
1130.48
485.842
164.356
166.202
233.455
644.676
1148.68
607.342
1103.47
591.259
207.645
290.65
267.041
608.848
1100.76
705.117
955.923
723.606
299.961
208.078
158.56
339.05
897.248
813.53
855.193
711.119
365.979
257.384
264.145
302.423
791.73
782.102
667.956
740.702
462.087
356.868
259.021
384.43
606.32
776.639
487.832
522.073
410.155
313.171
327.274
598.985
522.475
525.831
255.974
278.826
280.926
330.593
301.104
229.708
244.483
284.008
401.301
272.183
334.025
557.065
356.22
281.472
391.602
285.472
632.442
704.503
586.223
335.073
282.555
258.885
575.685
712.078
593.014
553.989
343.033
267.619
245.757
186.811
542.866
594.385
597.505
408.717
399
286.551
270.404
300.07
583.979
452.993
619.789
484.947
300.328
265.549
229.801
318.04
588.998
532.171
356.462
354.718
229.477
155.375
181.016
248.162
338.261
368.107
675.875
606.536
322.734
227.1
247.081
413.425
631.334
649.458
933.355
464.453
151.655
111.514
116.266
317.511
901.52
574.589
852.815
414.304
156.412
186.135
188.672
347.02
829.21
512.457
819.347
570.771
250.503
165.283
167.755
317.278
780.515
649.928
997.25
594.628
192.625
168.903
127.712
469.216
978.701
695.823
1065.84
500.006
194.494
191.853
158.14
361.99
1036.16
631.413
902.458
572.579
357.017
279.135
242.881
497.343
897.607
644.322
1198.19
599.233
161.725
204.311
238.834
740.253
1225.32
708.855
713.611
337.65
196.472
252.631
280.124
498.304
730.336
400.699
819.45
842.374
424.875
246.424
206.92
376.498
742.473
903.358
468.754
446.092
286.379
298.969
372.35
428.432
460.926
468.582
630.557
675.79
477.061
330.855
302.579
336.276
599.044
678.757
634.395
730.032
433.763
243.514
182.581
318.607
574.336
751.404
771.864
752.553
364.275
184.837
175.801
284.588
700.463
810.751
700.492
534.143
213.337
177.61
162.668
365.917
682.217
586.94
465.854
517.176
255.581
172.262
149.141
263.278
419.845
543.757
729.337
717.492
406.054
224.162
214.051
395.42
678.656
754.523
450.593
542.849
402.496
387.561
246.433
253.91
412.719
547.243
517.347
547.194
368.047
199.294
223.674
261.28
467.493
570.425
596.175
544.654
278.211
219.188
174.424
308.496
554.925
588.516
582.695
411.389
238.328
252.994
147.092
202.309
547.102
464.639
934.654
615.781
233.202
134.235
120.848
318.846
888.002
710.359
935.703
509.595
267.956
356.562
179.957
322.195
896.734
618.784
950.893
562.441
165.32
121.755
135.039
457.432
934.032
662.124
898.968
646.77
270.83
148.244
192.182
360.846
854.446
725.357
743.012
386.081
164.948
115.277
178.75
396.536
743.921
462.791
807.543
442.26
185.493
223.106
197.15
416.423
799.268
527.43
1198.62
726.14
206.258
203.304
192.169
560.155
1170.65
853.238
972.39
642.171
322.594
404.848
364.278
887.629
1048.31
711.664
552.343
462.786
382.629
321.517
272.422
287.927
528.458
482.909
514.749
550.593
389.408
350.711
244.227
283.647
467.322
575.727
623.747
667.792
408.17
302.321
207.948
334.451
579.118
690.119
490.861
429.146
321.777
409.71
414.641
507.304
500.975
437.168
492.635
483.409
325.018
356.882
368.944
385.679
476.502
492.67
645.587
761.786
428.352
239.172
285.498
350.371
573.34
778.391
540.529
652.811
334.944
182.231
149.921
263.978
486.618
677.726
369.978
566.813
376.444
320.087
234.862
292.674
329.564
555.938
479.539
497.92
335.759
329.83
229.521
235.649
440.192
523.411
553.053
587.828
345.137
172.876
195.747
281.294
505.234
617.989
674.917
457.31
219.027
154.365
155.466
288.916
646.632
521.866
560.273
467.784
231.415
187.496
168.058
227.305
518.31
509.007
827.992
588.895
215.196
160.525
118.604
330.858
790.863
671.074
816.332
678.523
302.453
229.685
186.211
311.907
758.737
749.69
649.662
485.08
249.819
148.46
171.285
325.577
628.03
529.708
664.719
521.172
353.099
256.283
264.518
336.185
633.115
565.123
636.205
445.95
195.02
181.557
211.956
407.989
620.171
507.107
482.999
285.946
205.687
169.285
195.692
338.333
486.251
324.952
1083.09
581.677
184.528
184.198
226.809
641.786
1095.04
686.449
1049.57
504.488
198.117
191.673
199.779
683.729
1096.5
592.034
510.563
405.05
382.717
415.765
419.104
326.236
493.861
432.819
860.6
511.494
342.566
624.395
422.311
459.306
858.843
584.806
539.482
656.36
400.431
370.241
315.474
492.546
526.573
663.19
686.02
567.069
449.709
246.942
303.753
400.553
683.766
569.058
472.298
572.358
488.927
379.878
343.601
288.081
440.143
574.661
327.502
347.045
325.272
324.248
270.809
249.244
293.778
368.594
415.561
524.541
393.003
558.342
291.68
264.968
377.843
527.873
421.668
399.028
541.636
448.787
356.439
340.386
402.902
394.548
462.275
424.479
289.011
270.235
211.511
224.301
434.14
447.674
339.683
348.345
291.681
279.115
173.337
170.283
323.073
352.986
753.515
541.993
317.369
240.779
175.798
351.265
730.731
592.15
636.737
423.382
290.084
234.566
222.886
284.59
615.146
480.756
617.043
497.309
285.598
229.241
153.822
318.399
590.684
544.113
822.011
579.583
258.865
149.199
166.394
315.25
784.658
652.654
681.944
502.397
294.322
171.507
169.762
298.113
655.177
551.701
916.494
604.594
228.594
153.728
164.052
403.054
886.838
692.19
912.276
444.813
416.874
451.035
365.951
503.313
915.288
517.773
474.896
313.491
231.916
247.005
211.354
338.524
478.279
343.955
964.195
693.958
417.948
359.471
355.832
541.562
936.158
764.909
1340.89
554.536
208.603
160.541
182.642
551.909
1323.78
720.282
770.488
826.813
523.207
292.435
281.201
731.938
783.615
828.975
694.069
582.925
444.868
331.876
218.965
306.873
658.269
618.409
437.107
468.346
339.793
505.855
427.937
466.146
444.79
472.688
774.328
529.518
365.314
443.989
269.857
430.502
758.451
585.939
477.554
583.812
348.573
185.023
165.127
248.312
428.37
599.635
512.81
777.542
485.449
209.159
159.53
288.892
443.604
767.505
325.204
527.699
465.186
283.015
337.094
267.047
288.359
507.675
392.444
339.396
320.475
458.3
336.622
274.706
384.878
355.229
616.212
705.381
467.468
245.31
167.782
223.012
550.503
735.064
586.904
583.058
316.358
289.731
267.606
332.999
546.956
613.343
652.415
735.705
358.093
214.104
164.943
350.614
587.145
764.127
597.204
719.389
369.64
277.842
225.399
321.21
536.074
736.663
631.534
734.035
452.894
268.644
223.101
314.243
572.398
752.395
763.027
787.031
384.064
147.438
134.363
346.924
694.216
824.63
900.249
699.746
297.561
147.127
165.268
332.584
837.992
774.971
1218.78
757.482
261.7
175.882
155.383
344.828
1147.45
891.583
1124.06
730.443
310.193
213.793
214.778
420.246
1077.22
831.366
451.794
393.963
205.662
156.283
201.147
328.207
440.319
414.684
1188.3
663.337
156.205
120.522
156.49
570.426
1171.24
792.276
1013.32
526.925
309.22
223.62
289.765
388.182
973.896
649.402
453.755
520.109
432.328
405.182
363.98
468.269
446.152
515.871
357.235
603.628
533.343
354.575
230.818
318.542
329.231
574.756
457.832
650.897
491.881
310.036
312.18
423.734
450.824
635.042
451.582
421.547
328.094
241.82
216.757
267.135
454.303
418.934
410.562
353.736
312.454
249.471
287.467
299.053
399.247
363.418
352.928
418.398
380.425
298.772
208.085
219.047
334.168
412.039
464.655
517.081
316.078
236.748
240.75
352.844
439.632
533.082
401.181
696.997
804.931
504.093
421.03
247.303
349.433
657.287
366.42
386.64
332.599
259.678
260.341
283.937
363.009
373.822
574.28
496.56
305.579
237.051
197.618
296.542
539.444
536.104
487.826
509.053
329.238
290.22
200.237
279.588
454.11
530.154
459.812
504.056
371.74
303.334
312.894
223.335
419.96
518.141
604.477
511.929
271.888
165.316
139.68
286.495
585.13
541.778
808.823
590.484
246.43
114.725
98.849
285.29
762.45
665.432
762.673
568.052
311.487
265.742
204.767
323.539
724.118
631.482
848.537
645.278
285.368
142.432
131.019
279.725
794.35
720.465
847.174
615.218
272.237
136.123
156.947
335.01
804.971
692.361
905.698
560.781
260.562
214.416
205.795
436.946
889.802
634.788
952.377
741.549
314.601
256.847
243.829
445.547
895.584
827.353
1395.58
576.059
235.176
319.598
250.419
592.918
1384.21
750.088
