815.17
929.393
623.517
274.349
259.66
338.983
727.308
963.289
677.823
775.979
560.616
348.001
262.677
503.654
630.61
790.774
730.377
816.483
536.478
304.957
241.814
576.148
707.213
837.549
717.448
830.273
412.815
264.363
246.676
513.91
657.58
860.433
564.719
759.63
503.974
240.714
262.357
413.131
509.833
754.773
510.495
860.029
710.973
382.334
288.699
341.049
445.075
826.841
422.611
625.034
611.022
330.507
360.991
360.398
383.323
582.065
456.487
618.198
513.178
345.407
305.247
324.644
411.056
605.577
453.603
627.06
550.175
517.629
307.525
320.806
423.398
618.312
172.181
389.122
698.525
566.982
362.546
193.9
158.92
335.067
128.882
204.089
396.782
449.271
380.418
227.754
129.027
177.096
199.671
180.161
385.551
682.003
440.053
194.496
200.47
173.204
190.169
195.353
289.225
347.15
429.175
277.519
194.261
186.538
449.055
270.455
299.959
457.558
598.786
574.241
484.72
287.718
377.225
349.313
277.252
396.8
421.495
527.172
412.761
352.63
692.026
272.193
268.249
367.094
499.991
651.409
739.455
323.42
488.015
285.838
367.009
334.224
451.659
662.849
543.044
287.454
670.222
401.673
177.435
268.205
387.065
665.242
724.389
456.36
906.367
698.184
291.126
399.691
377.601
880.092
973.135
771.229
1086.42
497.689
244.628
148.843
302.617
926.79
1175.52
572.756
875.295
915.685
537.88
263.711
317.299
435.383
791.108
960.706
772.312
998.335
568.067
258.966
283.387
549.365
700.171
1006.74
834.231
892.487
574.106
313.845
362.191
492.359
770.81
920.829
1022.4
928.554
466.467
270.92
226.432
363.629
939.765
1005.24
503.898
850.236
763.157
405.548
298.62
342.288
444.762
811.945
417.129
468.961
299.076
282.853
287.653
321.025
394.824
477.898
435.393
588.514
573.998
449.246
367.383
303.318
397.561
580.864
543.927
786.789
597.074
293.972
312.424
370.154
482.324
766.966
316.621
596.428
607.547
433.28
341.668
337.595
295.426
538.787
199.909
416.631
526.988
486.021
283.314
197.954
178.452
375.625
249.53
271.214
614.619
881.344
455.549
213.349
255.31
247.824
239.395
235.361
314.574
484.619
344.83
315.565
249.794
230.161
231.816
204.472
323.398
698.594
584.426
352.744
242.82
197.294
426.877
284.375
264.851
527.47
605.477
546.669
433.877
303.078
365.16
246.498
258.676
307.642
569.964
684.829
413.078
237.115
589.173
446.378
256.959
312.204
442.993
555.111
606.346
459.518
768.946
400.477
272.692
343.414
489.483
822.995
823.063
454.05
864.907
433.611
238.985
179.882
397.565
748.054
911.006
493.09
1218.86
590.278
337.089
371.503
473.282
1079.93
1274.74
646.433
1009.48
500.134
234.462
255.21
321.977
692.594
1059.65
568.755
912.833
1099.51
590.333
227.32
270.021
600.495
829.344
1121.54
657.734
738.124
467.031
279.558
267.691
332.324
606.122
749.984
932.781
884.958
690.038
451.606
289.761
357.844
864.461
920.545
669.859
627.911
344.166
302.435
332.674
502.284
633.349
662.955
441.225
533.647
418.273
414.103
301.088
387.464
399.29
545.421
677.513
671.332
516.944
342.217
318.386
261.694
626.774
694.491
546.554
776.04
476.569
261.255
148.167
320.546
484.183
773.411
654.892
676.132
383.104
358.618
286.171
355.877
598.807
710.524
264.484
476.752
626.677
485.598
323.943
348.902
257.959
424.503
328.182
337.16
460.206
565.397
367.145
314.401
324.544
334.319
231.56
355.862
492.737
487.701
286.515
204.505
217.055
330.187
311.927
370.257
380.022
674.63
462.695
344.755
302.12
375.488
425.773
343.012
335.106
460.221
687.244
692.432
470.371
366.949
357.855
268.211
346.437
571.367
475.63
483.529
390.784
266.322
544.71
293.31
341.727
482.5
640.35
691.586
586.635
312.543
546.7
274.241
266.196
296.787
479.538
784.278
617.359
282.255
589.527
357.01
223.141
200.285
449.358
704.878
642.473
382.887
780.933
485.864
272.532
327.747
369.473
739.476
845.365
539.925
1109.74
419.235
242.999
187.797
359.156
840.088
1155.29
528.348
1135.77
407.464
150.175
135.569
242.748
839.062
1210.13
497.682
919.373
991.779
470.45
165.711
209.188
458.816
828.252
1037.03
889.767
829.734
474.941
272.654
264.16
386.553
819.818
891.737
949.17
847.63
525.444
317.157
248.749
326.31
877.848
912.456
495.577
627.629
497.482
288.888
347.758
384.255
476.726
619.734
796.386
827.742
492.53
357.206
405.514
405.867
729.193
854.29
519.034
419.251
380.286
351.759
346.72
357.352
493.247
447.925
609.095
513.358
459.672
358.28
270.087
439.953
586.428
545.981
493.169
720.181
626.976
408.95
277.249
404.034
455.741
697.18
345.556
405.97
367.571
382.021
258.895
223.985
324.651
407.765
322.868
509.445
782.869
602.78
450.651
331.073
314.696
459.073
130.297
147.987
375.405
637.559
396.778
269.97
146.628
132.726
254.233
234.13
444.473
723.735
556.239
299.461
265.95
217.227
353.549
233.703
357.731
619.349
533.766
311.922
369.84
236.063
457.513
297.575
270.719
462.122
459.11
367.042
456.486
321.456
709.746
344.595
201.421
184.312
193.86
311.175
698.761
423.557
612.786
443.114
238.05
309.249
285.45
569.038
633.787
485.854
938.219
503.28
252.335
229.314
400.616
714.294
946.219
590.566
897.136
450.626
278.535
271.241
275.339
520.688
896.914
540.592
844.35
594.971
307.678
315.431
495.596
994.657
917.951
634.774
832.541
448.907
278.174
168.206
338.533
686.323
888.753
485.979
884.062
1105.76
589.776
217.849
318.334
717.724
807.863
1123.92
1128.44
921.111
543.325
247.714
237.605
415.539
1058.04
1005.29
801.661
708.215
286.553
233.416
209.746
346.659
731.614
777.912
703.437
781.94
459.003
336.582
301.276
558.356
648.323
807.208
584.727
752.238
524.714
461.801
331.427
339.876
525.57
757.91
611.288
711.071
531.173
360.862
268.418
246.478
545.957
726.896
602.078
802.425
577.205
448.867
271.541
314.178
535.554
806.393
425.228
506.016
468.204
400.766
456.164
370.929
410.124
504.635
362.408
510.927
558.05
471.358
282.559
320.378
340.397
487.2
233.077
476.661
687.536
754.835
330.207
198.506
225.789
425.812
297.68
205.512
510.493
785.216
639.424
252.52
301.702
195.902
332.904
233.612
400.917
661.349
468.683
295.334
344.123
228.981
220.382
246.348
309.801
620.654
731.014
576.134
254.819
236.27
360.293
324.88
387.171
419.174
525.289
484.97
389.558
322.591
551.44
383.326
285.316
318.923
528.599
765.858
598.559
394.454
640.937
400.363
229.63
231.077
431.057
861.839
714.543
416.309
985.466
342.645
125.599
189.113
277.766
645.731
1024.19
446.674
1151.75
459.01
209
165.824
294.352
749.722
1190.73
577.542
1245.29
620.765
224.487
138.95
291.02
1007.8
1332.65
705.452
1024.97
486.769
240.795
248.164
341.736
910.551
1108.39
566.035
913.257
860.208
448.563
316.891
279.274
384.226
844.23
913.085
1012.94
917.515
416.377
217.899
177.087
400.483
929.371
997.935
556.374
593.477
440.944
298.536
244.527
287.73
512.065
608.777
639.76
689.133
345.251
300.221
272.728
442.996
587.63
719.977
667.839
640.409
406.191
376.345
275.962
442.578
627.695
675.399
804.732
707.578
503.699
356.31
346.619
346.764
751.03
747.286
594.283
607.081
503.096
318.599
244.855
288.322
555.463
617.747
412.133
536.961
487.128
428.843
382.329
435.645
388.262
524.939
374.27
520.436
407.146
413.109
335.814
320.609
344.268
514.905
336.389
348.81
357.984
432.844
279.069
255.199
318.027
359.673
331.132
272.284
306.136
597.308
431.298
268.659
321.932
294.407
196.47
256.876
358.127
654.752
511.263
302.276
200.699
248.096
350.688
274.087
300.742
365.181
627.278
604.841
383.13
263.085
721.856
344.316
267.076
412.365
405.073
655.67
763.857
412.406
560.535
358.725
262.059
345.392
485.229
705.57
599.835
386.175
822.557
448.361
240.246
321.066
489.04
625.829
825.471
529.546
1173.14
546.731
153.258
134.705
300.801
733.096
1189.75
670.19
1329.31
604.248
242.085
256.186
253.879
691.436
1338.77
746.062
1595.84
656.486
287.574
183.56
314.251
979.219
1634.97
818.566
1007.57
572.176
363.512
315.397
392.191
825.471
1059.78
650.062
1210.03
1022.52
548.554
332.528
258.906
373.279
1123.98
1099.14
827.927
692.573
372.786
277.71
301.743
409.724
784.189
743.316
684.634
691.811
405.921
241.319
215.97
359.252
643.909
725.744
479.621
619.221
469.396
431.801
255.605
275.151
428.693
621.537
799.083
784.34
372.313
139.394
205.907
330.634
723.744
840.031
808.514
860.326
574.839
294.2
192.089
291.728
725.896
901.382
600.388
771.835
619.186
327.871
427.577
445.658
538.95
751.252
550.93
695.775
446.639
308.989
321.34
297.454
488.631
703.164
564.737
425.438
301.715
330.218
343.29
337.189
544.19
465.436
374.86
572.394
733.7
597.63
336.718
451.147
368.873
519.177
265.708
192.204
293.12
715.087
566.042
325.356
270.018
210.585
329.987
246.576
326.921
399.497
318.022
310.992
332.857
252.709
324.821
222.738
434.989
629.197
861.286
645.742
372.46
216.595
429.314
291.105
224.474
295.831
407.779
529.591
462.347
311.536
732.4
371.418
335.719
331.315
313.726
616.534
769.611
411.127
1101.26
549.667
278.994
226.359
324.982
714.228
1118.41
662.494
1365.26
615.741
165.408
150.912
324.461
904.104
1409.4
761.171
1460.3
652.068
234.84
163.9
382.904
979.549
1510.33
778.58
1151.37
516.954
313.4
271.033
330.818
725.128
1166.66
613.347
941.49
545.961
214.3
218.118
348.4
719.32
976.943
624.132
702.483
867.069
487.064
242.644
205.404
434.404
637.504
886.242
1026.89
1058.47
512.895
233.676
224.351
511.957
944.631
1108.8
692.326
701.438
406.421
383.658
290.529
519.301
650.16
733.633
511.939
596.175
516.587
382.59
302.886
262.373
475.087
592.93
687.808
552.887
439.484
392.446
343.314
290.302
646.745
605.898
658.801
590.785
386.816
249.148
247.793
299.422
625.479
622.267
724.768
656.126
369.437
256.565
308.603
366.402
679.357
696.176
616.696
626.822
420.745
367.104
364.905
393.145
582.278
635.918
477.144
565.941
496.262
451.929
320.452
285.699
439.842
562.87
273.049
386.851
453.42
543.656
335.361
235.173
257.597
366.451
332.96
211.781
231.138
390.766
490.376
436.709
362.463
219.905
546.281
439.535
233.173
309.298
469.143
701.073
600.509
453.547
545.183
347.073
241.144
263.952
271.873
377.605
541.255
382.666
629.738
424.583
294.156
462.746
433.254
670.372
667.137
475.717
781.146
352.482
176.008
206.102
422.99
820.186
840.665
403.191
1049.06
491.215
271.659
213.26
296.031
788.866
1100.39
572.262
1418.27
523.183
146.777
171.345
316.165
795.049
1439.58
688.788
1473.42
650.832
177.249
203.749
297.64
977.472
1529.74
794.175
1386.27
636.612
277.378
305.901
322.764
808.1
1406.65
778.335
1083.24
452.179
267.214
345.279
430.153
736.68
1101.77
551.204
755.796
805.083
642.602
349.864
382.491
453.245
712.847
812.013
905.336
849.014
525.459
259.652
183.272
408.033
843.826
893.732
901.288
767.146
460.884
296.207
248.297
348.119
840.317
828.206
986.274
741.302
350.131
243.94
211.655
360.356
932.402
833.193
776.796
630.721
320
251.572
263.844
314.09
727.448
698.873
682.542
657.609
451.897
242.063
225.422
310.087
631.052
691.757
661.409
541.359
458.593
295.312
165.003
320.562
626.624
564.915
505.218
384.853
269.977
256.885
309.829
324.253
506.953
412.038
375.957
504.389
485.004
303.19
167.485
300.087
376.005
479.101
260.98
254.526
310.403
424.195
312.898
242.346
255.678
256.698
477.958
364.3
268.287
229.284
275.455
481.723
507.749
365.558
324.612
244.941
238.643
375.68
289.464
179.158
316.129
257.426
553.629
443.89
277.912
129.033
276.96
632.821
592.533
451.972
571.11
271.152
299.647
303.837
511.467
687.968
620.8
292.578
741.789
395.947
237.277
270.927
271.352
640.149
778.095
438.644
716.786
482.326
251.139
241.192
325.202
613.649
737.579
523.561
1129.01
522.052
194.041
270.713
276.87
761.896
1182.1
620.044
1491.16
607.282
218.001
200.85
327.134
798.022
1494.94
774.645
1685.48
660.425
218.054
182.443
294.642
777.645
1683.16
864.269
1184.9
456.689
283.536
232.353
298.181
658.022
1234.62
568.223
1064.83
728.123
314.166
214.852
175.899
480.033
1024.31
827.883
655.816
613.492
531.307
398.652
265.233
285.817
618.801
639.829
559.741
367.578
320.379
286.534
351.368
388.149
559.565
384.619
690.58
658.818
470.393
366.07
287.091
376.919
643.418
688.745
644.314
556.109
309.283
181.635
203.45
388.63
613.322
598.174
948.884
755.807
289.282
160.997
185.146
377.977
883.193
849.562
691.505
624.729
359.058
312.175
282.963
349.883
646.424
684.908
452.157
679.384
525.24
222.952
301.937
270.139
394.939
655.764
356.293
400.195
363.777
465.598
509.729
287.9
346.08
399.272
382.035
528.735
533.734
503.773
303.809
240.687
349.264
508.49
506.3
380.04
213.941
477.388
511.702
591.439
538.026
420.984
435.139
274.756
306.646
486.478
520.484
443.914
456.504
293.198
720.362
363.226
220.791
286.377
435.561
580.869
751.761
418.521
778.594
486.292
279.19
296.455
247.161
416.565
768.754
551.674
836.718
481.498
188.199
223.804
246.822
487.748
829.73
563.302
713.648
404.296
218.61
202.38
256.05
402.812
707.149
466.923
1197.94
527.637
230.648
199.627
235.906
622.957
1198.05
652.346
1254.95
655.324
179.923
133.022
163.608
651.829
1254.67
787.706
1016.71
545.119
288.136
171.191
242.124
697.926
1048.73
602.71
1243.3
528.152
305.465
299.092
357.655
814.042
1292.16
636.189
1146.97
917.386
424.952
235.156
221.059
412.725
1074.18
1019.01
768.151
792.833
475.622
263.114
199.918
298.251
693.697
842.874
806.746
718.188
399.78
271.996
240.17
399.456
768.621
759.599
630.893
673.2
336.207
134.387
177.061
404.682
584.164
699.615
626.5
589.803
304.014
245.679
222.445
343.598
581.493
625.466
442.667
395.417
192.188
204.715
202.229
300.629
417.043
426.135
766.063
701.841
477.351
299.717
270.295
376.922
716.887
747.705
497.284
610.9
473.218
401.726
452.774
376.568
477.529
607.628
439.591
477.187
403.857
477.473
347.073
324.754
426.902
489.725
341.056
468.59
558.008
446.034
247.867
229.738
320.213
440.026
453.71
338.972
282.817
292.901
393.099
455.21
463.408
354.813
485.212
301.925
349.082
429.37
387.712
425.752
501.902
325.541
450.465
314.38
373.653
301.888
389.711
497.089
478.33
320.025
600.828
290.365
169.307
214.228
272.367
485.291
626.403
340.896
707.867
435.421
259.165
298.468
302.117
569.717
750.938
483.621
1001.77
513.385
164.021
124.203
196.371
591.142
1015.32
613.213
1300.72
681.087
231.098
225.93
184.22
658.703
1298.78
814.797
1402.26
622.895
196.372
204.668
209.235
610.761
1390.86
786.598
1669.09
672.284
155.236
176.657
206.276
733.212
1661.01
876.081
1367.47
581.82
312.081
239.123
252.093
697.394
1378.75
719.107
825.413
683.925
385.888
259.102
255.879
560.538
798.763
735.936
847.673
709.085
337.653
348.87
271.306
357.745
789.372
784.708
559.243
694.141
432.797
358.505
341.992
440.934
527.414
699.809
793.842
805.432
433.117
236.32
163.456
343.177
729.703
845.437
561.512
500.746
234.016
198.527
164.952
296.902
535.49
532.779
910.643
767.513
314.976
231.117
202.724
333.464
842.231
850.05
786.754
606.704
290.761
347.429
262.176
327.296
740.396
679.233
524.287
684.249
510.091
230.521
281.479
314.79
464.684
684.98
523.644
620.471
348.945
187.621
224.399
284.824
476.818
629.982
336.388
236.162
388.496
434.648
398.751
293.245
348.253
235.456
627.013
502.912
309.577
313.62
292.321
517.603
630.442
525.696
591.764
299.995
241.538
415.575
366.921
438.135
611.421
345.816
435.879
286.459
238.266
264.455
287.693
284.808
437.552
320.276
954.66
485.734
175.863
153.992
213.888
500.741
952.135
588.895
974.08
440.91
166.849
130.522
170.598
494.082
972.649
551.424
1168.55
534.503
182.675
260.586
176.321
426.744
1144.63
671.714
1204.89
625.444
185.456
115.41
170.101
659.436
1210.62
751.455
1112.14
414.381
191.777
261.289
303.878
652.966
1130.51
536.528
1060.99
502.539
180.738
202.323
249.666
665.173
1090.82
601.386
1024.55
501.586
192.885
338.016
346.195
742.084
1086.92
581.585
856.773
750.842
346.416
180.175
182.424
373.448
794.661
811.234
769.686
857.931
461.92
233.606
244.209
524.477
708.837
889.406
793.512
779.979
391.927
262.046
216.879
472.16
744.305
820.147
404.256
455.563
453.361
388.036
374.587
297.267
380.48
459.871
528.392
400.711
443.949
463.127
229.117
197.911
505.502
408.711
814.574
790.592
449.397
211.34
183.238
293.001
738.661
850.567
792.497
679.902
413.118
231.215
191.019
267.838
733.11
739.848
318.12
364.395
447.371
576.889
429.801
237.989
322.29
359.179
546.717
590.156
342.451
203.816
227.114
309.104
495.601
611.443
642.538
594.756
397.279
276.621
317.97
380.141
597.273
624.336
721.423
465.132
206.68
259.364
230.793
349.491
705.17
534.216
450.804
350.179
218.573
218.126
210.483
243.007
434.578
381.588
655.331
286.888
249.797
267.316
339.289
442.081
665.191
354.446
692.63
356.108
206.43
195.816
219.508
410.168
698.973
424.025
1085.43
560.43
274.476
257.865
259.119
585.233
1098.61
659.908
1219.89
528.892
310.911
343.895
277.147
512.997
1199.79
676.36
1061.69
542.736
200.887
139.485
146.956
509.021
1053.96
648.421
949.24
545.346
148.743
121.607
153.709
454.16
933.455
645.883
1122.15
572.389
203.815
174.888
194.186
510.457
1104.64
691.128
1532.88
606.488
118.359
171.412
177.363
630.155
1527.28
798.917
953.981
790.681
417.165
231.638
213.063
282.973
879.41
867.465
706.624
903.472
482.944
420.563
264.635
548.432
663.729
917.488
815.423
801.457
469.113
227.421
224.43
366.295
746.967
840.093
718.646
560.37
349.896
266.53
280.225
373.208
695.881
593.346
566.228
442.006
197.16
132.776
153.537
290.717
533.21
485.117
420.017
392.001
260.747
300.647
256.083
275.874
406.655
413.625
655.196
575.421
391.656
394.736
275.77
364.239
622.754
611.358
704.545
743.352
389.069
255.735
210.589
416.73
644.168
776.764
587.212
414.892
279.596
262.346
276.786
321.072
574.735
454.509
389.673
311.671
279.876
419.094
318.961
329.09
385.454
329.13
585.469
451.57
210.989
250.369
247.977
270.457
541.643
502.46
814.368
532.845
172.754
140.39
130.993
326.042
776.811
621.482
818.47
368.72
201.572
138.823
190.695
337.793
803.872
465.194
817.097
489.462
174.481
131.012
156.833
382.986
800.41
571.721
1007.82
588.223
262.568
201.434
223.926
522.793
1002.17
680.771
974.733
517.976
248.495
176.72
209.721
422.349
948.81
618.986
1211.43
549.692
161.44
172.553
176.993
518.065
1197.62
689.395
814.846
588.972
269.534
194.236
165.275
371.415
785.869
659.876
1149.74
490.218
126.138
114.36
139.669
454.68
1133.62
633.697
1152.54
552.117
270.167
348.342
455.189
721.683
1166.87
664.307
1043.59
811.725
378.139
225.981
216.646
457.606
988.452
899.254
862.085
755.2
417.713
183.271
242.117
529.663
820.649
799.007
463.588
502.387
391.524
303.12
293.939
262.014
432.708
512.193
453.974
411.238
367.155
327.431
433.202
516.926
452.373
415.362
417.642
636.936
498.611
462.346
466.335
407.06
378.748
624.231
689.383
594.084
381.911
385.243
267.768
297.375
632.783
649.605
448.768
550.518
414.23
324.779
289.505
269.17
410.263
555.611
450.39
495.912
371.4
338.186
237.018
237.853
418.747
510.706
680.148
515.951
446.202
406.731
266.248
304.642
656.67
558.15
579.324
382.04
275.429
244.216
155.881
291.427
564.735
438.453
626.739
469.256
308.933
223.334
258.379
325.715
594.39
520.774
759.788
500.45
198.497
116.491
149.437
262.484
709.365
580.106
638.671
471.604
259.526
297.383
214.798
265.242
608.264
527.273
954.048
566.959
188.569
132.266
143.963
459.882
940.127
663.68
892.024
544.335
242.271
250.077
192.038
423.139
872.928
634.986
649.944
547.751
297.754
141.504
154.153
307.073
609.646
590.337
1054.88
540.969
136.757
86.7067
158.015
446.105
1031.19
659.204
970.829
597.113
230.502
136.378
175.022
475.84
955.663
693.513
721.264
487.752
401.715
264.133
254.045
515.246
741.172
497.729
1176.33
503.409
179.563
209.007
283.71
767.526
1212.01
627.538
780.926
706.502
366.511
369.478
357.379
400.429
716.842
767.345
729.366
539.99
480.027
431.198
379.648
347.414
691.675
582.934
694.043
762.303
435.614
372.951
312.82
417.666
648.171
802.35
694.666
543.975
395.869
350.162
275.192
376.082
673.808
588.165
464.145
467.78
257.379
286.536
262.497
394.139
452.119
486.654
640.052
610.088
331.843
227.785
225.261
320.348
591.953
654.417
801.969
695.332
380.702
266.264
196.883
266.207
742.375
747.916
520.75
594.932
333.297
257.237
237.922
250.619
464.774
623.757
602.991
546.869
266.782
274.288
204.771
288.255
560.741
597.672
628.621
660.337
462.509
325.942
241.931
216.837
570.318
685.644
606.897
559.13
352.572
298.595
170.024
194.928
555.971
605.153
362.621
418.457
326.812
272.746
239.219
194.907
323.833
429.141
411.707
350.938
188.011
124.667
156.502
218.279
389.411
380.771
692.01
486.787
241.202
218.872
224.175
320.537
664.07
547.197
949.541
481.731
196.603
271.212
155.511
308.307
915.586
595.309
820.546
483.929
182.011
186.357
198.592
386.494
809.229
566.264
1046.05
771.042
293.162
125.028
181.973
401.138
984.471
875.938
1061.03
576.144
201.177
129.896
156.749
550.12
1056.13
684.06
893.01
449.752
144.703
181.848
195.607
501.638
898.156
544.361
1156.95
526.282
252.827
294.044
216.475
467.345
1143.86
640.841
516.428
473.417
422.48
420.507
353.527
382.409
482.823
505.697
540.009
457.113
421.89
389.448
457.814
467.985
557.78
479.126
616.284
464.707
354.072
417.411
431.301
369.114
591.11
512.855
752.473
684.323
400.964
296.242
355.567
492.165
725.936
720.667
610.811
664.716
386.636
398.231
373.794
317.626
559.896
701.391
410.72
428.406
314.827
315.521
291.322
257.034
395.208
446.913
426.229
559.405
365.782
206.585
314.537
357.207
393.138
556.911
458.195
652.223
598.676
317.404
225.126
308.462
410.484
627.839
429.085
474.521
353.997
329.627
419.398
296.613
381.296
491.139
584.093
610.74
320.294
189.311
170.598
370.475
544.359
636.823
626.546
553.007
370.577
242.281
248.641
304.946
589.783
584.826
727.092
499.941
264.95
197.989
167.556
313.803
703.843
563.681
674.462
434.3
218.236
168.805
117.905
287.155
651.709
501.504
705.876
546.736
278.865
260.566
190.451
328.607
676.832
597.496
1011.17
790.216
297.754
178.228
129.847
363.072
947.587
887.704
1075.15
665.78
229.304
93.1996
142.431
483.909
1048.34
776.192
651.157
554.319
309.971
187.488
180.719
309.317
616.99
597.568
1080.78
720.041
211.054
223.153
227.035
499.345
1032.74
834.056
1093.38
591.214
167.28
121.721
188.57
577.382
1086.73
706.609
1170.8
553.947
148.79
240.938
289.669
657.958
1180.46
676.382
421.034
307.931
274.429
225.388
339.854
377.097
431.1
327.56
671.772
669.819
375.863
333.113
325.571
463.246
656.175
692.868
835.055
639.575
350.669
188.881
168.843
349.343
797.406
702.669
560.827
431.933
343.626
418.35
359.795
370.022
555.394
462.647
674.141
578.309
443.936
354.982
385.544
445.119
666.246
582.996
519.835
733.676
572.214
377.814
260.037
364.954
475.922
726.104
459.761
604.387
455.619
471.897
389.539
307.594
410.444
604.268
434.831
330.994
331.201
401.692
387.581
231.308
419.374
341.473
380.339
342.258
344.664
443.961
382.143
239.822
368.926
351.779
517.466
576.98
362.407
317.052
226.649
248.536
468.268
591.376
717.143
703.883
392.583
287.401
243.064
280.001
651.528
741.612
814.917
667.053
322.593
239.352
252.623
283.983
757.36
729.937
670.998
595.241
306.238
201.275
193.154
253.959
627.26
638.409
779.252
684.324
338.013
204.512
222.43
360.388
720.234
737.901
1004.68
774.951
323.062
152.48
192.939
327.394
936.966
853.959
868.69
761.406
351.2
151.616
158.604
328.857
793.996
821.354
819.716
549.616
331.893
263.166
239.724
289.93
782.696
603.762
984.524
638.317
453.027
504.383
281.586
492.359
959.474
725.997
994.201
504.332
202.261
130.353
152.062
522.033
993.333
611.704
850.747
614.721
407.826
471.763
374.704
572.286
858.351
657.626
578.265
535.537
496.059
311.014
322.687
350.481
555.694
538.303
503.442
457.424
248.988
222.573
242.584
541.633
529.799
471.247
773.973
511.184
420.763
446.832
384.994
455.72
769.673
556.643
772.73
606.631
465.802
327.746
335.886
465.984
760.372
615.025
526.787
514.605
296.732
282.273
315.108
329.458
494.486
541.62
465.513
466.222
376.234
260.35
266.016
309.68
448.077
480.729
461.948
621.402
530.315
321.677
329.476
371.994
424.245
613.973
376.815
504.438
576.972
570.593
289.243
237.374
337.354
490.631
659.405
689.554
431.127
307.559
275.975
361.855
610.058
711.68
439.524
480.883
350.904
252.765
198.331
289.67
407.142
487.258
514.072
539.432
371.54
232.978
217.182
279.095
477.691
558.385
662.452
683.958
379.599
283.188
272.829
399.321
616.938
713.118
667.324
716.766
449.22
334.063
233.106
342.099
610.976
740.909
671.979
622.987
317.216
144.721
121.849
256.993
623.973
664.869
807.89
663.596
361.073
173.651
167.723
337.833
764.886
714.544
824.977
631.152
280.69
170.979
156.015
310.237
777.828
705.143
1317.1
888.278
367.241
192.716
166.027
382.208
1238.83
1014.76
1054.3
707.961
306.622
181.292
193.188
486.155
1014.56
812.73
883.839
616.473
224.303
194.161
171.079
350.206
835.686
713.937
1599.94
734.539
178.589
119.539
138.906
529.323
1555.44
938.701
451.301
443.444
280.415
225.207
361.857
483.543
446.102
455.695
567.632
587.256
649.476
435.835
435.867
619.793
556.001
577.933
322.148
318.872
319.36
324.678
256.782
283.949
325.41
313.474
396.225
483.438
381.982
212.967
328.668
360.875
404.238
467.023
607.698
443.138
245.109
358.423
357.777
551.941
656.116
482.863
639.829
628.282
331.847
249.445
158.444
244.055
582.446
669.164
599.465
551.762
366.155
257.279
315.64
544.997
619.714
561.098
426.938
486.418
541.602
502.922
376.33
268.577
398.173
488.425
404.877
665.023
580.303
393.394
250.048
332.937
374.646
639.975
523.942
575.015
309.281
183.98
174.68
240.7
476.296
594.863
481.097
640.571
401.538
347.044
299.987
300.85
432.167
643.467
470.127
561.367
369.855
369.625
242.867
211.468
426.95
567.646
673.943
582.752
406.807
245.512
170.752
263.935
633.529
619.877
834.291
584.064
314.785
177.849
158.895
354.46
806.203
655.176
560.156
441.829
335.028
277.765
211.229
253.003
540.133
479.804
714.098
586.792
365.671
203.528
161.993
261.893
670.999
632.671
975.274
707.778
275.807
142.36
172.612
379.266
921.901
802.317
1155.93
765.242
298.696
157.772
169.693
390.3
1092.13
876.955
1189.25
720.309
246.694
253.616
204.576
345.605
1117.12
854.489
958.106
798.372
291.895
175.323
263.325
490.145
910.342
874.188
