868.542
903.127
531.819
329.912
356.323
414.813
794.277
939.688
733.425
874.026
545.613
325.534
269.318
383.395
661.236
904.631
603.328
904.582
697.265
312.61
357.809
485.831
550.405
879.478
527.727
850.296
568.304
338.756
301.56
453.6
480.35
829.001
417.147
635.143
451.716
432.109
336.196
372.955
397.7
619.879
489.328
594.498
535.125
429.402
211.613
273.354
453.004
586.959
373.511
653.169
686.432
440.441
292.194
279.503
330.457
609.977
443.566
686.404
681.319
418.103
277.055
341.707
420.529
654.571
404.188
574.068
678.829
514.971
338.072
358.209
390.846
513.167
325.132
463.75
584.248
488.773
493.995
301.75
308.417
447.263
203.718
310.031
660.102
657.213
333.154
217.781
210.609
269.326
281.837
270.677
473.921
776.806
456.933
267.91
284.837
277.421
205.178
216.607
392.59
732.481
506.121
263.727
208.109
206.228
418.337
235.395
298.965
400.032
308.572
277.702
423.75
261.505
422.346
296.758
247.772
405.301
539.042
535.792
454.483
300.51
384.997
265.856
281.474
382.731
373.643
361.032
394.523
284.84
601.259
363.585
329.242
362.73
578.166
800.667
661.244
391.316
653.598
440.64
215.99
166.035
454.185
881.604
731.098
457.157
989.304
453.892
323.145
273.846
395.844
854.668
1052.65
489.192
940.11
471.937
208.794
245.318
295.411
806.803
1008.75
532.144
847.081
973.538
474.303
158.635
180.997
444.291
760.271
1002.46
748.523
954.983
493.998
226.383
238.572
561.424
681.318
971.87
811.36
863.378
443.942
258.121
248.068
437.141
740.489
896.291
690.523
803.731
482.81
188.938
221.767
396.683
624.577
829.068
560.536
624.899
327.414
318.368
259.553
337.934
513.876
661.646
556.905
823.634
545.523
284.891
215.947
467.013
524.927
808.844
405.839
559.685
490.347
276.826
240.834
205.093
357.553
547.05
463.114
611.454
519.413
277.813
307.614
309.825
424.518
591.089
443.38
472.742
465.762
346.923
266.3
247.954
413.061
476.671
242.215
376.482
512.276
481.214
345.409
204.227
226.809
352.151
292.408
265.578
541.61
739.028
396.308
258.355
295.048
252.029
150.301
244.271
452.461
668.095
360.993
210.615
150.321
215.845
150.115
187.552
273.378
679.299
659.139
382.243
172.997
174.986
431.151
241.963
383.8
354.339
398.18
391.177
445.618
257.437
345.755
278.435
284.39
369.988
675.137
737.863
397.586
266.068
328.529
267.3
299.702
296.129
470.865
558.056
362.378
256.591
433.793
364.493
366.804
288.831
382.398
454.109
445.621
361.727
704.11
613.639
330.312
260.28
423.651
758.707
744.305
629.341
768.284
457.33
391.762
315.759
410.987
800.875
838.895
474.569
995.951
360.781
265.764
163.413
304.855
830.228
1066.63
413.2
874.382
930.815
438.26
202.315
212.942
424.394
787.954
991.262
724.038
1019.2
552.507
168.885
221.539
475.876
641.586
1015.08
900.514
852.51
554.674
255.27
340.064
396.66
828.519
907.472
733.885
894.854
488.82
215.827
261.361
422.195
661.923
912.414
507.799
733.474
704.207
297.607
330.948
443.529
461.02
689.22
524.142
453.671
347.203
287.863
311.742
316.434
504.477
470.962
461.42
578.365
454.45
332.435
235.954
271.719
421.561
583.285
582.065
705.336
466.14
281.083
331.674
312.964
528.204
710.454
493.636
609.39
615.012
547.548
404.465
281.22
447.867
604.105
248.568
408.091
591.815
567.87
321.775
218.856
238.691
366.542
424.008
335.78
329.659
444.954
391.376
279.397
429.107
346.703
420.559
256.682
425.449
705.466
359.168
282.102
425.554
284.31
324.7
177.811
289.775
620.465
621.118
419.759
336.07
197.235
254.104
303.011
322.199
606.777
628.967
470.843
268.092
277.432
381.615
279.521
263.027
364.461
404.977
417.267
401.348
286.482
506.466
401.337
293.513
349.277
652.495
792.51
561.103
409.069
705.519
493.839
274.711
313.522
536.688
986.852
788.538
503.901
776.479
440.805
252.933
224.598
317.622
761.378
833.512
464.317
1050.61
421.15
197.131
200.424
400.207
884.76
1112.38
508.001
998.285
462.714
282.585
230.074
319.679
710.649
1057.28
528.231
815.668
967.437
480.758
268.092
277.438
468.258
727.288
996.831
746.157
765.134
421.393
159.485
207.547
373.918
684.481
812.89
750.364
913.659
475.207
212.499
247.643
478.028
679.337
933.83
520.506
588.744
508.826
386.731
389.18
370.411
503.057
595.911
642.024
501.906
277.837
179.173
188.988
343.17
609.236
547.161
457.796
588.106
520.635
269.385
238.47
329.272
424.128
560.034
471.417
680.55
478.427
269.225
283.272
307.868
418.453
667.937
658.087
741.745
445.198
232.379
234.809
427.123
607.562
757.348
285.653
469.81
597.421
482.333
366.774
235.814
253.944
443.193
271.807
380.727
563.301
540.888
388.998
261.211
257.522
356.88
178.791
285.876
517.156
534.012
299.712
179.757
165.538
256.312
309.251
208.214
272.62
604.841
561.423
376.771
315.16
226.275
427.112
260.404
262.914
508.315
458.492
395.49
445.859
276.074
441.187
331.093
198.441
307.487
337.004
362.564
457.054
359.225
384.063
240.01
326.933
437.01
440.825
417.437
409.588
242.206
517.836
410.124
320.785
251.073
288.978
477.36
535.496
420.539
692.123
428.42
354.325
377.885
479.053
557.475
705.857
471.986
825.653
606.493
300.469
284.456
340.885
680.678
843.751
643.021
1116.73
606.597
336.346
220.023
450.265
951.428
1171.72
693.962
998.621
524.75
201.285
161.719
257.075
853.631
1079.06
583.651
1044.01
866.133
369.652
136.488
174.935
417.092
975.868
938.648
1011.98
828.194
322.353
178.177
190.079
374.566
934.245
925.03
876.733
920.529
463.532
218.477
205.891
387.191
798.541
960.891
601.335
540.255
435.788
382.31
198.354
343.055
571.055
565.435
618.657
735.1
561.157
345.397
291.794
382.946
563.678
749.526
464.08
438.641
385.545
461.053
306.04
268.224
446.279
451.695
558.149
558.959
470.548
438.68
282.525
392.398
528.3
575.516
493.87
564.496
496.475
453.49
517.149
351.991
459.409
574.405
327.841
526.631
636.327
569.973
308.161
269.695
307.535
480.606
349.942
486.268
614.736
503.238
387.036
297.16
323.836
458.847
329.179
331.591
610.428
829.094
483.3
307.928
337.695
308.252
365.178
195.968
292.856
662.918
471.144
354.958
386.724
220.872
389.896
402.754
358.892
615.946
724.966
471.619
395.39
398.642
378.763
264.522
215.937
347.265
352.669
391.328
397.109
278.38
546.458
344.769
349.195
277.311
335.592
603.995
589.745
345.702
703.657
458.857
274.763
181.086
434.339
890.166
779.355
468.986
901.634
446.305
294.574
210.192
317.914
785.625
956.427
477.758
983.462
476.998
149.405
165.995
231.788
670.902
1026.64
562.339
816.597
475.384
301.703
199.724
328.667
771.202
873.213
492.983
1062.4
392.01
186.657
171.047
292.609
836.716
1129.99
466.666
994.073
902.674
419.651
285.357
277.457
481.675
916.259
959.787
815.085
783.46
376.894
235.735
192.683
329.856
741.068
848.047
688.828
719.189
390.411
208.96
204.127
392.252
644.028
748.577
588.588
642.854
465.04
540.123
390.357
285.87
537.753
657.871
756.078
631.068
447.339
465.788
331.323
331.065
715.893
673.633
714.455
810.276
506.949
215.415
246.118
326.792
640.209
840.248
626.988
762.285
563.665
266.625
230.13
236.78
556.058
772.515
440.026
682.145
650.383
346.691
391.057
352.341
407.182
640.766
366.606
371.323
415.589
564.2
486.323
306.744
347.751
368.715
284.408
280.784
499.754
676.426
345.605
226.058
280.104
272.201
181.049
156.072
227.294
365.402
397.002
261.763
196.378
147.586
330.245
173.498
254.844
570
430.318
255.963
342.36
194.965
365.103
300.288
301.904
424.408
672.038
592.579
392.367
319.9
656.471
445.486
316.957
409.049
473.99
756.148
707.057
464.26
533.686
257.158
215.807
303.925
483.583
617.822
566.519
291.415
845.804
424.306
216.298
261.983
343.588
535.454
848.171
507.019
843.038
392.352
241.196
220.872
302.625
618.527
867.959
474.703
1062.17
478.554
228.822
250.36
385.609
753.21
1099.81
575.918
1335.98
537.045
221.4
109.807
256.075
886.469
1390.59
648.33
1184.06
474.655
240.452
219.572
329.478
773.079
1222.5
584.483
1046.08
965.911
444.773
237.657
186.863
453.816
969.455
1025.08
1043.24
1020.81
496.881
265.192
222.458
412.914
940.156
1100.29
720.333
768.176
393.846
195.676
197.985
389.318
659.915
802.519
570.856
722.76
626.013
270.598
252.166
419.122
522.052
711.038
707.46
527.753
304.879
300.002
237.576
286.64
671.281
591.814
610.397
625.969
444.47
254.914
260.032
353.402
571.072
650.465
829.861
771.418
436.152
289.335
248.952
455.226
774.739
827.182
583.566
746.338
599.497
268.588
289.794
371.316
527.663
737.456
384.346
553.453
405.011
264.44
229.983
300.733
361.791
541.592
366.724
441.092
590.03
513.432
340.239
289.864
376.923
420.489
189.171
202.985
372.073
663.221
557.081
336.574
194.691
200.632
244.231
290.311
311.48
434.1
430.56
308.737
234.552
298.143
384.046
273.795
355.115
539.805
750.032
548.318
404.938
289.422
331.872
318.293
363.606
417.782
497.072
535.124
344.01
297.768
614.354
413.346
260.513
388.378
350.219
665.671
645.887
447.357
949.268
445.564
242.611
249.793
276.5
658.556
988.693
533.788
1102.49
492.508
187.497
222.564
293.118
772.461
1147.11
605.7
1387
608.818
216.908
130.211
266.425
814.837
1412.54
751.592
1205.53
587.179
289.887
169.816
309.12
845.997
1251.99
664.671
960.307
450.556
287.443
361.604
397.872
603.07
975.588
524.038
900.25
825.069
389.589
331.231
221.665
385.572
829.737
880.16
1114.21
995.448
526.715
289.476
279.672
355.813
1022.22
1087.45
665.179
606.125
371.684
180.821
178.516
310.035
631.508
633.511
877.567
809.085
426.243
226.608
247.947
425.013
810.886
866.188
631.021
747.649
444.028
259.826
306.458
362.138
572.187
764.231
751.797
862.909
437.789
247.377
213.648
388.681
686.272
890.279
731.001
737.529
427.99
238.57
234.776
354.303
674.963
772.496
530.325
640.296
415.126
363.767
264.562
306.818
492.143
667.069
428.602
594.186
456.469
362.079
296.32
349.176
391.664
590.15
449.617
439.497
320.584
361.301
311.739
320.106
427.811
462.979
355.663
271.642
312.54
535.15
423.905
400.414
375.742
276.398
438.279
348.169
331.046
342.04
456.195
640.997
489.256
348.278
556.774
373.899
225.785
217.153
286.013
480.522
561.875
417.024
656.104
350.642
312.253
392.347
427.55
615.542
693.8
385.818
834.249
376.547
198.878
192.268
361.152
808.969
891.968
427.402
1000.18
411.556
179.895
183.303
293.676
743.576
1049.92
501.618
1238.59
460.783
148.258
156.322
280.376
706.852
1259.02
597.989
1223.02
578.458
153.719
100.489
182.104
748.999
1255.31
701.8
1087.69
519.08
291.334
163.914
285.681
810.933
1142.7
598.485
1117.46
451.056
216.244
223.578
266.103
657.695
1130.03
563.387
1117.15
1011.17
543.535
282.076
303.811
469.749
1035.91
1075.92
1144.08
899.606
414.499
233.599
334.443
438.643
1074.49
998.918
932.094
686.928
359.485
296.081
228.81
390.612
889.916
764.324
838.525
624.409
332.491
213.444
221.058
349.908
799.971
695.359
582.295
562.916
372.47
339.463
263.995
276.981
542.121
589.219
709.682
665.617
434.786
270.399
287.561
532.33
683.383
693.493
580.763
589.563
457.218
290.891
184.923
329.662
553.057
599.768
336.391
315.934
403.8
370.953
351.576
222.632
318.407
314.047
573.149
517.289
571.295
361.52
278.512
297.865
562.969
529.249
310.482
346.356
273.263
450.218
383.291
326.7
307.994
348.396
594.21
453.816
329.447
378.909
418.629
597.275
628.006
463.31
426.256
249.803
216.351
210.991
314.689
410.538
438.665
264.535
680.651
479.822
238.405
141.119
317.756
742.109
731.07
494.692
618.252
328.425
305.46
366.93
463.009
626.965
654.692
354.26
499.134
351.485
214.771
264.029
272.672
506.939
538.549
367.359
657.244
479.699
220.557
176.313
268.041
554.39
669.522
521.675
1005.08
443.48
197.959
277.253
330.338
749.675
1052.98
535.505
1102.67
456.277
196.465
192.728
322.782
700.444
1124.35
560.761
1316.82
582.792
176.174
142.218
222.075
777.012
1350.56
708.232
1002.72
666.948
263.642
341.145
401.376
643.843
978.604
765.879
980.902
971.424
471.612
201.66
210.621
483.754
901.293
1024.35
851.857
953.574
548.128
293.158
276.918
420.42
762.922
1003.39
730.527
740.207
450.95
267.875
261.917
292.159
667.612
780.896
608.675
673.409
444.054
292.758
211.879
246.462
550.344
693.343
646.558
567.126
294.059
156.301
130.999
241.225
600.745
614.808
711.925
520.548
192.963
174.565
175.592
266.467
662.822
594.218
756.006
758.349
402.64
235.588
206.757
355.38
686.601
815.161
425.557
491.959
390.259
286.002
249.439
276.034
396.563
497.434
263.493
339.057
393.196
467.378
460.987
292.023
262.125
321.282
421.932
516.167
711.629
609.495
471.012
354.988
396.259
489.971
600.805
565.633
339.79
482.94
533.408
660.55
622.06
592.406
440.158
207.244
256.926
416.556
567.422
535.783
479.615
232.392
586.543
285.308
212.889
238.544
341.977
423.783
598.241
340.856
531.573
316.085
326.585
442.141
338.923
418.537
536.418
349.522
889.779
478.214
169.812
343.881
284.833
456.538
879.269
575.83
885.165
487.012
233.13
165.54
197.377
467.509
871.886
585.249
1220.58
574.199
147.152
156.667
202.907
637.88
1220.68
712.26
1148.47
557.642
188.321
229.464
172.642
609.514
1159.03
678.964
1450.69
573.793
178.198
188.2
257.549
766.073
1469.38
734.039
1125.57
451.324
182.078
289.82
196.752
503.239
1135.61
564.325
712.991
737.022
422.916
242.22
212.913
537.988
693.62
764.354
904.681
710.442
326.557
275.215
183.434
406.017
855.308
787.726
988.019
722.086
269.742
178.16
200.466
384.481
933.84
821.11
693.773
657.788
333.058
343.711
316.042
551.592
677.881
703.215
480.982
463.052
330.051
324.966
242.706
389.481
475.676
485.85
701.299
632.53
314.664
199.275
278.37
416.306
655.148
680.658
568.455
625.783
374.583
227.519
289.063
328.752
509.196
642.253
498.22
661.702
479.722
320.654
342.923
412.357
455.721
663.677
357.374
497.586
571.566
429.083
269.825
225.365
321.943
479.529
378.1
445.129
450.96
415.24
323.376
341.864
390.381
433.428
502.437
257.649
237.45
326.901
440.66
495.706
529.044
289.179
399.382
332.875
372.473
453.757
360.549
466.425
422.059
346.997
445.752
323.156
292.081
323.421
372.162
337.737
445.578
332.216
739.646
324.332
128.665
136.708
229.505
502.858
752.549
401.549
902.219
442.784
332.277
208.76
284.924
649.616
929.599
491.038
904.419
379.34
119.576
133.593
223.398
570.951
931.902
473.405
1205.93
630.874
201.648
151.804
181.799
637.843
1205.34
758.897
1332.42
533.789
180.182
169.356
271.435
692.861
1332.38
688.703
1121.12
536.489
214.858
269.85
206.056
594.377
1131.17
640.076
1248.61
586.778
264.045
145.564
277.341
804.435
1288.72
695.003
780.427
991.733
515.403
221.307
216.761
427.227
695.708
1010.09
1046.55
827.674
413.19
272.393
223.694
383.963
981.474
902.379
591.172
713.299
535.324
383.561
355.602
392.224
540.681
718.353
695.238
673.137
458.578
361.494
327.59
325.859
651.605
707.197
546.093
467.889
227.111
118.889
119.189
272.116
522.949
500.437
491.921
477.99
293.92
208.633
202.622
237.929
453.599
506.578
700.612
647.817
300.466
244.989
159.891
282.814
648.398
690.34
641.03
758.998
452.774
333.2
279.887
249.185
566.266
779.457
378.695
527.999
346.562
284.008
314.423
228.57
340.378
528.12
308.942
225.177
397.979
533.064
461.81
310.77
317.607
223.067
538.698
493.382
328.53
272.351
240.458
392.079
531.589
515.453
506.33
294.033
261.247
425.752
361.805
454.643
534.081
317.504
497.977
433.922
201.815
312.303
275.746
317.673
479.835
477.489
1033.66
557.296
135.282
61.5466
153.552
578.02
1037.5
666.95
876.982
457.914
184.789
181.309
186.446
489.749
878.94
548.916
995.553
467.58
156.227
157.077
200.249
504.995
993.546
570.038
1130.68
519.274
184.193
167.687
190.216
476.19
1110.71
653.37
1128.6
559.867
231.602
304.652
260.473
662.217
1146.63
668.24
1171.27
543.249
159.81
156.776
226.556
698.436
1194.16
660.667
1298.63
571.714
156.192
100.842
138.442
531.907
1281.34
729.713
981.71
873.618
382.126
213.747
197.673
464.384
916.073
940.82
847.121
884.298
462.996
223.101
207.731
388.566
768.098
924.305
768.229
689.369
392.864
242.093
219.615
293.017
720.686
729.987
698.553
838.607
425.233
249.331
209.172
485.621
636.851
860.167
664.593
700.235
452.124
304.22
203.975
337.651
620.967
718.406
839.361
854.97
505.123
236.048
257.833
315.672
758.676
905.355
681.462
547.086
342.931
231.492
223.217
316.936
650.544
579.065
394.625
411.212
329.932
347.433
226.439
348.546
394.571
420.335
678.315
715.522
453.733
279.005
259.692
333.448
615.178
754.651
659.925
616.305
405.5
449.976
371.314
332.92
610.505
647.741
544.073
388.887
268.754
287.839
298.169
354.996
541.976
413.527
449.59
345.753
269.301
245.241
283.091
341.95
444.579
370.9
577.953
239.099
264.705
313.832
365.978
493.446
609.168
286.755
846.535
419.904
143.409
104.107
193.389
579.766
877.659
496.418
998.947
495.497
127.176
109.254
148.201
554.264
1009.84
595.727
900.791
514.638
263.15
228.881
239.767
552.537
904.794
594.44
1153.16
488.655
232.067
241.32
176.504
441.37
1137.44
628.668
1048.1
587.581
214.901
237.158
177.632
504.282
1035.36
696.706
1313.96
595.188
163.752
288.879
197.549
446.683
1279.63
760.862
1197.17
532.325
159.258
160.408
234.541
584.252
1196.02
668.919
820.074
621.831
301.726
229.244
223.533
353.504
779.845
693.126
817.886
858.335
475.149
291.677
303.082
568.736
757.818
894.997
798.632
691.553
394.733
243.893
278.468
452.825
766.158
737.164
561.78
653.464
399.146
378.373
310.061
446.418
523.258
669.776
438.226
297.18
207.371
229.907
265.272
274.811
420.997
337.321
689.153
554.435
251.299
217.256
159.842
273.031
649.317
613.461
677.227
716.305
392.995
218.449
175.503
328.713
619.959
746.409
793.572
686.674
309.618
221.14
171.826
298.023
734.329
756.037
318.374
308.118
219.073
215.557
228.738
238.386
309.219
320.546
290.512
349.089
305.718
339.651
347.073
390.551
295.931
343.457
609.266
439.132
233.596
379.624
199.703
261.508
568.798
493.04
689.384
453.648
199.472
172.036
130.021
249.802
659.658
513.114
1087.22
490.464
185.407
117.202
167.716
428.714
1071.12
621.361
959.566
478.584
155.652
125.451
154.706
373.039
937.124
583.825
922.5
521.45
198.578
238.573
222.872
411.448
899.689
620.46
1152
705.447
205.373
136.158
154.527
533.758
1122.49
827.539
998.321
491.202
240.032
255.402
233.342
507.418
991.776
595.734
997.526
755.332
241.107
131.217
163.813
445.809
943.424
853.599
968.181
497.301
145.686
117.654
143.3
493.034
965.053
598.05
1139.02
534.843
216.317
225.095
261.059
705.034
1169.86
644.743
971.822
900.417
432.917
221.007
161.102
437.808
891.878
978.618
1059.4
783.419
344.088
197.363
200.527
364.103
989.936
892.66
769.256
791.27
389.725
170.961
219.244
337.612
698.949
829.81
544.923
734.921
579.224
315.543
296.103
431.332
498.054
724.553
546.16
655.921
379.487
186.427
281.791
458.341
526.891
665.498
545.18
556.641
378.816
301.759
216.589
355.936
518.017
581.754
467.153
383.606
395.878
533.67
424.435
283.485
447.021
394.7
640.276
646.744
468.474
384.77
271.365
262.676
588.08
670.467
695.884
605.346
382.23
300.082
235.572
257.438
644.783
660.444
417.482
349.115
294.57
247.15
148.731
224.033
402.434
379.54
608.988
465.318
290.647
313.896
258.19
344.796
579.924
507.525
682.817
509.271
179.475
173.365
125.295
292.291
644.112
579.09
839.899
626.842
255.534
253.908
168.671
342.805
789.234
706.031
960.74
547.134
151.473
75.1872
103.396
381.911
931.251
651.902
906.802
522.11
185.13
228.561
199.594
421.263
888.429
619.467
1002.52
685.575
241.56
154.957
178.141
428.314
960.432
789.431
1102.55
589.457
188.287
189.716
141.528
436.831
1075.03
711.704
973.264
581.725
208.867
228.953
213.896
488.751
953.605
684.525
1041.66
673.964
298.703
243.946
204.64
513.925
1017.48
772.283
1312.98
567.295
221.371
217.765
295.04
742.762
1326.18
707.359
729.342
819.805
425.604
274.246
274.487
555.842
674.485
847.957
864.577
938.414
508.735
245.589
166.582
432.79
782.643
986.775
621.982
691.29
372.025
248.251
315.594
639.624
604.075
714.42
765.485
588.759
353.723
276.907
241.737
342.788
733.912
642.907
750.179
621.82
326.023
258.682
179.303
307.001
701.615
682.074
607.838
720.84
375.751
184.313
147.304
297.243
545.816
740.216
793.238
644.338
262.883
266.874
212.575
295.03
737.105
720.774
470.614
541.745
282.456
199.237
228.432
289.394
444.521
561.93
473.275
570.572
301.817
232.128
234.91
267.985
429.012
585.948
630.933
716.942
555.81
394.399
316.345
348.238
569.375
726.703
563.065
570.39
322.002
274.339
189.229
233.845
510.98
593.478
449.081
525.318
280.038
248.843
210.677
302.028
412.956
548.156
538.491
390.475
267.924
215.182
189.01
296.072
523.085
433.138
963.321
649.163
208.955
133.41
162.726
412.304
925.609
748.826
891.524
579.209
219.435
213.581
168.363
392.107
856.747
673.498
689.284
389.759
173.754
162.146
197.458
363.342
680.589
458.623
541.1
472.705
247.662
185.13
199.344
271.174
500.395
510.715
693.621
334.607
177.974
162.526
198.447
419.08
703.472
406.511
1185.85
670.497
212.347
218.204
206.807
545.674
1163
798.255
1223.28
692.753
224.117
317.911
256.563
544.384
1192.59
824.622
482.575
465.565
266.458
309.077
336.376
371.752
457.93
489.731
488.106
462.116
491.244
335.362
353.622
412.274
482.552
452.454
596.977
738.329
435.669
246.963
177.8
381.469
557.582
746.969
817.38
723.603
403.687
326.372
272.406
323.891
762.139
783.064
599.194
676.762
388.093
455.792
335.69
489.031
557.885
701.421
462.634
390.728
279.263
446.393
336.993
307.036
449.947
417.121
608.34
595.43
397.002
414.865
261.608
279.44
560.155
626.708
547.956
720.674
457.96
273.128
200.004
427.413
502.8
727.296
371.284
429.651
275.873
291.021
279.065
327.293
353.244
441.819
307.259
371.163
305.113
176.273
121.599
176.784
281.97
369.953
351.645
454.567
365.266
226.367
224.767
204.984
319.679
456.671
535.849
404.643
245.372
149.191
180.985
264.067
518.824
439.678
449.946
387.66
260.495
188.093
173.745
209.332
408.863
426.473
533.636
493.797
247.345
166.568
151.185
230.555
497.293
526.07
638.961
619.679
336.042
219.806
186.715
298.062
590.755
654.227
478.674
430.222
234.984
147.09
152.626
248.688
455.375
458.536
833.587
523.194
366.723
314.242
227.141
379.441
813.425
590.106
622.564
377.341
233.926
253.578
290.974
386.799
604.734
432.232
904.236
489.482
154.265
93.6357
151.169
444.13
894.873
583.311
1066.55
626.344
275.865
279.564
272.207
558.821
1054.84
726.169
525.329
571.702
506.909
427.476
456.157
330.612
524.425
573.98
501.413
543.517
422.254
373.382
330.049
234.705
464.826
550.867
761.082
498.278
379.852
572.185
359.529
358.795
742.84
563.221
495.69
424.884
365.055
419.398
313.55
322.524
474.717
456.165
684.969
661.247
510.493
345.371
352.271
482.097
688.02
656.016
563.3
730.225
592.757
252.996
257.116
262.498
500.682
723.496
508.325
459.048
283.794
310.464
243.168
191.168
461.041
489.371
377.845
354.999
369.13
532.617
270.8
218.595
357.18
367.993
363.34
315.328
319.692
404.438
246.72
257.993
356.426
328.013
439.459
482.52
284.202
267.691
154.403
218.609
401.863
499.698
467.338
534.944
302.556
265.116
210.696
261.178
421.106
551.324
816.251
691.536
353.022
248.211
208.556
305.06
757.118
757.456
599.504
504.932
288.123
220.963
152.053
237.027
561.518
551.698
768.624
526.908
203.755
178.397
155.744
320.364
737.925
600.454
748.007
552.862
246.379
129.901
135.294
341.446
710.365
619.61
830.256
632.353
263.971
166.296
147.541
346.63
787.049
707.942
989.055
472.76
198.42
167.694
213.857
351.634
967.866
583.745
865.18
452.145
343.078
369.272
285.75
502.967
872.503
526.082
801.252
433.239
245.218
168.347
235.139
447.124
798.033
512.118
952.605
699.372
363.388
239.553
223.142
429.119
910.795
784.989
422.906
370.757
291.44
249.864
230.169
270.896
414.956
383.007
675.625
658.425
438.154
281.435
344.656
612.968
698.27
673.474
678.41
641.896
493.192
359.699
228.354
220.594
620.673
663.771
505.973
511.006
397.496
486.506
338.964
304.355
485.94
517.805
591.876
442.551
398.671
451.697
261.963
269.911
569.384
491.542
505.777
528.361
315.252
245.494
223.465
308.063
483.294
539.816
567.508
690.547
474.749
212.147
210.815
271.446
512.059
693.359
465.764
589.485
558.527
342.825
306.805
276.685
417.682
584.923
473.3
601.983
424.677
347.255
298.013
380.567
440.591
607.384
499.239
566.341
389.126
262.827
193.786
314.427
480.163
572.93
440.233
371.651
243.949
260.015
246.024
231.064
413.682
404.716
614.397
558.284
299.98
167.383
155.584
242.628
571.724
599.476
628.701
617.37
351.549
295.733
270.169
228.779
568.915
662.457
624.536
652.368
435.987
226.562
244.295
266.513
564.81
684.994
718.932
733.602
363.848
166.789
108.969
239.65
645.393
781.273
923.212
720.091
284.844
173.271
194.742
329.802
855.773
805.727
998.722
750.325
240.233
128.402
147.695
360.224
933.774
850.043
955.138
640.579
258.119
167.644
151.487
332.034
904.834
735.77
609.951
383.515
225.343
207.788
201.906
305.963
588.089
440.665
1195.16
703.259
168.342
128.805
158.704
562.048
1171.81
831.704
470.746
558.008
411.361
303.155
300.378
275.772
426.233
566.88
535.628
609.625
532.703
346.627
327.637
529.542
521.643
597.565
343.467
416.378
415.929
489.803
270.834
335.136
341.855
413.482
298.244
488.725
464.078
252.672
301.235
321.315
278.732
462.697
533.902
619.004
355.089
339.593
320.428
489.49
536.641
630.783
593.586
580.058
310.693
195.18
187.661
353.127
548.183
618.442
453.851
509.574
349.289
280.065
212.528
270.723
418.306
521.901
385.74
389.406
490.801
373.678
429.259
283.919
370.424
381.402
347.357
594.527
580.875
305.491
274.845
326.138
321.613
550.066
613.522
529.246
394.336
218.321
207.917
315.858
582.545
553.824
479.016
425.026
299.675
198.722
276.284
241.845
454.356
447.218
560.614
418.807
261.54
314.04
255.963
283.319
541.248
464.155
490.048
453.777
320.67
234.253
183.709
218.307
460.737
479.294
447.689
446.731
246.216
158.869
115.186
255.49
421.041
471.109
565.45
442.779
251.505
156.622
169.576
313.555
539.193
481.31
837.328
558.247
260.826
185.061
176.503
362.736
801.66
637.922
970.065
653.914
268.184
188.654
153.236
280.185
910.528
742.645
988.953
669.966
256.595
180.504
170.238
381.929
946.092
768.841
942.442
555.999
268.902
217.67
205.024
442.909
925.872
646.14
1072.85
735.294
314.366
161.248
192.5
475.086
1027.28
837.996
