387.43
378.65
413.245
325.065
175.767
177.284
370.694
387.001
434.722
525.826
565.842
498.302
227.671
360.529
421.724
497.8
262.295
523.966
648.69
451.34
273.023
240.307
238.646
463.792
429.584
513.036
491.14
458.11
345.588
366.067
431.718
499.88
337.506
567.227
865.929
587.091
413.767
276.651
310.596
519.548
415.187
446.512
586.805
549.107
319.338
257.866
384.52
443.217
327.918
374.618
739.459
813.336
440.942
240.919
312.084
340.013
365.897
413.573
500.714
538.177
338.356
324.687
355.885
410.091
269.503
386.179
661.024
826.824
393.842
167.948
242.022
357.808
285.22
252.738
508.985
901.381
382.236
171.839
280.429
247.09
170.938
235.426
395.371
695.858
425.098
156.438
157.359
230.095
159.911
173.434
371.744
925.912
664.596
245.242
148.673
171.034
236.067
225.014
261.222
714.986
344.7
159.879
231.029
223.16
229.83
146.426
421.319
971.186
835.579
295.895
235.205
155.894
285.464
269.568
391.148
632.087
759.316
482.415
301.152
250.072
190.471
214.616
429.682
487.898
704.126
451.317
210.213
194.092
294.054
246.785
274.358
493.322
747.778
674
342.471
239.039
405.443
412.898
519.938
630.804
791.243
814.218
427.907
393.612
490.443
330.638
406.923
417.943
727.921
680.898
516.681
342.91
532.934
491.866
325.172
383.869
499.289
828.166
593.573
506.457
601.752
393.197
376.471
370.801
257.827
373.489
588.186
420.106
414.596
434.224
326.483
323.557
272.392
271.127
388.893
445.46
849.948
576.497
278.002
326.146
220.02
357.018
819.057
655.797
175.399
265.987
385.606
493.987
348.901
164.407
164.436
246.523
255.593
403.921
711.789
706.66
352.278
214.344
255.337
361.486
487.036
574.12
776.361
708.866
546.197
474.732
498.925
544.113
320.822
397.515
811.228
783.118
449.286
241.363
311.267
353.752
209.404
331.438
561.264
592.133
404.617
217.487
189.147
304.084
164.657
229.482
591.562
817.367
397.326
225.855
165.922
200.726
219.06
252.554
511.27
772.81
353.207
148.112
204.794
250.878
161.419
243.936
519.281
911.18
605.051
190.078
151.442
227.049
256.38
254.04
503.545
976.456
599.796
219.172
239.648
256.05
287.996
308.59
359.695
751.642
581.946
341.077
291.284
313.209
333.057
327.787
284.457
788.854
681.052
351.484
311.795
342.129
383.203
449.571
468.89
480.008
635.536
537.252
388.214
453.392
354.365
299.661
334.725
542.538
850.557
783.077
402.536
289.456
356.095
361.919
476.32
454.39
726.602
687.873
386.154
327.582
444.727
366.831
430.381
430.725
858.084
886.15
510.477
352.763
484.263
477.062
521.712
310.763
759.896
965.299
533.687
442.21
773.842
354.229
315.086
417.824
557.739
870.372
840.177
401.705
516.865
533.249
504.393
395.281
261.868
315.694
517.044
521.401
441.72
450.132
478.33
445.845
374.526
329.336
416.686
456.279
452.08
443.916
468.679
388.726
225.258
328.157
468.776
443.266
462.752
622.058
818.642
577.28
372.008
291.25
432.379
573.724
481.845
575.596
740.789
539.96
528.566
273.516
438.074
565.007
284.736
383.968
448.882
493.731
344.754
269.4
287.395
371.912
268.337
422.51
832.709
692.352
460.089
272.827
268.742
356.688
329.766
326.337
401.93
513.928
297.796
239.217
317.658
315.312
266.909
351.062
497.136
768.448
372.378
286.315
276.063
341.518
174.35
189.01
457.19
861.308
410.65
138.948
172.349
183.597
154.559
160.721
367.165
863.012
473.24
150.341
145.413
162.884
301.35
325.254
275.086
367.461
328.742
244.038
286.086
325.791
321.358
299.128
405.919
715.496
469.679
223.024
300.996
318.494
201.454
234.139
358.815
580.914
644.329
329.595
199.504
220.66
256.725
269.734
519.018
496.864
625.913
423.133
270.781
256.249
359.273
253.993
333.641
468.867
589.873
533.371
392.184
251.113
408.853
238.122
304.9
312.56
590.38
655.829
444.85
242.031
486.398
385.62
357.551
400.641
606.445
758.559
535.784
397.8
497.051
468.739
489.6
463.284
701.583
857.93
531.558
449.069
590.392
370.408
323.5
465.787
458.848
755.621
657.684
411.076
634.151
511.389
557.508
345.949
297.149
396.094
646.594
501.46
370.718
482.07
390.029
396.528
362.684
365.24
380.143
470.091
337.257
686.071
765.976
544.862
274.379
269.403
299.413
624.954
582.853
665.392
585.461
344.788
297.147
230.094
523.538
672.163
288.715
342.817
378.048
309.07
293.094
311.874
288.435
330.39
398.055
471.73
628.804
604.685
365.709
279.095
366.443
470.594
433.888
377.317
503.43
506.598
430.684
190.575
407.004
388.293
332.741
327.581
519.53
621.448
358.63
191.027
315.197
326.621
186.499
219.22
606.988
972.329
418.855
150.557
192.286
194.147
165.877
172.076
356.819
738.004
368.563
141.562
156.766
174.718
130.173
212.695
426.962
842.069
614.138
207.976
122.317
184.3
208.779
143.318
319.375
616.379
554.524
208.123
212.567
148.023
161.563
188.275
358.242
602.947
660.444
364.35
167.605
168.383
304.138
345.61
609.166
534.669
647.055
419.374
290.485
316.224
311.063
248.563
360.805
533.606
578.643
452.31
334.007
247.547
424.522
461.186
339.576
492.292
624.641
547.844
450.087
463.693
415.04
359.65
268.27
337.215
454.337
638.452
453.451
374.229
555.589
409.624
376.228
268.876
479.882
809.234
624.623
410.9
560.36
409.244
305.391
358.966
523.345
729.017
615.583
422.356
752.386
427.326
458.144
439.539
499.405
846.372
824.157
442.48
633.524
903.373
705.043
347.313
338.025
534.762
584.663
883.397
529.66
743.416
652.228
429.102
283.427
326.474
488.116
725.539
335.266
590.731
689.685
391.265
304.607
298.967
321.684
520.29
326.409
551.864
717.669
507.43
326.544
181.903
288.252
510.969
292.697
407.774
498.741
568.689
362.975
252.358
266.313
392.797
355.124
522.964
604.657
516.226
441.902
310.876
339.919
492.456
258.912
367.769
440.108
439.314
289.78
231.965
251.071
352.87
494.984
521.191
462.397
513.86
359.903
295.112
460.846
529.112
417.451
351.909
546.369
695.998
307.879
232.558
410.72
358.76
276.989
213.348
426.193
728.67
409.86
178.043
263.654
219.937
266.531
246.392
306.993
680.601
356.134
194.758
248.447
262.267
263.223
222.099
336.177
509.866
388.425
209.413
270.32
211.15
299.071
234.129
248.488
485.354
573.222
389.718
313.815
261.418
290.323
215.247
296.446
441.03
321.763
253.812
287.133
227.627
262.987
207.86
257.997
480.153
691.728
588.65
290.518
206.123
463.692
348.434
265.359
401.948
605.303
626.18
503.136
363.835
462.557
398.924
347.609
361.49
497.366
574.357
497.965
406.026
605.317
347.881
268.597
333.449
550.853
744.33
657.724
371.676
666.672
393.286
312.938
302.698
434.432
728.052
723.058
426.045
869.776
521.911
246.787
254.994
312.469
736.984
918.857
573.151
663.583
904.591
635.173
358.821
209.557
350.37
596.668
899.056
587.891
670.949
478.54
518.652
309.837
427.854
588.594
668.49
659.534
691.051
598.467
556.832
331.186
433.997
613.216
704.355
542.693
640.612
646.163
305.257
349.392
433.31
519.708
606.912
477.298
416.167
458.747
418.063
359.92
337.001
484.449
402.432
440.757
431.961
435.637
485.383
294.133
256.912
415.032
439.2
270.706
300.5
341.763
309.172
232.002
309.08
273.487
276.585
387.766
557.651
556.012
542.607
403.17
260.699
350.167
549.259
283.505
414.055
485.637
547.134
353.049
334.131
282.326
384.115
320.095
389.117
436.295
517.72
409.799
269.248
306.778
387.992
284.419
195.725
269.096
615.453
554.366
301.203
288.055
208.046
180.893
297.383
406.402
591.244
609.803
408.822
180.286
271.308
401.181
368.952
352.65
666.488
795.272
509.279
390.39
381.745
313.422
228.89
391.207
395.341
439.562
292.421
308.737
238.728
339.237
244.696
306.173
402.002
415.291
533.942
379.883
229.132
219.601
251.594
280.676
309.707
524.876
585.989
254.921
231.095
348.304
292.69
305.581
394.407
563.101
629.36
393.698
276.6
757.518
381.675
221.987
390.909
523.479
752.36
805.304
437.467
762.143
586.377
341.457
321.302
500.647
944.758
834.924
602.013
893.033
402.95
320.42
299.942
498.621
921.278
978.821
463.679
545.228
780.68
677.343
243.922
266.16
292.513
480.201
749.03
767.351
559.946
339.223
267.365
226.931
282.3
729.352
619.586
540.816
702.953
583.589
301.597
316.485
332.676
499.502
687.609
573.2
697.091
659.169
395.927
296.229
381.974
518.673
683.536
481.93
861.392
930.112
545.073
435.377
514.034
424.558
789.39
404.428
332.697
362.819
378.966
347.004
280.231
396.812
342.194
213.289
374.986
421.801
360.257
218.669
187.727
213.251
339.443
396.225
320.049
353.59
534.996
352.06
265.559
374.897
332.768
250.032
200.421
228.697
298.279
183.857
188.299
247.023
210.733
404.395
411.189
389.024
547.513
368.26
337.407
407.636
408.083
177.441
182.229
257.447
562.45
626.044
359.368
184.363
178.289
568.55
368.252
443.235
620.605
581.695
379.905
553.766
406.543
318.005
417.238
321.976
560.149
598.345
332.148
282.581
419.1
578.092
271.197
394.907
464.901
598.824
605
606.25
314.985
420.883
331.951
312.293
456.223
525.998
461.485
442.026
341.018
554.803
378.58
250.92
254.808
456.669
605.855
541.755
421.451
569.111
446.366
189.149
234.75
449.538
829.941
625.896
468.237
888.316
443.027
321.14
202.234
442.293
867.566
939.993
490.027
722.756
411.786
425.703
277.385
539.985
860.835
791.469
416.19
936.348
559.688
289.016
198.857
523.403
1173.71
1037.17
576.583
691.112
839.45
564.836
290.383
330.133
584.981
656.602
848.116
484.642
465.183
379.226
328.006
247.801
505.027
505.196
471.906
616.518
850.075
596.645
303.813
274.64
538.329
603.1
843.044
467.947
744.637
659.099
411.549
289.348
347.86
413.187
718.238
418.438
453.699
465.698
458.056
381.472
336.804
397.275
455.066
413.502
368.562
365.76
281.381
301.184
293.333
394.396
388.858
450.422
434.827
489.892
363.178
269.48
468.419
468.785
412.134
389.956
359.359
392.081
426.778
358.501
280.261
374.002
385.009
328.776
290.421
211.182
231.041
177.431
234.914
320.095
304.538
447.068
303.576
170.84
229.424
211.401
251.61
432.183
341.339
388.126
398.594
315.818
779.386
559.684
324.675
401.144
410.628
311.478
430.89
338.607
495.586
560.513
459.827
314.212
417.039
360.218
297.051
320.857
345.461
648.78
691.718
401.203
279.184
402.604
411.202
491.055
408.915
595.267
608.104
431.514
390.562
413.457
427.246
411.763
403.189
506.127
585.024
441.251
431.354
510.311
303.587
250.024
277.807
263.454
341.131
513.014
342.162
480.771
320.589
394.648
387.6
504.531
541.227
518.513
336.66
804.6
552.791
295.628
320.621
347.129
730.709
841.119
581.984
899.116
481.35
320.192
268.664
550.67
891.899
952.753
529.258
1019.16
521.295
262.144
155.719
351.559
853.166
1067.02
585.594
876.737
720.655
570.016
331.982
256.591
386.663
856.147
749.346
467.186
568.377
516.296
295.384
267.245
288.2
440.548
547.575
478.632
557.869
500.679
361.958
353.532
438.96
456.631
551.517
475.562
564.45
501.762
418.415
270.982
281.926
446.601
559.231
398.061
552.849
494.417
420.891
341.227
336.582
382.79
525.389
479.09
731.274
682.438
393.826
350.704
493.673
491.853
691.037
474.889
341.596
373.963
389.057
325.261
426.889
501.777
346.593
464.936
421.003
640.968
657.652
410.013
375.086
466.295
405.201
473.78
428.846
335.892
542.714
407.685
299.409
446.538
461.753
333.593
319.197
258.198
466.253
336.885
239.811
324.987
323.093
433.341
377.027
311.907
631.346
436.894
384.292
418.325
407.068
303.962
214.018
165.001
429.407
511.597
447.867
320.56
218.233
376.2
330.252
393.049
500.815
622.104
401.723
361.391
337.577
383.315
305.624
384.713
642.583
569.5
509.5
402.182
306.855
544.773
345.453
333.314
290.214
448.236
664.464
599.747
353.944
643.988
297.323
278.551
349.201
374.501
467.811
666.03
359.923
730.321
347.026
217.02
322.054
322.929
656.046
773.675
385.945
755.007
358.618
352.288
346.974
432.662
793.68
819.386
374.637
797.38
348.778
210.253
149.165
285.609
738.886
858.404
383.947
834.092
471.788
310.21
283.226
331.023
743.876
893.195
505.536
708.272
627.017
444.796
368.499
251.69
354.004
678.453
660.955
565.757
731.231
588.137
339.204
275.573
315.702
530.926
718.075
759.83
940.75
522.627
262.207
223.881
373.686
672.996
959.037
774.657
895.602
482.908
338.214
244.717
391.906
697.402
911.771
430.564
734.992
678.849
360.336
403.251
459.436
388.721
679.389
733.466
548.677
405.712
303.956
285.608
326.059
692.813
595.51
454.443
392.768
404.734
426.394
303.127
308.734
428.336
411.251
432.455
478.986
614.487
521.574
267.533
297.935
425.124
458.282
614.38
419.661
304.584
478.578
338.755
272.376
585.701
466.333
464.849
431.718
371.032
361.648
411.159
308.55
431.755
462.805
335.754
302.974
328.111
427.368
391.965
330.66
330.985
303.486
315.183
320.892
317.319
282.172
264.757
392.523
333.888
298.953
260.618
322.014
420.968
430.776
254.641
268.751
260.539
300.978
605.427
295.585
262.14
550.157
457.817
425.145
613.601
344.172
436.863
339.129
397.722
429.828
486.929
441.734
458.135
362.153
520.759
402.131
361.941
234.308
428.446
565.727
524.418
432.474
689.669
610.406
321.932
192.496
366.925
698.466
728.058
620.197
736.808
419.27
304.985
290.577
456.676
750.044
778.687
464.847
813.151
434.114
193.176
204.571
270.327
549.703
822.318
513.5
1230.19
475.791
261.036
268.009
359.345
707.989
1254.86
609.305
999.945
654.576
292.373
289.528
228.322
494.56
973.083
747.586
648.214
655.972
413.36
364.503
280.276
388.277
620.818
680.343
853.784
862.865
499.362
257.029
216.126
452.661
790.994
900.29
439.365
525.552
403.063
386.254
250.801
394.154
417.776
531.979
427.568
506.133
377.692
295.049
262.171
364.175
411.891
503.671
536.71
620.802
512.339
256.763
309.613
318.768
519.825
602.292
533.728
855.913
712.387
313.026
305.768
465.988
524.448
813.751
817.637
391.892
308.272
293.054
264.016
499.095
835.192
459.296
680.572
374.01
279.131
512.17
363.633
295.696
656.322
448.574
356.798
220.324
412.561
376.576
407.801
314.384
360.427
214.326
710.905
434.914
410.634
452.671
382.772
327.563
678.384
507.4
469.91
409.725
361.491
305.412
296.874
475.609
471.852
431.018
529.873
265.809
232.047
336.345
353.842
516.648
559.916
300.429
553.726
368.623
189.519
165.531
275.58
643.586
603.112
381.671
671.758
373.892
223.828
241.581
277.696
618.293
718.253
401.304
728.513
407.991
343.556
255.881
331.666
603.101
758.02
461.763
613.099
455.48
307.964
210.318
318.988
564.958
629.638
471.534
929.69
433.173
261.609
201.163
289.89
742.094
969.259
490.557
903.983
396.57
219.562
162.671
305.138
718.79
952.266
479.786
1049.08
521.174
221.809
192.652
257.947
716.166
1091.21
605.274
696.628
601.798
418.829
337.917
234.292
353.718
663.698
635.236
997.133
977.068
526.61
295.825
277.259
489.431
918.407
1017.78
686.294
781.276
475.933
264.477
284.395
365.963
615.682
808.351
780.874
862.65
536.128
455.802
268.378
305.008
699.92
902.929
580.205
872.911
507.575
262.197
216.839
379.615
509.246
867.129
377.044
648.18
593.314
390.385
333.388
426.148
347.283
595.79
327.161
354.396
470.416
376.008
440.421
380.642
328.18
327.943
623.924
427.754
526.082
734.47
421.777
304.974
603.814
467.252
366.145
268.85
430.676
549.878
333.927
302.127
371.514
269.445
321.438
204.453
386.122
582.46
376.847
257.144
320.508
223.028
462.509
287.51
209.393
243.784
351.698
377.127
462.591
308.009
398.106
299.049
188.75
195.246
227.298
405.018
420.005
314.894
728.695
327.364
133.432
141.106
212.934
491.575
758.143
390.799
542.636
372.531
309.189
230.98
244.104
459.111
567.647
393.407
827.413
380.061
225.392
215.096
229.62
551.116
851.382
459.209
729.565
307.986
191.807
188.086
231.003
496.177
754.282
381.729
691.71
401.117
250.249
360.041
318.004
387.612
678.847
466.516
842.41
452.196
316.877
361.872
351.08
455.569
838.336
528.994
893.106
412.535
224.772
226.502
268.155
537.932
901.701
493.54
1090.93
476.16
161.829
169.789
162.778
558.027
1099.03
597.206
582.014
603.236
311.33
266.627
271.63
279.119
526.449
641.436
977.896
613.984
242.757
194.796
151.438
452.167
960.357
701.399
558.827
494.839
261.239
180.138
202.373
333.564
525.867
530.551
519.63
498.919
391.357
311.101
335.938
378.359
489.26
531.834
567.22
507.32
296.703
219.25
253.558
352.207
548.75
535.034
642.3
533.405
394.554
342.23
224.298
314.776
617.35
569.203
491.664
672.404
447.728
232.752
268.009
350.468
439.808
665.932
372.772
453.286
535.686
431.812
357.602
299.78
358.112
446.922
441.216
326.717
289.052
417.305
356.757
271.97
421.151
366.946
318.515
315.228
197.905
223.319
282.413
370.579
343.143
315.713
456.923
257.694
179.935
257.254
406.869
523.045
488.633
291.864
698.025
308.14
263.575
304.34
247.675
358.257
698.8
384.961
536.768
459.923
226.174
398.175
269.783
329.266
495.162
513.169
731.2
481.144
297.199
413.727
270.795
491.601
755.861
529.603
662.237
377.172
350.689
383.591
331.935
465.25
678.827
413.922
898.893
381.618
132.475
136.455
231.614
549.26
910.223
482.891
445.654
300.655
248.78
296.099
328.898
286.573
431.348
341.3
611.332
334.403
253.269
253.049
336.94
471.961
630.478
377.135
819.191
457.803
292.582
244.326
240.469
453.129
820.419
534.271
1253.26
536.929
177.93
147.001
191.535
660.938
1263.79
671.689
893.529
983.655
552.28
332.147
224.213
458.751
803.611
1040.28
933.461
658.092
314.242
273.826
272.504
558.672
922.706
719.087
779.706
779.059
422.094
279.113
303.567
397.625
721.943
811.672
939.45
772.793
391.112
371.328
266.878
361.17
872.976
853.513
715.2
677.67
377.349
208.397
187.69
309.613
653.44
731.502
511.1
627.608
435.78
384.917
268.698
285.767
473.627
643.834
631.14
757.063
453.167
216.038
210.764
525.218
647.511
745.443
367.943
285.832
291.631
411.613
296.449
269.069
371.543
302.753
538.151
277.198
223.285
286.843
259.747
225.741
523.526
332.23
297.745
301.602
294.251
330.573
255.195
333.288
309.56
288.493
388.117
284.763
228.338
288.916
281.418
311.908
378.23
314.568
459.143
287.452
203.133
373.469
268.542
337.454
468.96
321.039
425.269
200.372
160.075
184.574
183.758
333.583
451.477
229.754
735.483
422.013
187.454
183.192
181.44
352.465
728.045
492.867
782.779
421.21
369.311
444.79
347.666
455.097
791.908
492.676
700.253
354.722
253.329
260.915
200.578
364.665
701.082
425.072
875.313
558.013
205.78
214.555
238.838
458.93
852.416
643.362
544.754
569.898
430.986
441.419
412.034
428.079
556.137
571.115
1299.85
543.372
142.447
136.224
165.869
603.173
1295.02
696.665
1234.03
569.347
157.796
148.205
211.899
718.633
1254.59
696.422
747.636
557.669
483.052
431.987
419.567
417.784
723.201
604.231
932.938
573.441
285.099
238.99
198.95
429.491
916.101
657.779
580.932
569.185
442.335
248.785
218.305
364.342
553.151
581.364
757.404
678.298
426.335
227.436
146.032
349.529
721.312
708.986
730.473
584.965
384.935
263.209
230.409
437.96
707.77
619.598
608.113
485.942
340.714
375.682
265.579
293.354
593.159
506.274
266.87
274.465
413.886
541.738
301.311
227.887
265.527
264.954
526.509
488.076
322.278
344.574
307.676
298.041
494.457
530.77
635.391
392.49
239.316
402.235
270.543
346.603
636.863
444.05
596.619
378.925
252.876
312.996
303.041
370.695
581.9
438.4
655.232
385.043
359.894
373.612
281.615
393.123
673.655
422.169
557.105
285.032
118.869
107.608
140.489
332.088
563.926
333.934
739.323
398.425
208.98
163.339
250.835
354.632
727.275
468.684
806.929
402.677
199.972
224.163
181.628
334.136
785.519
489.531
513.119
382.91
453.839
454.878
470.295
424.076
509.242
402.615
564.709
373.118
194.695
202.226
247.61
360.738
553.959
420.861
710.841
383.647
213.334
180.675
228.776
442.201
716.81
448.126
911.932
367.62
185.583
228.596
216.225
456.373
919.961
471.186
1093.65
497.79
186.851
184.017
233.571
607.857
1105.2
615.711
1187.52
516.469
116.646
115.403
222.732
706.153
1214.28
643.97
857.763
763.802
385.839
229.814
302.159
468.31
803.935
826.083
688.031
432.896
305.743
306.365
286.344
385.07
672.95
498.469
997.077
899.609
419.406
184.909
186.179
384.94
920.218
981.916
748.619
692.814
463.105
251.077
211.749
253.968
682.995
734.349
830.829
500.254
362.713
389.485
228.484
424.665
821.805
571.731
498.846
258.672
293.315
305.924
241.988
323.89
522.707
285.119
542.733
463.448
286.367
271.672
227.172
345.473
526.635
494.329
390.835
365.258
302.123
294.274
243.905
268.95
375.589
381.769
802.156
360.775
175.092
265.9
241.75
381.184
797.605
452.326
617.462
349.491
206.401
233.625
258.562
333.389
605.06
408.828
570.851
409.834
325.367
280.728
255.097
278.795
548.391
450.443
599.87
417.081
226.117
223.155
231.077
263.986
575.066
473.095
686.84
457.663
305.152
200.263
208.847
390.946
669.113
502.585
736.848
339.03
170.001
242.804
223.433
274.37
719.339
423.742
874.13
485.431
186.901
164.36
174.321
459.978
870.952
574.648
987.183
625.417
267.255
247.55
243.418
444.656
958.811
723.96
604.913
336.213
172.469
273.167
183.45
315.299
594.888
387.846
964.467
483.686
353.582
300.644
250.282
392.315
936.733
583.216
1329.04
573.379
214.03
162.018
187.83
531.471
1310.61
731.646
1224.49
625.505
274.302
205.75
307.02
681.799
1238.49
713.226
1111.62
799.703
501.764
379.53
395.376
515.148
1063.08
896.321
591.471
477.423
224.335
180.178
216.713
442.902
571.543
519.285
1015.2
721.332
337.027
327.864
343.715
387.162
955.007
820.829
1017.01
863.27
297.897
141.094
156.024
345.252
931.17
962.301
499.144
524.988
349.271
152.158
166.581
346.773
489.188
532.985
739.751
528.117
231.563
188.681
199.003
499.415
769.593
567.51
794.057
774.367
382.05
383.123
255.923
362.183
722.565
833.383
723.263
591.765
326.38
315.525
163.82
277.513
661.082
665.035
816.586
502.144
190.587
161.016
143.4
396.613
799.929
585.544
734.594
374.637
192.923
188.691
218.175
449.158
746.477
445.306
582.336
358.568
234.134
228.65
268.974
350.463
574.349
405.183
400.726
310.01
213.091
159.413
185.556
203.445
384.859
340.407
480.569
338.732
271.901
284.719
264.482
432.494
493.156
349.294
543.455
297.378
193.85
263.489
225.904
337.138
541.494
352.735
606.396
378.324
275.514
379.732
270.41
366.4
597.796
424.81
752.783
467.197
175.844
128.76
132.972
275.002
721.364
543.875
850.05
514.094
172.098
250.657
181.767
407.477
833.416
601.999
665.225
428.03
316.492
279.803
246.337
358.178
646.017
476.993
1046.88
546.806
168.941
158.683
179.781
598.745
1057.63
651.106
1051.49
464.965
191.564
156.998
189.817
656.688
1094.24
547.631
996.956
874.775
528.7
275.054
278.761
476.841
937.526
929.402
1333.3
981.29
372.132
202.309
188.589
450.095
1246.35
1110.7
863.787
685.443
313.261
258.733
213.553
408.291
820.157
746.399
816.102
587.079
280.488
180.306
235.391
513.035
771.204
667.535
745.239
424.505
163.283
179.46
213.885
413.904
742.064
510.754
914.457
587.944
212.847
121.064
138.984
279.634
859.695
685.238
571.709
336.718
257.667
319.66
269.403
321.409
573.557
383.301
670.778
463.882
202.597
263.8
171.626
272.182
640.923
528.404
766.137
526.799
235.465
247.132
207.921
360.549
743.016
594.163
594.134
497.028
238.672
200.467
190.132
348.674
572.474
536.479
525.396
493.804
272.675
337.744
316.006
419.731
495.77
521.002
366.431
351.121
217.277
344.406
338.675
338.494
359.085
374.52
450.397
459.046
282.772
140.403
256.906
324.427
422.336
476.48
541.968
360.21
239.366
214.794
242.278
306.909
529.595
402.158
713.963
437.835
236.477
179.875
162.599
323.278
698.81
504.604
500.354
350.68
295.591
323.174
216.732
262.813
488.217
379.507
557.589
399.094
348.154
312.125
306.821
369.475
544.31
425.697
935.378
426.579
224.447
154.442
205.651
391.155
917.314
536.553
1026.04
582.019
176.59
169.1
153.255
472.028
1007.39
692.763
1137.22
535.361
142.27
190.459
159.57
541.18
1133.41
662.94
749.193
848.828
510.151
344.168
212.034
298.335
667.687
881.13
1097.71
805.728
329.486
261.648
171.807
386.562
1031.74
911.129
787.631
444.419
225.421
188.648
173.709
373.642
774.218
524.182
889.586
533.709
319.78
220.735
286.483
494.361
886.286
597.815
728.418
643.067
288.79
163.411
188.654
302.307
661.364
707.512
675.575
582.726
219.73
176.335
155.238
337.405
629.449
649.256
481.011
394.871
253.21
294.266
253.445
301.274
457.15
422.347
525.056
375.28
403.375
417.599
240.34
358.791
532.948
389.361
945.415
465.926
230.02
306.281
263.452
388.062
915.804
574.578
513.771
444.894
332.139
245.856
136.672
155.742
473.323
481.312
519.237
454.319
203.378
246.559
250.005
341.657
488.148
501.725
679.607
543.479
240.528
250.72
246.739
325.17
636.916
604.491
797.392
615.945
417.284
484.347
298.922
371.683
748.692
690.529
279.758
207.622
299.887
438.405
336.164
210.945
282.152
214.712
832.007
499.71
267.643
216.335
159.007
332.913
807.012
580.405
575.23
390.487
303.059
453.524
268.583
227.29
555.775
436.988
718.187
416.401
234.149
397.127
289.056
382.916
709.181
489.352
857.669
454.038
297.212
224.249
173.28
425.766
852.275
515.448
1010.05
592.414
218.356
200.209
168.356
478.195
994.452
695.377
1191.5
552.622
251.473
202.323
244.363
596.334
1176.41
688.958
1056.96
540.865
295.1
334.197
207.815
426.939
1038.33
648.741
943.581
685.612
394.905
256.085
182.683
435.399
914.072
756.047
633.592
550.148
294.376
272.985
272.144
425.488
604.147
602.593
467.741
352.549
341.013
539.368
384.221
409.739
458.338
390.881
894.21
485.768
236.47
325.201
240.37
296.532
857.365
584.966
563.718
309.946
136.134
125.751
195.242
421.022
573.997
362.867
358.663
312.632
278.892
312.294
246.657
234.949
336.367
332.01
432.032
392.142
294.238
265.576
165.993
212.03
408.466
412.92
682
558.952
240.527
291.401
264.358
381.997
635.601
629.76
562.993
354.466
199.879
206.77
220.129
289.119
548.971
403.424
506.6
378.173
287.141
291.343
256.226
296.994
492.634
416.702
611.639
498.01
269.84
189.79
174.653
283.827
585.147
538.274
425.598
471.489
437.113
404.423
218.027
296.005
418.242
474.929
805.62
625.014
292.012
325.973
221.883
352.301
759.949
698.111
704.683
495.656
207.231
205.58
137.881
291.135
660.992
572.951
862.216
732.837
244.946
233.479
204.508
422.723
800.191
818.598
892.024
499.371
195.087
152.683
160.635
419.449
877.826
592.184
714.523
388.508
213.882
234.747
190.951
428.916
726.695
445.776
960.41
549.074
222.075
141.166
161.052
442.553
937.764
643.979
910.254
467.025
258.092
191.142
215.28
422.034
895.847
565.598
