385.274
224.404
127.084
158.41
130.549
194.947
377.013
255.581
532.565
553.438
460.646
212.333
300.057
335.555
494.534
554.319
538.064
413.126
448.498
324.192
298.717
291.646
530.562
404.692
408.266
396.275
420.191
371.239
344.218
270.471
409.762
395.639
359.656
635.988
671.917
386.821
382.87
365.801
356.259
575.571
306.793
458.732
621.137
470.571
240.535
292.664
311.189
415.006
277.008
335.451
450.582
572.765
314.891
213.928
258.505
332.054
276.583
465.03
575.97
429.12
349.594
348.394
270.166
410.452
293.219
431.85
590.677
505.178
472.352
331.634
271.28
415.463
244.669
242.96
642.475
804.564
429.877
215.137
245.325
226.921
187.385
223.148
581.314
947.411
440.939
185.383
175.493
205.483
238.048
144.632
389.34
828.311
626.785
214.626
234.66
152.914
236.217
193.699
404.372
1035.9
593.319
232.994
223.539
208.374
216.343
248.814
352.915
613.951
775.284
377.832
217.465
242.523
321.499
416.041
666.343
404.075
529.991
426.661
317.777
398.321
331.333
310.599
313.94
340.268
608.091
718.548
378.794
297.502
388.275
291.612
313.856
522.096
808.781
698.178
435.418
305.122
420.64
368.877
268.387
375.798
581.81
756.552
478.814
367.921
538.817
295.911
345.244
280.655
509.756
700.131
582.063
328.577
469.504
386.729
312.272
170.285
538.222
904.94
552.665
373.629
383.652
263.995
187.995
183.505
135.43
189.54
367.764
293.639
440.855
590.582
459.426
190.52
216.857
226.189
390.473
584.779
482.323
520.902
476.437
355.314
302.128
290.683
468.032
504.938
351.234
553.306
508.026
224.559
347.34
371.998
347.374
508.782
290.936
592.057
689.654
398.123
341.053
385.248
270.234
522.307
554.194
466.749
436.557
306.741
295.005
318.902
530.147
471.881
227.298
263.937
285.092
437.2
340.58
209.643
217.304
263.22
153.733
256.461
407.944
431.345
416.443
232.378
148.232
234.201
324.658
560.233
448.045
238.346
322.13
410.846
297.462
529.563
276.826
273.64
671.252
844.639
450.34
296.947
291.135
239.548
199.864
275.049
460.434
749.03
396.514
165.129
181.361
263.931
281.257
184.151
393.913
894.89
481.158
218.813
278.627
200.931
241.983
180.674
294.227
718.934
526.034
176.207
231.284
194.909
217.372
249.423
316.188
511.213
633.154
340.178
222.844
235.472
343.519
321.094
341.722
439.276
611.72
525.428
374.764
331.209
295.035
282.583
294.569
430.285
625.433
577.818
327.759
260.927
349.997
374.929
384.493
369.4
684.719
742.25
383.662
350.044
470.934
365.274
235.78
293.305
595.186
794.443
527.244
383.975
464.307
372.195
347.43
374.687
495.043
685.888
510.068
385.764
399.724
358.259
278.778
308.859
286.334
490.062
429.731
370.858
397.408
556.812
482.883
195.617
253.302
308.612
362.999
536.941
560.24
742.861
531
220.199
309.214
349.944
508.49
745.59
525.175
733.223
541.643
353.112
327.539
326.964
477.837
727.642
470.947
670.087
556.919
506.696
371.128
441.974
438.607
653.564
377.866
419.918
421.206
420.436
274.075
232.024
359.524
416.161
309.036
381.76
485.06
382.099
329.028
315.826
311.621
349.48
208.351
365.207
534.791
474.851
303.748
265.949
203.937
327.694
409.338
336.229
201.585
340.406
252.385
330.822
426.68
354.593
420.135
500.054
392.766
388.366
237.21
217.114
383.501
511.357
230.876
318.955
402.849
504.739
387.051
196.66
222.127
303.054
346.593
461.885
392.535
309.982
259.609
294.864
320.831
449.486
238.038
212.883
321.917
725.497
462.628
336.715
252.97
211.71
223.379
254.635
335.093
585.299
506.464
245.824
212.159
248.554
173.139
253.563
232.003
440.353
589.975
405.219
174.071
244.38
168.195
156.743
207.787
408.23
446.078
278.088
172.863
153.71
264.883
247.954
260.002
257.495
320.169
339.615
278.544
257.069
303.184
201.711
257.728
439.543
576.058
577.549
343.402
197.321
582.946
358.179
384.347
301.374
612.254
832.805
645.767
348.212
501.366
433.984
315.782
406.585
534.401
799.752
559.146
452.816
760.991
450.014
399.632
182.837
552.904
931.737
842.303
484.374
321.21
346.485
262.583
275.462
224.49
264.988
325.811
345.156
398.547
510.632
407.603
206.316
226.388
286.599
376.963
504.666
441.584
586.071
518.606
363.433
388.734
401.841
416.608
575.615
484.637
368.916
367.247
418.697
287.682
260.94
484.044
384.526
367.584
545.726
562.17
407.537
313.981
277.688
328.09
523.814
581.255
678.845
683.703
453.515
409.992
443.146
606.716
649.282
466.799
646.643
447.698
425.504
315.599
352.607
423.971
643.353
398.577
345.219
404.741
338.517
286.272
294.741
412.62
332.737
328.42
410.835
459.608
464.491
318.899
196.192
296.595
409.236
215.576
288.865
307.682
252.185
282.843
268.159
215.408
280.744
212.713
256.457
399.489
594.593
258.73
187.502
212.546
245.45
208.991
178.771
314.998
763.897
571.505
206.714
203.191
184.887
360.239
367.929
379.601
465.786
475.804
339.806
345.256
380.079
240.65
261.29
394.092
456.953
672.226
387.158
240.018
239.014
322.081
291.248
329.952
380.393
619.211
673.56
362.886
276.629
535.473
428.44
296.997
342.071
459.47
583.803
566.479
431.662
527.335
363.342
250.479
346.305
453.079
517.8
540.033
386.052
516.464
372.13
260.989
327.089
573.667
739.272
573.609
387.148
633.267
377.618
384.505
220.748
461.762
743.924
688.864
391.398
730.42
494.49
262.167
217.336
463.052
857.432
789.273
516.47
582.551
603.551
285.061
202.767
156.322
324.382
534.335
633.711
565.486
737.42
431.404
223.322
215.769
458.873
528.344
740.354
540.664
653.766
454.608
239.899
239.453
297.948
486.543
664.946
567.704
531.306
564.912
432.351
315.81
262.486
530.406
547.448
576.714
754.296
626.111
330.502
330.071
291.417
508.19
747.838
539.524
854.651
658.809
318.073
323.314
374.626
470.968
832.08
507.813
550.974
352.587
367.671
212.285
315.69
467.386
567.351
491.95
310.249
253.049
218.067
248.614
361.957
505.818
327.079
290.42
265.143
518.187
375.703
279.935
257.992
306.342
240.688
294.477
326.397
313.265
341.886
209.582
217.259
273.619
334.753
240.785
219.823
208.821
320.583
320.332
189.408
227.259
233.344
204.975
260.132
303.889
610.617
498.565
188.256
202.404
253.377
207.647
292.832
318.071
682.698
575.213
335.091
210.573
285.998
240.029
202.493
303.665
391.148
644.613
558.013
270.504
199.228
327.686
276.343
297.722
373.164
581.182
554.807
361.736
287.608
309.584
317.509
311.001
228.333
458.509
555.555
342.438
306.223
432.938
244.762
253.716
249.488
358.636
498.758
461.329
255.447
706.718
341.962
179.79
179.013
331.207
659.042
759.795
400.853
765.358
432.919
264.18
270.053
466.619
825.71
819.908
469.639
803.553
370.892
222.478
145.438
386.07
794.851
877.789
430.979
662.919
635.527
302.221
211.287
177.791
242.909
599.737
682.693
340.781
528.873
502.965
227.473
257.849
258.892
307.808
486.335
893.495
727.519
352.115
287.905
193.377
266.792
819.006
805.892
390.757
524.412
362.713
220.583
178.087
217.628
348.543
524.584
571.508
635.293
444.625
294.287
332.928
374.163
532.231
652.74
452.91
430.594
381.249
353.634
238.868
271.801
425.78
448.237
429.387
399.319
384.147
305.242
217.462
203.398
411.317
399.958
366.325
584.216
620.421
349.675
294.841
394.457
361.224
527.392
298.014
302.099
495.13
540.041
287.133
327.355
319.731
267.622
385.314
436.894
415.93
501.564
338.947
269.442
357.876
447.555
214.542
145.49
282.341
534.084
312.464
147.536
211.351
155.09
326.951
271.792
305.671
358.974
446.429
274.64
314.28
286.129
188.276
167.925
224.715
542.067
479.998
291.316
189.748
174.903
230.085
264.876
325.125
419.572
563.871
453.417
240.656
249.888
329.148
355.112
444.733
578.381
551.255
518.102
342.547
359.735
616.752
418.379
234.725
233.347
348.142
716.196
666.336
434.747
608.285
281.387
188.435
233.153
300.569
602.415
653.457
324.606
578.967
308.434
204.76
216.287
329.491
474.697
606.75
352.846
586.355
360.177
212.583
218.683
323.529
638.825
622.211
383.672
734.923
347.377
213.359
273.689
342.691
672.38
775.56
408.727
654.257
404.804
315.416
284.155
253.311
298.285
632.099
455.917
481.755
597.562
463.349
310.234
286.895
408.064
450.492
601.587
389.977
384.817
323.615
280.621
271.044
284.523
374.959
388.831
510.185
684.578
483.186
227.239
209.657
297.404
458.917
678.434
662.149
760.228
484.092
209.413
185.854
301.705
598.297
766.892
540.699
612.528
425.449
224.828
281.352
279.527
493.997
627.102
454.043
661.185
449.706
222.073
228.966
322.212
441.35
642.909
429.523
424.986
400.767
299.364
246.448
207.124
408.468
424.84
691.776
477.682
401.013
283.447
229.524
391.002
688.278
511.169
429.884
393.726
428.585
593.988
291.934
217.341
409.251
409.616
304.138
310.533
341.088
472.417
365.682
243.533
285.627
329.764
410.815
249.381
311.092
300.954
403.704
304.012
410.784
273.974
318.138
315.373
291.584
203.684
267.485
454.145
349.119
297.107
236.867
296.467
423.894
322.635
287.15
376.382
250.792
265.055
483.779
246.979
211.724
414.14
340.78
548.862
529.584
262.666
477.463
305.216
322.706
315.672
407.379
547.238
516.112
304.374
714.934
442.602
301.159
330.952
327.691
683.155
750.114
470.978
629.952
341.78
360.193
262.865
455.928
673.458
667.917
350.73
901.842
463.085
245.302
150.477
351.511
808.988
962.137
529.864
683.461
283.036
132.683
164.561
212.205
488.567
726.064
343.318
826.904
539.718
259.337
230.892
239.136
293.685
776.084
626.827
364.9
461.34
424.02
304.749
256.435
248.678
347.138
439.998
456.667
505.895
364.972
231.975
191.956
379.884
449.987
508.836
615.516
437.543
255.362
156.998
195.146
321.476
615.817
472.289
724.528
746.114
451.727
227.953
217.18
368.273
658.577
786.309
484.747
586.412
438.01
189.69
271.063
330.632
448.197
578.219
505.973
620.367
439.509
312.274
252.233
314.94
485.775
619.636
453.606
554.235
458.035
313.938
352.131
392.688
438.88
534.095
361.003
397.053
485.211
329.519
299.813
273.661
363.367
376.091
673.175
338.743
289.568
521.021
353.633
421.469
670.979
394.44
353.992
426.244
488.592
343.64
290.702
298.231
339.791
397.306
360.116
289.575
492.531
362.827
359.209
323.466
347.407
296.467
323.683
444.731
282.856
302.607
354.367
451.862
328.221
436.497
442.189
270.412
214.597
239.425
283.37
459.687
475.646
296.098
517.263
369.411
222.372
200.652
299.945
618.659
565.842
390.869
668.405
380.297
299.21
251.726
394.585
767.316
730.077
397.62
769.382
298.126
150.913
179.406
232.671
553.897
810.576
360.29
842.173
420.606
206.951
191.986
246.142
588.696
872.474
488.79
809.508
390.022
246.003
295.344
373.303
752.833
870.543
449.712
889.142
435.491
206.114
185.972
244.12
679.075
944.192
507.072
510.92
528.504
279.311
215.994
193.469
430.996
521.814
540.148
624.232
603.773
314.799
181.584
177.882
332.474
592.144
634.604
465.897
409.435
312.876
227.774
241.65
335.84
444.911
430.145
965.955
783.88
380.87
217.92
174.656
317.267
888.61
857.101
763.906
667.14
328.899
276.065
200.173
347.399
716
728.659
518.235
580.813
347.161
296.057
196.141
270.276
471.218
594.47
423.297
560.772
410.1
392.568
301.097
260.342
371.936
564.56
418.557
651.303
581.312
339.253
527.279
380.803
387.861
619.773
395.039
533.011
665.258
468.895
407.716
293.509
377.614
501.863
416.097
372.084
535.51
483.514
393.217
322.202
415.332
361.09
290.821
321.164
357.304
443.142
334.099
291.574
279.01
313.71
233.537
209.691
287.253
326.997
350.196
302.098
244.478
192.079
378.562
293.185
227.694
372.731
311.734
408.229
406.875
293.61
461.363
212.037
168.315
171.071
144.374
262.246
473.737
246.607
544.693
288.625
302.475
252.623
294.222
336.088
551.975
317.724
592.591
278.349
177.076
222.033
250.251
469.128
619.075
329.252
736.195
311.933
235.182
221.099
222.059
458.319
744.622
381.896
692.535
342.585
148.786
263.461
224.568
479.368
714.207
408.405
800.366
324.243
354.967
317.062
349.97
531.287
830.772
385.05
909.198
362.599
206.731
169.35
268.543
671.838
958.569
445.989
377.134
430.626
306.622
174.962
200.244
326.016
367.012
431.148
610.939
559.611
315.113
206.183
169.515
486.274
626.109
606.608
524.536
581.082
256.812
219.557
190.557
272.201
467.205
623.397
843.068
543.781
222.661
155.669
123.821
333.302
810.244
615.95
698.788
440.013
193.54
165.875
173.306
345.988
686.91
501.085
788.693
680.527
326.384
147.952
158.444
319.764
744.968
741.778
620.154
571.334
328.052
214.994
166.966
295.396
578.857
605.532
659.023
594.248
306.659
227.877
237.285
307.746
625.163
623.759
373.174
442.487
442.967
310.021
221.902
378.337
372.781
414.329
496.53
492.338
386.866
335.725
191.788
301.197
455.746
523.731
266.72
279.529
299.826
269.667
386.821
283.811
264.653
276.804
341.963
263.255
201.355
249.924
366.922
455.548
359.118
265.748
643.51
382.907
331.456
260.098
239.411
379.585
650.766
399.613
452.274
334.405
330.572
342.906
365.691
329.721
446.632
370.125
563.581
439.181
299.281
430.297
260.311
485.748
598.767
461.87
718.66
353.959
234.613
361.426
228.196
380.768
726.012
411.864
771.055
372.061
192.753
213.839
212.422
483.3
791.054
443.181
623.987
347.503
227.424
207.351
315.718
521.355
641.677
379.276
763.004
375.684
191.554
235.146
241.769
528.459
778.91
447.633
919.407
357.299
218.049
242.086
315.766
590.902
947.79
443.362
698.031
554.318
294.447
203.978
159.335
316.875
662.727
582.453
559.288
589.893
299.545
200.42
217.869
291.243
507.141
630.737
833.826
778.31
348.592
167.974
146.214
342.305
760.503
841.524
605.559
556.425
292.968
154.509
219.787
412.472
595.369
581.232
1020.33
748.758
442.564
441.321
274.835
276.97
943.881
839.902
693.993
677.981
297.825
300.29
241.189
313.839
630.637
740.554
688.085
646.7
301.19
188.786
220.886
342.943
634.831
701.354
486.508
695.572
487.594
190.543
261.245
464.624
473.445
679.104
406.598
464.385
342.623
242.758
327.068
422.987
412.996
443.934
440.294
305.505
397.68
536.371
296.546
237.009
418.305
325.896
352.166
339.143
303.847
396.347
281.734
282.446
335.671
347.92
283.991
275.156
230.779
305.685
285.204
256.534
279.461
279.132
341.845
305.893
255.993
268.901
227.37
294.438
344.987
316.575
584.287
248.654
178.761
121.238
172.332
321.509
586.513
307.68
635.536
281.257
213.1
150.975
220.739
473.302
668.794
323.314
759.942
347.809
221.13
245.932
196.425
442.066
778.252
419.833
676.346
294.083
191.59
237.93
212.278
300.72
674.037
369.527
954.036
480.282
217.65
139.996
247.015
399.738
928.649
585.753
896.691
377.537
224.109
240.912
357.748
642.718
932.877
445.633
1195.93
477.679
190.575
165.413
281.516
742.141
1225.89
607.191
706.544
547.34
340.905
267.138
171.857
293.094
684.522
595.308
720.073
712.748
371.936
279.997
250.537
348.695
645.781
758.08
710.87
563.851
438.3
369.111
381.182
412.62
687.115
617.912
748.579
500.537
244.439
222.762
192.281
327.422
725.212
568.896
618.528
673.619
397.831
284.271
190.687
433.12
581.52
702.022
871.871
592.591
341.251
204.445
176.582
416.106
841.593
663.944
749.54
540.089
303.886
218.106
239.181
288.702
712.101
596.588
462.14
493.787
408.045
457.481
441.128
410.241
451.082
495.029
346.252
405.611
442.13
365.577
204.518
211.269
342.617
394.766
462.764
290.544
230.466
324.122
219.111
366.472
485.708
309.288
496.116
313.637
351.794
376.522
396.883
316.401
496.838
345.192
414.801
276.657
214.631
292.734
245.258
295.796
419.919
299.921
500.016
280.938
245.929
269.483
240.605
360.873
502.639
319.843
519.223
303.016
373.779
416.864
329.569
265.234
503.931
349.846
565.656
330.58
212.311
241.37
206.744
292.35
561.268
384.296
715.78
436.77
180.634
212.428
269.477
425.864
700.269
508.552
746.084
360.963
220.535
294.837
280.603
369.847
744.258
430.769
633.461
380.816
159.891
303.206
211.96
309.056
621.286
446.771
728.203
286.136
177.454
321.652
257.532
448.542
752.027
360.525
918.071
433.492
225.766
202.535
177.4
584.776
951.991
513.417
1033.32
703.825
347.714
190.529
203.633
419.167
991.401
783.947
1115.9
816.222
333.618
249.414
219.841
384.566
1053.95
928.184
745.863
809.253
434.505
220.457
312.08
555.584
694.958
832.653
496.554
315.148
281.755
248.775
291.425
337.722
487.423
358.719
1086.14
896.424
327.463
142.667
157.671
398.055
999.633
996.269
762.582
813.049
439.565
369.745
293.878
338.722
683.588
856.224
552.828
552.324
303.558
229.971
222.291
269.319
501.032
586.774
317.889
235.801
143.841
151.965
146.131
288.897
333.124
247.898
642.048
576.175
268.312
235.218
167.778
334.358
619.807
617.029
421.115
375.216
360.767
305.036
236.007
313.974
413.768
380.572
461.006
324.861
308.875
190.145
210.832
368.98
472.569
323.484
277.258
262.06
324.773
383.788
346.779
250.626
276.374
259.067
559.896
400.987
292.533
450.682
313.429
225.205
527.584
454.086
630.316
380.882
199.505
180.159
163.946
310.954
618.751
443.779
417.77
249.672
307.274
420.765
251.878
226.932
410.655
281.573
739.61
389.833
240.871
272.342
268.922
356.138
724.226
462.104
796.818
526.309
257.578
260.971
279.984
342.584
766.257
606.345
761.651
453.573
182.991
346.938
240.088
389.329
746.6
527.92
800.14
404.227
189.117
274.36
190.259
378.595
791.563
484.441
1308.54
496.741
164.098
177.684
267.121
698.184
1321.93
648.759
819.522
663.921
358.175
179.374
159.214
305.967
770.978
714.185
933.263
975.487
509.994
229.927
224.683
449.49
848.53
1023.23
1057.06
761.208
418.392
326.54
327.965
376.658
994.233
853.317
563.967
396.995
188.548
199.843
227.359
332.523
538.652
448.933
819.719
576.106
278.852
288.241
311.2
337.551
773.024
659.812
961.196
657.853
262.969
283.316
295.259
336.571
886.214
775.882
460.892
344.963
287.04
365.917
242.811
222.721
453.472
365.112
555.525
337.588
240.47
215.282
190.606
308.418
572.953
363.551
501.837
385.015
364.531
332.304
322.129
369.291
482.798
405.884
864.588
533.712
175.83
237.74
190.486
376.512
838.374
626.043
945.542
511.94
139.097
126.912
143.634
372.961
921.033
617.537
735.472
370.7
209.592
386.707
314.814
319.086
716.86
447.935
585.791
379.692
161.519
208.202
179.698
267.587
565.829
438.102
617.073
357.258
160.852
195.051
167.121
303.888
608.664
420.783
647.96
371.82
199.47
313.056
243.513
352.276
634.82
438.999
584.799
321.341
212.428
246.398
224.634
330.637
580.783
374.255
813.048
487.645
255.837
268.709
228.99
352.057
788.216
572.903
552.194
310.884
155.859
174.372
207.459
337.581
553.728
355.246
859.15
382.634
219.9
206.237
344.514
539.715
871.751
452.56
1127.03
592.425
188.189
176.748
211.965
541.451
1112.88
713.105
726.182
437.44
281.976
279.143
333.859
323.277
694.688
511.792
989.96
831.136
454.322
206.971
183.224
381.6
923.074
911.935
847.554
863.845
426.256
215.13
203.952
508.344
795.202
900.292
1298.97
749.24
256.792
173.061
181.019
356.572
1228.99
897.492
834.758
540.801
209.233
182.201
171.723
336.248
804.563
621.13
535.968
484.154
268.856
296.955
325.614
474.783
503.614
521.545
517.191
409.458
299.157
334.008
177.431
212.361
480.529
457.393
806.609
561.249
226.745
197.738
202.761
253.155
740.976
651.103
726.273
577.261
391.271
302.783
307.754
303.103
685.541
637.68
660.584
418.737
164.762
156.008
193.824
322.326
651.144
480.543
596.052
361.078
153.234
138.794
131.921
281.751
582.05
421.754
494.128
317.004
297.477
289.437
182.101
222.556
489.171
343.518
511.671
385.166
188.396
260.022
193.192
264.035
484.645
434.78
582.358
448.389
221.891
238.913
192.08
270.839
551.023
501.22
622.185
353.384
202.89
137.638
205.201
425.364
639.793
395.292
577.443
401.254
247.187
261.518
220.418
264.508
552.995
458.711
676.797
414.705
265.193
285.814
219.35
320.174
658.857
486.979
527.349
302.252
308.181
478.083
396.081
377.633
527.811
341.65
897.03
486.622
188.795
187.842
204.542
460.586
891.3
580.364
1127.52
530.982
147.385
146.461
196.779
649.647
1149.39
645.427
421.064
526.453
372.633
308.322
268.643
380.108
394.043
528.353
750.487
661.086
354.04
346.059
206.463
317.857
699.319
715.509
1025.6
891.428
430.085
269.177
161.693
375.028
940.324
963.301
1048.42
789.221
233.295
146.921
136.529
398.779
974.677
898.505
809.327
416.84
160.84
209.927
172.027
363.728
800.512
503.73
559.708
492.65
370.49
286.114
308.396
393.823
563.402
502.459
807.968
505.754
222.185
235.322
196.682
268.817
772.423
576.248
821.071
510.324
183.053
125.369
177.258
250.203
764.739
608.794
343.949
248.191
228.18
297.824
202.07
235.975
339.214
266.786
538.957
421.065
325.402
277.599
268.041
341.961
522.352
446.312
553.449
339.2
183.244
215.769
148.93
223.074
537.996
388.227
469.735
416.684
246.094
255.891
178.997
278.699
438.017
450.817
652.053
435.22
118.896
148.609
121.309
220.846
608.094
506.612
628.043
466.498
247.822
225.888
132.298
210.873
581.682
525.795
371.056
265.887
256.347
374.89
253.197
370.488
384.555
277.722
462.082
208.675
151.348
235.046
213.423
276.57
463.375
255.582
500.011
287.533
215.596
268.908
170.694
247.697
493.067
323.649
476.941
366.415
303.554
270.298
257.426
269.503
460.268
379.234
1014.96
578.192
175.118
196.147
183.908
510
1003.57
685.853
1386.29
574.076
142.68
153.488
197.959
605.217
1378.06
742.302
522.545
530.256
337.184
434.709
221.641
199.041
471.413
556.075
964.239
778.837
416.528
350.176
284.236
328.733
895.723
846.234
712.082
447.978
286.826
343.387
244.557
358.815
695.717
507.945
743.973
649.633
319.008
176.342
219.328
381.318
696.581
705.377
917.969
613.852
322.545
288.403
301.449
429.872
888.154
688.771
387.289
306.197
311.593
539.434
384.789
416.51
395.555
314.744
832.536
527.347
217.111
239.833
208.165
381.708
809.15
609.574
698.353
705.572
435.044
200.605
292.535
444.691
669.472
715.676
745.793
429.541
217.376
278.178
221.438
323.641
727.13
504.526
485.356
447.431
310.758
321.032
279.017
347.453
475.2
454.468
480.922
367.695
162.336
217.543
165.71
286.274
474.603
409.98
487.758
377.863
246.317
384.582
246.485
279.008
470.028
408.701
736.464
590.899
232.982
191.998
152.096
304.067
680.584
666.013
694.631
518.859
165.052
116.458
140.569
342.325
659.7
592.591
293.641
209.111
213.73
286.907
212.209
240.275
296.038
225.07
560.595
377.312
247.122
148.375
147.602
349.068
577.468
402.111
804.599
514.297
232.805
211.15
143.608
348.155
781.33
592.024
607.67
288.698
221.965
219.854
238.645
354.464
605.497
341.984
955.682
487.456
172.036
164.791
148.903
444.434
943.963
588.49
1380.88
558.961
168.319
141.353
163.931
591.562
1374.98
724.193
751.206
584.85
319.025
181.032
231.481
385.899
722.324
634.568
1005.17
675.444
256.932
124.389
193.118
368.785
949.905
773.83
909.719
530.17
215.015
195.71
148.105
322.887
869.904
629.963
1097.97
709.789
229.461
157.781
191.079
491.093
1061.75
822.203
879.565
498.831
222.402
179.937
210.133
321.05
848.497
590.068
749.308
639.319
332.021
308.036
253.268
299.723
695.528
692.805
652.861
378.107
218.838
249.524
303.388
288.428
622.865
440.018
730.106
480.863
228.953
337.549
231.642
317.252
708.266
548.387
466.75
358.17
362.796
430.405
323.488
284.965
451.695
382.474
397.786
408.757
278.639
398.7
310.447
331.913
371.277
435.742
623.08
508.174
161.536
213.849
124.885
274.023
568.226
573.038
408.072
237.134
180.935
260.182
219.411
182.469
388.404
278.298
416.096
252.949
274.392
236.879
154.998
191.206
408.795
280.532
475.022
324.667
267.434
332.49
217.805
159.193
435.435
380.908
710.456
467.951
297.995
212.519
126.262
228.931
670.997
530.469
903.359
473.281
160.487
162.941
181.973
345.239
871.143
582.151
610.779
451.673
169.757
130.425
130.493
243.849
579.551
510.272
928.308
439.747
277.039
213.355
202.482
436.613
928.438
517.105
772.388
346.026
223.736
284.467
227.584
344.048
767.667
428.361
955.979
520.754
221.127
281.157
181.901
495.467
951.546
622.085
678.865
602.393
283.591
165.077
232.198
494.279
648.382
652.006
1017.64
805.301
293.103
186.479
194.844
353.872
940.2
909.42
1205.68
711.628
216.557
179.387
198.422
452.139
1165.82
843.235
902.071
582.351
285.015
227.608
209.288
290.769
852.523
674.043
1129.57
594.376
199.473
226.497
151.57
383.294
1095.34
723.416
910.443
516.747
183.003
250.452
214.233
418.688
896.981
614.355
595.616
579.898
343.273
193.397
150.533
191.855
540.429
609.726
499.394
416.135
335.496
198.694
208.036
239.642
474.426
439.238
331.068
268.571
323.315
520.823
494.543
315.799
314.201
278.773
370.372
242.47
299.574
350.804
277.931
261.803
374.154
264.382
550.32
421.657
290.773
272.463
307.573
277.885
523.883
467.234
316.964
315.56
237.919
185.326
220.919
283.996
304.947
327.985
502.535
351.007
218.434
227.975
156.794
215.99
458.828
415.561
331.936
209.303
280.631
365.183
238.669
226.086
318.668
227.023
356.456
264.983
230.059
215.408
209.701
284.017
351.664
291.097
727.448
514.587
208.212
223.408
178.92
373.499
695.952
581.95
651.364
513.082
240.343
214.012
255.292
316.451
598.388
570.339
823.354
596.955
235.839
206.81
244.963
328.907
773.569
682.903
958.506
523.442
215.94
224.437
171.556
333.366
909.468
642.496
1267.8
713.277
168.774
94.7034
147.806
627.551
1254.1
848.117
657.482
613.572
337.839
287.834
257.074
385.309
625.97
644.248
1352.63
945.984
389.828
248.837
236.023
520.409
1276.18
1072.24
1051.7
806.995
306.318
186.363
180.588
426.786
989.93
906.904
924.07
558.115
198.842
175.92
151.328
303.594
873.61
661.917
723.31
484.067
196.949
219.121
170.249
290.883
690.677
559.175
583.45
554.821
355.981
521.828
368.797
422.129
565.28
592.913
465.81
558.646
322.494
232.739
235.486
396.6
450.208
565.971
652.08
540.811
265.923
247.31
211.233
209.86
588.71
604.761
557.481
406.388
335.134
405.387
258.711
393.425
553.218
449.067
174.912
199.19
285.857
572.491
447.143
269.143
185.392
186.638
297.637
294.915
208.917
180.552
174.027
212.583
284.062
306.755
269.369
221.512
245.841
221.187
220.717
287.381
274.522
222.666
320.204
268.894
214.593
263.114
265.271
264.466
299.086
295.447
424.946
320.731
184.807
182.296
227.89
304.633
410.143
361.542
267.654
263.223
271.748
179.122
222.571
274.129
253.527
264.145
381.49
318.048
256.328
257.013
229.549
320.596
386.133
340.737
738.327
452.309
271.595
268.692
301.358
441.55
723.013
511.554
917.335
638.158
230.474
147.257
147.225
362.43
876.312
730.38
1245.56
592.093
172.369
273.863
196.369
409.194
1218.42
738.065
834.974
510.728
216.044
231.633
233.007
566.155
842.225
581.495
