573.571
663.456
488.092
258.216
206.305
387.006
579.449
649.729
542.834
348.02
658.366
427.594
406.01
367.741
552.247
329.47
625.288
378.374
368.796
344.386
285.203
384.535
625.176
425.7
459.278
605.576
615.351
389.509
207.581
239.754
422.035
581.361
453.754
376.225
405.322
427.547
221.103
304.823
465.547
396.55
294.094
368.799
465.76
610.596
376.552
224.154
278.475
350.875
268.126
389.592
489.134
408.967
243.142
246.537
255.618
369.886
237.24
377.631
581.486
540.917
407.45
170.495
217.547
353.716
136.98
298.611
663.386
810.609
377.257
204.287
130.147
256.445
240.131
224.801
613.229
926.836
465.247
185.02
229.86
215.783
166.487
214.789
452.724
877.293
592.017
259.498
167.718
195.833
318.135
252.332
413.176
859.94
633.994
295.949
320.715
260.388
321.773
388.469
451.34
698.083
607.533
313.431
315.5
376.832
323.24
340.302
590.514
681.663
620.889
409.828
312.366
327.098
242.695
282.028
317.826
446.55
673.623
587.478
261.545
261.791
416.656
398.684
450.177
514.178
621.254
571.386
444.082
409.19
258.563
247.793
427.06
421.316
573.429
525.801
302.104
212.096
511.062
333.479
336.463
223.272
531.648
744.882
568.405
323.834
560.8
306.162
356.948
359.521
500.297
604.986
602.076
334.209
726.557
396.655
347.101
342.538
418.154
827.129
789.57
405.117
555.271
662.43
397.834
219.77
265.757
299.579
496.201
673.055
531.876
740.925
575.011
316.835
319.126
403.09
513.947
729.39
525.509
600.391
538.105
298.172
265.705
271.498
485.958
587.473
418.439
531.139
541.305
330.462
232.707
305.348
410.505
504.775
496.551
563.85
407.323
301.597
184.37
390.789
475.808
576.724
356.853
302.869
292.024
471.297
429.61
265.115
349.468
317.924
212.33
288.49
409.168
459.372
280.335
216.975
207.972
268.458
375.08
436.569
333.723
261.782
234.376
280.431
361.932
433.181
405.601
346.737
546.668
739.707
372.588
343.295
420.163
338.965
359.116
309.725
503.244
775.969
476.613
270.766
339.952
322.443
367.432
204.8
480.854
810.607
464.249
231.973
369.074
219.583
184.543
216.922
326.886
652.145
464.232
232.104
183.83
194.91
163.599
190.315
326.186
538.97
585.958
239.854
170.332
187.32
181.157
240.903
365.445
387.951
477.431
314.673
182.642
218.181
457.654
384.65
384.924
436.737
734.407
542.749
457.253
414.402
430.707
388.792
332.108
323.159
631.309
758.677
483.12
388.721
473.553
428.811
429.293
425.267
561.999
567.172
498.228
436.225
530.093
500.35
283.819
267.364
527.049
736.044
577.028
515.513
509.887
316.531
222.565
383.428
439.029
625.611
561.532
331.734
743.663
377.13
220.011
241.483
303.148
550.604
766.888
437.621
597.113
651.744
432.805
279.192
252.189
374.057
576.142
668.551
579.595
869.907
564.771
322.306
257.366
466.869
546.884
845.155
617.524
565.735
427.645
415.882
266.062
366.412
595.806
581.226
406.137
463.49
396.061
366.863
231.66
229.807
388.572
462.245
435.247
346.442
454.01
393.099
287.116
395.664
453.113
335.992
196.626
354.043
547.808
533.263
313.361
211.453
190.541
314.269
420.896
295.568
231.758
254.931
229.024
326.123
436.695
318.255
445.671
378.049
313.792
406.496
218.101
184.558
418.358
412.453
341.607
277.354
362.842
500.741
294.053
210.112
329.699
290.978
529.208
488.125
316.166
304.597
320.709
236.501
481.822
520.496
356.634
260.962
284.491
400.763
197.787
278.836
374.942
266.909
240.914
294.757
236.238
611.055
483.703
222.968
218.68
295.729
266.942
246.936
297.588
375.061
490.857
380.557
264.407
255.683
342.216
350.163
289.526
479.056
381.087
451.686
364.496
359.333
300.408
203.915
274.636
274.239
304.036
333.016
300.428
210.328
363.879
332.327
348.926
399.299
726.573
773.542
424.611
307.366
509.551
353.239
312.5
323.327
555.418
714.005
550.303
358.174
686.288
331.905
380.391
329.741
553.892
746.474
732.272
358.447
580.999
439.275
272.441
318.005
463.132
818.793
650.08
453.257
821.263
350.409
262.931
259.149
490.416
826.635
889.077
413.088
513.817
682.226
444.574
221.854
250.859
348.605
465.467
682.615
515.387
665.506
536.468
268.4
231.374
282.691
477.045
659.125
461.949
357.076
279.691
288.552
204.35
317.593
462.954
372.313
524.109
559.516
525.267
418.269
271.868
277.564
482.457
561.895
584.579
603.715
681.82
496.109
424.962
462.888
616.083
581.149
481.508
593.831
413.924
419.496
373.85
379.488
440.476
604.149
599.674
322.901
410.622
391.459
262.069
262.593
587.209
372.372
295.28
453.878
534.295
423.324
187.759
227.242
269.254
426.737
264.019
293.426
385.309
330.17
242.952
279.703
264.083
270.053
287.76
269.373
295.601
472.164
337.474
167.631
264.453
290.743
246.97
237.911
322.534
712.153
518.144
244.652
230.029
253.396
310.877
185.858
265.583
704.851
463.296
223.17
316.655
212.851
396.33
275.209
333.545
645.891
586.547
348.521
396.026
285.566
471.273
349.185
327.162
518.462
669.535
525.763
472.469
365.508
292.168
278.074
254.85
419
409.722
373.532
309.146
277.557
332.3
447.89
385.217
319.964
573.469
602.637
337.021
419.902
653.461
278.121
362.748
331.032
457.704
659.239
689.408
321.935
602.686
407.116
269.768
305.848
416.692
676.691
651.027
448.84
764.071
492.731
228.582
281.78
344.966
717.784
813.968
562.579
793.524
497.021
259.696
182.544
495.255
1024.42
881.236
513.25
714.52
764.108
502.292
196.241
289.148
359.588
647.971
784.309
596.085
593.849
473.806
329.67
384.441
374.742
562.777
613.848
796.108
560.382
501.385
402.856
318.022
365.733
768.474
620.817
670.979
737.15
596.975
367.97
362.369
329.293
610.814
753.733
622.101
886.467
652.949
389.583
332.919
402.749
554.926
877.741
560.478
651.362
465.152
370.751
367.293
500.917
536.301
657.702
711.395
438.811
286.562
232.859
237.607
302.198
691.106
491.864
366.227
236.238
232.605
259.883
238.494
269.582
363.245
262.067
435.184
343.547
469.1
552.134
258.169
201.455
424.439
362.839
361.289
286.603
210.379
399.55
344.438
233.159
345.866
311.745
226.15
259.774
377.997
764.089
626.907
279.279
236.327
254.801
298.834
223.569
318.933
758.564
771.428
419.224
320.249
224.132
455.424
405.231
345.063
554.725
534.614
437.886
453.076
410.369
301.324
398.492
249.273
416.831
434.802
480.023
312.925
385.916
310.649
305.141
389.298
521.003
753.456
565.045
325.268
285.153
502.308
523.528
309.39
365.532
493.648
551.42
503.026
533.548
591.206
421.97
211.216
260.253
281.405
453.819
595.669
457.641
511.017
336.583
308.079
318.101
368.173
559.452
544.377
355.86
768.808
383.119
311.299
214.173
412.106
704.401
807.437
429.455
904.521
480.897
273.806
280.552
394.081
762.439
950.194
555.659
482.059
602.778
479.686
337.249
222.314
239.601
451.718
596.841
790.485
723.826
324.203
295.712
169.995
252.814
712.584
797.555
598.072
611.48
347.884
232.745
212.875
233.211
535.376
655.447
565.497
584.306
406.75
225.425
254.647
324.653
524.695
598.438
425.815
621.819
403.713
215.476
191.645
372.654
405.89
601.522
719.88
618.994
581.919
379.608
269.64
374.016
707.497
602.124
519.37
544.922
538.133
253.597
274.807
432.592
504.603
533.116
336.528
272.564
415.59
386.526
347.674
297.158
344.122
253.626
185.074
206.113
376.332
485.5
305.34
258.356
189.743
187.772
287.727
219.385
261.831
429.246
287.353
195.594
283.195
233.093
358.084
452.176
446.192
453.208
229.769
276.179
340.988
441.549
435.58
330.965
328.373
315.791
421.168
341.978
426.241
341.403
543.031
245.409
207.334
363.902
384.238
419.726
556.31
296.238
433.73
380.659
305.105
463.843
473.577
521.112
466.344
400.956
600.831
252.571
360.93
481.811
527.198
636.435
639.878
287.033
450.373
384.559
337.507
182.26
325.204
617.81
496.55
372.833
688.71
277.072
166.135
208.031
250.023
582.315
719.025
330.772
742.866
421.561
241.567
259.511
372.23
822.732
810.016
442.134
718.056
355.897
257.973
286.645
347.504
827.124
791.71
377.856
765.728
428.611
207.62
306.436
288.782
701.669
831.778
481.169
481.824
635.439
400.407
205.011
193.331
331.311
451.873
632.856
511.823
439.103
382.466
355.775
330.456
360.708
514.138
451.011
684.948
723.521
438.18
208.116
224.086
308.673
627.607
753.067
666.632
879.072
457.719
234.735
278.159
511.481
621.469
885.423
527.394
733.931
451.029
293.393
246.56
436.52
510.387
711.604
439.813
603.602
537.65
229.701
265.894
411.599
431.61
564.68
453.256
430.782
386.803
290.649
331.172
305.319
435.715
449.426
522.4
392.654
477.597
456.981
217.156
290.66
513.875
402.071
612.287
526.873
287.98
289.511
178.587
308.627
572.667
569.314
191.616
242.035
313.34
491.383
279.917
144.918
169.738
242.284
430.437
362.826
252.466
342.861
404.372
272.371
402.127
395.641
417.568
384.641
340.429
607.779
466.879
342.707
394.316
414.563
285.832
380.249
405.687
312.469
334.964
292.224
287.917
359.759
274.378
232.271
365.484
693.965
541.113
462.049
298.472
231.104
537.902
318.841
228.938
230.316
290.776
447.529
562.608
339.554
450.708
325.7
357.046
447.514
399.703
432.85
466.089
337.001
517.875
292.362
291.629
286.585
385.541
532.905
544.625
331.323
570.242
570.693
353.541
385.701
501.686
627.758
606.136
565.368
610.728
337.687
239.836
281.486
406.732
592.718
641.366
379.647
1072.23
500.484
243.388
265.661
263.218
718.645
1110.07
599.989
418.909
484.68
387.179
273.025
167.494
269.049
399.126
476.702
694.086
523.89
377.706
282.124
253.663
467.041
701.75
563.322
525.573
519.925
280.26
197.926
213.905
505.529
519.52
549.404
692.372
607.702
350.06
283.804
236.992
463.601
677.701
644.566
498.429
450.477
418.882
362.59
269.947
311
483.14
464.624
554.272
622.465
396.355
314.995
294.676
411.292
556.057
636.062
549.347
633.678
427.344
297.231
209.994
266.536
507.225
647.239
577.028
641.005
618.192
371.861
243.463
435.754
589.541
614.401
449.18
318.329
384.176
415.524
221.029
242.574
436.153
342.741
476.852
274.847
252.844
381.92
408.458
353.705
481.725
304.223
283.89
303.02
277.36
446.107
491.98
295.535
271.854
298.02
579.869
516.815
381.613
559.462
352.173
288.379
529.626
565.892
360.64
392.053
279.699
416.976
416.072
326.276
331.939
406.289
649.82
355.919
249.629
287.216
229.01
457.533
665.369
394.302
635.98
311.779
247.4
357.486
336.784
533.777
657.861
359.557
618.914
377.779
299.376
309.741
352.663
454.634
630.89
416.054
606.742
333.834
231.619
257.571
342.895
592.193
654.886
363.451
741.474
403.078
223.359
272.294
344.479
780.439
804.133
427.263
826.052
360.743
127.137
172.108
303.542
751.071
898.243
424.176
1175.51
527.199
185.092
242.944
272.66
679.325
1185.09
650.383
617.124
561.333
316.12
200.689
152.431
209.751
567.109
593.831
598.912
472.308
282.25
209.657
198.599
388.746
591.43
502.91
844.453
888.205
405.323
209.858
221.014
349.521
751.578
943.018
915.371
763.706
394.807
297.777
180.905
276.127
840.804
843.457
612.955
909.794
553.192
340.877
292.168
469.024
564.898
900.332
609.805
895.796
560.692
302.132
238.96
307.565
532.511
890.413
482.262
832.866
630.698
363.281
394.61
456.575
439.99
786.231
350.728
557.5
552.743
305.195
425.331
422.37
336.977
506.766
514.339
371.069
374.18
439.212
263.62
339.979
511.219
391.54
388.352
488.712
461.859
536.533
340.867
273.522
373.283
470.552
440.284
350.96
437.061
440.932
436.502
324.098
426.557
361.251
329.385
232.376
268.367
311.311
438.441
562.048
372.917
227.269
282.533
277.316
363.411
433.182
369.806
355.255
293.537
271.241
577.415
357.19
331.408
201.816
297.565
396.106
573.928
378.772
477.695
442.113
380.322
378.418
354.706
436.294
488.941
441.502
636.786
391.437
184.908
264.608
254.611
493.361
666.148
441.863
660.211
288.547
307.267
237.991
300.04
583.905
691.022
340.391
544.262
330.826
207.881
198.739
285.83
568.592
584.807
344.047
899.73
442.716
246.405
174.415
279.928
575.663
916.401
535.21
1074.11
528.588
247.417
142.262
199.137
619.943
1097.56
606.43
591.003
625.575
482.655
335.063
415.023
548.699
592.364
632.735
643.741
670.603
390.699
296.064
269.593
312.761
588.46
704.143
571.203
723.405
463.53
297.253
306.698
464.629
535.704
728.865
590.939
611.856
320.58
246.765
208.957
451.749
559.879
637.997
486.145
486.517
307.577
278.609
191.865
345.939
459.289
512.422
573.11
549.935
419.372
346.575
322.676
325.178
540.041
575.378
535.51
575.907
384.521
271.125
274.037
330.556
520.911
581.775
371.897
624.783
551.538
239.986
322.266
473.315
385.641
570.674
593.858
413.192
335.512
268.071
261.557
383.578
606.152
422.746
496.518
440.277
422.135
481.718
337.178
233.136
453.957
470.813
350.808
358.215
275.76
202.721
175.008
206.778
338.282
363.684
229.732
249.652
411.704
431.411
440.243
363.147
248.112
245.294
550.808
307.751
263.112
284.696
316.031
275.954
544.711
359.047
797.553
343.679
252.917
267.788
200.112
396.495
806.594
413.944
875.009
445.179
203.066
252.592
282.343
496.706
881.81
536.937
888.735
444.505
300.036
249.434
229.01
556.06
917.858
520.147
531.349
343.103
233.226
381.331
340.432
393.928
546.797
359.926
627.049
327.456
289.119
384.503
317.187
425.859
640.225
377.896
925.308
402.24
160.751
175.917
251.74
565.517
933.887
501.907
962.739
469.735
247.861
181.368
217.384
710.982
1019.52
539.07
790.059
638.294
274.066
202.449
229.457
505.234
770.121
708.057
732.627
484.775
245.35
228.883
216.649
428.134
719.362
545.108
716.682
759.822
408.763
182.543
257.743
533.387
700.196
769.635
1034.25
948.459
321.964
153.756
176.728
529.061
938.814
1052.31
845.677
896.699
432.435
265.785
306.458
521.756
768.292
943.074
878.957
872.836
404.781
201.685
227.791
335.921
793.467
939.681
833.147
738.517
377.503
185.457
147.589
283.501
767.857
803.616
397.157
555.968
469.468
264.998
200.11
299.858
394.318
532.548
603.474
444.855
369.658
273.032
225.466
345.854
571.704
483.024
387.985
332.404
266.737
424.033
321.728
230.512
368.013
348.474
486.434
323.889
303.138
231.661
394.261
470.938
492.006
342.273
543.607
396.852
354.553
418.47
368.122
305.858
522.85
432.558
431.166
263.817
245.424
280.472
322.753
375.871
440.115
283.857
757.166
406.675
250.589
219.424
251.137
426.067
753.099
467.45
814.376
378.187
205.254
262.795
261.098
396.066
805.124
468.116
789.418
368.416
310.216
347.365
330.672
442.068
789.342
451.559
780.372
405.966
287.391
328.072
403.488
573.404
810.658
466.132
547
318.681
265.413
261.314
321.84
464.962
561.804
359.558
674.959
357.962
221.092
226.409
213.156
413.21
682.995
406.982
1341.51
543.566
263.576
180.973
255.651
745.587
1350.29
679.784
915.176
949.614
390.541
187.78
296.218
552.278
837.231
1017.84
817.912
756.107
447.773
428.174
344.412
314.771
731.634
814.651
1159.83
540.94
191.369
252.351
225.074
616.166
1168.65
667.467
823.282
628.385
427.454
493.974
300.774
346.646
785.866
695.929
820.014
763.985
415.003
241.613
325.259
371.627
751.939
809.298
683
636.557
333.085
189.007
178.482
311.711
635.527
676.202
576.808
657.238
464.985
424.28
255.418
462.37
558.192
662.65
431.188
362.447
322.261
289.187
298.339
395.37
450.942
356.572
541.111
392.813
441.694
541.523
297.351
313.962
531.679
417.277
381.103
334.754
279.941
280.783
370.268
311.492
354.686
363.746
425.018
240.899
175.511
315.651
319.613
360.188
438.366
266.858
386.632
270.458
351.834
421.748
324.9
263.563
399.501
276.784
547.072
268.654
216.368
232.351
211.378
281.073
548.112
315.802
397.904
203.585
198.095
313.245
176.507
256.733
406
228.569
735.917
441.482
430.985
534.381
376.204
467.87
731.963
491.499
632.412
407.47
273.543
329.308
267.386
279.365
603.386
468.342
781.628
492.072
288.471
223.527
267.778
442.438
774.42
555.617
762.793
457.999
271.352
236.016
223.545
427.646
770.517
503.478
983.867
433.807
276.114
324.876
267.887
651.343
1025.4
517.787
1108.98
568.903
210.169
171.995
215.869
749.757
1162.43
650.865
908.091
734.442
372.432
360.914
313.048
478.107
864.441
809.99
702.603
722.716
472.393
293.354
226.419
405.483
663.729
741.773
826.379
501.061
373.415
233.532
264.57
403.427
820.362
529.558
707.33
711.874
385.82
231.038
197.418
324.139
658.3
740.427
871.282
664.192
317.405
189.327
195.345
346.665
819.814
740.406
924.913
584.097
267.294
221.64
176.191
357.038
884.022
677.992
395.584
390.346
405.969
447.059
371.194
333.265
390.57
372.042
576.109
492.73
369.325
307.229
172.571
369.22
592.714
496.994
679.627
365.566
182.196
254.996
208.615
359.115
671.701
428.708
420.735
339.157
362.757
414.689
252.969
289.253
424.902
356.515
486.998
274.96
186.982
200.964
178.499
298.052
490.532
306.684
268.638
233.988
320.321
470.439
345.187
285.156
276.641
244.839
786.237
469.462
187.4
188.303
143.734
296.955
754.43
556.544
826.035
401.37
138.409
217.774
200.341
431.316
823.156
490.06
718.538
434.534
296.891
381.66
326.1
555.789
739.39
470.184
921.329
449.76
172.9
153.936
141.824
438.309
918.514
546.445
650.909
391.855
344.589
426.755
385.086
379.175
631.243
443.866
956.548
464.436
234.697
282.469
295.844
453.869
944.119
565.496
1226.15
508.356
149.456
183.389
181.807
581.95
1234.77
643.628
1253.85
542.391
174.634
183.511
232.694
538.86
1243.96
692.283
1191.49
1008.53
361.35
165.449
213.892
421.515
1091.04
1124.13
1208.78
850.044
332.681
181.213
224.764
473.278
1129.05
962.833
524.787
400.972
220.833
256.21
176.254
300.196
517.262
436.442
1164.56
998.091
461.575
230.939
204.777
317.471
1054.95
1097.22
963.554
852.49
424.709
267.312
236.282
302.031
870.709
931.612
773.889
532.612
281.453
261.766
207.271
355.158
741.898
596.341
503.217
350.582
185.458
185.969
192.923
422.295
522.298
383.579
605.525
527.991
221.135
241.183
158.877
312.778
607.447
568.343
559.532
384.968
274.97
376.152
236.917
327.454
551.303
423.963
754.638
374.448
202.994
163.181
214.89
509.495
765.198
450.759
526.717
350.58
295.354
280.015
225.706
332.415
526.363
375.699
530.024
371.941
294.966
339.359
254.224
234.029
505.711
414.685
571.169
361.789
256.957
181.079
163.702
285.057
557.922
404.022
716.925
385.798
336.106
575.49
360.358
415.821
717.05
437.557
814.16
453.85
294.706
266.558
190.623
505.469
826.97
512.475
757.758
504.935
219.167
333.835
329.257
420.367
734.066
570.91
872.198
424.642
168.29
248.839
192.924
332.255
850.879
520.414
953.657
455.378
428.702
501.105
464.72
381.923
937.628
557.112
1235.68
531.433
139.322
134.606
173.516
656.297
1250.11
667.627
1107.61
499.831
156.216
150.661
309.039
818.991
1170.1
588.203
781.258
690.976
353.881
367.446
257.816
331.628
714.578
758.676
802.492
787.229
504.758
246.91
304.897
529.068
759.188
815.234
1119.52
645.62
276.58
230.951
249.368
450.033
1076.09
775.382
1082.29
594.941
236.325
218.936
250.713
473.31
1058.52
713.611
1050.61
675.807
219.933
246.988
215.861
415.749
1002.83
798.641
620.373
320.256
269.749
209.956
153.03
323.277
626.767
357.078
618.509
468.627
339.621
259.229
315.203
476.244
639.598
473.532
649.131
486.154
402.491
414.819
351.201
311.266
607.094
533.072
715.451
508.822
267.736
325.066
166.928
281.925
680.485
576.747
738.853
471.317
176.937
91.3256
148.615
327.574
715.194
545.489
847.059
438.818
193.366
222.492
189.033
489.913
862.924
517.031
823.007
418.551
136.046
151.297
124.443
353.655
809.016
511.383
709.768
483.202
204.626
140.294
163.846
322.563
683.46
546.947
437.099
481.909
377.398
427.691
321.849
325.608
412.549
479.548
825.294
509.947
186.734
313.753
225.722
415.581
805.815
597.332
988.399
538.632
198.552
174.156
126.724
319.495
944.52
653.041
677.485
453.213
315.884
385.373
351.747
319.92
653.866
514.94
957.498
473.15
374.128
359.145
370.288
479.905
958.36
555.079
1082.33
564.346
181.082
196.791
164.357
577.189
1084.16
678.399
1370.64
706.15
232.385
223.571
284.933
481.179
1325.48
874.936
932.877
869.341
549.403
246.351
225.363
359.3
872.757
911.759
1252.24
906.806
366.018
274.124
200.389
475.201
1186.59
1028.88
1183.89
893.365
279.171
170.119
163.255
427.999
1109.12
1014.51
738.067
668.24
318.629
178.579
205.929
460.728
698.514
712.795
757.676
568.425
277.894
208.276
275.826
541.651
731.542
623.173
641.554
403.532
233.192
221.237
179.139
329.424
620.383
464.561
1064.4
672.274
232.038
119.549
196.419
362.565
990.362
800.834
636.993
520.632
462.085
483.592
289.085
314.971
599.402
568.037
797.933
475.638
233.473
217.192
207.19
408.128
783.238
559.487
897.244
585.725
154.584
144.8
130.824
394.353
864.375
680.777
520.57
364.153
256.016
270.292
251.527
370.142
506.091
408.716
484.88
450.353
278.388
373.462
269.372
308.299
452.741
479.91
509.781
455.308
340.889
346.984
376.305
422.706
485.989
484.792
424.203
399.264
183.718
143.136
154.336
329.095
406.502
435.029
744.072
470.059
253.47
337.565
239.846
300.279
715.938
539.738
967.795
544.567
218.219
174.051
195.239
312.235
924.823
655.308
671.159
356.006
303.113
380.612
341.293
440.407
675.933
408.71
759.735
419.77
315.188
295.315
291.505
379.766
747.293
499.213
1364.94
567.399
186.054
150.378
229.029
612.184
1362.73
728.765
1390.9
567.258
135.216
180.29
184.808
539.04
1374.66
742.07
843.706
837.174
402.891
325.935
237.126
379.958
768.835
904.18
889.798
864.45
451.141
362.441
272.833
354.931
800.622
932.494
1332.69
778.22
298.879
222.529
180.025
429.342
1277.64
917.167
1033.2
517.82
173.18
181.69
159.836
472.987
1022.36
632.304
791.322
499.402
291.628
181.919
216.912
532.794
824.043
532.912
934.049
657.103
282.833
261.546
248.324
348.349
882.109
734.493
803.165
529.195
187.973
129.542
176.034
337.629
750.962
620.51
710.161
367.582
149.087
173.758
139.331
260.126
688.655
444.691
266.132
322.504
527.8
430.786
375.863
265.877
262.741
303.426
958.168
577.51
213.934
336.235
261.4
454.484
935.451
679.19
553.753
575.707
320.401
211.911
239.671
329.048
511.33
595.457
621.591
421.961
310.397
361.57
287.88
280.426
598.883
478.18
801.598
566.538
296.192
309.503
230.599
343.615
768.721
641.375
388.364
321.785
251.889
255.163
268.476
277.119
367.705
341.135
423.958
238.411
341.142
447.236
339.466
294.342
438.274
254.013
867.558
536.12
196.435
214.423
141.426
381.239
846.472
625.18
562
321.166
265.68
254.765
229.941
340.375
571.758
358.571
944.008
569.325
254.122
322.544
264.619
453.754
926.125
666.627
1084.72
489.269
180.615
189.098
176.539
448.663
1068.65
614.878
1253.07
577.136
202.788
225.367
153.43
547.625
1240.79
712.557
630.706
665.75
415.65
310.722
298.968
290.62
581.544
691.998
801.058
436.176
214.853
178.572
238.864
383.574
781.36
515.724
976.003
734.1
300.538
280.561
242.047
538.075
933.423
825.294
831.291
578.033
236.991
253.246
225.768
437.395
799.441
650.633
579.331
338.47
319.696
512.698
450.167
540.645
598.035
367.51
943.169
560.547
235.135
261.341
214.549
450.684
926.937
655.553
772.813
525.082
274.333
174.696
279.553
461.938
791.744
572.163
754.43
455.879
208.392
261.86
183.041
346.504
730.103
535.025
526.477
458.34
273.387
345.111
252.621
305.291
504.285
495.375
426.208
331.545
262.793
203.554
235.794
224.566
401.297
351.789
609.745
528.245
290.877
386.208
257.382
375.083
580.585
571.476
731.459
575.656
223.415
218.917
175.275
406.5
684.033
651.364
720.614
514.938
231.951
112.916
169.855
289.39
681.049
579.86
429.78
348.113
285.178
237.435
197.057
230.09
407.112
373.424
337.69
359.182
180.121
230.513
181.389
180.023
303.872
384.427
876.979
557.808
204.501
183.033
162.959
388.999
852.554
647.409
816.545
506.167
180.321
202.952
202.352
282.356
762.603
603.118
951.077
510.011
259.26
412.857
288.181
480.946
946.992
603.064
1161.33
622.698
204.722
216.237
195.635
506.28
1132.47
749.052
1159.22
608.706
197.53
190.234
188.408
634.306
1163.3
730.649
1098.98
858.595
306.022
195.542
212.995
530.125
1027.08
966.554
1325.71
736.288
217.636
115.524
111.979
473.022
1280.89
880.12
1266.61
792.128
232.76
159.523
126.076
562.513
1229.55
925.444
738.658
567.417
292.321
179.255
182.056
328.109
691.596
625.892
897.662
617.069
291.329
245.753
238.177
336.864
850.75
705.36
871.274
470.993
242.073
243.429
228.893
431.669
857.11
561.742
860.473
568.4
250.736
254.351
332.558
426.56
832.915
654.294
452.355
298.712
226.822
342.157
285.427
222.392
429.489
346.229
372.453
291.698
250.797
277.207
252.611
252.128
366.407
319.552
330.488
279.468
208.548
238.809
234.03
250.825
314.172
297.564
657.957
568.051
306.706
211.113
246.297
381.221
621.093
604.68
521.617
445.765
235.733
280.892
205.782
334.317
487.122
495.935
547.391
368.649
255.707
348.114
319.99
409.467
531.738
416.724
486.604
378.612
205.171
184.48
144.565
232.837
461.536
413.004
573.809
366.162
217.181
263.197
186.908
218.293
545.759
420.789
608.339
420.171
248.131
233.249
205.6
320.517
590.899
465.307
1016.35
512.023
175.246
132.894
151.648
421.592
999.895
624.399
976.518
464.561
278.674
232.466
261.149
475.883
973.515
560.017
882.765
494.163
178.504
154.077
203.208
482.424
884.75
578.213
972.442
517.374
259.972
196.411
245.804
471.772
954.838
623.45
1264.55
800.857
343.265
175.285
181.274
395.27
1206.3
914.937
1293.94
797.309
228.984
174.102
187.073
591.661
1260.48
933.063
917.653
663.94
360.251
328.544
233.324
361.52
860.648
747.734
1215.81
639.793
249.159
333.241
206.632
465.504
1185.54
767.569
906.934
542.459
142.857
120.313
147.861
428.016
885.226
640.084
493.166
574.349
364.322
269.114
193.329
307.558
458.042
590.115
851.513
421.088
235.269
262.089
289.48
481.175
861.286
485.582
412.22
274.139
290.491
444.333
473.855
453.83
441.367
283.28
401.123
267.736
220.017
292.377
345.647
325.404
409.762
291.937
406.184
214.69
177.499
335.364
311.943
179.543
389.811
259.641
344.939
282.268
322.632
400.254
275.261
212.275
326.657
296.014
663.843
505.555
233.107
269.108
271.792
391.224
623.662
564.081
574.075
464.771
244.565
388.809
236.878
329.594
540.546
511.404
503.63
420.839
293.575
367.722
217.006
292.996
470.663
458.246
827.025
552.84
245.376
330.673
276.081
296.852
786.655
633.406
541.969
416.149
281.224
253.279
223.197
288.733
524.235
450.543
905.088
595.748
196.158
101.152
95.2524
369.06
868.009
691.801
922.347
498.721
179.303
149.079
109.82
326.635
896.576
600.925
1049.16
619.065
273.285
236.819
204.762
549.618
1044.35
709.184
836.229
568.975
248.709
245.982
288.711
357.794
791.516
654.677
