661.764
596.618
441.009
376.555
338.906
307.48
620.502
622.212
506.26
526.606
439.377
397.275
377.875
223.696
465.308
542.257
346.374
481.653
694.771
542.689
441.106
205.096
313.237
457.011
399.285
458.123
428.917
351.802
282.818
229.02
363.011
459.646
285.639
385.865
524.299
531.914
453.274
313.976
288.955
355.964
385.09
367.996
440.248
467.946
359.167
292.667
368.504
376.61
413.948
619.858
634.19
431.233
321.13
279.924
374.132
601.467
250.51
410.328
555.738
519.938
333.37
230.317
230.369
387.354
111.721
161.533
339.321
459.335
332.747
164.672
110.923
142.696
165.172
216.266
329.021
615.737
426.077
184.781
153.768
213.456
291.033
316.008
331.795
403.23
341.544
265.09
294.214
293.105
322.032
265.739
246.438
378.876
537.588
481.475
343.655
262.864
487.52
334.109
406.702
332.46
441.471
529.914
517.069
338.711
591.304
478.229
243.69
272.273
483.227
808.643
653.443
490.194
607.455
459.876
246.884
287.524
506.751
786.802
665.904
482.432
675.217
359.827
285.485
168.518
418.537
731.083
729.702
380.021
716.322
513.314
267.971
241.934
460.872
864.223
781.009
526.589
789.047
476.754
312.611
270.535
407.877
853.423
848.505
494.008
719.605
383.451
296.806
310.561
596.34
862.835
780.558
405.931
877.685
593.332
199.48
294.635
392.51
821.075
950.455
662.196
485.583
807.96
607.685
468.593
331.242
403.006
434.164
778.512
409.963
558.948
454.804
417.286
268.631
362.064
390.525
552.362
419.509
482.88
364.773
302.249
203.718
368.835
392.598
490.082
432.297
786.518
794.818
461.118
332.895
371.605
375.839
736.468
478.929
534.268
336.709
265.437
189.479
304.135
438.863
553.051
339.918
448.946
596.212
642.532
393.342
255.32
306.646
444.643
317.38
323.326
462.184
459.931
265.948
285.071
319.955
326.87
241.563
215.922
548.938
754.793
413.815
210.785
245.864
199.829
212.04
173.474
375.412
691.857
467.32
202.983
213.881
172.669
184.883
201.171
318.834
623.255
464.658
265.681
196.257
194.558
259.464
263.366
248.711
425.82
430.654
350.5
271.023
268.355
308.459
214.308
259.824
398.651
579.424
478.454
333.49
221.254
315.522
273.843
256.771
437.355
596.436
594.432
355.276
275.811
565.717
372.47
300.287
250.51
533.364
762.063
625.212
403.599
718.12
340.058
173.671
210.753
362.773
635.305
761.94
397.904
673.155
302.249
231.093
197.682
454.435
678.427
715.475
346.679
841.357
525.563
292.444
231.117
461.848
935.331
905.653
560.293
889.869
545.208
292.878
241.017
435.16
936.313
956.204
567.194
736.181
422.663
264.273
264.311
440.665
826.263
800.257
453.187
985.208
486.33
190.886
262.165
372.383
838.399
1051.28
573.778
598.004
715.429
574.403
342.141
233.856
323.462
541.651
720.991
545.007
649.094
426.715
280.187
249.655
316.062
499.721
659.604
291.504
381.987
466.928
450.941
356.431
264.779
283.883
351.685
286.24
275.176
308.341
327.499
220.225
187.154
279.825
277.886
416.466
476.901
438.305
392.963
304.539
321.459
393.449
464.699
422.349
435.238
353.794
473.342
255.214
308.184
398.829
453.511
366.841
507.129
525.852
457.64
232.479
222.879
337.424
494.535
148.478
182.411
393.997
502.194
399.16
200.635
147.796
160.353
198.238
292.424
538.297
756.216
390.703
194.813
193.72
274.203
299.772
270.716
533.221
588.826
272.836
225.802
307.961
245.541
187.969
145.937
274.941
544.167
499.206
292.331
197.785
146.308
244.088
214.304
214.672
393.165
338.704
292.214
250.677
216.812
234.756
209.652
229.034
429.564
614.215
539.535
267.531
200.717
327.94
279.494
237.596
290.491
373.596
362.128
334.541
284.634
622.635
283.617
209.884
219.571
259.951
446.65
642.413
337.248
757.661
337.934
205.775
293.639
380.723
548.186
770.057
420.215
830.373
336.789
258.713
220.786
394.364
703.527
875.698
414.314
930.671
524.931
241.942
162.595
413.023
895.431
987.477
571.413
742.531
459.786
227.058
162.862
360.632
729.48
788.571
489.227
844.896
344.178
250.287
207.261
388.908
739.847
900.624
413.025
528.624
572.294
442.152
319.947
315.953
338.589
486.05
584.952
543.64
727.018
510.684
382.34
331.321
344.496
488.292
731.408
625.062
650.875
561.688
475.5
338.942
274.564
569.428
676.891
361.107
619.407
685.039
516.509
338.579
294.834
320.022
584.558
513.993
598.603
463.271
372.438
201.21
304.636
468.719
615.127
339.67
409.023
325.686
178.352
205.016
232.427
336.087
394.552
323.305
349.307
333.999
315.98
309.705
341.466
327.291
336.012
268.51
430.145
548.775
487.54
271.585
227.305
249.813
393
370.818
477.073
447.566
520.663
379.183
339.087
342.074
473.683
271.283
225.931
315.146
729.921
444.732
306.801
280.113
239.42
282.694
222.056
207.258
349.771
287.295
331.917
305.929
245.124
220.628
233.718
236.135
351.347
431.769
349.455
239.034
227.254
531.847
284.794
164.961
222.357
395.213
517.611
559.878
319.961
481.444
324.119
213.07
277.556
498.116
700.161
537.02
340.024
568.611
244.353
179.873
236.864
378.552
521.527
597.248
296.431
656.189
288.684
177.529
268.147
374.458
584.952
691.358
350.229
715.506
314.758
151.092
184.768
346.88
590.652
744.441
383.859
972.884
395.633
244.19
251.811
292.092
621.857
991.459
493.585
747.641
524.284
298
265.714
374.233
712.12
792.059
541.458
920.974
430.59
168.743
182.136
289.596
647.107
954.599
520.651
380.175
548.887
535.207
345.493
269.147
272.201
341.901
528.54
456.436
530.901
508.529
421.031
269.424
368.104
426.817
536.173
524.831
814.904
736.456
452.33
375.618
313.895
464
791.606
521.897
762.78
641.129
284.465
249.447
314.005
464.608
741.296
416.123
675.322
598.294
311.186
297.839
309.385
367.483
643.734
490.219
412.188
215.367
236.338
208.12
268.544
472.847
445.944
639.048
544.884
431.924
276.751
234.822
270.411
604.166
573.586
340.591
547.833
691.325
485.296
444.85
285.176
337.147
513.31
255.111
348.028
325.515
384.386
305.558
261.382
250.932
333.036
179.49
251.384
475.117
497.249
387.027
245.876
177.185
219.973
210.177
177.253
233.946
373.114
336.912
262.016
217.029
175.941
244.356
166.07
206.854
409.863
566.606
408.028
263.165
168.204
341.571
343.537
268.917
281.942
379.646
446.03
359.89
348.573
763.744
343.239
210.44
240.661
396.282
563.052
776.972
420.499
503.636
367.88
208.634
296.175
301.333
458.828
508.108
410.646
653.707
345.709
208.526
214.54
309.013
513.432
670.369
396.747
788.532
375.911
244.607
148.171
423.14
795.961
854.386
427.307
851.764
395.923
234.443
281.156
395.316
767.706
898.75
454.258
737.019
334.404
163.894
196.129
316.184
600.474
779.038
398.387
511.444
268.043
204.63
283.928
467.833
617.944
552.421
297.603
693.477
812.278
508.218
258.39
175.071
281.365
621.698
829.541
758.597
691.959
424.247
243.885
227.144
280.137
703.837
739.658
670.961
814.774
571.951
283.704
227.714
350.144
610.811
819.906
513.386
729.532
486.183
296.23
242.472
342.683
456.254
727.492
749.205
752.394
451.614
295.556
272.875
366.842
686.701
788.815
576.387
675.583
414.353
269.059
213.12
325.982
525.321
696.406
344.318
367.635
340.495
292.967
318.991
301.76
340.45
363.738
480.971
533.868
417.873
255.542
210.139
184.76
434.31
547.405
243.837
332.664
424.113
484.193
464.434
249.029
222.178
329.814
280.816
304.643
406.33
491.699
430.444
292.149
289.743
306.736
374.965
339.588
321.85
653.435
466.426
319.338
352.191
352.131
300.366
181.358
259.719
266.149
344.28
317.531
315.066
201.769
392.085
273.575
264.898
383.259
630.51
633.819
437.751
287.237
601.565
248.461
228.124
279.476
382.54
701.82
662.042
276.064
570.691
249.108
141.098
167.871
294.63
578.035
612.804
292.719
718.252
306.031
211.893
255.776
351.906
588.466
753.603
375.876
761.871
333.61
214.05
190.142
347.39
615.308
790.191
405.919
673.52
409.646
210.366
183.114
375.815
756.119
729.465
429.446
959.984
434.947
269.962
168.323
384.015
786.209
1016.88
509.813
516.548
292.571
257.698
460.322
494.636
589.434
548.229
322.86
806.243
655.171
392.131
286.791
222.938
309.838
755.164
721.217
710.647
613.085
419.432
250.61
245.644
310.41
667.187
656.088
474.375
413.835
300.562
181.323
235.724
237.768
453.972
439.201
488.367
544.6
307.798
232.581
227.639
350.712
453.2
569.636
634.144
576.33
318.091
174.491
150.344
245.444
585.525
613.301
806.578
570.13
270.682
177.857
177.715
216.393
747.901
648.69
790.145
703.359
357.965
238.388
241.452
328.756
726.54
759.549
504.236
536.269
298.643
294.751
220.902
302.74
459.7
560.379
396.721
370.558
365.026
387.271
421.074
484.954
427.155
373.182
294.857
353.685
298.318
376.415
231.752
336.289
298.989
353.944
152.263
221.788
352.227
519.383
290.993
150.825
149.412
202.211
271.586
227.611
434.42
423.25
531.277
385.614
286.197
227.659
451.261
223.978
177.333
268.582
331.685
432.053
473.72
258.673
878.079
591.301
182.41
216.789
246.49
490.787
867.35
681.402
415.445
249.129
272.875
253.059
292.779
487.365
456.446
269.72
548.473
363.819
216.934
222.445
297.475
465.871
555.387
407.42
754.794
478.187
202.689
231.204
256.027
460.38
745.025
553.278
1040.55
432.448
184.579
221.787
374.579
763.417
1066.86
535.514
719.018
469.521
236.006
320.374
359.417
665.404
757.973
515.458
878.518
370.257
182.166
211.726
305.952
673.146
923.593
450.549
651.569
629.717
344.849
225.828
216.583
238.781
589.704
674.401
818.227
732.099
377.218
207.144
160.934
289.529
755.845
796.919
685.335
719.119
449.344
255.681
188.859
337.171
631.342
747.872
519.561
362.877
221.92
318.38
282.781
285.003
510.293
401.776
437.399
332.034
265.648
388.513
355.436
338.052
419.926
368.803
887.571
651.023
277.744
142.764
159.544
352.835
841.859
735.452
509.022
576.426
430.678
405.016
321.888
277.717
467.261
590.692
331.489
397.137
447.66
458.633
296.531
192.396
306.037
393.379
382.567
434.369
334.842
268.653
244.763
238.81
363.163
440.1
309.591
404.79
312.253
235.454
183.045
205.336
281.726
405.155
230.825
224.068
311.167
473.667
309.426
280.464
238.396
214.076
243.416
199.391
173.541
375.343
414.188
237.974
232.004
218.312
460.189
223.604
205.441
181.172
325.665
507
495.238
250.433
436.096
271.566
208.436
249.518
298.133
298.193
434.736
307.841
570.675
315.895
209.665
180.372
201.343
315.67
564.662
366.09
634.519
316.788
244.253
253.965
346.906
634.243
677.762
353.795
974.65
398.826
253.589
161.288
289.758
544.222
980.109
507.088
837.508
428.589
253.934
267.123
237.836
587.135
870.339
472.183
962.919
505.766
277.047
372.102
283.839
586.486
979.413
599.279
805.78
360.552
211.288
364.445
342.085
487.466
809.843
448.366
572.916
424.851
246.619
249.98
205.327
241.135
545.121
474.7
543.031
570.633
381.941
246.397
281.702
313.052
498.665
592.243
446.279
496.431
490.564
443.916
357.808
330.436
432.268
509.137
657.488
476.371
252.869
229.327
205.994
234.25
614.839
535.479
400.97
346.844
257.41
229.916
245.296
292.339
381.264
370.31
593.09
276.908
241.96
250.428
247.703
280.807
585.08
332.706
591.26
530.536
368.676
237.958
235.061
282.956
550.46
557.359
519.711
581.551
255.361
180.883
205.267
282.302
462.489
607.804
461.693
370.298
172.231
123.402
172.347
271.631
438.604
410.679
364.884
440.148
337.759
473.135
360.978
292.964
363.411
446.005
141.713
125.443
373.918
711.294
471.978
152.493
142.868
114.135
200.145
181.988
271.982
459.281
453.293
261.148
196.048
188.471
502.663
409.277
284.675
264.111
233.068
337.977
478.906
446.598
516.184
272.467
179.998
166.2
315.232
513.614
551.171
299.456
552.85
264.774
199.507
279.948
289.013
554.725
590.677
299.23
865.103
434.93
157.801
197.264
229.688
531.578
877.062
523.027
1067.6
533.762
141.244
162.702
191.937
614.588
1081.31
642.734
933.549
470.402
245.687
229.627
245.235
513.891
938.403
568.528
687.515
285.862
122.213
189.131
275.446
536.467
713.412
351.314
809.018
357.443
220.469
179.099
286.946
649.119
846.362
426.855
503.723
542.658
297.58
261.612
210.661
264.666
463.164
562.58
802.863
555.154
272.152
233.221
193.554
247.749
756.223
621.496
687.003
609.412
311.453
254.179
191.169
235.097
627.03
668.382
652.329
465.193
284.925
306.596
262.602
255.208
617.843
526.311
662.377
421.352
297.757
239.762
257.515
297.741
629.679
479.062
496.129
388.864
235.789
227.893
271.624
393.974
476.721
432.541
500.505
281.185
220.579
246.636
235.998
260.1
488.145
323.177
589.596
336.2
136.536
125.153
164.816
302.632
585.026
398.001
861.025
461.815
146.229
139.547
119.653
269.447
829.659
558.628
405.416
306.648
293.89
433.692
305.604
311.086
408.763
312.426
217.758
242.525
361.56
386.613
302.819
316.218
233.214
219.441
288.37
218.821
229.648
503.405
416.839
409.201
318.664
221.899
385.905
298.834
209.093
288.095
380.456
477.549
416.835
312.419
749.284
339.661
133.237
164.742
274.365
592.486
785.382
416.419
881.726
408.144
143.474
142.996
250.331
494.451
883.89
500.243
659.447
330.164
159.367
129.375
249.71
566.706
687.722
384.571
853.236
458.78
177.141
129.396
217.463
554.484
878.416
520.989
1054.12
502.43
126.04
93.7093
179.899
602.68
1069.2
614.543
950.401
464.631
200.501
198.452
254.167
596.617
971.407
560.822
855.955
401.512
139.722
145.968
212.718
577.72
882.152
488.778
521.515
612.422
316.395
276.961
275.431
373.847
482.458
628.809
799.239
570.713
237.67
181.448
154.004
268.752
748.147
647.707
713.172
410.625
261.724
319.857
344.074
332.15
689.001
471.592
523.453
350.71
257.824
250.269
181.348
312.02
522.169
388.572
716.898
430.971
208.454
292.245
248.407
281.491
676.049
513.448
974.637
455.602
191.838
306.893
186.693
336.481
947.716
576.962
455.308
282.999
146.646
151.609
154.006
259.71
443.898
318.322
533.963
306.693
160.608
181.48
172.921
248.377
525.508
348.211
735.663
373.574
165.244
241.275
201.726
301.263
717.826
457.148
791.15
459.993
199.984
189.649
138.125
345.781
769.258
543.891
331.297
254.008
253.49
274.293
148.851
206.712
342.961
272.9
410.774
243.399
244.729
404.151
333.82
376.61
417.79
275.554
600.472
252.745
150.183
162.04
251.011
500.738
628.073
307.621
757.918
330.527
132.801
105.956
187.758
484.527
781.721
404.538
620.123
318.715
131.266
120.484
183.717
436.393
636.351
375.412
532.402
359.837
176.419
147.286
258.033
361.051
524.802
407.683
738.104
429.117
220.732
172.625
185.762
452.842
744.991
498.269
771.226
383.206
173.6
162.007
199.239
450.123
775.497
456.27
479.862
354.952
189.482
150.296
206.157
446.37
491.674
389.214
690.703
350.937
154.93
123.065
234.993
523.347
709.073
410.305
563.945
447.897
240.105
134.886
142.906
310.262
539.053
491.774
697.292
442.023
190.57
193.839
121.086
288.589
670.005
508.397
878.235
545.789
200.545
133.65
186.638
412.171
853.998
637.321
798.604
457.518
164.179
153.368
133.839
257.301
764.1
539.622
868.553
429.594
152.379
184.302
185.621
381.396
857.383
518.417
286.899
164.389
195.169
336.273
337.531
363.998
308.969
169.225
391.317
308.284
261.919
305.303
248.323
274.311
396.291
322.662
505.734
312.281
155.045
124.362
123.021
237.228
493.247
350.921
780.798
375.205
134.297
123.585
161.008
383.609
776.722
464.381
658.71
313.574
148.455
171.698
281.305
342.636
651.206
381.382
300.539
236.485
211.895
244.635
222.721
299.663
303.714
237.389
373.838
236.887
252.522
308.285
212.059
239.612
374.564
255.32
713.182
434.593
279.139
298.099
184.358
375.158
711.86
490.546
756.924
428.11
172.318
190.555
167.154
351.77
743.578
507.57
663.603
439.77
309.254
277.261
189.009
306.865
643.414
496.171
340.391
237.245
176.985
236.697
191.055
212.627
331.494
262.132
542.755
325.226
214.75
208.345
251.703
479.526
562.88
355.375
897.534
419.78
208.434
195.413
234.393
578.262
921.773
510.929
760.411
389.124
197.766
201.374
219.169
408.871
753.159
468.948
879.18
466.347
241.122
250.177
301.527
509.307
866.989
558.865
414.003
351.017
287.478
300.482
208.045
251.779
395.149
375.336
422.521
320.53
229.321
267.352
176.497
199.846
404.805
351.041
601.975
413.142
258.085
277.852
288.785
247.716
577.779
454.592
756.729
526.633
208.352
201.645
119.494
310.605
723.225
601.123
556.561
367.986
234.56
190.372
177.23
336.52
564.405
399.466
644.314
327.399
164.138
177.602
222.379
252
627.13
382.282
391.039
265.933
204.323
238.496
195.919
258.334
388.159
292.187
530.662
245.301
147.973
170.118
145.246
303.913
534.361
294.175
605
440.168
198.396
212.297
153.179
263.351
570.968
485.887
581.078
337.497
207.048
329.3
223.027
381.444
576.061
394.933
612.54
328.067
212.62
181.781
190.201
390.761
632.308
374.181
385.863
227.342
206.69
411.404
360.788
369.611
407.415
239.901
199.85
322.701
420.886
425.144
290.623
190.862
198.529
305.142
454.681
290.212
289.645
426.171
282.206
212.76
440.645
330.881
331.809
343.244
408.977
346.9
360.788
436.714
344.877
331.2
349.65
254.517
300.016
454.139
348.675
320.565
369.544
268.734
447.948
303.102
161.738
118.252
180.906
361.857
455.267
327.192
785.504
307.111
248.695
246.971
229.957
425.296
794.053
390.653
812.18
366.249
201.318
189.321
202.546
539.56
841.59
449.206
868.175
467.27
223.76
194.75
186.869
487.445
892.327
528.672
658.978
557.375
270.595
296.778
230.695
356.451
615.801
612.218
616.573
335.429
147.47
173.445
209.176
384.765
612.807
398.027
753.288
352.266
161.202
165.645
197.708
272.976
734.827
441.141
807.167
410.071
204.987
170.35
204.159
487.084
819.021
492.074
632.967
314.538
154.871
183.23
198.16
400.481
651.417
372.053
470.982
304.164
248.297
207.212
255.413
282.537
463.238
330.43
638.304
331.989
233.003
318.714
240.436
469.759
656.854
378.04
465.524
263.209
148.031
125.028
181.258
344.719
484.505
295.637
556.73
316.512
151.365
151.489
224.909
271.573
537.431
373.34
708.216
330.034
188.439
181.246
189.204
373.017
712.829
404.699
865.589
371.711
179.091
274.182
222.161
385.705
853.635
476.559
295.844
393.781
509.618
352.709
284.083
158.429
271.345
376.041
484.795
357.981
324.743
306.106
288.522
306.757
469.222
383.275
483.738
302.999
201.393
300.227
239.522
420.356
511.814
313.591
538.148
404.921
214.93
180.519
224.428
476.302
560.794
439.314
170.511
470.693
547.269
475.747
404.204
443.12
171.419
402.081
404.413
296.893
279.4
462.984
354.73
292.508
384.75
326.364
373.839
310.182
311.931
198.127
194.762
300.902
370.26
314.308
897.806
413.792
204.754
167.397
185.285
460.918
899.129
511.529
628.901
477.181
302.488
323.917
428.802
331.418
586.991
533.313
558.033
446.904
264.899
168.708
110.314
198.064
523.896
483.937
590.099
317.162
191.371
139.281
185.554
315.743
580.563
359.044
587.817
370.732
187.304
166.67
167.517
270.2
568.734
429.178
666.093
294.005
176.066
173.777
263.21
492.019
683.895
361.713
932.036
438.785
114.203
109.988
122.534
332.877
912.595
551.93
465.04
402.884
330.714
320.842
203.278
248.865
449.668
425.484
381.307
233.344
331.573
392.138
284.221
388.279
404.116
247.56
376.306
304.818
258.099
171.795
280.365
349.221
376.688
312.342
785.039
300.439
105.157
166.915
166.761
374.643
789.745
395.226
927.834
364.234
189.177
276.884
315.219
601.656
945.253
463.494
524.646
263.757
150.749
246.222
261.565
387.673
541.957
309.779
368.799
240.957
175.908
169.388
187.73
284.843
374.015
261.722
734.359
360.58
259.52
249.704
263.139
510.843
756.627
421.9
533.036
380.035
286.943
313.167
232.531
285.53
512.321
417.743
609.078
510.86
517.173
336.881
302.446
339.773
614.438
512.663
289.796
237.926
352.498
845.335
453.062
259.757
283.955
257.235
452.962
303.782
286.919
315.868
363.01
394.845
481.687
315.056
594.206
453.312
258.673
204.13
361.918
668.451
631.022
471.288
761.896
389.144
335.799
511.193
416.268
631.806
789.911
448.673
521.964
362.365
239.739
320.158
329.493
441.85
542.841
379.676
406.783
369.734
227.829
251.073
215.749
202.407
379.591
397.742
526.21
339.36
183.085
168.156
153.898
211.563
506.73
379.88
863.606
391.527
138.765
188.071
262.624
405.624
856.997
493.227
730.486
366.017
122.106
175.71
183.54
408.67
733.794
444.839
838.93
340.392
126.102
127.894
156.777
361.61
845.514
421.654
462.556
250.499
160.638
184.961
231.552
408
482.592
286.437
463.163
320.087
176.938
192.772
247.749
296.823
459.797
354.299
767.054
371.371
130.414
194.66
262.661
430.889
775.317
443.614
589.311
246.204
172.306
117.406
209.67
591.357
642.599
261.136
580.265
282.955
143.849
202.134
208.243
357.672
588.22
339.824
530.693
339.94
240.569
331.493
261.33
306.475
531.077
368.043
504.547
309.87
244.072
225.888
226.813
363.43
513.432
341.717
380.654
280.139
270.413
318.65
271.977
434.189
402.605
277.303
360.228
456.007
397.063
333.033
432.086
416.153
352.306
438.454
617.414
338.269
235.826
341.147
267.087
275.197
593.984
400.751
453.888
415.224
355.429
259.931
374.714
379.562
438.377
418.943
311.878
232.57
223.093
310.311
401.197
329.799
307.65
250.904
568.339
481.935
273.241
230.639
272.128
326.299
535.753
522.319
642.638
470.436
378.307
512.204
273.681
313.75
613.472
525.038
480.916
378.259
441.841
440.62
338.488
380.384
477.076
409.897
604.811
370.355
175.664
139.663
176.506
268.836
576.438
432.816
428.014
323.595
191.929
159.44
142.626
294.723
424.798
353.266
805.918
365.327
210.791
297.071
243.917
574.741
841.364
444.02
652.627
373.578
156.499
189.509
188.668
409.513
653.113
435.319
766.714
358.45
154.797
229.256
212.477
492.132
791.632
426.799
509.626
397.388
299.806
339.262
375.088
370.418
494.004
438.453
914.774
326.571
169.755
184.091
221.283
535.215
944.338
423.932
691.922
385.789
225.515
221.73
184.838
362.892
692.862
450.541
703.469
333.669
149.618
111.449
144.949
456.35
738.093
393.181
518.35
346.738
171.956
179.506
185.797
337.162
517.495
387.106
610.348
268.992
214.777
186.694
233.491
549.484
652.022
301.319
502.347
289.696
246.41
322.905
329.943
370.819
503.784
328.391
391.975
316.494
216.711
285.305
265.577
343.378
408.296
320.5
524.513
351.844
364.949
344.591
314.885
226.856
495.511
385.751
404.987
320.191
201.397
309.754
239.638
279.181
391.824
346.606
888.392
499.667
411.084
360.874
334.205
371.914
876.28
557.539
533.919
373.779
308.291
282.513
180.022
243.087
515.712
418.67
388.068
298.578
259.496
358.011
473.413
353.195
364.604
328.526
586.688
298.581
252.32
342.186
264.687
391.115
603.546
352.739
515.435
566.578
321.265
335.106
417.975
391.352
483.57
597.254
524.553
383.085
164.723
156.724
145.647
193.019
496.165
427.206
671.173
346.289
178.966
188.819
267.02
391.534
667.069
411.485
633.082
390.445
244.582
219.255
252.18
553.238
674.76
410.01
725.762
347.445
152.329
105.072
153.819
405.109
745.27
421.486
542.894
251.274
251.069
278.345
371.478
574.708
588.934
274.417
550.705
299.294
176.125
219.401
331.791
577.13
599.767
332.003
617.276
349.966
217.785
156.966
212.503
581.81
671.483
383.536
493.021
476.248
303.203
337.173
323.4
543.638
523.958
480.003
500.322
312.4
238.866
363.827
260.637
483.288
539.373
335.97
597.314
306.972
159.529
201.954
319.938
579.664
630.973
352.738
691.999
355.162
245.223
169.972
320.438
638.413
738.204
398.948
582.162
317.852
202.873
259.488
297.367
593.76
624.719
332.585
472.659
273.116
217.799
320.099
327.084
374.511
483.729
302.449
413.848
332.444
178.082
316.132
270.286
357.064
420.715
372.047
550.495
328.862
198.89
240.839
275.262
454.27
572.236
358.62
560.655
463.252
193.716
233.097
219.904
344.763
537.034
514.448
515.86
303.194
166.618
205.125
219.642
352.428
531.017
338.388
437.531
286.091
320.937
276.86
218.431
337.959
435.702
305.791
412.771
425.28
518.986
519.278
260.047
246.539
389.29
423.607
274.178
294.996
411.129
480.085
409.481
252.103
269.379
282.727
656.18
244.971
122.427
207.792
246.21
464.904
681.396
307.535
584.564
314.565
184.416
184.639
151.93
336.539
591.428
357.278
526.879
273.764
199.471
160.474
198.239
425.099
553.37
313.65
543.683
324.754
246.035
213.287
249.671
569.944
595.395
358.524
452.692
329.539
288.86
478.506
488.457
499.334
483.951
344.82
759.502
480.599
290.37
172.759
272.719
723.64
823.054
534.519
433.092
383.299
327.761
275.327
262.355
420.45
454.262
378.05
426.454
333.51
371.104
257.121
609.513
729.233
469.542
309.319
518.096
479.657
355.572
217.87
268.577
416.913
529.258
469.351
745.824
415.071
291.835
258.251
308.545
701.24
790.765
438.721
465.204
274.424
230.692
314.741
262.008
426.577
503.811
292.328
474.928
356.439
235.789
249.724
279.602
495.549
512.066
392.116
598.09
325.369
249.312
226.619
305.308
486.649
618.066
363.049
427.352
367.792
308.409
235.753
345.984
547.314
462.052
381.512
636.304
501.288
438.647
397.85
441.522
382.098
603.254
539.15
823.841
490.927
235.873
322.498
201.561
381.769
804.673
575.218
385.807
409.989
349.571
309.009
310.24
323.702
363.089
406.008
379.093
273.311
228.702
209.192
294.586
426.107
408.301
276.57
455.473
514.293
352.526
295.115
235.495
306.548
437.153
529.012
373.143
246.472
266.853
349.039
476.851
502.138
385.783
273.391
622.34
344.447
120.813
85.3897
163.611
410.236
632.267
406.173
670.897
403.922
173.722
167.848
197.296
395.256
669.837
473.162
624.394
336.379
215.256
156.318
255.162
552.771
662.388
382.259
840.205
407.437
274.583
319.798
301.123
604.641
877.613
481.432
534.263
397.796
220.374
237.271
242.41
589.015
568.727
416.573
555.743
290.672
248.726
263.027
341.279
587.677
600.362
303.897
538.772
367.798
326.171
541.931
431.133
604.152
560.509
394.411
503.926
263.257
260.54
324.702
358.038
577.823
555.699
290.289
449.65
291.542
357.053
442.454
367.102
538.972
487.272
300.906
430.872
283.951
314.33
285.183
443.321
609.38
475.769
267.46
255.192
184.422
331.769
398.556
522.26
431.726
288.655
178.306
417.063
286.094
318.788
445.871
344.928
449.883
444.38
290.985
747.912
358.574
183.936
301.293
248.928
586.171
797.818
419.929
369.661
495.07
464.31
350.661
247.479
377.37
376.303
478.523
413.145
256.009
242.617
302.903
341.236
416.046
434.318
288.494
368.864
322.191
284.192
421.648
421.989
326.496
370.43
320.579
343.299
284.601
258.195
248.945
311.121
407.584
358.01
292.31
751.687
443.211
293.089
201.689
305.905
616.634
773.834
477.235
542.689
335.999
238.131
264.167
234.898
486.711
576.644
356.344
429.452
307.054
267.59
301.211
391.964
430.179
453.237
325.988
