283.821
549.044
606.214
463.356
247.744
300.498
265.683
495.16
229.59
476.213
669.473
632.27
298.2
220.014
207.267
425.104
258.118
430.046
660.29
638.807
376.139
250.326
245.992
386.796
283.195
242.379
516.896
816.437
487.218
211.406
270.352
249.443
291.973
347.692
604.167
665.295
313.009
213.625
291.153
322.758
197.177
303.814
564.968
869.613
474.946
195.38
183.859
274.516
176.112
239.747
431.36
596.99
323.51
145.38
169.5
219.6
217.176
183.423
294.678
566.44
398.376
191.831
210.583
195.167
181.121
170.051
310.801
706.304
674.723
387.48
197.337
171.568
215.13
218.566
297.788
504.589
484.127
336.573
232.007
209.071
284.508
226.57
245.775
355.579
473.403
386.462
302.914
235.518
502.777
420.635
215.183
238.951
483.566
807.517
569.389
422.599
506.97
366.411
321.228
384.581
625.178
636.294
531.38
390.985
693.662
383.609
399.498
420.34
612.841
772.944
743.149
423.329
689.463
369.367
368.233
454.575
635.027
698.427
724.606
416.231
644.94
420.909
297.365
269.303
495.444
794.264
701.673
441.193
721.555
500.992
392.118
408.942
627.441
808.076
772.151
523.189
871.368
465.416
274.102
282.902
477.444
768.991
906.445
529.609
764.539
393.348
245.701
240.9
382.066
694.107
799.006
444.827
571.06
382.781
245.856
210.998
375.256
561.84
594.45
410.759
490.724
680.221
694.488
502.903
322.696
267.964
438.833
669.645
484.57
403.495
445.228
516.903
362.064
221.311
461.157
424.439
148.778
435.522
898.76
684.005
465.788
270.902
139.468
349.712
239.632
369.941
531.906
597.909
311.077
247.338
234.554
332.382
380.027
377.502
442.342
548.175
303.414
254.094
369.189
370.843
213.099
305.362
598.009
777.077
388.366
182.04
201.26
284.313
167.541
202.63
359.411
435.939
277.207
188.924
157.601
192.73
152.352
189.342
275.454
391.353
313.221
185.938
146.747
182.581
247.208
201.874
221.033
431.374
546.901
474.58
274.602
183.548
282.634
213.262
260.026
519.88
454.994
341.162
300.219
214.691
410.366
228.663
228.931
394.879
613.743
582.574
451.029
252.904
388.399
248.829
247.752
295.21
541.217
652.544
439.174
240.322
426.277
267.424
218.499
257.49
509.557
641.599
464.926
288.337
628.092
351.288
360.661
278.184
632.008
880.383
698.247
359.191
624.271
304.285
280.161
258.659
608.681
810.842
682.358
323.514
709.886
337.853
327.059
301.15
576.438
792.474
757.529
379.323
716.343
362.164
298.396
223.353
494.596
777.716
779.409
408.339
1068.72
480.795
222.541
186.167
427.171
943.778
1125.49
549.082
712.602
512.818
273.6
149.414
302.69
756.644
767.012
519.3
992.92
525.07
226.357
220.229
302.327
749.559
1044.06
600.957
260.624
406.612
534.959
411.656
281.404
280.814
264.062
378.251
309.261
394.784
521.05
446.214
270.954
264.545
285.044
380.15
298.887
402.534
456.012
461.19
319.795
226.382
276.021
383.285
412.175
387.15
372.588
337.19
202.36
237.002
384.87
398.123
267.773
370.112
541.859
489.93
385.667
271.998
274.543
338.454
230.797
325.539
638.325
764.464
380.122
229.254
229.335
285.979
130.366
122.494
370.289
786.681
502.491
142.708
129.043
117.094
139.249
138.187
326.136
738.5
531.141
213.321
139.684
138.268
238.264
233.856
219.992
520.216
586.16
382.939
241.917
240.437
328.205
309.654
267.904
424.61
499.391
396.972
345.403
316.201
374.963
266.985
248.666
325.404
594.789
655.88
409.464
264.765
609.315
342.443
221.798
241.967
429.627
679.836
656.358
365.232
644.017
311.419
208.247
306.98
486.863
757.764
701.271
349.638
632.261
548.909
266.59
223.133
398.528
845.833
699.691
556.84
665.137
387.184
280.629
265.449
458.908
744.186
725.945
418.739
901.966
464.268
216.513
266.108
465.389
786.865
948.274
550.692
687.528
434.03
227.056
239.461
404.611
748.412
749.27
474.326
856.957
483.774
217.098
198.423
379.369
843.192
931.623
544.612
695.719
486.285
239.334
213.608
389.642
726.401
731.126
529.999
617.418
356.166
296.972
257.714
458.414
754.575
679.117
379.276
407.911
550.918
514.232
442.513
307.901
264.169
369.425
542.774
291.512
390.339
657.91
668.441
392.106
309.994
286.131
356.615
243.244
413.137
478.319
386.545
266.062
199.639
223.919
379.882
473.739
617.449
606.025
364.2
331.021
307.115
439.179
579.687
382.513
310.932
417.852
489.555
402.361
238.117
360.308
332.782
182.179
285.977
636.444
760.752
356.347
158.811
179.739
248.824
203.892
261.291
406.762
783.632
525.273
238.935
202.682
258.566
162.253
152.078
279.187
558.929
424.391
220.714
163.254
151.495
371.937
268.76
344.819
520.364
378.729
297.652
373.101
280.457
252.353
191.793
329.959
462.61
542.796
541.214
290.749
181.709
418.272
378.172
287.565
341.638
456.772
546.38
452.437
384.63
576.352
363.406
374.063
389.597
566.33
650.057
614.046
392.712
664.265
406
306.843
297.367
467.204
701.384
704.711
431.292
862.579
443.162
227.68
211.203
409.985
836.586
922.595
500.193
764.616
400.98
255.726
248.991
471.187
801.617
817.159
447.994
802.012
517.435
266.347
202.022
400.148
844.476
860.244
548.751
802.309
372.472
243.831
307.777
511.074
804.254
855.263
436.87
786.768
515.153
276.905
308.111
434.727
769.622
853.603
551.668
759.555
413.585
243.337
270.619
383.795
812.326
820.628
439.734
932.62
457.906
246.009
207.875
415.882
852.584
990.111
519.93
601.162
631.041
530.037
351.384
249.432
315.71
574.215
631.468
578.489
522.195
596.23
630.841
344.735
270.423
543.712
523.608
489.227
560.509
471.598
346.039
232.801
294.739
458.234
572.925
250.706
365.555
488.273
379.567
286.322
297.508
244.606
338.209
324.445
480.201
527.329
484.049
259.702
206.377
287.791
464.175
158.382
170.307
436.13
748.354
456.713
139.965
145.89
170.489
135.06
135.198
469.861
862.061
564.287
214.663
144.915
124.696
118.916
225.049
402.714
464.351
650.299
380.561
126.399
192.456
286.408
185.308
180.148
280.345
299.534
265.426
298.015
193.357
290.601
250.197
296.218
417.482
611.959
458.218
312.839
263.68
415.031
211.637
218.882
267.396
505.719
612.941
460.489
229.147
519.683
314.92
280.07
287.476
341.465
610.424
566.105
308.613
608.198
288.57
186.055
216.266
368.024
637.447
653.879
325.986
744.614
374.262
226.984
188.189
394.068
729.166
804.87
426.157
660.516
462.48
300.471
312.309
468.316
875.354
732.893
474.939
835.365
415.264
246.547
204.233
413.906
852.213
898.219
464.403
805.659
349.435
188.495
197.936
363.232
709.704
857.996
421.699
967.139
429.517
315.811
159.727
473.946
873.831
1031.81
499.167
817.56
446.506
251.49
185.151
307.455
660.645
844.337
505.333
501.005
382.809
261.317
302.422
449.726
609.138
540.919
395.044
500.551
447.771
508.259
365.563
270.015
358.825
509.539
445.355
488.132
410.206
545.237
475.656
341.586
256.685
466.293
422.56
353.074
438.658
361.047
282.94
217.423
314.841
331.598
439.664
334.176
385.805
490.109
558.297
344.751
205.11
311.173
384.556
294.275
325.839
367.896
334.144
344.845
276.856
283.917
323.956
188.783
301.511
462.2
427.609
296.059
217.193
182.278
272.529
203.543
199.82
487.783
853.372
516.55
167.152
203.586
194.596
269.813
186.448
238.811
379.668
239.694
231.277
280.507
195.208
213.483
204.027
263.132
597.864
587.989
367.411
228.127
191.209
286.976
185.754
264.184
479.102
425.132
357.927
298.504
201.218
445.865
262.159
219.346
295.76
497.865
682.214
503.634
274.692
596.82
396.622
183.634
229.757
290.776
448.152
599.662
451.199
476.669
386.443
242.696
238.233
325.527
526.725
503.552
403.859
645.468
343.358
240.29
224.489
341.111
495.713
659.852
392.466
762.51
494.741
243.493
234.943
409.49
802.481
816.324
516.792
914.599
419.365
250.714
202.266
392.76
812.862
966.975
489.709
849.706
355.954
185.823
138.52
329.615
634.879
880.937
443.722
932.025
404.349
140.861
157.84
293.297
715.139
980.003
497.163
1075.91
421.977
269.766
196.393
284.97
644.648
1094.66
526.498
858.477
426.328
256.51
170.774
446.747
787.291
892.88
488.909
495.846
843.976
827.156
469.137
325.261
420.019
450.103
785.846
427.857
685.943
710.524
452.078
342.528
380.467
392.489
636.01
264.124
369.354
478.711
490.849
269.646
213.522
255.626
351.46
293.161
312.239
266.907
309.381
203.447
280.689
283.378
309.731
342.648
583.196
668
376.806
297.997
376.47
314.845
520.226
322.589
418.173
554.312
541.933
374.068
246.442
302.405
386.28
283.82
315.318
501.099
532.927
415.669
245.546
269.685
300.653
198.333
245.768
291.604
536.309
274.106
260.481
207.064
240.048
202.493
179.481
188.872
326.353
352.967
263.867
196.355
193.751
357.914
234.125
229.86
260.379
379.54
460.91
384.688
254.771
432.085
231.613
257.471
297.428
422.37
441.419
451.74
260.754
613.027
312.748
266.824
214.568
346.027
569.354
638.581
357.296
610.061
341.951
181.14
222.474
283.264
598.625
650.02
377.655
666.373
355.947
217.461
226.197
396.17
737.52
721.671
382.323
707.163
361.051
190.517
266.231
287.135
563.575
734.506
417.396
759.252
408.694
200.05
268.265
303.022
497.842
768.138
482
716.357
357.673
285.509
337.882
378.599
543.622
743.017
419.05
953.523
457.115
246.607
170.922
232.444
620.862
975.711
543.207
871.795
391.776
190.612
153.625
207.872
445.109
886.081
461.764
798.87
482.971
357.813
181.384
331.887
698.12
820.588
511.905
485.837
806.238
676.516
397.478
270.498
318.341
426.755
777.276
521.179
715.15
597.922
387.076
301.117
278.942
469.195
704.051
752.779
748.982
392.52
274.025
261.144
314.255
679.764
807.381
435.919
532.569
443.614
318.815
199.911
236.383
416.98
527.653
587.308
519.421
395.683
286.365
257.879
313.702
556.155
545.63
294.535
420.793
474.854
475.356
262.343
284.931
272.76
393.688
323.594
464.108
386.695
292.096
304.389
261.606
290.924
451.698
206.584
223.497
367.571
617.826
388.158
166.914
195.799
222.142
206.171
182.945
264.213
539.489
449.866
273.289
210.232
177.757
407.287
275.035
246.717
341.651
451.386
545.03
448.346
286.268
590.911
252.294
164.426
151.863
254.748
503.39
627.743
305.747
636.03
267.755
159.519
172.372
318.437
562.339
670.795
328.157
448.677
320.965
250.51
236.515
291.69
432.752
463.378
334.722
497.023
413.311
198.337
222.202
286.384
528.455
529.656
424.497
766.283
350.419
192.304
200.164
369.045
734.236
810.696
404.768
915.871
434.905
306.118
227.179
351.259
651.897
942.193
515.992
943.211
366.384
187.945
187.63
270.925
584.326
960.601
460.315
614.327
517.229
287.055
392.965
375.947
631.728
644.042
536.003
680.472
434.985
333.356
532.717
443.012
528.273
703.378
469.85
948.867
497.777
215.772
157.789
235.318
576.806
954.814
596.91
594.057
538.299
420.284
280.481
217.22
286.843
558.276
566.054
407.266
428.617
362.463
293.057
190.041
268.365
381.029
434.017
703.815
541.911
355.287
235.138
264.885
289.324
674.221
594.539
538.518
459.226
333.274
235.532
296.837
300.771
518.063
482.019
390.935
462.395
397.133
289.131
315.253
262.714
363.927
463.392
452.009
409.159
305.744
439.39
453.207
304.118
431.191
425.637
329.32
470.387
444.218
411.646
471.193
447.384
321.941
440.644
399.658
244.863
341.009
683.772
344.906
319.258
407.27
273.892
514.689
293.206
250.364
395.249
361.366
478.099
542.32
323.26
369.005
253.56
194.689
317.233
383.653
412.899
393.263
257.817
374.545
356.274
267.907
292.384
450.677
570.767
403.943
360.447
628.449
299.761
214.038
217.94
318.514
500.928
647.307
354.167
677.119
361.011
189.666
204.657
259.524
454.499
680.152
424.124
777.927
403.209
209.77
256.162
341.556
680.179
823.045
463.568
828.624
386.848
208.353
179.57
343.169
734.742
877.468
436.121
793.644
346.307
253.065
223.415
414.681
726.604
849.225
410.023
706.42
394.222
434.89
379.102
492.982
674.077
729.182
437.734
524.919
351.838
248.078
253.664
320.284
541.455
554.273
377.692
964.077
599.724
203.592
210.11
273.448
469.02
935.001
697.633
653.262
303.587
231.612
196.341
291.708
533.004
675.431
354.905
802.755
653.411
300.273
307.403
272.889
297.952
749.637
728.074
590.761
402.544
193.498
172.192
147.233
214.988
558.563
463.711
545.005
474.275
284.035
170.494
148.963
300.354
519.072
507.607
550.403
493.345
238.687
215.293
214.198
241.398
516.953
528.984
669.623
506.374
275.364
277.288
218.28
268.074
634.629
564.574
323.444
419.029
387.873
239.694
245.169
285.753
307.512
394.58
346.135
331.222
343.912
312.007
269.236
254.87
324.98
340.069
184.457
211.764
351.463
469.286
280.671
233.187
189.973
200.653
158.841
200.797
277.277
259.584
210.127
150.122
163.708
183.741
453.915
202.314
180.709
206.076
429.115
571.974
492.446
232.94
407.858
270.247
267.048
301.488
332.833
410.146
427.786
286.511
551.564
314.455
186.129
141.86
187.622
367.983
556.843
357.343
752.57
327.346
138.004
182.019
312.291
661.813
806.51
388.094
662.692
323.877
222.878
238.426
274.424
525.566
680.377
386.153
837.793
415.337
213.675
164.404
295.426
613.52
857.581
490.955
936.484
445.854
271.892
183.519
299.313
672.517
967.994
522.386
932.667
523.878
227.355
243.379
325.012
631.259
934.734
610.05
1020.99
445.023
235.287
133.224
299.246
749.36
1055.25
525.082
761.597
331.538
158.901
122.322
282.367
634
794.465
401.11
619.858
297.269
201.851
193.939
352.549
620.563
663.742
329.554
545.06
470.108
355.942
168.948
219.433
353.985
536.07
487.187
452.596
486.606
304.79
320.09
305.388
385.364
420.995
504.682
585.455
595.891
302.024
225.271
209.317
264.24
528.127
634.684
740.579
638.605
255.034
266.166
276.802
342.87
680.129
708.088
413.801
347.518
335.244
272.626
153.729
206.288
395.8
364.476
450.964
483.701
331.412
482.647
305.94
402.309
450.574
497.285
564.194
486.23
289.532
178.667
151.512
228.291
526.311
525.313
251.927
391.879
440.821
449.575
291.562
329.346
243.324
359.318
139.719
197.75
301.311
565.896
432.584
236.963
143.48
185.79
277.857
256.217
280.062
402.098
316.388
349.034
286.344
258.402
628.737
364.499
230.798
220.949
224.744
507.68
651.93
391.704
772.796
315.631
146.127
159.162
246.194
566.901
809.152
389.98
489.133
305.093
142.495
166.651
249.314
455.883
512.455
347.166
670.519
437.898
204.477
222.098
293.657
466.266
667.634
497.472
563.078
328.922
189.315
171.559
214.776
401.668
566.936
369.93
782.758
430.663
271.092
220.778
296.282
618.483
801.574
473.455
1027.19
479.351
284.389
320.557
298.442
544.445
1033.8
585.786
728.853
419.071
266.064
328.135
359.973
602.485
744.908
470.785
821.559
446.463
230.784
252.156
363.027
560.078
826.25
521.475
722.599
348.414
241.856
282.545
373.229
629.419
752.942
405.368
622.829
388.492
311.036
326.735
260.463
325.816
614.81
442.46
533.725
458.018
240.226
225.384
289.108
398.279
515.588
501.111
512.594
455.395
225.321
264.7
183.516
362.034
482.271
487.488
530.144
557.962
314.937
193.408
233.389
377.734
495.327
575.372
623.39
533.119
273.066
161.016
176.067
272.949
585.384
583.405
465.268
323.236
134.103
166.066
168.203
208.682
442.743
370.073
271.709
387.884
335.111
399.877
381.887
316.937
255.707
368.756
270.769
319.728
386.927
631.697
324.204
267.461
274.987
316.454
146.609
209.564
326.414
647.53
559.507
235.976
141.273
193.109
302.025
301.024
273.097
373.664
302.034
254.914
287.955
319.232
658.28
311.386
194.898
262.795
262.693
525.291
682.01
363.205
393.102
230.687
207.387
233.065
303.605
380.431
412.96
259.311
803.641
508.248
157.44
193.729
216.313
423.342
784.288
589.041
917.803
469.041
146.497
171.971
242.729
466.32
910.534
571.727
1024.81
600.333
182.989
181.833
176.673
497.386
1007
707.992
903.725
503.313
239.896
342.027
237.906
475.852
898.334
598.268
844.838
435.143
170.963
171.423
236.939
523.671
850.565
519.645
603.383
392.544
228.929
177.286
257.83
463.228
606.929
427.034
1072.76
469.184
192.485
180.32
358.936
799.251
1105.93
571.25
1034.26
360.117
208.543
228.34
312.21
631.435
1064.11
469.49
377.902
322.987
221.337
256.563
203.447
219.78
358.396
348.298
427.057
327.99
298.181
318.946
292.144
251.349
403.98
360.871
668.83
395.369
192.215
252.914
240.217
277.943
649.255
453.784
849.458
482.265
227.958
217.611
153.987
247.852
810.384
575.708
806.945
536.991
185.06
147.691
139.517
250.42
750.128
625.802
716.997
437.739
161.932
132.271
134.896
226.869
674.856
514.206
795.18
393.332
194.12
266.257
215.563
283.644
769.58
485.687
339.075
377.665
333.103
389.138
224.792
255.34
336.142
388.61
261.681
204.234
363.724
594.101
402.903
270.228
263.245
212.941
467.669
330.111
177.687
225.107
327.749
607.911
517.907
341.821
379.668
214.553
146.571
190.741
208.229
312.773
386.89
245.974
675.394
350.104
171.666
184.027
228.713
386.636
672.601
421.062
706.048
336.356
200.61
226.853
301.23
473.044
721.655
410.53
702.634
342.711
177.71
131.779
219.462
549.496
726.036
405.07
767.94
360.084
141.705
183.574
210.817
449.518
771.509
442.344
828.929
367.141
158.125
231.386
222.404
519.186
851.823
449.846
904.558
424.346
138.873
119.787
253.804
619.598
925.767
514.615
1006.26
509.157
163.663
212.713
238.958
566.667
1013.79
615.307
917.032
497.815
259.11
184.632
295.532
727.35
945.981
546.265
819.491
496.879
348.316
325.962
390.984
754.37
875.454
564.007
555.6
336.452
227.866
273.577
225.505
274.001
533.174
390.902
434.471
362.093
199.562
144.039
167.373
244.164
392.144
409.391
434.956
260.055
246.544
304.526
304.608
339.052
452.516
279.622
550.131
400.562
213.414
274.013
247.903
330.845
520.375
457.547
704.028
411.206
175.99
188.069
167.787
321.301
685.197
484.512
767.678
429.761
193.318
191.385
210.69
396.039
759.94
512.565
851.127
400.719
132.931
159.088
171.523
363.676
835.289
503.246
374.878
194.515
144.857
179.468
163.989
244.693
379.605
226.319
304.205
451.82
411.876
377.335
436.771
474.231
286.589
433.83
423.348
327.177
267.401
322.688
281.649
301.16
414.12
353.73
392.156
278.919
162.017
158.384
220.957
378.219
413.269
285.111
526.503
287.153
131.249
151.864
175.428
354.303
530.661
339.708
721.484
332.3
111.337
85.5152
156.728
410.081
727.711
408.865
791.299
416.399
240.513
197.585
219.421
523.734
822.147
468.588
689.825
344.178
146.555
130.298
218.898
500.508
703.895
408.453
980.866
410.359
160.404
146.288
200.583
429.752
973.469
527.128
809.401
345.461
164.262
150.885
223.633
534.115
829.536
424.441
718.693
348.596
233.086
232.087
309.188
521.152
734.719
415.293
797.945
452.139
251.877
271.988
299.243
453.225
788.573
533.36
928.466
400.548
172.905
184.879
333.898
671.022
960.712
493.142
525.983
351.543
124.743
219.346
187.477
248.648
507.681
407.57
609.955
267.737
216.371
217.917
170.453
243.517
594.672
330.153
691.862
419.16
201.889
231.419
165.699
368.4
688.481
482.194
959.321
568.393
217.302
233.347
149.138
440.121
937.886
669.816
828.143
472.729
149.408
119.73
118.474
385.966
813.652
560.891
818.615
507.172
172.436
135.734
143.843
384.326
797.925
593.246
599.15
254.81
174.74
171.125
250.928
327.856
613.211
314.526
568.906
291.877
143.536
232.192
347.891
424.295
582.549
354.86
370.804
410.962
244.537
300.832
251.395
421.525
387.781
418.178
399.404
446.726
349.659
456.045
330.15
321.73
394.113
454.565
484.078
260.043
192.412
238.17
199.089
279.362
478.877
308.14
639.737
386.184
333.652
325.257
201.839
327.329
634.993
432.975
754.622
476.327
241.435
187.077
194.341
291.319
725.172
547.615
944.971
521.825
194.438
162.067
200.413
404.272
919.487
625.362
1068.93
436.401
135.234
152.202
259.326
653.161
1096.34
554.909
874.476
429.681
249.224
260.723
241.765
549.153
895.437
513.736
953.254
474.503
194.305
218.723
228.389
540.551
957.657
577.548
688.771
409.854
183.698
193.205
254.313
488.024
696.386
475.948
493.595
288.284
187.023
147.657
195.405
374.857
506.658
322.094
919.968
527.496
208.861
219.552
203.278
451.515
900.362
626.084
600.107
343.431
162.76
146.401
124.692
250.5
580.453
401.2
566.866
315.541
175.582
89.8344
188.402
285.118
557.292
365.886
485.012
306.77
197.972
151.152
181.174
329.913
484.809
342.378
867.73
470.878
221.855
237.132
216.504
456.089
863.918
559.838
696.614
339.973
131.917
176.188
149.057
362.224
696.482
415.546
832.892
528.795
219.198
137.95
147.425
371.582
806.421
612.974
523.221
260.687
254.155
349.108
275.865
344.373
540.855
296.009
577.963
290.806
180.075
286.706
240.495
387.574
588.222
347.645
280.793
271.632
248.62
328.457
339.057
369.916
286.906
268.453
509.192
338.602
248.69
366.749
211.682
266.398
497.637
380.98
263.767
161.224
222.465
338.802
271.644
212.518
270.344
177.093
340.849
273.636
276.115
479.373
401.381
411.536
340.756
278.509
300.243
357.276
369.697
395.145
418.371
322.298
288.255
360.165
813.461
419.234
195.921
279.875
235.599
345.357
783.354
518.708
869.636
406.583
132.338
98.2592
132.751
425.34
869.661
498.426
839.759
349.091
142.005
205.307
235.835
497.853
855.126
440.82
748.425
469.825
244.011
222.582
252.378
421.912
742.439
539.039
792.491
397.74
159.082
147.045
230.168
550.711
818.487
471.758
542.413
368.089
323.592
220.318
383.002
561.307
566.094
380
693.351
555.844
329.977
160.854
296.649
675.86
715.432
567.814
562.4
389.88
162.243
116.712
145.798
310.512
541.011
444.437
761.134
313.116
135.112
150.831
127.141
322.019
764.595
389.011
352.107
204.905
237.785
238.269
223.566
338.751
369.683
224.636
428.83
243.792
217.634
264.365
301.21
343.91
439.245
270.405
315.842
226.84
98.305
101.213
130.109
282.127
305.327
262.816
712.065
367.781
132.755
199.189
149.989
362.702
704.669
443.342
932.286
395.256
128.538
185.219
196.257
487.714
931.542
505.26
759.86
356.556
146.604
276.818
341.485
469.76
764.95
437.085
524.327
453.7
467.706
376.336
324.574
297.123
499.38
470.398
657.077
342.344
255.942
214.9
229.519
293.473
648.587
395.407
674.252
292.763
198.938
302.48
293.163
365.245
681.124
356.714
404.572
539.981
387.544
273.766
206.017
343.76
402.377
536.436
334.306
340.351
202.156
208.987
280.951
322.033
317.131
343.799
292.026
389.013
482.461
427.892
356.54
263.26
276.277
368.904
241.71
244.837
349.519
362.819
338.679
209.352
242.658
234.442
629.053
328.691
169.435
271.004
178.902
346.857
636.496
384.967
494.377
316.193
196.221
275.573
274.793
349.792
489.415
342.717
583.751
450.334
297.373
439.422
367.339
574.541
600.064
484.727
649.834
322.858
115.735
169.284
173.965
363.158
649.474
390.692
470.796
276.893
188.766
265.833
240.491
346.136
481.712
312.511
739.5
393.151
227.867
173.429
199.669
367.914
731.146
469.39
727.298
343.573
138.953
180.171
150.432
303.132
720.871
420.555
454.007
311.339
236.102
252.168
173.992
277.584
449.333
342.3
567.327
308.908
241.857
290.478
213.065
364.879
583.112
353.094
549.008
289.659
190.9
192.311
215.06
303.513
543.44
345.79
779.666
289.078
215.799
150.778
203.555
558.331
817.962
363.597
675.499
442.361
194.722
195.038
257.079
557.758
684.425
483.804
387.73
252.766
272.661
294.008
292.133
371.858
409.942
255.916
365.041
179.954
147.258
112.562
250.798
372.418
384.296
207.824
678.221
344.959
187.934
171.918
223.218
418.45
685.21
413.414
584.697
309.465
187.943
239.235
261.082
282.595
579.313
364.795
438.071
381.06
284.855
198.639
142.467
242.24
420.703
394.992
224.162
271.651
377.863
734.651
546.484
231.702
208.175
267.404
340.037
236.967
222.112
235.423
328.107
389.433
359.871
241.641
448.347
424.107
252.395
323.846
376.565
478.254
468.436
431.607
597.24
439.365
280.893
350.623
380.786
487.218
604.148
469.529
548.749
409.445
244.825
335.49
332.39
483.392
567.193
437.118
688.708
376.662
173.411
160.779
231.551
434.214
695.773
437.491
627.331
481.357
281.36
232.382
289.949
429.84
599.132
531.655
549.379
404.195
298.728
264.811
330.045
507.889
572.597
449.829
813.089
463.612
156.851
211.741
254.446
376.769
795.862
556.2
717.68
351.692
207.258
192.202
153.697
411.438
734.422
409.134
446.899
270.235
305.337
455.895
406.867
336.83
446.385
295.814
747.264
370.462
202.447
181.725
236.829
397.303
757.317
441.686
672.483
399.706
234.043
256.935
226.319
374.375
669.206
458.761
537.388
230.719
96.8613
87.9794
140.74
353.582
565.173
285.128
405.573
207.416
227.756
222.856
210.301
312.961
433.29
227.262
409.748
214.759
184.103
195.666
239.316
350.098
436.617
242.203
355.849
228.262
189.199
252.575
227.079
299.266
364.839
256.984
537.669
381.252
267.18
308.034
214.984
420.025
562.387
398.92
259.205
279.863
387.047
407.658
403.177
318.657
262.531
276.377
785.391
429.23
223.114
282.1
210.499
303.614
757.765
505.48
443.789
309.832
256.583
242.722
285.691
320.801
442.369
345.502
552.969
359.09
253.534
423.618
385.756
346.995
540.15
412.912
648.7
519.673
307.764
226.798
366.56
387.77
602.101
575.38
424.639
337.6
464.786
409.775
316.167
287.336
409.515
348.196
655.832
436.147
354.188
276.006
254.551
293.351
627.252
491.029
387.172
303.692
204.311
265.935
278.085
264.363
372.377
331.308
610.297
436.322
271.768
330.086
313.346
362.66
607.789
475.94
595.16
367.836
247.118
151.802
245.927
424.505
593.168
407.42
669.999
335.486
109.356
97.3791
106.114
284.238
668.932
404.063
438.505
342.62
201.284
292.944
280.486
441.247
462.285
368.35
537.27
258.329
173.791
143.84
210.441
439.552
560.097
297.077
588.745
328.194
206.157
142.989
221.189
509.658
628.366
342.471
456.757
297.028
180.808
281.236
276.154
390.464
471.82
316.841
683.259
255.075
138.115
160.142
180.236
446.692
712.899
318.027
494.404
234.975
127.496
121.414
154.22
394.466
520.266
269.507
528.911
234.88
268.135
292.234
401.009
597.802
571.281
260.971
478.775
341.262
257.53
393.817
343.808
461.792
507.708
347.843
613.649
308.228
150.958
254.48
313.431
438.897
633.977
358.44
436.831
308.612
262.022
350.515
197.554
154.361
407.196
350.802
626.147
471.143
286.635
301.996
258.85
321.558
596.202
527.389
613.41
423.249
317.698
338.033
381.933
451.708
628.364
436.984
400.009
334.933
268.393
264.512
187.501
210.943
380.804
360.157
380.489
302.428
250.797
309.136
361.362
391.024
366.548
305.011
530.37
395.964
358.982
397.472
232.343
256.597
513.809
429.233
520.556
349.17
252.249
208.932
276.265
213.081
486.698
399.75
613.454
441.981
286.797
362.409
251.233
319.714
589.365
485.935
682.81
433.415
300.893
217.495
260.165
362.464
657.964
480.644
396.885
353.207
300.711
334.276
321.077
432.435
398.624
351.164
