1019.87
542.741
249.61
256.508
247.45
321.376
981.059
658.364
657.414
575.889
345.259
296.737
185.577
278.84
608.236
627.087
515.328
400.478
323.267
273.962
258.924
339.652
504.981
424.196
536.556
616.372
413.211
255.792
320.297
448.003
516.063
626.266
300.857
556.692
545.179
424.809
336.89
280.922
264.518
518.96
313.999
434.132
548.737
484.67
310.159
275.127
294.971
421.157
142.127
179.487
500.898
775.045
416.697
181.307
143.92
154.879
132.473
132.571
303.544
527.791
337.246
162.712
130.899
123.648
295.559
308.155
367.472
533.822
521.199
346.262
297.49
296.648
415.708
311.564
286.976
391.739
468.74
503.627
442.735
311.376
570.401
381.941
438.066
405.402
602.223
769.849
619.13
388.757
536.574
524.774
378.656
405.927
602.24
833.235
575.56
546.52
508.367
542.442
329.759
204.628
385.495
638.694
538.862
513.863
1048.88
584.937
328.248
204.893
410.753
935.749
1105.57
628.42
602.456
514.958
332.891
318.762
477.172
729.702
645.117
542.265
938.046
538.931
381.948
222.31
549.885
1023.47
1023.62
600.89
643.496
560.435
352.706
352.572
340.108
720.484
689.961
585.107
768.927
403.53
357.027
275.03
487.992
921.117
840.294
415.154
897.748
309.807
269.645
299.218
356.363
698.867
946.501
384.488
715.83
285.531
122.779
161.912
191.935
422.173
725.465
357.886
794.058
784.551
486.876
289.345
256.825
253.8
717.57
829.322
606.662
564.613
366.509
319.917
312.158
255.284
562.745
601.143
470.122
567.016
478.23
326.616
334.085
262.373
429.317
567.264
524.27
675.698
433.273
215.699
212.77
285.017
470.899
678.982
421.653
592.133
529.973
352.923
329.015
293.568
381.999
583.018
318.957
247.919
310.461
318.932
385.509
419.346
338.725
233.379
177.092
298.909
562.098
592.788
307.397
221.598
171.968
264.631
265.835
279.32
377.391
856.696
517.551
221.16
256.91
291.803
182.231
152.664
372.708
668.114
572.638
260.291
190.394
144.503
579.157
324.627
328.077
455.54
442.449
393.65
576.924
371.683
479.306
455.147
359.824
339.281
436.345
514.582
499.172
458.323
667.265
411.345
314.053
283.354
532.83
774.109
721.959
450.82
668.982
504.516
293.312
378.432
471.318
770.801
712.791
527.663
893.2
496.618
378.245
258.116
420.419
864.557
950.698
547.756
948.818
622.773
321.725
323.543
426.666
928.741
1012.55
650.021
888.899
671.091
381.769
357.998
357.794
802.854
954.468
704.731
942.545
467.655
339.13
336.54
497.916
814.47
982.492
525.512
838.451
536.187
287.277
247.808
461.655
843.859
901.628
606.245
1107.22
467.698
448.841
429.706
529.885
888.998
1156.6
534.211
612.963
287.404
248.055
212.271
309.523
567.729
652.581
316.311
709.837
490.009
199.603
148.876
155.308
401.659
687.535
558.047
666.624
517.255
365.852
383.708
296.852
319.814
642.203
561.057
674.026
465.737
324.755
284.423
209.311
316.56
654.691
518.071
335.922
398.542
395.701
416.025
223.4
330.33
320.502
399.039
467.254
571.849
406.272
310.549
226.916
256.086
421.97
583.784
440.811
551.474
473.526
329.734
289.077
312.068
424.741
537.961
307.737
274.917
228.214
291.544
184.616
233.727
306.019
289.176
113.552
173.099
404.371
742.941
480.457
167.639
119.306
154.674
209.383
216.511
278.268
452.398
463.182
266.473
207.081
216.709
565.178
361.599
194.74
284.977
311.854
312.276
544.386
414.63
463.568
371.947
373.534
376.634
590.572
695.054
510.157
379.269
668.767
353.77
280.475
219.132
404.252
668.75
714.942
387.039
681.898
511.721
419.572
314.837
485.874
878.907
743.871
521.053
609.909
543.016
337.504
475.27
405.302
659.787
642.269
587.72
780.128
432.727
278.521
193.321
350.251
664.619
798.151
492.418
890.09
391.566
289.941
379.171
488.164
763.184
923.321
473.163
497.008
361.13
366.684
256.368
531.783
785.047
547.254
357.025
899.36
431.234
257.756
259.479
392.089
840.905
965.875
479.42
838.997
367.19
189.502
253.293
344.819
787.556
899.59
424.853
769.166
340.944
296.294
267.162
252.226
518.168
796.03
387.19
546.507
553.037
418.732
269.493
229.148
247.274
514.81
567.641
874.121
588.928
214.647
187.651
195.018
286.377
817.553
682.18
729.756
627.481
370.959
343.309
307.316
305.048
672.256
686.535
519.241
570.042
392.204
218.748
208.17
300.89
489.167
578.416
452.315
540.049
458.804
314.514
348.088
306.567
434.915
542.977
357.471
381.237
298.118
295.708
281.237
302.578
337.782
385.402
353.213
406.39
327.672
376.895
210.013
289.097
332.452
414.871
427.516
267.813
370.185
430.467
283.968
329.16
429.567
296.927
374.282
203.119
282.566
597.698
435.791
386.996
396.262
218.65
333.376
203.572
276.314
436.906
637.567
525.731
364.996
223.993
323.744
240.488
250.272
266.742
407.877
466.22
344.115
241.799
984.274
472.069
308.229
353.023
416.957
753.011
1024.27
573.38
970.169
533.826
214.476
160.887
339.419
754.354
1008.24
611.521
891.659
447.293
238.879
264.646
392.021
806.445
950.268
512.883
878.737
388.547
269.738
303.373
379.759
720.119
919.571
463.921
1258.58
518.867
315.219
442.096
346.651
711.706
1278.55
650.052
1177.48
566.089
304.983
183.045
529.843
1100.43
1261.66
653.341
670.762
411.115
272.74
242.377
369.41
746.142
723.579
434.727
720.428
356.221
222.702
204.267
423.791
677.304
765.626
405.413
562.174
297.112
133.551
190.169
205.65
519.07
614.379
333.056
819.19
625.576
287.889
260.284
225.117
358.851
765.231
707.082
951.53
681.024
233.309
192.786
120.396
306.838
882.018
780.702
534.893
372.225
243.881
297.676
253.21
255.472
510.802
420.811
475.566
443.342
287.829
299.315
275.251
230.947
442.838
467.324
668.412
569.45
306.046
274.92
270.321
314.014
613.73
630.813
501.494
637.189
441.848
259.118
302.72
347.452
454.8
642.984
301.606
339.353
410.31
412.389
270.784
236.508
290.423
324.633
236.54
247.954
368.739
466.412
377.462
228.152
245.865
238.965
268.755
200.589
390.411
682.042
432.615
192.749
255.169
214.827
287.655
296.377
292.538
376.532
392.971
338.294
298.69
299.545
523.164
528.652
266.604
283.785
492.223
654.486
546.334
544.087
570.074
412.872
307.752
302.236
482.549
796.784
635.537
421.242
1061.23
501.281
337.013
324.073
448.375
912.418
1117.58
564.469
1103.1
495.171
323.508
259.361
336.14
769.133
1140.15
596.512
870.398
475.922
247.502
175.905
333.064
817.706
917.932
520.276
804.956
386.826
345.852
226.639
435.152
904.733
879.495
396.765
770.393
476.463
352.468
297.063
384.016
846.252
838.545
494.572
908.06
707.526
396.426
313.427
388.318
825.676
943.529
722.548
916.708
480.264
216.406
235.69
346.172
657.264
947.608
558.256
499.861
308.073
161.524
165.782
221.265
314.866
495.406
351.1
1008.27
660.775
256.79
150.487
164.255
344.769
953.642
762.425
933.986
566.639
209.288
232.834
161.089
336.009
899.566
666.45
629.357
435.86
242.116
355.607
300.867
316.116
606.082
493.466
453.776
351.214
266.991
348.161
279.089
220.118
434.399
379.196
714.21
547.834
214.966
227.378
181.041
301.749
672.454
614.55
584.63
416.376
329.328
311.545
301.637
325.075
560.505
455.95
325.075
468.099
466.029
334.76
303.165
294.833
308.275
443.778
253.693
350.114
454.997
432.438
201.604
185.442
238.238
325.892
338.033
397.436
531.836
719.584
454.135
359.237
326.426
381.803
523.98
400.481
398.596
421.612
322.515
295.412
494.376
436.309
631.552
655.942
338.508
296.503
387.423
654.331
635.165
678.345
694.448
350.663
275.812
233.566
439.655
622.374
707.068
399.971
729.474
621.424
330.247
306.905
409.357
768.775
769.141
640.237
1065
483.638
225.446
278.731
446.545
852.223
1107.3
566.531
1050.65
442.02
284.684
266.927
402.007
849.683
1100.79
522.311
1160.89
408.302
217.909
157.393
322.748
892.459
1228.39
507.944
1306.03
521.379
215.01
167.28
379.012
931.682
1347
637.168
1083.18
521.321
299.247
283.268
449.213
1060.75
1162.98
585.466
872.319
502.618
420.317
194.541
501.638
895.527
941.779
548.774
838.954
455.068
216.036
238.812
219.88
598.752
888.161
503.799
984.421
709.192
245.313
160.548
109.102
377.7
931.327
808.595
876.026
536.399
213.181
122.162
119.857
374.454
850.177
625.124
596.128
392.51
272.184
276.84
191.351
295.798
581.213
441.727
534.247
368.893
191.46
247.131
199.019
257.642
516.29
417.026
682.228
416.623
168.04
127.126
146.172
279.288
661.956
480.225
538.472
512.462
265.81
161.779
136.135
229.338
499.246
538.075
344.579
445.402
404.667
332.654
368.785
236.956
317.356
439.807
402.347
345.902
484.049
417.182
264.661
280.367
408.523
337.031
306.509
313.948
379.704
441.511
385.75
313.45
310.551
321.149
345.538
291.895
319.015
614.456
499.419
312.616
346.542
291.933
667.995
417.081
242.588
344.238
470.428
492.629
659.058
486.181
579.414
446.444
296.678
297.696
231.798
414.286
583.841
458.621
603.305
454.91
221.598
211.185
399.572
706.675
653.343
470.02
917.546
441.135
248.932
239.777
411.698
835.911
958.634
500.439
961.949
471.357
316.497
206.118
329.737
884.605
1021.84
508.338
1086.43
456.159
210.523
237.316
255.551
791.041
1146.98
548.702
1057.5
477.643
244.125
198.215
424.599
970.638
1125.8
543.177
772.557
470.715
321.662
241.852
464.151
884.754
848.128
526.917
820.027
527.452
316.082
143.48
400.687
714.898
850.152
565.766
558.029
305.206
189.917
154.851
233.112
471.69
592.321
339.347
851.49
585.275
234.813
302.759
193.639
355.815
813.731
670.863
527.469
326.577
182.551
146.493
158.27
292.976
521.237
374.285
446.205
252.971
181.535
257.053
181.258
271.729
447.222
291.768
629.381
408.207
167.688
156.39
120.89
222.666
600.339
468.171
334.003
269.195
182.666
186.008
179.114
224.164
326.726
284.95
631.931
493.98
252.339
149.011
148.079
323.058
603.983
538.136
691.441
532.479
270.044
269.138
203.779
272.854
645.672
595.272
507.817
536.436
426.966
328.83
241.777
199.277
464.734
553.914
343.551
298.084
225.433
390.18
302.517
243.556
329.484
312.161
410.261
264.416
440.92
694.387
511.493
398.06
429.43
267.53
436.43
437.885
279.455
354.763
258.095
325.996
417.778
456.459
723.645
500.105
186.613
203.786
206.013
516.111
727.013
564.688
833.016
567.581
295.173
197.671
278.512
645.27
840.727
614.787
633.407
573.759
431.739
384.003
466.066
549.477
608.291
613.86
734.895
506.225
310.173
303.318
415.158
686.119
784.375
524.292
1174.05
475.454
185.935
253.486
363.27
871.14
1230.36
586.862
939.517
400.726
353.221
409.875
428.914
757.099
985.438
472.355
1059.93
616.395
424.444
263.383
463.817
844.944
1092.81
671.1
661.065
340.036
326.44
250.961
302.628
617.658
708.462
363.506
460.302
335.357
221.825
188.109
290.1
492.791
499.672
352.333
963.982
588.812
228.087
198.428
162.251
312.673
920.241
688.349
574.709
422.999
211.005
125.34
164.834
238.962
545.164
472.384
488.397
283.985
146.874
195.803
185.64
320.505
490.292
324.893
972.698
592.752
179.795
140.182
133.06
425.406
945.486
694.787
818.916
457.008
167.448
137.236
133.416
346.422
799.309
543.455
612.641
492.656
230.096
169.012
144.165
326.622
591.652
528.986
564.857
457.934
232.375
176.796
180.969
273.805
539.83
501.415
500.745
459.037
248.61
256.549
217.706
261.926
472.362
489.644
436.713
655.377
589.883
340.305
273.234
307.864
391.514
626.67
289.837
310.362
482.069
663.994
382.414
302.61
286.763
300.822
870.15
540.772
324.917
238.474
291.675
418.748
848.066
613.809
548.305
428.027
278.795
306.033
387.101
587.586
583.367
434.259
697.809
453.45
308.933
318.124
398.776
558.749
709.635
509.932
936.416
420.938
230.035
236.513
274.936
618.872
951.388
508.127
841.498
574.872
182.585
225.013
271.429
510.939
812.587
660.695
1222.34
518.263
244.112
316.683
349.241
805.877
1259.8
645.402
871.803
471.523
362.437
216.876
479.236
921.699
952.802
522.734
1046.61
554.537
280.231
228.843
373.205
870.391
1098.26
624.499
831.994
534.078
254.386
266.39
340.924
725.511
882.748
587.852
636.746
257.482
155.61
191.276
238.489
455.903
657.301
323.223
628.214
426.634
222.555
211.907
176.085
292.257
599.174
486.523
852.803
490.199
216.98
194.273
160.581
380.503
831.003
579.908
791.17
509.485
204.679
113.817
129.957
380.085
773.878
579.642
826.02
483.998
156.476
125.09
167.695
403.395
814.907
567.603
650.666
407.285
221.97
215.447
183.806
287.738
631.859
469.432
499.495
376.839
232.597
278.737
219.005
293.196
477.898
413.613
462.846
436.776
214.754
206.764
189.94
280.168
431.318
466.624
390.472
371.759
307.123
341.171
281.214
292.196
380.63
378.2
480.264
345.862
353.499
409.907
278.881
233.593
467.618
379.155
441.001
427.821
383.776
678.879
366.29
309.583
420.812
444.31
339.937
280.366
237.389
332.423
405.449
394.467
347.043
298.073
949.651
428.16
268.29
219.757
365.7
741.868
989.242
513.79
1146.29
381.843
168.739
246.755
276.299
646.296
1179.47
515.893
876.3
370.828
161.006
296.912
257.284
574.547
889.593
459.501
814.705
555.029
268.202
178.455
372.997
798.621
865.066
572.791
811.472
607.842
322.484
332.361
440.725
739.191
835.612
639.25
822.059
625.079
374.508
270.701
414.34
888.32
880.807
632.933
488.434
441.733
501.461
277.488
378.825
719.395
547.034
406.361
997.122
468.663
184.037
163.913
302.58
808.251
1060.09
548.144
612.344
333.343
251.381
214.127
186.677
441.855
638.015
364.379
833.733
465.981
194.295
269.021
234.318
452.865
829.677
553.383
734.613
511.208
219.819
164.613
196.093
373.649
706.489
583.078
851.307
474.597
151.02
139.632
143.106
420.213
841.656
565.889
826.439
508.837
215.267
220.857
204.91
373.554
803.073
596.408
586.98
360.212
215.573
182.354
196.53
473.899
616.588
399.756
536.468
343.71
186.023
174.163
250.597
289.53
508.087
394.685
505.952
401.44
231.724
311.265
267.277
269.174
475.682
440.096
457.171
312.857
254.843
295.861
236.268
436.049
487.059
314.575
751.078
500.913
406.625
458.049
285.105
359.379
731.872
549.505
258.909
189.981
274.503
375.429
293.778
232.568
264.537
190.838
641.803
480.339
456.451
278.619
432.231
537.795
628.001
502.883
725.729
391.642
315.84
442.667
320.771
383.591
712.245
467.144
1147.05
429.268
167.664
213.54
235.192
578.157
1169.98
556.222
764.953
357.286
273.213
203.887
355.013
610.997
789.489
415.933
637.308
506.832
327.876
299.55
345.786
683.407
679.416
517.844
700.018
438.168
280.226
226.889
331.385
603.02
746.024
469.393
602.391
536.362
355.084
371.287
388.572
727.257
656.53
542.052
909.554
554.131
293.442
243.559
234.249
690.01
964.541
601.195
894.113
380.025
219.328
262.759
298.963
610.629
927.836
453.547
745.028
371.407
346.961
281.514
338.314
584.384
757.862
415.918
871.283
496.832
215.72
192.769
182.436
442.164
867.861
582.773
721.605
451.68
232.119
227.749
212.443
341.349
700.925
527.531
577.615
351.493
177.078
276.113
191.04
301.674
562.944
410.953
800.472
403.41
148.367
123.03
160.952
436.425
802.758
484.756
814.663
386.308
145.359
199.045
174.233
336.625
802.629
476.881
928.524
420.669
157.979
160.998
187.724
336.52
904.514
536.409
756.003
503.668
256.796
136.612
170.74
369.74
731.884
568.307
579.995
502.058
282.266
300.112
282.806
292.695
544.329
540.203
606.076
394.662
162.428
170.55
144.566
266.237
585.113
453.921
371.245
438.731
457.936
537.683
329.535
336.17
372.716
429.069
339.493
451.968
560.436
505.294
523.187
489.084
325.654
415.418
461.588
343.54
198.477
243.648
393.84
565.24
481.637
381.837
482.367
409.746
256.361
260.905
307.553
333.899
456.796
450.296
588.034
429.814
277.224
231.512
191.783
345.23
575.745
472.914
930.676
522.911
266.126
281.968
379.028
611.234
927.555
606.933
742.79
345.875
163.269
222.34
257.108
581.028
770.192
414.341
671.95
514.983
265.814
211.805
389.991
706.808
693.914
545.619
702.34
387.781
252.157
265.368
303.534
670.918
765.537
422.775
586.497
391.966
224.383
215.307
276.002
502.238
620.645
429.583
1059.43
482.161
317.833
211.103
207.456
526.731
1064.12
575.063
1000.17
616.494
195.101
138.919
139.156
460.511
976.588
720.598
781.248
452.916
161.078
234.712
164.178
380.118
769.556
535.299
663.731
372.01
151.726
193.848
197.203
343.778
655.681
443.967
796.972
419.472
190.093
200.334
196.402
433.376
801.868
501.189
546.054
337.477
288.689
329.999
289.836
295.655
525.712
389.491
448.313
316.5
256.347
223.857
166.288
221.538
431.851
354.928
876.202
502.48
164.154
162.634
248.785
364.674
838.587
598.406
564.785
515.245
338.591
311.462
192.076
261.851
517.461
554.362
876.197
666.605
291.712
145.6
130.271
316.612
823.732
748.768
644.731
668.676
322.372
278.656
309.108
413.987
591.146
717.509
676.351
489.448
258.979
470.606
385.881
448.098
649.569
560.369
381.084
428.988
311.77
296.712
342.374
380.055
379.526
430.534
488.196
308.676
250.708
381.352
276.357
447.902
516.913
324.724
708.531
401.041
264.065
188.864
246.402
398.72
697.381
452.639
740.923
430.095
376.019
368.846
413.181
464.885
742.029
492.267
733.267
431.847
291.699
252.874
314.255
525.313
743.029
488.137
670.692
504.043
306.388
250.438
354.573
533.848
656.801
547.581
671.953
534.182
261.206
332.698
325.376
635.175
714.3
587.814
721.19
435.288
301.561
329.659
242.494
404.48
723.878
469.545
636.611
452.535
283.393
270.514
321.794
656.904
674.052
464.463
923.376
522.631
156.113
127.255
142.379
469.066
916.37
618.203
639.071
437.544
266.947
221.024
243.324
285.644
613.437
498.219
809.65
318.999
107.001
115.621
236.443
492.837
821.35
408.675
731.979
385.689
170.544
191.914
234.408
420.512
734.161
463.531
703.016
388.017
114.035
104.222
111.583
319.36
690.15
461.016
571.224
304.985
254.746
297.237
218.349
389.208
587.738
353.515
732.283
399.497
178.738
191.713
144.667
302.711
714.321
480.963
765.892
437.36
164.429
232.629
238.961
342.563
745.77
519.927
554.147
353.537
163.316
282.085
249.297
279.857
531.245
401.148
704.605
383.299
198.443
284.873
160.205
309.037
693.653
451.639
491.414
424.185
296.926
252.969
278.514
411.514
501.586
442.039
665.172
382.027
208.962
350.087
270.452
439.445
675.991
449.525
558.99
271.024
260.727
328.116
388.711
512.212
584.976
311.499
700.295
495.394
358.639
280.814
264.01
412.614
685.195
543.04
801.555
419.168
327.098
346.161
326.122
601.904
850.376
472.267
537.368
297.61
279.255
388.354
378.463
591.71
580.514
322.403
835.69
464.004
273.453
223.488
321.884
616.641
875.671
501.46
546.892
351.763
362.219
308.873
431.714
578.909
558.921
392.677
576.126
477.83
326.609
331.131
431.696
593.052
577.956
499.94
567.573
477.82
237.907
174.72
241.031
547.55
610.951
501.398
916.762
487.682
188.889
216.254
196.19
498.642
919.816
582.569
697.067
335.979
130.728
156.893
167.547
382.187
696.87
410.613
584.378
292.725
193.549
203.772
211.482
407.605
599.262
337.227
521.284
244.334
218.806
196.393
255.098
295.926
521.295
296.58
537.288
364.087
178.072
321.836
313.772
287.743
519.168
411.769
467.204
321.012
243.969
251.599
270.889
317.79
468.174
331.505
383.393
287.743
222.379
343.769
317.831
311.317
378.068
305.042
917.515
522.66
168.671
245.91
264.675
439.746
901.292
621.013
659.722
305.18
136.889
184.195
187.437
243.97
638.738
389.462
647.284
341.568
261.521
314.062
373.013
531.473
671.772
384.014
633.146
373.477
316.219
264.808
296.143
547.294
667.817
401.855
704.337
386.866
242.77
309.52
367.849
464.323
701.302
455.687
646.435
472.409
305.972
285.903
282.829
441.648
648.143
503.113
558.163
378.665
215.294
173.342
178.914
285.802
541.913
430.401
544.641
366.431
284.276
266.711
371.95
662.731
598.072
372.212
824.89
526.567
328.481
221.528
376.248
653.927
837.737
558.299
897.457
670.545
463.209
236.367
363.465
538.754
866.261
716.532
870.377
503.287
342.313
301.562
325.961
475.067
866.727
588.531
699.061
393.071
224.403
173.59
228.262
486.596
717.634
448.716
480.934
327.442
230.112
173.669
346.754
495.22
509.682
349.032
869.915
504.985
203.651
242.331
230.118
357.849
844.891
598.206
597.392
439.636
164.128
168.805
202.48
337.551
566.586
498.82
793.513
340.46
162.18
170.046
236.645
484.25
808.865
424.825
686.177
389.589
151.874
266.738
231.591
348.346
677.656
462.415
623.661
330.991
201.987
323.308
248.553
356.904
620.582
394.389
640.916
286.104
175.85
259.267
211.887
416.22
660.797
342.704
757.485
406.431
194.198
291.112
263.254
336.183
740.638
486.441
824.928
439.985
229.329
333.323
255.681
455.859
826.182
523.054
739.383
317.166
154.592
242.082
199.269
436.823
752.004
397.991
449.631
376.333
194.029
312.712
296.528
416.993
479.665
405.825
536.54
266.994
176.43
218.508
212.375
397.026
565.027
304.262
767.2
413.368
225.644
229.262
323.85
451.093
759.774
486.818
428.823
297.982
276.942
544.266
341.689
365.315
449.098
323.05
727.078
348.567
167.818
180.114
173.079
473.392
752.15
413.644
889.867
745.412
274.373
218.273
165.102
387.033
820.744
836.05
499.536
441.629
355.321
228.733
256.864
340.993
503.408
464.673
626.342
586.61
384.302
365.077
435.178
585.568
617.308
610.786
544.45
359.452
229.224
278.074
354.471
619.775
587.381
376.352
472.355
413.628
210.552
140.74
183.324
395.458
477.584
425.683
583.386
381.92
183.771
178.866
148.642
280.476
564.584
436.147
859.496
426.086
193.062
241.604
234.149
476.535
860.138
518.018
835.746
477.403
204.401
226.679
213.183
420.686
827.825
562.974
661.122
282.153
146.476
265.099
253.6
303.024
659.618
355.399
757.866
327.746
114.149
167.838
223.592
459.798
771.763
409.15
656.888
328.637
167.377
180.488
265.072
351.913
651.917
395.707
366.57
299.676
242.276
198.842
224.549
339.636
375.343
303.674
685.765
359.451
187.191
285.794
177.693
430.51
707.312
413.289
613.609
281.677
177.431
220.757
204.091
369.114
618.553
346.734
798.729
337.113
141.167
130.587
216.373
570.678
836.284
414.188
353.301
312.369
237.17
307.891
210.5
284.378
359.877
333.066
425.354
284.635
378.354
577.471
395.816
323.489
432.371
313.352
532.981
270.097
288.036
288.637
403.499
451.164
561.817
311.736
675.113
369.683
269.228
394.573
276.428
384.833
676.236
436.556
775.38
436.583
231.321
239.09
205.65
444.935
773.736
503.972
596.455
475.418
239.337
236.825
293.497
325.174
568.298
521.465
853.333
506.521
360.398
272.559
257.441
611.928
873.71
588.837
588.974
454.91
310.925
233.255
298.358
611.65
621.783
475.093
359.565
288.901
249.141
242.424
242.155
352.035
375.59
297.218
414.79
445.349
282.581
345.679
371.866
433.865
423.254
458.294
380.821
281.005
284.109
213.648
281.293
280.212
354.131
319.005
400.279
270.466
270.495
317.432
284.838
274.64
398.527
298.135
797.901
427.446
240.563
265.372
343.492
463.431
796.686
501.975
588.134
340.464
264.612
236.496
226.944
365.46
592.633
385.435
802.265
344.271
194.666
299.982
327.842
498.553
820.256
427.466
650.398
273.37
139.487
232.168
264.092
342.539
654.031
343.62
649.083
312.156
141.825
134.662
240.441
518.313
673.21
367.763
605.874
299.008
148.251
210.656
152.605
352.994
619.621
350.675
484.782
193.074
161.825
207.171
343.763
482.29
521.2
224.786
595.287
328.639
171.082
297.724
211.911
377.362
607.602
384.522
547.188
264.67
140.287
267.909
242.077
423.084
574.506
310.048
320.473
312.052
304.797
249.487
280.958
459.505
342.699
303.511
509.821
426.291
222.9
243.523
276.504
438.07
508.509
460.36
678.048
404.64
192.91
149.21
155.688
309.448
663.387
463.997
569.705
597.534
338.368
232.496
163.587
452.572
588.223
621.57
618.709
386.41
240.525
301.425
302.724
586.066
665.359
422.996
361.318
340.39
293.011
286.178
292.507
319.059
345.966
353.37
568.52
545.429
303.716
276.366
316.225
343.385
538.402
588.048
504.291
348.201
197.951
201.547
272.352
422.889
520.181
370.618
626.565
315.935
128.896
179.769
266.177
554.313
661.809
367.576
443.67
438.881
255.502
225.492
286.639
484.146
471.153
438.422
580.962
274.968
185.326
173.971
207.447
365.859
582.995
328.487
738.177
355.005
179.024
239.558
327.356
520.522
757.435
426.544
700.49
432.822
245.491
222.276
247.391
557.371
721.179
467.853
711.509
365.162
207.57
255.473
225.007
430.632
716.208
439.514
685.169
394.856
198.939
291.547
251.411
381.843
680.452
461.53
544.294
318.964
221.03
241.231
277.756
407.165
560.12
348.815
553.187
270.214
163.429
198.694
183.746
324.153
562.57
321.573
470.901
317.014
146.099
148.637
181.586
359.678
472.532
357.334
467.158
263.888
264.415
326.409
277.113
374.091
487.397
290.905
387.622
210.276
230.909
438.333
289.23
289.307
391.809
247.325
501.998
465.163
322.363
349.54
325.266
464.753
497.944
473.466
369.319
337.706
474.285
401.576
355.052
292.281
374.745
339.779
482.211
275.599
404.772
334.879
272.416
386.718
496.267
288.396
423.672
371.807
327.782
260.682
327.797
482.761
452.487
353.856
463.134
355.85
430.584
494.652
345.962
404.672
482.131
364.645
427.406
383.217
363.085
329.06
359.452
428.995
445.703
380.9
395.307
236.848
250.543
339.786
296.686
340.774
409.796
258.769
515.102
575.695
440.581
320.194
420.016
385.034
513.214
576.167
457.234
334.687
423.754
373.485
431.404
446.957
457.132
357.774
463.466
522.789
252.614
188.506
258.942
558.96
480.298
535.519
616.071
281.638
185.001
172.022
284.235
489.816
642.111
338.943
854.463
425.57
227.404
226.99
192.654
463.973
861.001
514.704
785.536
406.494
196.225
214.785
286.332
521.119
800.613
474.027
768.17
360.307
235.965
276.781
323.918
554.65
783.956
436.663
505.986
264.107
195.38
270.892
315.564
446.812
529.302
295.912
373.38
272.764
199.506
220.808
187.345
281.122
375.885
291.841
402.144
219.013
167.69
221.448
305.084
393.293
414.618
251.115
600.707
413.115
289.274
242.411
203.213
378.453
596.647
447.001
432.153
264.222
234.839
224.8
218.045
372.37
455.136
282.389
479.983
223.418
190.662
256.235
237.613
380.354
502.91
260.913
428.719
296.146
413.329
467.402
257.347
402.264
450.708
298.18
353.317
373.04
321.472
358.247
283.931
283.636
360.45
362.879
376.106
245.64
308.112
389.344
483.164
400.542
397.413
259.151
604.675
402.359
133.694
194.198
187.037
349.001
601.07
462.548
670.042
364.08
459.989
419.62
355.543
491.267
689.393
381.55
553.102
373.038
348.691
315.181
320.721
394.395
550.874
417.926
387.931
443.064
528.847
335.476
318.028
318.304
392.319
429.657
375.009
430.273
395.967
216.481
439.603
525.189
384.831
406.428
438.562
517.59
496.697
263.45
440.715
499.411
423.718
487.185
354.876
248.594
202.346
255.22
268.335
331.816
374.26
272.551
