793.948
813.862
395.426
151.509
308.212
535.318
724.317
853.731
699.599
686.19
520.196
325.863
303.393
294.679
658.063
712.904
527.037
403.033
382.69
388.77
386.154
289.064
510.492
433.878
489.068
503.991
471.282
474.35
528.191
297.373
457.241
515.651
572.935
717.172
481.843
298.345
232.256
527.449
559.264
715.4
423.556
597.868
600.174
476.781
345.985
313.272
405.278
567.873
414.754
617.327
667.985
541.171
484.504
381.038
413.544
587.368
375.966
324.648
341.69
432.494
260.938
231.113
365.077
336.833
312.267
208.602
456.695
914.225
562.206
297.896
324.676
215.323
246.839
232.006
305.525
473.727
450.531
302.211
256.686
233.882
542.473
422.394
295.164
424.933
482.716
534.341
579.586
449.277
452.718
310.695
270.748
292.691
598.089
770.72
512.87
319.246
579.496
516.935
307.199
289.959
549.486
888.275
640.077
531.097
697.094
537.409
337.141
166.352
412.107
726.629
743.589
546.802
1028.65
510.136
241.379
258.628
367.187
878.712
1098.09
588.616
755.92
582.447
260.262
213.389
435.353
834.137
806.3
613.241
1163.25
623.262
262.255
153.967
336.387
986.752
1230.38
709.087
726.525
523.782
337.836
271.989
423.579
878.774
786.663
550.839
855.788
416.824
321.748
304.482
464.77
834.684
923.867
469.645
469.605
287.671
159.969
233.129
242.945
564.542
514.543
312.251
779.4
843.687
432.211
247.057
292.479
447.27
710.744
877.145
737.552
569.677
351.192
325.514
306.743
321.816
690.117
636.562
656.221
615.798
416.751
443.245
252.281
277.217
607.315
653.985
583.754
753.658
489.606
321.659
373.601
358.398
520.381
758.32
576.638
834.6
583.739
305.953
292.293
427.883
523.465
819.035
478.662
665.132
555.826
361.693
281.31
302.887
429.481
659.857
577.398
487.027
506.888
463.286
425.963
387.087
571.075
493.839
389.65
383.36
587.955
489.947
317.667
390.533
394.399
360.969
179.402
149.43
329.878
631.604
358.578
166.49
182.793
141.284
169.079
182.636
261.793
405.689
395.898
252.792
170.603
175.081
462.821
431.244
264.388
429.505
423.661
369.806
469.481
459.186
495.789
310.579
255.58
396.241
442.554
493.612
507.617
352.676
573.435
318.191
234.915
284.298
566.138
758.568
633.078
347.454
800.514
613.981
275.398
240.963
385.629
821.375
831.098
641.032
900.15
546.335
400.526
253.709
415.583
888.678
969.047
598.074
1057.56
443.879
334.601
337.295
466.968
884.719
1104.09
515.939
892.295
471.411
385.129
292.139
454.616
857.131
959.991
520.679
788.736
418.697
384.029
363.586
392.501
611.809
841.749
462.722
986.894
561.337
247.306
243.6
354.366
910.425
1062.67
631.596
721.706
453.909
276.351
279.979
277.57
575.302
746.458
515.275
868.402
600.281
273.005
264.641
257.31
374.462
828.355
671.223
509.776
517.265
425.012
358.888
264.213
337.983
501.234
534.478
620.348
675.041
403.163
271.516
271.896
464.066
575.179
698.498
482.435
533.507
395.982
365.922
318.207
245.138
438.472
549.504
546.629
430.498
373.407
290.718
328.346
340.836
533.843
454.828
546.204
418.333
371.463
527.952
519.694
423.815
559.01
436.478
497.86
579.251
323.026
267.676
389.313
454.41
480.129
592.79
305.811
441.972
609.626
500.574
331.142
234.39
292.475
420.493
195.429
225.251
338.42
385.861
262.928
166.32
192.825
216.857
235.387
194.989
293.238
580.832
498.629
289.48
237.879
203.252
430.105
344.961
308.874
397.3
595.486
555.341
442.025
350.224
596.241
358.588
289.183
230.109
339.751
477.345
605.908
403.236
671.122
522.725
253.136
196.718
434.271
781.01
724.519
538.894
759.574
396.743
358.833
225.906
464.482
822.169
821.73
437.537
758.571
607.745
338.492
473.827
386.648
740.026
806.737
675.063
886.845
468.665
251.261
236.177
356.764
718.376
913.041
534.763
913.883
441.76
210.87
191.32
332.446
778.935
980.037
511.701
723.915
384.039
231.57
263.332
411.806
745.166
786.538
431.222
832.498
446.98
211.671
159.115
345.284
842.29
889.983
484.81
789.489
401.223
263.207
233.17
345.72
804.25
850.235
415.889
864.477
933.492
503.769
254.365
231.342
389.947
792.25
964.464
705.994
656.01
329.217
319.926
192.305
353.716
649.977
712.513
523.716
593.096
312.84
170.052
144.212
388.834
489.456
613.879
688.423
615.494
405.2
354.982
307.602
336.395
647.763
666.373
643.78
640.464
399.231
394.824
421.985
310.773
585.464
676.017
595.225
548.694
300.665
290.068
286.898
282.108
558.943
578.647
463.419
628.932
486.2
296.902
262.605
387.479
438.753
624.697
311.393
287.033
457.092
385.545
374.176
373.632
327.864
268.993
296.988
403.762
596.726
591.334
335.229
340.986
312.343
369.686
229.92
122.796
275.759
704.976
626.951
262.574
230.639
143.349
361.038
263.513
260.768
352.645
318.137
330.95
366.147
280.603
434.155
284.283
233.767
292.138
504.099
631.098
479.28
301.816
1037.92
430.797
233.615
223.59
260.512
716.448
1069.09
520.372
1020.32
513.042
239.103
135.439
304.997
708.001
1052.1
599.384
919.151
401.419
269.125
269.073
355.316
766.288
983.128
475.279
1171.42
480.757
326.006
350.776
388.738
748.197
1192.46
608.002
781.921
409.45
280.024
346.455
299.609
582.179
789.06
460.647
1089.04
473.431
269.698
329.601
481.278
931.985
1146.64
542.727
874.14
385.411
214.353
228.757
307.666
724.661
918.483
453.223
984.328
436.951
247.505
149.046
309.903
801.435
1050.15
513.69
814.234
910.034
474.395
279.797
283.208
510.006
749.792
933.872
806.802
776.808
438.955
261.138
252.442
297.245
741.974
816.752
845.92
656.749
221.587
195.826
164.619
313.822
784.02
742.228
616.457
417.833
276.407
255.01
217.046
223.957
585.855
473.008
442.659
476.806
347.512
408.715
376.913
433.945
412.504
503.129
737.227
544.083
368.253
295.651
258.761
190.19
680.457
609.414
631.486
700.739
404.348
181.152
229.601
398.335
582.008
721.16
374.908
488.111
492.32
415.536
385.027
237.356
339.409
483.945
233.732
244.743
374.978
462.618
269.009
166.971
232.823
233.062
342.332
280.903
513.46
781.975
445.634
266.734
349.708
283.39
297.228
215.018
244.429
528.378
604.049
394.642
317.334
218.724
673.307
340.242
289.704
225.435
234.304
335.141
654.001
416.834
627.969
378.364
223.042
119.471
334.864
772.42
692.539
393.541
1058.32
428.708
251.83
347.087
383.952
792.809
1095.31
536.075
1046.67
497.657
264.698
334.489
282.71
733.951
1092.5
585.916
777.551
399.378
267.106
204.41
268.322
690.241
834.786
439.43
826.974
483.274
369.272
182.724
378.897
884.174
909.232
505.799
1075.37
467.205
228.688
302.059
337.021
839.105
1129.5
554.019
824.114
382.084
289.159
265.468
422.309
674.824
850.211
453.808
605.366
424.124
215.842
206.658
300.977
644.446
654.771
457.206
904.228
819.682
387.667
216.995
243.817
460.985
835.633
875.482
919.383
711.559
232.289
158.292
165.067
339.21
853.488
808.533
535.464
481.683
308.549
308.847
240.842
290.764
497.481
512.28
700.439
465.671
220.737
239.131
146.568
306.472
678.19
531.852
778.186
567.869
262
243.025
206.948
302.367
740.571
638.782
876.957
633.515
290.082
311.225
220.715
343.003
831.125
720.732
527.784
610.341
391.157
283.086
324.548
350.545
494.56
629.38
290.714
443.155
559.537
453.101
371.951
222.747
259.126
423.631
290.14
291.89
400.883
486.13
276.17
236.693
290.631
279.158
247.479
299.786
361.858
530.677
400.212
260.226
249.165
288.254
364.483
285.31
432.284
672.634
574.265
239.83
356.221
289.974
689.357
385.578
404.419
411.03
415.445
447.671
693.937
445.667
578.706
470.444
177.856
266.168
312.502
482.638
571.734
523.161
921.937
422.959
266.999
312.053
418.55
664.913
938.66
512.802
1040.5
452.608
393.976
348.746
462.121
871.914
1102.3
528.153
1301.54
547.831
237.858
239.709
280.11
807.293
1323.27
680.093
1147.01
608.938
205.352
158.914
251.534
881.258
1225.98
684.948
1162
538.008
296.393
162.922
361.17
963.603
1243.98
620.897
971.082
409.641
222.907
271.565
343.777
811.58
1045.34
485.585
857.234
444.882
221.293
149.106
271.19
685.329
907.176
505.026
1070.24
801.937
281.021
147.971
123.829
331.541
992.586
909.357
921.175
594.891
210.469
115.676
130.925
333.182
880.472
688.055
672.106
474.008
287.589
369.436
308.738
308.558
650.692
528.555
577.783
327.229
219.429
286.364
196.903
344.381
580.711
380.687
404.891
375.249
197.431
131.803
125.314
221.124
380.241
397.85
410.255
292.856
155.792
195.159
237.598
258.691
393.37
328.156
661.5
584.725
300.131
184.004
163.824
252.883
616.633
630.991
655.614
516.89
339.525
226.644
245.189
360.091
626.016
544.485
427.049
503.433
392.785
388.361
337.021
329.577
402.208
509.972
307.629
256.978
312.994
466.225
315.944
230.028
303.777
265.418
322.506
246.168
269.11
422.609
379.411
292.449
341.372
255.62
320.128
335.45
234.696
252.474
248.722
334.121
312.113
348.085
532.881
282.491
332.002
342.46
527.317
430.196
553.522
298.721
486.511
239.979
188.221
198.695
370.083
626.539
535.801
269.409
1278.95
493.415
214.497
222.944
369.27
780.92
1308.32
631.647
1202.85
496.632
253.469
223.524
332.059
835.803
1245.55
608.803
1258.02
548.167
289.407
168.623
313.727
834.743
1314.42
651.426
1061.41
501.609
319.978
331.998
466.314
974.381
1150.52
576.938
897.806
558.108
214.45
208.571
346.469
863.399
974.967
624.009
806.102
367.582
217.895
234.84
347.447
676.321
861.73
432.389
717.055
561.058
272.898
163.838
144.839
303.299
673.819
625.179
729.297
512.198
244.12
243.952
166.041
333.681
694.334
579.401
351.731
263.284
250.208
360.07
221.965
189.008
343.242
280.735
353.736
320.605
195.497
183.387
145.17
225.61
338.738
338.679
794.699
578.814
238.51
201.322
171.483
357.138
757.519
652.092
559.485
368.91
164.182
119.728
98.4393
263.622
546.417
422.372
473.932
390.789
220.777
170.197
162.123
236.488
455.656
420.989
447.323
445.93
250.206
226.708
244.032
323.409
421.096
473.955
502.04
516.854
371.623
268.373
243.106
234.149
461.661
534.229
259.345
421.222
492.809
396.303
313.921
239.022
258.436
381.517
419.166
441.211
565.789
460.068
346.705
400.577
396.249
434.17
393.962
326.493
192.896
173.468
349.441
398.358
394.295
352.243
457.515
354.573
181.182
206.733
339.854
417.682
459.154
382.123
1026.54
475.456
172.148
164.449
263.349
545.262
1014.26
598.129
769.936
583.429
368.926
395.198
282.423
625.821
756.39
632.589
975.138
510.663
265.976
266.909
298.513
625.034
1013.5
564.958
1113.06
467.863
339.143
265.101
359.808
893.616
1182.03
549.913
1070.11
462.009
257.491
195.178
369.894
856.292
1126.76
559.175
873.121
470.094
239.53
231.228
364.761
753.734
911.775
526.679
571.657
393.09
221.385
149.11
183.198
336.72
558.702
437.159
567.349
450.466
309.582
322.955
221.613
344.154
547.841
487.188
566.664
388.697
223.524
203.386
161.965
276.038
542.411
441.405
818.833
426.092
302.716
227.748
248.144
419.319
815.284
505.469
551.178
492.443
306.37
241.39
180.694
299.409
534.556
516.279
888.157
532.325
188.495
198.816
136.988
403.287
864.586
627.42
592.402
419.627
286.27
289.337
254.179
271.226
564.881
476.821
459.323
339.739
280.627
270.521
258.784
340.946
455.924
359.82
477.45
489.328
317.674
221.391
208.522
228.73
440.683
512.089
310.117
375.53
310.388
249.391
245.713
293.85
307.815
365.744
301.17
385.95
298.983
295.51
373.098
368.342
302.041
384.392
292.127
266.155
317.489
496.865
357.382
281.527
289.608
283.461
475.131
435.222
434.499
473.691
372.238
292.875
459.426
441.291
1042.49
479.716
245.18
203.05
370.097
683.462
1062.17
593.655
790.747
501.165
166.22
195.571
250.189
630.192
828.579
564.1
794.019
425.197
199.668
170.641
348.025
710.537
827.957
483.931
677.688
424.705
198.934
216.838
272.413
439.956
670.015
488.429
996.819
461.24
241.074
195.104
331.098
808.341
1047.39
525.201
1142.79
506.239
255.143
261.597
350.997
915.07
1206.03
600.731
1059.53
424.141
233.548
140.864
288.496
813.179
1108.86
508.596
698.381
367.643
231.051
195.338
274.463
566.079
733.704
397.094
810.689
403.831
156.347
167.803
168.756
267.118
787.373
497.766
729.097
465.766
205.195
248.197
161.327
330.058
710.013
538.397
829.162
536.766
202.222
163.81
159.112
381.377
805.481
620.003
773.413
449.918
196.222
148.602
164.797
376.186
760.368
528.482
677.042
427.642
189.272
201.601
176.31
262.995
644.376
499.387
226.303
367.178
427.99
310.279
285.241
311.663
231.447
335.211
878.646
473.214
182.234
138.307
118.32
250.08
838.766
574.202
708.068
591.777
230.551
171.522
122.177
275.193
648.516
663.303
304.222
401.998
533.828
579.41
364.036
286.517
287.489
367.066
529.412
443.563
336.247
362.011
325.73
381.751
536.681
442.064
196.9
292.806
395.404
418.676
448.617
288.485
189.873
280.235
704.081
288.769
201.462
201.562
408.249
681.243
750.379
348.552
786.035
486.553
212.563
220.994
350.834
757.586
844.392
547.436
1043
434.981
147.524
156.79
194.554
739.515
1109.52
513.15
487.142
392.427
263.848
294.893
181.197
385.38
505.357
416.273
930.017
418.55
153.52
168.553
329.897
691.918
957.769
512.242
958.905
495.72
247.692
248.347
426.126
638.774
965.053
591.585
1020.52
486.67
313.745
275.715
401.091
809.424
1061.41
549.78
767.768
595.524
389.353
254.918
348.7
872.347
836.094
601.238
1158.66
490.76
182.286
119.985
187.201
654.958
1182.19
598.548
924.263
480.444
144.254
109.671
134.498
324.848
894.46
588.762
760.478
478.205
195.489
150.199
130.494
357.97
739.838
554.185
500.193
292.141
226.584
302.727
252.08
275.931
495.724
335.251
570.503
335.064
200.898
294.87
203.322
259.196
549.17
390.763
707.605
363.199
145.62
196.665
143.635
250.727
683.915
442.254
554.136
290.697
141.064
211.664
191.435
204.676
531.724
350.659
502.248
328.147
245.16
150.052
172.451
259.262
490.956
360.124
359.203
237.092
238.613
210.664
190.695
209.113
352.709
255.289
752.951
641.418
370.972
171.065
210.602
298.032
698.17
699.218
422.868
367.739
220.302
263.365
324.184
331.353
408.184
389.538
327.572
256.911
295.539
489.418
390.584
208.343
311.629
278.53
605.84
612.741
297.983
197.774
279.191
477.177
593.67
626.939
602.457
381.864
172.29
224.431
352.332
531.246
621.137
433.299
927.351
444.197
204.329
186.881
197.291
603.899
953.825
530.635
916.023
424.275
187.473
245.786
299.952
578.516
929.928
519.466
935.703
507.109
211.171
204.807
258.03
530.774
931.11
610.893
763.573
442.15
242.363
220.03
298.641
459.483
755.561
512.609
800.067
533.794
292.123
220.437
317.996
777.199
851.52
551.294
1088.88
441.249
377.16
243.027
243.926
639.242
1125.45
528.909
957.028
484.921
262.037
272.389
252.56
563.661
976.815
545.13
770.698
495.985
200.858
184.231
168.59
337.086
747.466
571.584
826.838
492.082
146.717
136.699
137.709
350.684
800.464
581.26
735.68
357.818
127.571
173.162
124.3
290.183
716.883
439.239
610.283
426.211
247.119
251.415
295.649
321.067
579.292
481.53
902.8
503.904
188.563
332.924
256.142
339.229
871.64
601.286
564.188
287.39
209.613
242.088
203.542
253.886
546.27
340.618
147.102
178.704
227.189
282.429
182.142
117.907
144.046
166.312
593.815
378.795
133.248
152.809
126.906
234.215
558.326
446.923
437.623
469.271
391.08
272.997
178.196
168.217
397.695
483.968
610.423
563.314
291.201
177.008
134.754
223.136
559.68
600.104
811.723
465.281
264.735
361.572
301.913
383.406
790.08
534.834
504.592
364.978
210.27
366.282
315.68
500.47
519.471
399.216
717.292
448.179
331.036
233.049
388.166
668.806
751.071
478.068
710.233
401.918
293.188
309.823
372.134
330.488
691.36
468.588
949.739
608.988
283.081
157.563
209.85
442.362
921.806
700.068
671.151
355.681
216.345
200.689
335.717
708.419
722.216
385.892
821.563
366.818
266.095
236.334
293.339
558.729
839.337
438.129
668.796
587.195
323.813
178.572
349.98
727.549
716.66
591.801
921.595
504.287
205.573
325.609
307.329
799.563
1000.25
561.356
719.706
349.239
209.603
243.65
233.51
456.44
752.436
395.94
762.303
389.421
173.743
286.607
181.988
392.663
757.835
469.435
876.689
468.212
165.237
90.6114
91.2254
273.419
845.075
560.24
792.572
464.484
258.431
195.57
154.823
301.656
756.285
551.469
841.141
308.729
145.379
106.547
170.793
486.99
861.074
400.44
887.049
416.824
139.898
98.4618
168.4
320.748
866.075
520.778
650.033
273.03
147.632
129.249
145.933
181.747
628.841
342.798
382.89
243.237
147.24
129.417
140.286
258.298
395.238
266.505
646.952
428.027
210.501
125.666
154.984
314.956
628.385
481.347
635.056
411.554
257.539
302.701
366.157
335.598
615.41
473.623
662.114
460.103
209.225
139.265
175.819
301.482
642.728
511.622
668.512
340.232
245.22
235.059
262.094
337.984
657.658
411.438
903.253
449.56
196.303
225.708
326.079
432.61
897.212
536.097
486.659
426.743
259.154
289.12
261.25
280.219
456.203
465.885
767.631
367.815
227.072
325.642
385.805
558.687
795.456
439.683
810.996
460.067
238.109
226.38
250.821
721.499
875.136
504.289
897.132
502.938
226.939
191.471
268.465
645.363
927.527
576.191
667.349
416.92
202.31
207.993
315.536
641.902
706.204
456.811
691.938
732.984
346.004
148.883
359.932
780.911
713.066
740.514
638.433
495.354
233.219
253.956
342.987
680.773
688.208
542.197
640.19
298.51
297.35
297.753
242.316
465.404
678.606
348.187
767.185
527.741
253.25
220.125
190.841
269.869
723.768
606.294
811.974
395.317
121.723
120.259
91.5784
266.423
789.156
489.844
828.349
425.008
219.358
266.116
160.879
277.736
800.691
518.837
401.303
257.577
187.575
291.726
227.252
254.535
400.227
287.665
547.722
279.78
211.472
278.604
340.719
380.25
571.341
309.33
515.928
278.386
176.436
298.816
302.02
345.372
515.77
323.171
517.005
278.364
342.162
318.318
294.287
245.197
507.553
321.906
654.414
335.072
115.554
124.589
143.768
296.739
643.143
404.961
743.147
410.949
142.161
183.885
148.38
355.175
729.506
492.341
392.852
351.11
201.589
140.136
108.812
153.725
365.201
374.269
630.029
348.836
306.399
356.197
284.345
370.927
634.064
404.903
283.157
373.611
264.133
282.674
425.61
371.663
273.346
373.24
438.975
313.527
311.915
363.471
232.826
451.069
466.134
308.849
763.888
374.946
264.319
272.326
361.376
543.456
779.618
444.999
710.669
530.533
291.242
212.961
285.355
612.5
750.701
580.755
653.396
357.414
204.607
206.639
382.846
619.121
697.796
395.585
718.785
392.138
281.501
277.604
285.523
525.38
759.173
431.967
937.556
517.795
204.854
155.159
186.472
560.966
947.219
607.229
573.824
447.87
353.287
307.889
381.067
539.733
604.191
480.59
671.901
419.507
247.099
184.601
336.642
649.867
714.78
449.626
618.498
369.472
241.792
327.92
253.948
299.332
602.26
426.589
943.844
417.335
143.903
172.265
208.758
366.941
923.841
531.979
549.576
458.125
257.818
172.757
225.244
333.459
509.896
506.393
484.173
242.293
159.205
260.704
295.482
276.932
476.822
294.869
587.53
366.146
183.161
226.967
181.786
338.417
591.858
423.055
622.05
315.364
177.238
236.527
216.723
313.073
618.059
378.742
572.713
303.536
186.407
202.504
152.113
256.677
565.057
356.593
771.813
448.94
133.116
83.3088
103.265
310.826
752.321
528.92
812.944
443.526
269.897
257.265
258.989
420.204
809.487
526.77
600.063
285.025
152.605
147.271
145.264
417.027
616.682
337.301
709.581
311.105
183.817
200.042
150.005
342.547
716.518
384.867
639.511
471.803
454.979
406.262
299.213
452.436
670.35
480.695
734.903
370.544
240.56
231.492
307.753
625.658
785.7
415.473
526.178
261.423
218.175
250.416
259.924
478.913
558.934
292.925
696.617
414.713
232.525
334.726
246.768
571.659
733.924
447.439
929.034
494.492
212.443
176.085
265.924
631.69
957.879
553.171
945.873
500.602
282.287
191.568
219.844
600.624
956.659
583.891
857.366
506.226
261.121
280.199
372.838
651.305
866.255
573.971
812.37
504.894
281.748
264.804
250.102
420.73
789.662
582.591
759.211
403.811
259.429
195.821
249.51
522.956
781.677
475.518
608.078
290.88
121.331
124.27
159.443
313.3
605.04
350.417
915.801
391.515
125.494
161.464
135.523
336.585
900.047
506.66
708.241
347.941
116.774
172.734
139.492
331.344
700.391
425.328
640.477
336.988
153.042
151.31
167.036
339.883
640.812
401.796
331.216
280.152
162.275
145.989
177.956
297.499
349.659
280.475
448.818
337.628
181.505
238.88
249.002
270.595
441.296
366.423
533.836
372.535
256.5
223.13
259.153
395.099
535.387
401.02
666.396
322.725
185.631
197.72
195.346
304.524
665.414
393.301
555.535
355.893
207.713
203.08
184.577
301.71
551.776
401.541
550.135
304.625
143.01
166.642
168.812
310.889
549.505
357.7
635.035
391.68
321.344
377.199
228.894
481.616
670.76
418.153
619.56
317.759
231.804
256.87
257.429
509.941
649.041
345.294
569.744
502.108
221.564
224.615
287.064
611.947
611.393
519.296
549.161
345.988
197.978
236.94
184.82
282.325
543.373
391.474
539.493
395.105
293.212
314.363
377.684
341.344
525.499
435.638
534.077
554.58
343.63
263.14
290.252
594.487
564.168
553.894
645.806
631.439
324.217
262.147
316.857
434.737
607.888
662.502
629.993
511.921
314.011
307.846
243.499
421.689
608.835
552.086
546.688
524.622
312.388
306.487
283.095
487.974
576.749
524.949
580.1
307.599
179.971
160.529
200.175
322.7
578.783
366.636
571.486
328.038
178.542
245.21
196.95
306.04
564.241
385.087
688.003
322.221
150.969
130.094
109.984
285.87
678.737
391.049
490.995
217.701
162.172
174.187
152.077
295.209
495.029
257.173
667.205
373.719
150.592
191.537
145.143
311.468
654.958
444.961
703.77
327.202
145.437
257.572
193.059
346.233
709.767
404.1
450.367
251.589
121.756
121.518
175.336
312.786
472.005
274.267
538.654
202.641
215.69
243.471
253.558
256.012
540.664
243.702
456.021
184.494
269.173
313.357
297.201
264.329
456.057
220.388
492.604
221.821
151.587
265.696
272.144
367.655
507.273
267.693
514.137
215.366
166.972
159.809
166.979
306.976
525.974
260.7
493.088
257.349
294.051
437.682
404.038
452.121
517.336
286.878
359.135
320.148
266.293
266.977
290.257
370.2
379.752
316.33
793.276
406.952
237.747
378.486
208.987
405.162
795.569
481.832
447.741
422.969
383.286
288.994
229.698
263.407
429.498
429.712
815.259
424.095
141.421
163.975
229.827
523.853
820.784
508.018
466.764
448.094
332.019
348.951
305.585
347.031
438.294
467.418
549.562
512.407
346.988
284.735
212.397
463.031
562.742
526.511
485.493
351.507
201.256
262.594
328.681
559.247
516.449
383.329
636.797
323.965
285.999
232.55
320.412
471.763
653.417
369.846
492.049
404.398
209.427
194.015
254.978
442.304
512.777
436.827
729.121
419.737
193.204
178.952
212.406
400.481
723.614
494.11
563.484
263.503
129.299
143.252
154.441
360.595
583.049
314.283
671.277
257.918
87.5668
101.122
211.647
523.453
711.411
320.055
852.457
334.091
99.0004
122.522
195.418
562.125
887.869
422.433
635.386
322.024
198.24
203.31
178.467
357.114
648.486
361.878
621.841
268.185
171.678
192.978
191.827
323.669
630.857
328.67
784.186
335.366
167.852
278.682
260.509
390.568
783.321
424.675
654.115
343.516
140.502
194.788
167.404
478.713
687.543
402.633
613.542
312.708
291.914
281.542
351.446
443.525
621.197
353.889
683.891
299.493
116.442
147.541
207.888
509.849
722.162
359.27
600.901
248.25
150.764
260.452
248.866
446.462
630.785
296.946
333.275
394.555
330.185
368.295
289.577
509.708
363.527
365.762
498.33
336.521
334.83
333.952
221.127
389.114
498.544
355.604
743.662
490.513
246.949
297.196
273.11
435.602
731.963
524.568
592.085
303.494
237.305
190.908
357.847
533.634
608.426
343.531
743.544
362.334
315.664
311.109
339.348
577.142
781.334
428.288
629.416
377.022
320.728
254.843
337.442
466.684
628.872
408.304
760.597
678.364
243.543
289.579
217.411
533.502
749.246
745.849
917.287
510.834
212.383
158.046
251.583
487.427
903.613
607.866
391.824
300.825
245.777
216.942
331.838
384.764
395.733
311.821
712.425
369.875
169.817
275.158
176.207
332.666
702.811
449.143
656.802
311.123
131.852
155.303
209.023
321.753
662.147
371.705
767.886
446.594
200.854
194.846
189.706
372.451
755.32
524.575
657.85
311.01
115.758
121.389
166.796
445.842
673.703
377.741
950.478
357.543
161.64
364.109
351.04
440.812
952.506
475.409
698.812
323.512
155.511
144.584
150.111
411.304
713.997
393.116
699.448
283.395
113.954
159.15
227.844
493.958
716.973
355.451
722.125
349.671
175.03
153.161
218.306
490.884
740.837
414.775
651.617
305.748
97.3665
145.599
159.725
458.033
685.811
360.643
478.05
279.129
149.16
222.084
277.288
430.259
507.712
309.416
379.329
256.249
374.723
431.63
347.003
243.518
379.744
272.731
610.25
328.24
275.556
290.591
240.822
358.419
604.066
375.399
684.546
429.27
237.342
374.213
366.118
407.791
658.706
498.456
627.491
276.761
279.012
291.696
301.861
414.813
645.756
327.626
729.133
347.99
211.825
205.919
282.748
481.728
743.962
424.883
680.811
350.04
480.005
694.004
470.251
523.818
705.144
398.194
650.718
559.719
391.127
329.753
170.351
332.364
616.875
604.751
501.44
542.293
528.482
434.135
448.369
438.802
519.122
524.118
523.875
418.766
319.219
280.076
411.476
699.682
546.018
437.663
428.433
358.618
305.693
279.447
437.936
631.781
473.852
347.756
509.199
282.195
126.79
141.71
176.627
352.47
538.338
327.028
492.291
324.878
150.273
205.402
214.885
281.609
480.506
370.557
571.882
387.973
172.145
217.246
220.462
496.922
598.363
424.342
467.436
280.484
252.765
362.511
255.517
314.64
469.513
321.658
792.488
350.212
263.004
261.935
262.178
425.87
803.282
428.315
555.781
291.162
221.685
289.861
274.203
385.74
567.32
336.168
615.949
282.139
251.704
306.433
212.046
381.469
632.557
337.803
668.961
337.079
189.274
176.873
180.131
410.402
681.314
389.439
550.365
319.839
169.616
175.24
187.102
368.654
559.074
369.542
356.849
422.6
463.673
407.883
453.608
488.6
379.666
418.269
490.756
334.777
209.531
316.819
326.918
570.366
516.278
363.458
351.36
459.223
514.042
497.828
322.372
346.304
324.863
434.367
565.005
260.822
244.776
193.482
278.285
408.679
578.393
311.054
623.393
395.946
422.793
321.985
341.76
470.368
621.813
439.568
531.867
448.483
324.718
288.925
209.938
394.576
527.465
481.058
636.896
497.137
346.792
246.745
236.25
535.412
658.949
508.584
415.907
388.171
404.364
414.65
413.181
567.598
440.934
385.171
699.775
655.068
325.303
341.241
404.893
589.347
722.669
696.219
536.305
605.467
533.695
334.436
406.944
565.081
528.881
604.69
364.888
397.472
276.835
271.111
409.187
475.538
366.263
406.934
