516.397
834.164
790.888
460.9
267.703
394.791
500.919
792.243
429.439
837.525
632.687
346.856
355.336
388.839
373.273
793.346
504.106
632.367
421.681
294.929
382.963
413.531
481.008
617.873
426.852
452.529
422.666
368.887
406.289
291.047
402.559
455.416
514.156
476.264
568.522
763.689
547.455
358.103
498.626
491.035
396.172
503.776
858.049
812.104
470.346
300.293
384.69
463.707
370.957
525.068
566.22
572.032
309.12
348.875
362.618
495.498
259.687
382.166
562.962
863.269
571.547
280.478
235.883
368.535
123.464
255.459
749.211
1107.75
518.198
167.166
123.382
204.815
255.757
295.4
470.722
1079.99
650.971
338.875
249.134
271.091
205.032
204.536
303.33
624.168
497.834
200.333
208.375
212.135
291.233
250.991
468.919
693.634
762.524
356.408
305.32
254.265
232.66
212.797
489.76
575.335
461.919
270.009
230.914
196.434
385.46
302.836
301.374
440.491
686.884
615.646
383.32
315.831
391.063
406.993
229.199
406.982
322.271
340.863
360.008
434.223
415.224
346.714
270.065
227.699
356.691
569.199
437.947
358.694
613.956
373.978
412.82
292.237
544.898
840.49
678.989
388.388
658.568
436.945
439.491
358.807
746.979
1033.06
734.288
452.096
657.897
485.592
327.855
357.139
522.148
963.048
729.74
520.818
747.625
321.835
309.117
378.907
563.563
858.7
818.927
359.194
663.766
732.215
654.664
464.686
250.749
396.303
614.957
727.814
510.682
857.665
461.676
273.059
302.894
433.035
437.329
839.981
431.633
559.207
444.794
537.795
461.826
336.181
413.437
545.889
457.799
664.882
651.08
468.071
519.063
378.835
422.008
628.037
417.941
535.369
665.828
466.548
358.459
261.026
384.829
520.756
331.308
434.921
661.687
619.31
328.391
277.963
339.244
406.523
283.621
588.815
624.572
575.349
389.982
389.693
261.283
535.698
342.7
477.227
587.496
627.402
498.805
318.807
322.645
453.353
211.192
286.661
618.716
921.914
369.294
192.144
209.295
255.594
384.999
285.586
521.023
867.989
502.501
290.442
395.238
298.729
286.945
262.553
400.942
744.042
493.496
235.636
298.603
266.813
226.415
203.676
369.827
1101.59
784.816
348.85
229.837
198.995
435.267
426.968
332.373
738.048
794.902
531.326
430.55
441.147
508.775
365.028
382.518
512.462
695.751
638.261
514.399
409.599
465.393
451.24
381.07
475.438
548.725
478.398
487.392
458.165
605.865
406.992
284.731
272.233
403.172
719.188
647.062
424.469
834.805
457.79
417.314
428.859
481.361
667.553
819.305
528.795
659.138
593.184
516.351
384.785
690.959
1121.21
747.911
570.387
728.824
633.693
393.474
446.992
785.818
1129.13
805.886
666.616
511.092
286.843
261.922
404.88
411.576
628.985
573.983
308.231
643.146
883.812
424.706
204.887
302.742
443.557
556.644
893.417
496.244
562.11
256.465
250.512
280.998
338.678
456.784
599.845
562.149
663.234
423.568
404.375
278.416
256.527
503.868
679.51
752.511
741.433
586.658
514.391
266.494
413.339
693.818
790.19
400.409
601.906
539.334
395.742
277.926
302.219
370.516
585.273
339.146
567.254
598.396
348.728
299.766
276.444
334.929
524.287
331.732
624.3
878.927
560.707
460.688
248.454
291.896
575.069
361.902
471.966
685.007
586.276
384.016
323.289
363.892
432.175
264.286
264.441
705.464
841.636
517.509
303.875
257.209
239.101
225.55
274.789
449.328
665.603
372.913
392.249
238.773
257.563
172.836
149.398
419.282
618.799
571.702
282.052
173.733
142.336
243.134
179.617
391.983
893.682
837.804
397.949
251.7
189.714
278.396
291.095
539.398
645.643
921.46
634.061
300.119
270.783
368.838
353.428
417.868
367.138
728.704
754.515
413.925
319.511
431.264
413.435
411.299
320.382
669.407
909.602
503.79
381.855
593.103
387.898
298.437
345.603
450.225
598.391
592.933
445.575
806.94
500.555
256.636
391.279
441.547
692.488
808.135
578.762
520.612
578.225
408.887
335.065
580.029
1031.43
584.469
556.979
747.495
415.063
458.253
257.383
585.621
974.933
837.86
449.768
792.439
534.305
315.035
301.813
565.115
968.472
864.746
552.469
566.235
652.32
411.005
344.965
246.118
353.552
500.322
687.263
819.412
946.151
537.593
277.217
298.009
411.402
737.581
971.908
857.211
894.591
466.894
253.457
306.666
373.383
767.719
946.08
557.982
721.38
556.198
277.064
307.642
386.433
517.041
703.405
558.342
450.343
515.662
451.982
275.43
372.992
559.65
458.066
571.261
892.395
682.459
639.626
401.309
375.19
497.904
865.195
470.171
662.562
550.799
395.968
367.076
359.898
460.166
642.257
343.033
375.705
493.109
555.535
423.934
462.55
368.693
346.815
197.516
492.689
804.986
687.636
475.401
220.782
176.527
428.907
264.361
222.851
373.341
588.98
273.218
252.998
278.846
218.595
262.257
213.894
287.859
496.631
363.332
199.278
258.098
220.519
143.161
210.933
378.558
861.438
627.4
317.207
149.878
201.262
285.918
404.639
447.46
683.1
666.299
506.548
289.506
352.001
576.384
438.583
450.158
279.634
594.762
854.071
639.264
432.555
629.702
409.321
258.636
306.633
557.148
735.003
677.329
432.602
549.279
349.193
345.049
390.645
462.227
517.435
557.62
365.816
861.248
498.136
366.133
281.048
609.35
981.885
941.565
548.2
753.542
474.587
338.452
432.405
508.395
785.252
753.06
559.401
619.298
353.58
359.425
367.625
433.122
695.656
682.701
390.988
1057.89
510.931
261.184
334.985
517.396
943.374
1128.53
591.032
950.409
1004.01
385.499
209.8
217.131
565.802
864.851
1080.08
785.263
825.913
449.55
230.975
260.37
444.22
730.301
858.159
731.897
793.897
460.255
568.731
301.581
405.211
668.41
822.967
700.878
917.937
472.437
354.988
255.301
464.215
628.301
927.258
716.572
755.077
475.635
371.003
317.303
300.872
644.925
793.048
421.244
516.317
350.886
543.607
303.728
379.622
403.663
515.29
534.905
581.681
517.124
610.458
324.802
428.913
534.26
600.29
392.076
681.681
492.01
480.295
308.889
412.22
348.531
647.668
400.532
531.386
610.167
453.287
429.719
499.616
407.059
468.176
236.79
286.296
359.227
601.212
349.018
200.058
225.684
280.987
235.225
169.549
334.241
478.726
340.34
248.024
246.764
162.837
337.957
233.278
295.253
641.756
641.551
355.004
332.191
253.746
587.196
444.049
441.285
523.385
739.718
716.642
594.455
440.981
351.999
396.596
436.007
326.595
462.507
546.465
363.03
369.93
457.261
461.159
377.444
397.813
694.664
776.012
504.242
444.782
769.284
470.353
309.526
366.558
578.318
892.909
841.181
526.507
861.801
507.177
356.432
314.099
502.136
1016.96
936.164
522.717
749.285
514.113
385.991
319.402
587.535
998.81
826.718
539.295
617.493
450.039
293.222
316.528
390.868
592.205
635.917
446.659
837.776
517.6
267.307
287.803
374.797
887.416
906.038
574.358
1057.98
1129.69
512.704
356.904
305.364
524.649
954.355
1212
1027.45
1139.56
522.691
307.397
262.438
469.535
915.79
1208.37
661.74
583.801
418.39
302.043
261.48
404.707
638.5
622.549
926.091
846.047
440.371
267.558
224.563
363.487
858.494
901.355
966.707
603.401
289.684
415.257
301.911
311.188
913.446
699.343
651.62
850.672
485.659
288.869
219.144
394.184
593.984
855.962
653.75
774.849
460.649
224.241
255.758
388.882
585.478
795.436
478.187
641.782
514.871
301.039
245.291
393.17
469.661
621.924
371.476
567.342
492.452
340.199
521.138
702.352
397.782
524.02
399.682
379.012
354.413
327.456
358.192
332.474
402.145
382.516
344.214
232.416
405.741
680.922
342.52
185.437
331.246
258.039
222.421
187.429
386.715
927.024
880.488
379.844
230.593
175.969
326.22
350.184
367.373
605.134
698.122
600.563
338.193
317.579
577.834
464.351
373.358
457.219
719.344
897.857
615.857
492.145
831.06
523.298
292.493
343.928
606.018
977.086
901.525
553.243
829.15
392.331
248.728
303.429
461.357
833.368
883.312
437.938
716.738
390.904
470.533
344.596
546.916
853.306
778.83
384.595
830.478
515.614
471.365
357.546
587.257
956.276
898.446
536.148
1110.67
529.586
316.893
262.009
429.474
962.502
1170.96
576.263
1125.06
583.727
282.319
220.09
432.768
1043.94
1199
631.794
910.055
956.532
514.391
237.611
301.077
436.728
826.818
995.596
993.079
1096.81
510.936
257.102
340.042
502.658
887.283
1161.57
935.604
823.589
346.017
231.887
190.031
368.312
853.454
910.326
1074.92
811.475
369.54
229.406
179.054
368.136
994.631
913.111
979.359
771.15
322.716
356.848
258.467
399.677
914.102
861.935
534.973
602.638
454.022
359.312
411.962
318.223
500.149
624.724
582.337
735.707
463.883
346.49
260.036
380.726
534.125
750.831
586.857
657.254
428.213
351.447
194.954
310.584
540.266
685.324
406.259
508.905
474.571
350.922
224.057
248.475
376.546
515.983
485.796
432.18
419.414
389.108
438.595
574.965
524.224
401.865
259.628
261.156
497.432
616.994
459.313
255.649
277.733
231.272
188.58
203.268
348.501
571.614
831.529
477.357
204.247
180.755
450.815
534.123
580.789
458.1
501.625
476.753
440.918
532.828
693.032
339.41
264.493
316.894
533.553
815.323
750.539
377.99
650.314
433.472
293.123
330.902
360.054
612.664
680.694
471.491
800.197
473.933
237.586
202.605
356.226
658.437
817.226
534.063
829.342
444.611
388.806
440.236
435.056
716.667
861.212
482.016
853.158
542.192
289.092
234.567
468.46
977.856
928.22
582.374
979.627
514.159
360.212
242.001
518.12
1094.33
1063.17
534.598
864.343
564.751
320.596
178.217
369.087
892.887
934.291
594.594
1166.73
1041
475.779
272.307
250.896
451.614
1072.67
1116.63
1317.42
963.533
374.559
374.825
235.658
442.931
1223.7
1086.53
979.23
733.281
363.621
338.553
358.377
360.353
903.932
815.808
817.415
654.724
370.466
399.313
350.961
466.062
776.207
723.773
956.605
808.045
403.702
214.835
198.658
325.864
885.573
890.155
990.178
711.352
259
211.948
206.227
409.183
938.672
807.727
480.051
515.711
369.262
345.324
395.3
478.815
487.021
512.613
512.704
451.67
257.429
250.88
237.677
427.106
500.232
487.101
513.513
556.411
362.371
447.514
282.173
442.914
498.994
572.568
350.293
499.544
485.621
581.592
377.939
324.648
321.468
477.086
435.536
321.915
342.589
504.547
410.745
476.133
455.285
330.803
329.783
395.36
474.212
851.984
547.12
291.311
319.62
393.481
579.094
288.383
277.204
263.572
501.967
672.632
612.856
318.499
621.092
313.502
213.195
200.028
406.897
678.075
663.526
351.378
756.428
408.511
267.012
203.608
506.303
828.504
823.608
453.243
808.053
413.335
261.657
180.646
350.028
789.951
870.115
446.409
721.62
542.883
301.625
275.462
630.569
1008.28
793.867
586.933
1040.31
520.432
371.734
295.796
495.217
1025.74
1137.41
579.202
992.152
736.42
331.144
186.355
333.702
981.707
1069.96
818.66
1051.29
537.933
386.485
227.744
455.447
964.57
1136.65
593.907
1184.29
933.091
462.448
325.641
278.583
429.302
1102.85
1035.46
1246.97
893.08
317.104
182.333
191.837
411.005
1162.37
1010.78
1171.82
751.712
329.049
295.776
205.584
350.92
1110.95
861.022
1019.49
805.735
292.362
330.629
189.649
371.465
949.507
907.037
763.441
654.211
331.464
398.536
231.448
296.229
700.758
711.378
807.859
753.847
414.553
347.648
247.627
294.955
735.937
810.5
869.73
650.513
327.443
426.197
269.645
296.557
808.742
732.008
478.062
607.556
475.434
354.488
309.898
267.386
446.941
607.625
619.18
375.278
255.945
342.049
218.224
324.171
618.492
418.719
348.693
284.668
329.733
300.593
383.972
361.708
367.648
293.767
326.906
326.921
239.792
392.018
403.226
396.884
332.609
329.319
353.948
314.008
289.827
394.094
387.541
385.701
363.946
313.247
583.7
407.199
318.852
425.269
422.434
498.906
594.674
432.83
775.395
452.936
295.008
392.66
442.823
760.699
828.693
516.036
844.734
404.812
215.038
212.32
283.759
609.968
876.241
480.876
916.995
465.631
215.566
229.534
325.389
796.343
959.442
516.046
690.517
330.047
304.865
357.998
455.996
766.229
751.612
350.959
884.757
449.386
228.592
250.164
345.642
801.333
934.389
499.423
1195.69
483.46
238.887
121.181
384.366
1018.1
1263.45
552.135
1126.93
575.911
254.748
160.899
414.556
1119.22
1232.35
640.104
1019.62
773.006
335.005
328.714
329.07
485.877
950.076
880.188
1253.75
924.115
447.129
238.252
277.505
363.87
1163.01
1034.45
951.228
647.005
317.256
413.256
267.845
459.546
915.924
737.996
997.577
722.591
347.745
217.157
235.118
391.898
940.011
818.125
1136.71
720.075
257.002
157.387
143.919
406.597
1088.02
838.604
603.232
411.947
291.045
437.455
315.764
337.365
595.766
462.172
944.116
547.446
240.184
283.666
207.538
298.81
900.165
649.809
740.594
698.311
270.816
223.268
205.58
368.673
668.508
771.613
423.741
410.65
265.127
275.487
224.095
171.343
391.484
433.797
328.175
343.019
323.091
323.653
205.888
323.771
318.155
351.104
541.371
356.112
316.253
244.402
229.072
280.657
535.581
395.021
408.397
358.37
294.827
499.904
512.268
396.708
406.712
357.003
486.094
384.964
404.197
410.265
457.27
607.734
516.928
389.162
641.175
367.985
201.153
264.495
270.192
564.148
670.286
414.985
807.829
393.134
235.212
394.936
334.058
627.136
843.476
467.285
846.411
439.64
204.31
198.351
263.603
577.461
871.422
497.064
1184.2
436.492
207.693
232.896
248.499
620.998
1196.37
573.703
1275.11
445.727
233.557
307.464
333.512
824.525
1323.55
575.166
1091.26
570.31
292.03
260.293
306.175
823.436
1144.96
649.981
1035.24
562.558
286.764
239.812
364.379
1027.13
1122.93
613.589
1197.94
981.904
264.777
191.337
151.132
457.401
1097.24
1111.33
983.25
718.911
241.622
205.158
181.816
381.789
920.039
822.183
1191.02
827.394
312.256
242.221
254.586
412.11
1121.28
948.33
1021.07
678.148
278.019
248.213
160.809
360.859
968.518
785.351
798.148
648.903
309.875
263.03
228.432
316.421
740.821
720.524
1058.18
501.113
191.734
202.37
237.669
365.708
1026.51
630.561
699.339
489.532
206.041
314.065
257.242
258.433
659.92
560.804
684.625
499.006
392.549
359.353
218.868
325.449
659.94
546.116
661.362
456.362
307.227
331.646
345.494
303.774
638.758
515.935
750.321
431.102
177.052
256.5
168.108
321.528
730.066
511.577
551.059
363.011
181.497
239.661
205.926
292.708
533.689
414.574
423.204
283.809
280.637
302.894
202.954
239.699
414.774
311.065
569.349
472.3
314.696
428.583
440.565
645.417
610.119
481.415
755.33
407.166
214.817
159.862
285.734
522.057
770.956
472.515
792.945
392.194
153.107
132.992
273.844
577.761
815.828
457.493
907.897
446.32
171.054
257.186
257.392
556.866
921.396
542.894
1155.66
444.771
205.043
269.1
296.2
649.703
1177.81
565.71
1107.51
489.201
262.882
238.564
396.107
916.606
1159.51
565.449
1157.87
493.72
256.261
129.828
278.29
827.723
1205.18
593.005
1291.41
560.549
236.133
177.198
363.123
1027.69
1374.1
664.276
1575.46
937.039
298.939
196.159
200.492
460.335
1493.68
1115.74
1317.02
683.449
369.926
340.446
215.595
417.481
1262.18
842.732
1096.82
753.83
262.641
152.86
118.24
328.733
1024.71
869.227
1073.76
815.982
357.645
204.213
177.362
387.145
1008.59
917.026
726.418
622.324
339.13
344.523
273.972
262.83
658.02
687.108
432.596
371.99
390.775
419.011
379.838
341.087
440.65
364.135
842.66
473.814
288.497
327.215
266.882
340.684
820.575
556.233
813.997
482.087
273.839
174.005
176.009
349.043
791.364
563.003
419.181
301.349
287.39
335.627
300.702
222.636
404.6
333.752
481.454
257.961
192.021
216.712
181.499
258.206
478.817
301.72
623.743
300.058
200.945
289.845
197.387
291.87
612.545
370.506
455.589
342.746
319.355
359.21
421.248
452.746
460.185
339.93
403.821
296.821
310.491
468.891
472.821
373.479
395.421
314.633
660.708
302.747
200.7
286.537
348.807
494.975
682.515
358.656
767.882
339.823
202.03
333.127
288.702
550.712
805.838
397.918
818.747
360.79
233.188
312.89
281.971
567.613
849.615
442.758
794.146
444.08
224.986
218.126
425.968
749.485
843.352
478.661
1266.9
527.608
260.003
212.507
275.39
714.682
1288.56
644.952
1090.62
524.14
354.473
281.965
373.31
886.023
1133.01
589.986
1034.81
536.871
208.452
244.316
452.762
969.117
1119.73
601.815
1283.4
1020.51
316.369
294.095
215.447
500.072
1192.47
1151.84
995.509
638.667
256.845
204.592
278.991
405.486
935.121
750.774
1036.41
668.61
350.492
286.664
179.276
412.083
996.481
773.444
1148.26
629.427
264.932
353.76
259.22
396.706
1098.53
764.846
795.181
648.985
349.371
173.316
166.871
303.215
735.648
710.47
708.564
453.893
337.041
330.29
210.946
312.529
684.542
524.51
736.786
496.256
285.76
305.54
207.13
289.298
703.381
564.299
718.083
389.427
240.992
215.786
155.189
242.459
693.206
464.08
508.227
347.012
433.623
518.21
316.436
278.071
492.744
376.633
358.303
323.02
241.972
349.713
229.683
166.736
333.264
343.979
388.138
347.484
251.789
278.233
250.842
303.278
383.568
357.456
243.444
195.373
299.43
434.75
399.515
311.472
255.209
193.606
295.885
244.337
254.461
359.622
404.259
401.141
315.278
253.598
835.791
381.07
178.262
208.871
180.763
396.988
832.232
470.403
824.915
451.206
206.332
231.148
314.118
519.951
837.884
520.334
852.636
363.468
174.642
170.52
236.316
511.736
861.252
451.265
643.256
333.246
203.929
264.122
270.567
522.147
671.85
378.856
1144.3
521.673
182.317
174.303
200.189
705.573
1183.49
626.55
1258
532.401
316.256
211.157
251.093
718.895
1277.01
641.713
1257.99
533.501
201.542
188.861
368.217
1013.69
1341.44
633.942
1600.61
763.258
286.04
267.951
242.432
508.248
1548.93
960.874
1313.26
863.474
322.437
263.109
161.637
412.934
1231.24
999.385
1013.31
618.165
197.028
218.978
213.626
380.063
976.678
725.1
721.202
590.84
384.447
333.246
197.672
299.108
678.735
640.901
1109.38
546.406
218.523
214.96
149.469
372.873
1079.07
677.575
884.412
472.594
210.813
166.551
181.772
278.551
855.207
568.147
739.694
469.368
200.872
229.16
219.674
349.716
715.159
546.726
689.252
352.774
177.406
281.342
220.416
372.326
690.768
418.601
1070.95
423.906
214.11
240.478
292.024
663.886
1104.27
529.405
542.184
263.134
225.243
351.956
240.237
272.035
536.33
323.952
416.252
265.631
317.898
334.861
229.506
287.134
412.179
286.847
568.301
320.471
224.693
189.116
264.976
543.358
590.552
347.758
777.505
353.63
210.276
311.412
249.219
468.449
788.878
435.595
741.447
467.063
216.108
267.393
320.09
380.869
718.559
545.685
694.803
544.366
326.117
609.154
339.565
359.937
644.205
618.284
804.529
353.002
191.052
330.632
255.653
541.701
836.104
423.478
807.4
330.484
139.226
242.951
313.432
599.361
831.458
403.19
1210.66
563.958
203.204
227.348
286.03
696.905
1226.76
691.737
1150.42
503.649
172.626
163.435
309.331
735.947
1179.8
625.057
976.97
529.143
272.955
175.169
329.636
782.889
1024.19
571.188
1139.86
941.765
375.657
310.895
332.695
444.889
1050.78
1051.46
963.855
755.334
285.834
259.813
183.136
444.657
902.148
851.57
1028.37
598.721
270.437
314.071
200.351
402.406
995.435
701.431
832.473
533.233
254.558
333.675
220.465
339.536
800.84
619.134
886.06
559.469
305.622
290.198
229.31
482.038
871.837
639.65
919.706
408.682
200.792
239.529
214.869
447.271
917.185
505.428
824.084
534.104
169.371
207.07
188.654
382.925
786.351
624.077
563.777
280.896
155.797
145.938
119.439
264.57
557.676
333.444
965.443
520.935
268.957
202.583
168.724
330.56
934.579
624.221
352.49
257.196
297.977
263.199
219.25
268.042
343.883
273.148
619.473
369.814
208.618
309.891
279.626
361.73
611.729
432.816
822.18
411.421
185.142
233.35
232.254
569.381
856.051
468.505
303.409
182.74
249.377
392.485
342.813
392.61
322.39
198.122
519.225
371.767
325.268
276.301
314.489
326.806
497.193
411.269
983.658
426.63
213.27
216.006
242.303
416.239
979.839
540.588
1127.09
470.502
210.787
130.583
177.095
599.479
1145.23
578.267
905.519
400.743
182.257
224.992
263.54
627.408
944.694
479.256
1108.97
540.864
205.426
179.684
229.107
703.156
1147.26
625.56
1026.22
546.797
203.002
144.12
252.631
678.579
1049.91
638.538
1031.67
463.761
171.717
245.3
329.589
602.724
1039.91
574.981
1323.79
922.871
342.826
184.352
202.135
464.617
1244.4
1047.83
1486.85
893.794
270.367
169.489
140.262
457.4
1415.02
1057.38
1093.52
873.38
309.441
175.746
169.356
402.084
1016.79
979.57
767.964
663.742
334.411
302.988
227.481
324.711
719.473
711.709
1042.83
594.128
185.582
107.232
147.145
511.456
1028.85
705.065
774.021
390.165
191.134
124.629
174.032
424.033
771.08
461.303
529.416
256.219
161.917
195.452
122.337
293.352
541.033
293.818
721.514
287.488
116.921
178.471
174.29
306.698
724.98
367.425
707.165
385.013
247.468
216.335
211.015
433.631
722.306
445.854
284.696
244.711
194.514
215.541
220.008
233.857
276.876
256.825
604.477
466.468
226.508
272.227
407.342
683.468
648.697
479.581
614.652
384.63
300.505
258.962
511.41
617.175
614.138
414.246
462.177
336.529
385.182
475.318
609.909
482.553
444.77
373.807
776.319
456.009
193.865
204.504
162.094
364.073
760.057
537.284
668.243
381.824
183.13
195.789
163.23
270.398
645.95
450.722
879.576
412.033
143.009
169.026
256.391
597.979
907.197
498.814
978.78
468.23
174.057
223.264
179.655
424.164
968.54
573.165
1115.45
499.695
198.012
108.226
251.596
701.385
1146.29
609.138
1058.98
583.61
192.212
209.857
264.567
548.625
1046.92
698.323
1213.51
584.768
187.07
185.007
281.039
777.511
1240.21
711.686
1207.89
889.087
359.433
235.54
220.543
450.288
1135.15
1003.03
1172.69
889.814
287.843
141.04
128.441
437.458
1098.14
1007.74
1133.14
645.164
215.184
120.185
144.197
366.835
1087.07
767.812
1162.45
764.789
308.312
303.956
206.32
443.009
1106.44
882.75
918.044
401.101
102.221
130.11
120.708
382.35
909.431
506.235
1005.89
454.2
145.567
181.168
124.88
361.851
977.2
583.557
755.109
417.315
240.47
154.806
189.315
408.983
755.536
487.384
611.398
275.79
191.561
242.755
222.413
272.324
605.811
338.009
669.902
341.056
271.253
281.18
288.599
451.951
669.198
396.899
639
342.095
204.977
254.492
270.295
416.183
643.492
404.357
442.551
340.715
190.48
168.547
250.831
483.334
472.752
355.602
571.637
444.038
213.405
218.668
406.032
658.795
608.501
487.067
582.356
298.844
261.722
413.806
384.927
507.733
610.518
331.949
502.505
391.804
255.921
375.938
311.826
233.153
483.116
422.655
687.292
405.75
265.572
410.681
334.685
349.82
664.59
479.539
739.975
479.892
177.998
188.577
139.678
369.674
719.694
551.987
566.174
317.243
207.388
207.441
229.587
432.599
590.693
346.047
1188.14
592.229
200.912
207.319
249.524
682.973
1202.56
714.307
975.326
432.16
200.342
180.756
287.188
735.025
1013.83
515.654
922.076
405.263
213.371
250.876
326.218
723.872
953.185
485.727
972.389
943.868
452.811
322.206
314.164
402.604
879.937
1024.2
979.651
930.98
445.524
153.111
175.849
462.932
908.048
985.093
824.779
573.039
220.394
199.204
229.763
442.502
798.67
646.231
1123.68
613.124
176.787
158.724
168.818
402.022
1081.68
740.318
909.685
416.559
183.063
237.811
179.209
356.75
894.837
521.65
727.128
381.05
121.489
111.26
145.759
378.614
726.217
454.225
859.446
383.097
148.459
218.323
215.246
488.674
867.247
478.537
830.219
433.974
231.425
245.116
299.848
492.303
837.613
516.221
621.056
256.164
199.845
247.066
319.109
480.425
644.634
305.697
627.4
460.242
211.99
226.116
325.216
531.654
633.93
494.104
667.337
289.415
160.923
187.328
275.817
522.065
693.193
345.127
534.954
444.548
223.816
322.066
359.513
650.263
582.782
451.735
388.042
377
248.351
400.54
412.128
323.691
372.626
404.337
652.586
600.231
355.19
292.569
257.692
309.551
600.383
639.661
628.578
435.742
300.907
173.176
380.055
485.872
624.138
466.413
713.877
448.774
188.991
248.24
216.316
375.61
704.498
512.024
748.098
411.928
204.518
238.54
255.934
312.858
722.232
491.609
1386.08
560.697
178.787
122.338
227.411
678.633
1385.74
722.504
1172.08
545.216
215.223
179.386
351.128
864.966
1225.93
643.122
1023.92
466.488
289.832
222.303
271.17
588.336
1057.24
563.456
1065.58
885.024
479.184
317.9
204.885
397.078
992.264
973.966
1071.91
844.804
388.122
244.471
252.109
385.842
1004.35
930.008
1272.67
593.914
178.263
203.678
167.633
589.572
1267.72
732.987
800.04
465.461
425.178
465.643
391.973
442.331
796.153
505.105
1335.61
574.953
153.28
155.291
130.289
475.611
1311.01
744.883
553.017
297.636
160.321
122.046
168.547
356.122
559.946
341.165
779.456
334.225
146.83
164.185
215.607
415.226
785.374
423.179
536.681
277.659
212.396
200.008
261.581
435.157
551.725
324.031
734.895
379.931
220.816
294.018
228.811
513.233
767.353
446.436
613.489
267.003
169.904
175.821
270.784
575.551
652.766
313.846
456.749
213.72
221.618
359.683
298.831
387.694
478.746
253.934
330.499
275.154
347.814
468.154
300.202
301.504
328.906
285.763
439.103
254.216
215.057
214.409
330.61
478.983
459.35
275.821
371.742
305.535
294.762
344.529
269.458
223.981
371.597
310.658
729.034
563.793
297.478
179.774
216.231
285.041
692.912
616.867
637.256
652.267
358.155
277.29
280.671
365.131
580.573
683.258
942.669
533.554
181.202
227.726
242.376
475.281
917.03
629.389
953.257
424.451
226.782
203.258
168.566
520.189
969.921
505.485
958.497
461.415
195.536
168.822
226.318
735.383
1024.44
521.611
994.31
443.685
277.82
237.558
302.038
728.154
1055.2
517.382
1136.34
934.492
384.416
325.324
237.055
394.846
1045.82
1037.56
1100.02
887.128
347.061
171.591
170.478
346.907
1013.81
994.282
1055.96
643.936
191.567
169.233
202.435
457.821
1020.02
758.053
1022.02
539.068
205.446
128.127
170.183
448.841
1001.85
642.955
1143.06
484.179
161.164
185.708
125.602
445.615
1130.05
626.713
985.241
427.908
161.754
111.326
120.104
379.86
971.385
545.033
855.133
387.523
159.22
146.052
234.745
560.842
877.865
473.201
695.512
282.98
136.741
142.878
274.516
556.335
731.86
348.479
658.979
388.436
182.753
162.086
258.02
490.903
659.063
437.69
545.528
333.393
171.65
163.056
312.564
533.132
574.471
374.67
418.189
202.199
284.501
424.735
323.42
419.822
452.849
231.796
559.358
327.258
293.505
481.63
416.258
427.698
571.233
371.466
340.695
361.374
345.598
299.008
229.65
252.909
317.117
359.822
540.858
456.367
366.37
345.888
257.245
253.96
509.842
492.514
458.429
477.057
385.421
437.047
334.492
213.262
415.604
492.22
932.544
635.922
241.3
241.032
276.555
361.68
878.143
732.612
689.932
608.827
329.496
243.054
182.568
257.414
639.02
654.79
1064.59
488.444
153.069
156.607
201.89
565.338
1074.86
602.795
664.092
444.644
232.059
266.145
228.954
423.638
680.229
478.789
1155.75
507.546
255.044
254.015
298.137
816.952
1204.11
613.603
