601.269
773.662
615.967
283.255
348.724
403.612
548.559
764.594
751.83
716.54
547.955
381.411
330.952
316.124
706.019
739.501
502.457
852.789
799.653
391.013
337.969
387.992
450.257
801.777
575.881
642.559
589.869
323.964
288.547
297.678
561.056
627.197
557.205
790.916
547.082
306.933
222.771
411.731
503.443
785.931
533.807
803.257
794.416
464.641
365.643
332.623
484.306
775.457
271.841
777.718
881.771
476.477
402.77
484.176
231.16
678.496
416.422
653.196
710.427
556.221
375.579
450.258
393.325
599.006
288.939
531.327
915.967
910.836
471.362
363.594
280.99
463.075
297.261
406.611
682.044
879.836
452.033
267.421
285.259
371.536
316.244
336.368
635.264
933.861
415.093
274.741
327.403
330.869
240.498
310.488
528.318
812.316
453.724
226.459
232.739
296.568
204.686
189.379
419.814
768.286
532.566
245.658
208.158
182.241
279.504
285.674
381.604
860.935
652.338
306.463
294.026
276.564
282.078
179.451
387.999
806.96
660.588
382.333
293.559
187.8
323.636
237.118
419.158
1183.2
699.989
379.694
350.004
247.587
253.317
260.391
357.984
569.609
637.421
349.963
257.726
258.676
475.695
346.39
345.835
463.05
605.718
661.784
507.425
372.821
569.987
429.764
316.187
444.182
768.962
728.097
571.061
470.699
491.606
316.669
340.837
426.68
591.81
540.131
493.697
334.789
724.667
883.834
486.071
295.248
281.161
467.223
650.947
905.221
790.131
865.934
519.089
224.691
296.689
423.576
716.639
887.741
568.745
845.156
555.486
425.428
352.114
488.868
529.913
832.184
669.564
903.667
642.867
323.62
244.312
488.657
604.6
904.35
351.538
614.813
589.525
283.699
308.365
308.388
326.201
567.247
662.435
771.755
559.575
301.559
318.864
348.102
604.039
791.025
432.963
681.169
793.277
430.201
352.831
510.272
407.832
608.014
361.265
626.497
693.323
482.39
372.383
341.664
346.145
582.04
355.361
473.997
772.167
776.192
566.426
464.172
369.584
422.803
142.417
348.44
794.896
908.598
499.391
257.303
142.989
284.773
328.921
301.405
687.237
1124.63
655.74
384.845
312.465
307.569
299.125
318.292
528.169
902.615
441.469
295.924
303.322
316.283
345.703
267.416
430.818
985.369
637.551
323.764
347.041
279.935
373.863
220.923
452.74
1193.05
739.201
313.346
391.348
235.438
416.694
339.562
331.247
995.666
711.15
404.237
429.648
346.097
362.343
270.453
516.26
595.279
661.92
447.551
391.986
269.93
410.661
247.45
421.504
491.47
674.321
458.411
409.297
269.145
513.31
397.65
412.912
508.084
732.555
708.348
548.743
417.532
273.632
160.39
236.852
589.251
605.746
424.986
293.964
179.353
751.056
442.64
354.062
405.156
750.278
981.517
823.583
482.872
792.896
891.007
569.036
326.474
275.292
479.351
731.008
915.595
836.811
851.232
533.255
254.895
284.741
394.366
764.938
885.99
727.439
852.292
585.655
306.603
281.422
352.642
653.415
868.31
582.622
779.535
661.177
407.017
298.069
328.061
524.707
765.978
333.47
484.038
503.25
332.772
362.194
282.561
302.73
457.329
448.656
848.176
832.948
353.088
446.582
545.923
390.606
772.349
389.446
717.537
767.852
398.18
404.052
471.539
375.773
648.469
360.94
502.951
653.834
373.641
301.281
284.91
350.09
453.283
260.672
386.623
792.079
624.974
453.446
331.679
256.3
321.745
205.671
244.252
649.706
746.581
434.367
232.897
201.616
220.997
256.891
168.754
503.642
849.371
477.9
176.751
252.949
178.704
479.86
379.878
366.777
592.886
354.435
360.487
498.613
391.902
313.723
296.233
309.375
653.801
384.693
269.561
326.392
292.541
289.427
278.875
412.456
1044.48
614.184
256.314
282.711
271.625
206.588
250.248
334.631
784.553
761.849
313.694
215.1
241.509
345.378
259.757
301.065
558.26
599.753
402.48
354.312
249.925
505.509
320.881
454.449
539.755
867.249
667.549
530.407
329.368
522.873
288.78
425.826
322.973
651.33
486.662
518.795
323.111
719.357
317.016
195.775
169.995
304.089
447.982
731.291
378.063
604.829
324.2
299.601
450.872
608.048
652.17
638.809
349.494
784.17
919.424
570.297
320.911
298.419
412.772
705.957
941.281
826.057
953.85
628.191
257.258
290.465
384.922
741.797
981.924
535.22
735.216
652.14
422.672
434.379
332.509
478.187
725.135
581.046
719.829
587.635
360.459
278.502
318.124
529.744
717.586
607.453
849.046
535.053
274.092
224.188
402.631
548.979
839.76
303.106
685.674
826.046
473.655
380.042
443.985
265.245
600.805
488.785
465.378
680.321
670.455
279.236
412.056
505.861
440.381
469.185
460.56
537.141
347.858
278.975
278.471
437.042
458.835
317.032
398.141
779.082
713.995
413.332
242.507
317.612
349.694
283.435
357.493
479.809
507.92
458.161
387.093
294.012
353.324
207.911
219.602
567.183
937.089
453.417
169.645
203.441
200.603
217.136
205.337
329.967
534.916
427.286
260.073
207.885
212.602
110.507
159.316
357.98
883.868
560.189
178.34
105.336
151.259
185.417
206.612
370.133
779.342
623.82
183.78
177.35
199.541
295.965
278.61
318.646
887.951
693.907
312.395
306.735
267.636
530.553
309.608
453.025
648.71
591.851
368.698
530.251
340.083
572.979
390.929
299.071
471.702
690.533
856.901
641.507
404.324
352.367
394.221
427.787
420.265
779.85
746.809
371.004
372.613
565.728
439.764
259.429
218.969
401.354
620.793
582.325
463.541
516.483
425.789
480.04
492.899
737.761
792.591
564.134
446.758
949.829
978.956
556.554
225.066
222.358
414.422
859.062
1038.33
864.417
1044.88
560.528
244.794
322.111
442.485
766.518
1070.28
677.311
758.194
565.229
231.046
341.169
413.358
624.913
755.974
576.056
946.741
784.021
410.91
388.552
481.87
525.68
908.58
536.635
866.869
509.634
142.543
270.956
445.771
494.01
841.836
540.615
603.284
401.267
360.754
334.082
294.377
485.158
617.698
527.866
470.822
394.811
518.325
388.855
396.189
529.169
511.246
331.944
469.489
414.517
366.408
249.513
209.278
300.37
462.26
368.573
602.698
825.908
593.945
431.098
263.997
328.424
554.731
300.739
240.464
253.149
518.192
262.194
227.842
310.055
251.595
207.457
294.175
564.916
723.575
398.672
238.167
202.095
259.51
166.003
195.951
473.203
840.967
405.016
194.976
172.219
170.093
398.045
214.48
437.115
748.384
444.415
248.457
394.73
238.456
133.1
132.94
359.555
973.31
602.426
179.924
137.529
129.224
266.899
220.621
421.528
712.488
584.042
275.764
270.89
218.645
207.669
214.573
346.362
427.963
497.535
312.701
211.52
184.371
233.947
265.253
387.675
396.301
780.386
616.265
252.271
252.784
425.894
341.99
357.511
294.421
453.565
451.9
425.505
370.525
526.825
385.589
200.813
191.647
377.693
651.576
538.548
433.216
524.886
481.154
431.078
509.759
635.278
879.268
556.085
493.924
868.064
905.891
482.524
190.316
225.89
375.492
784.232
963.824
857.119
1096.61
593.249
260.775
264.297
579.281
775.278
1113.18
567.994
609.531
488.075
318.619
293.02
311.262
541.681
605.448
653.183
768.819
402.553
172.733
198.549
336.868
587.047
792.904
518.407
836.126
468.443
248.53
288.873
390.464
457.397
819.488
475.559
473.974
523.902
438.218
547.828
326.326
446.831
475.934
445.779
410.122
562.12
457.553
433.647
304.456
425.671
419.662
380.234
495.874
418.289
350.842
227.626
316.661
362.678
492.851
208.318
392.969
609.05
665.706
293.707
201.09
200.269
348.53
413.451
438.75
341.245
414.817
391.249
368.371
406.78
447.901
221.841
273.898
504.165
645.711
358.204
313.949
231.69
252.202
309.712
267.155
439.245
718.046
426.73
232.992
295.572
271.303
444.57
325.893
358.084
743.045
419.389
318.496
445.291
343.865
329.983
296.303
463.051
844.135
549.224
337.439
334.37
272.895
357.332
293.42
487.226
633.052
744.098
451.723
370.368
279.811
304.524
337.656
472.154
713.355
852.275
514.632
296.417
344.745
645.643
434.218
402.836
356.908
616.041
514.617
638.467
492.476
533.735
535.27
319.743
365.829
281.84
418.093
529.876
537.96
858.447
406.968
170.971
210.595
377.37
745.359
897.281
489.657
742.147
569.742
455.421
499.265
546.431
780.007
740.772
626.915
1087.01
1052.66
519.367
174.215
214.835
461.133
992.77
1119.76
1001.14
1119.85
641.342
316.151
311.773
458.338
896.697
1182.58
686.247
810.37
387.269
215.097
331.949
409.907
603.132
829.574
802.943
876.049
461.688
360.792
420.74
433.742
722.913
933.436
179.007
327.886
268.359
331.607
205.51
153.685
161.778
315.229
686.088
818.53
503.635
241.385
238.789
444.116
624.727
832.537
391.354
532.429
687.428
609.789
362.2
461.935
372.62
494.164
287.875
488.965
543.777
467.31
404.281
259.49
261.593
461.286
429.118
578.174
613.887
474.642
319.464
366.936
431.257
561.277
271.635
449.437
615.239
486.711
250.502
309.785
253.699
412.165
405.608
421.161
506.97
747.798
529.762
271.507
377.694
422.585
248.282
288.634
628.531
697.144
305.272
239.414
244.342
257.431
314.14
181.57
480.108
1091.14
541.018
288.275
338.466
190.858
172.926
193.481
324.168
771.233
607.318
268.208
166.586
194.622
315.69
279.69
377.484
681.99
755.626
390.044
322.248
288.308
405.416
361.71
267.156
443.644
694.417
642.071
403.665
378.831
367.275
264.531
310.464
327.616
560.764
658.688
410.951
259.438
540.594
470.022
295.686
310.27
563.943
941.927
613.381
477.894
592.269
372.395
222.902
159.475
239.696
492.082
591.764
418.848
624.527
483.549
366.582
347.609
421.768
698.312
637.58
513.163
957.624
1079.77
541.247
230.415
238.034
428.321
860.32
1111.78
897.031
969.534
458.796
220.101
205.208
509.063
812.378
1008.6
834.966
892.373
437.994
368.502
325.057
435.234
745.977
951.492
752.405
987.597
531.703
213.885
257.224
616.738
690.557
998.399
689.085
637.019
360.9
286.712
337.501
308.318
642.461
675.763
567.698
761.156
732.164
442.432
422.845
510.529
535.68
727.436
627.251
577.745
459.736
372.18
322.688
400.379
603.055
594.327
436.516
409.903
489.064
369.38
363.666
333.666
414.6
396.748
544.412
716.2
485.546
456.17
480.148
410.66
510.216
705.889
445.888
577.348
709.167
441.483
408.304
390.665
424.229
519.77
440.684
340.043
409.259
415.721
345.064
267.067
429.783
355.559
339.024
341.676
545.963
774.988
323.053
253.774
327.293
344.183
257.891
185.398
433.377
830.731
447.325
239.432
267.214
183.412
242.53
186.016
354.209
947.103
658.878
231.257
238.571
187.115
334.232
250.418
320.004
546.157
673.497
416.524
336.906
273.827
393.61
260.955
237.225
480.763
535.563
410.051
401.239
286.938
467.351
355.297
256.69
276.819
431.859
612.226
495.769
381.538
464.097
361.731
379.879
391.238
648.855
691.628
501.428
369.67
748.408
355.581
187.181
235.039
373.256
620.799
781.974
408.351
813.302
527.761
251.896
290.116
476.172
915.105
890.343
596.134
984.951
970.564
427.304
157.69
303.929
483.556
896.681
1042.08
890.25
946.734
366.903
173.728
214.635
497.165
800.371
1007.81
929.637
1134.92
580.243
192.379
281.875
545.771
826.619
1158.81
875.042
866.286
376.628
228.421
227.257
434.951
795.497
920.244
679.28
806.036
492.072
431.724
343.327
378.693
609.645
836.268
477.873
517.439
346.385
326.692
242.663
370.874
449.769
531.098
604.478
781.86
566.141
294.664
239.272
319.139
539.292
780.288
638.816
577.316
474.978
446.651
374.05
296.867
612.2
601.47
437.917
465.791
372.627
613.306
396.728
343.81
438.388
472.891
416.262
487.841
424.938
402.741
370.77
375.132
413.093
478.685
554.159
523.677
547.109
411.621
402.766
471.568
567.996
509.156
383.191
398.617
623.018
439.907
350.806
434.532
390.364
354.207
201.005
185.37
387.241
466.717
407.532
347.481
221.644
175.005
262.372
201.345
400.304
868.807
668.271
217.459
258.886
207.153
345.292
236.124
338.509
685.308
736.036
376.593
328.503
267.22
507.823
334.286
257.119
472.924
567.781
497.008
533.407
370.725
632.757
441.471
231.345
257.498
367.416
779.626
689.136
454.97
394.57
379.608
298.601
310.73
554.285
652.981
423.196
382.162
619.361
508.374
318.438
339.082
609.91
782.185
646.472
562.402
819.856
426.04
229.431
200.036
437.158
803.305
864.857
483.034
927.705
823.161
328.724
198.237
248.82
367.796
843.258
903.301
889.242
860.48
395.657
283.258
269.478
372.662
802.325
920.853
849.523
943.771
492.909
310.467
284.63
470.833
761.196
994.471
923.602
1067.5
613.269
284.852
250.207
521.934
837.763
1095.81
547.63
787.259
501.263
335.092
267.996
401.626
494.336
773.504
846.409
849.756
397.69
234.396
247.03
434.101
779.204
895.693
667.958
725.373
387.797
292.871
232.873
423
608.408
753.932
562.548
498.75
423.465
685.185
401.134
332.68
519.785
549.932
623.555
726.394
432.37
324.343
371.171
329.546
575.55
746.286
582.402
762.551
520.413
320.163
357.749
471.245
528.891
759.54
359.636
526.262
546.938
250.397
352.547
453.372
348.708
470.911
466.428
468.765
447.056
233.065
478.6
600.207
488.472
433.29
392.293
340.055
334.986
387.426
342.314
327.644
387.471
362.613
132.36
158.961
376.384
816.411
489.429
168.983
130.289
151.043
422.863
329.866
347.412
707.142
614.952
474.611
424.909
346.53
340.43
223.959
315.372
476.594
610.944
668.413
376.721
216.47
640.672
329.501
340.304
341.562
378.976
496.664
667.894
353.767
578.629
339.085
323.727
315.385
538.795
719.195
617.575
359.237
890.506
513.746
230.229
231.072
400.095
825.471
943.908
563.231
1079.13
470.77
216.097
261.899
425.511
858.115
1133.3
563.112
865.098
838.976
449.276
192.253
305.118
486.107
810.392
878.558
1023.67
992.121
439.308
173.477
209.047
423.475
923.338
1077.75
946.579
1014.31
426.749
229.63
245.439
417.5
840.398
1084.63
986.772
970.239
507.181
203.367
240.277
389.336
896.598
1027.13
789.525
788.612
356.496
399.899
238.793
554.532
742.296
861.248
827.425
760.685
394.516
214.556
199.242
360.609
755.804
824.121
860.666
833.313
469.561
258.605
284.789
488.212
810.994
869.833
801.891
712.99
530.369
348.597
173.315
314.132
746.933
758.127
629.077
456.321
293.318
280.752
328.968
400.867
614.159
501.49
540.994
533.492
421.704
359.653
235.778
384.402
509.956
539.997
418.704
436.82
373.208
588.881
446.8
414.897
400.731
445.095
466.729
340.78
431.571
373.611
319.981
375.332
465.363
336.537
681.358
282.661
355.729
467.068
443.356
490.187
709.568
336.012
379.78
230.639
328.147
732.646
449.226
251.281
381.435
243.751
363.558
236.173
246.075
348.684
446.004
352.922
375.018
256.076
371.005
277.809
285.101
415.415
573.146
587.322
406.673
288.177
589.499
402.39
188.74
195.154
373.709
754.122
650.833
414.578
765.948
363.267
126.13
137.242
229.172
632.926
820.779
425.967
536.83
421.964
246.683
205.9
281.767
572.399
562.905
443.855
766.66
361.727
213.388
247.517
291.275
603.051
805.285
412.052
998.65
981.661
412.62
268.995
230.407
431.526
899.543
1068.7
846.906
823.341
366.885
266.045
241.36
536.374
796.938
891.704
1011.98
901.213
525.528
309.54
298.464
345.071
936.452
959.394
1044.57
979.871
450.354
159.723
208.135
434.299
945.819
1069.06
870.883
821.218
308.584
278.127
194.811
464.332
794.334
908.604
753.415
592.675
276.638
279.772
200.33
358.683
710.656
662.06
755.233
554.932
334.647
335.568
204.295
303.521
719.645
614.252
861.969
714.499
277.974
284.809
211.365
377.985
799.886
796.916
672.507
788.161
556.072
292.032
364.493
424.351
608.394
801.889
496.386
366.861
222.07
257.444
203.737
258.189
483.436
399.611
319.465
316.211
371.163
342.072
388.556
410.03
338.723
301.236
491.609
446.472
244.296
289.702
364.043
457.039
497.61
470.008
513.63
497.324
422.966
411.083
487.536
427.23
491.348
531.304
239.758
260.15
417.349
546.462
362.243
279.632
235.342
259.717
426.412
280.353
343.451
470.659
587.791
416.385
425.46
294.025
705.033
385.154
306.832
390.77
472.681
501.742
711.9
452.224
650.29
322.386
293.031
289.619
456.921
691.879
693.19
355.894
801.28
463.177
228.227
236.362
485.245
807.045
856.124
514.209
690.813
393.049
278.55
267.911
387.449
541.14
698.019
446.743
826.43
476.127
320.082
301.859
538.935
886.611
884.01
507.558
876.751
790.843
290.445
202.246
221.514
519.038
797.591
877.615
1156.22
983.815
466.974
223.473
314.138
505.644
1077.28
1057.31
1122.73
936.192
386.959
185.839
212.508
448.759
1042.77
1034.12
993.365
775.075
296.804
351.799
219.885
410.899
921.749
877.544
929.362
837.243
284.924
205.525
218.898
454.323
854.017
929.232
804.047
606.733
328.014
376.647
271.839
311.697
752.387
673.282
679.803
528.534
332.761
472.161
301.633
357.592
645.493
582.872
687.747
526.423
242.923
207.657
172.571
292.233
650.517
579.596
520.19
312.191
234.233
344.265
294.181
418.541
540.186
339.637
545.891
544.316
389.651
280.4
263.61
280.995
518.392
562.161
470.96
382.032
301.664
273.844
256.719
219.519
447.429
407.08
531.061
386.067
369.733
331.445
266.835
293.226
507.07
433.768
389.614
299.806
280.413
412.911
557.377
588.8
430.793
307.916
205.797
254.389
398.406
496.601
324.331
268.175
202.414
236.05
414.122
278.783
193.396
373.719
565.176
589.738
459.204
291.167
550.081
309.528
265.278
182.679
417.938
654.582
605.71
337.858
732.869
388.695
201.333
379.081
342.702
567.175
762.962
453.098
859.096
328.113
152.529
162.776
280.827
645.545
904.072
412.452
832.633
348.387
217.245
259.475
337.082
608.371
877.82
421.24
725.584
493.072
288
177.951
401.77
787.939
788.23
548.155
949.746
694.246
298.683
251.44
235
351.546
868.457
801.874
1007.53
881.212
418.415
187.233
170.527
332.651
917.8
950.619
927.862
694.026
297.883
269.05
279.823
401.812
879.501
781.815
844.835
971.785
599.319
397.307
368.679
546.207
764.547
1006.39
835.915
695.518
320.205
203.029
237.937
416.896
783.521
768.193
876.456
726.327
337.839
248.377
175.747
405.539
817.961
801.864
861.447
702.195
317.189
262.76
215.689
361.785
808.685
768.952
728.036
498.848
293.274
322.642
198.417
317.408
700.987
565.501
351.666
298.694
362.702
418.511
241.192
231.693
355.099
298.635
504.996
411.448
266.196
372.046
307.306
321.838
479.204
444.456
516.371
369.1
210.396
207.667
235.331
285.04
500.497
409.365
338.199
222.12
206.241
271.664
266.693
248.424
335.978
251.1
359.509
362.228
286.633
406.653
251.262
365.181
362.45
375.806
457.085
393.26
435.532
454.587
545.934
347.101
433.024
408.404
565.368
330.82
412.976
368.479
430.857
454.068
572.396
362.464
609.238
409.706
367.088
376.154
347.562
450.137
606.68
445.681
827.852
403.599
255.98
348.001
317.911
671.334
878.865
464.753
906.441
446.559
210.933
132.629
331.642
757.518
949.389
495.602
917.668
406.9
167.346
204.309
214.726
635.876
959.283
495.298
970.562
449.665
174.17
131.915
266.237
722.741
1024.03
528.911
1010.91
849.679
316.275
117.775
139.378
317.982
915.031
942.722
869.626
627.283
298.851
139.419
177.222
413.988
843.748
689.801
1057.4
858.313
286.764
220.743
178.583
443.329
978.831
966.65
994.914
745.173
292.632
258.457
208.954
282.373
914.396
851.831
824.847
724.962
399.283
320.513
217.21
353.527
772.371
779.515
860.791
681.072
239.053
212.291
177.6
404.207
804.278
766.993
803.597
629.023
297.754
198.729
178.043
335.338
752.418
700.724
450.701
380.011
255.026
232.67
226.482
251.749
434.85
399.292
481.616
433.758
285.395
217.504
229.948
251.484
448.597
454.885
486.956
473.836
309.451
273.842
278.817
237.704
447.61
495.765
730.856
536.613
288.557
308.362
324.874
335.142
693.164
601.172
517.606
349.866
225.057
336.99
293.037
319.038
501.586
394.31
259.341
255.806
274.611
338.115
174.172
149.303
243.878
263.954
618.077
445.992
302.037
481.694
445.549
272.495
584.214
501.08
397.563
406.106
407.021
581.6
567.537
304.001
365.849
414.537
633.813
399.642
250.429
353.062
396.227
743.89
694.316
415.051
979.258
430.601
273.237
290.595
312.937
662.562
1016.28
508.892
931.485
378.608
153.858
120.876
207.559
617.83
967.374
459.997
615.963
494.359
239.669
246.798
309.784
634.825
651.498
507.406
993.955
377.192
139.354
157.561
345.854
777.623
1050.2
477.145
687.149
687.003
308.55
313.115
232.095
496.176
652.997
743.615
905.171
563.979
277.914
160.195
203.682
376.151
873.469
635.024
1292.76
715.493
272.247
246.497
221.813
441.475
1245.43
850.437
979.826
707.975
331.748
319.745
230.731
403.775
918.477
807.946
899.588
622.414
299.994
220.22
164.86
371.383
863.827
705.145
954.441
712.291
285.274
181.907
194.161
387.019
901.952
788.241
796.87
541.384
235.816
205.022
143.352
297.091
755.677
627.108
533.88
363.39
148.039
225.516
191.19
251.304
494.079
421.246
610.137
379.939
286.881
272.379
294.83
345.839
602.118
444.091
595.462
392.783
324.69
411.246
211.333
317.896
569.434
450.725
653.162
459.452
278.244
374.165
197.576
252.455
613.359
527.868
585.973
455.924
286.772
374.978
303.031
341.292
567.338
492.612
760.792
521.298
134.289
168.111
133.413
309.609
725.081
604.642
515.64
307.087
235.414
249.68
218.85
181.546
488.508
349.574
501.521
311.508
369.99
397.287
408.035
539.288
543.784
331.574
630.322
378.816
290.174
278.646
265.888
430.518
634.872
409.028
845.303
363.086
146.637
128.367
238.17
596.049
876.934
446.616
988.995
454.483
240.673
334.623
267.577
594.268
1004.12
558.955
1158.39
479.182
171.091
219.717
184.52
578.306
1164.56
609.967
1157.4
482
199.46
194.415
294.113
824.899
1203.92
584.813
1018.56
815.981
382.527
329.959
197.182
593.504
982.024
911.808
1193.47
664.665
235.606
189.569
194.825
347.357
1140.77
803.828
1076.63
848.88
286.207
224.626
164.87
396.399
1001.11
956.548
1112.44
699.934
277.651
199.744
185.677
401.932
1058.19
815.166
980.021
672.648
291.177
194.015
211.149
348.354
920.577
772.342
829.904
626.721
203.341
214.73
149.392
332.614
774.045
714.555
931.67
750.4
323.458
203.304
195.076
358.067
869.901
816.647
566.076
421.807
358.506
391.585
244.825
235.75
536.857
465.026
581.45
464.762
197.737
168.653
220.542
342.733
557.52
510.523
376.266
326.153
271.571
250.588
237.047
334.967
386.064
322.597
599.811
385.149
219.424
161.626
140.915
224.771
559.951
445.456
447.414
362.839
264.113
252.912
250.39
220.98
412.806
406.08
827.842
391.671
174.371
290.804
203.806
294.738
805.322
490.863
830.053
334.27
145.02
215.284
178.086
439.307
839.539
426.488
395.149
326.738
289.214
257.566
386.657
469.31
400.997
331.924
306.407
186.408
195.612
429.518
393.482
327.147
314.652
201.641
893.798
447.195
147.52
145.817
202.995
506.671
895.723
545.839
708.167
413.987
262.662
289.959
286.693
389.52
693.268
485.04
872.127
400.943
157.906
152.575
229.3
603.71
904.346
488.919
1101.95
437.613
207.826
283.149
332.224
491.01
1101.87
563.876
939.764
899.185
265.125
181.463
171.432
464.152
850.431
995.603
1206.46
848.334
242.374
129.866
150.73
477.036
1140.85
976.245
1206.41
904.526
345.828
137.248
194.048
439.222
1127.64
1002.61
720.853
603.063
356.454
313.114
254.13
242.727
665.714
657.869
822.462
553.195
223.15
236.611
205.161
433.184
792.575
631.28
581.222
576.145
350.331
383.86
251.932
342.199
536.344
604.938
830.121
599.902
300.625
165.66
149.284
376.394
794.514
672.903
616.031
408.733
253.395
296.933
169.681
253.471
582.71
475.356
791.656
454.617
172.357
161.4
188.863
297.639
755.281
542.313
563.204
298.459
155.509
140.455
118.699
223.011
544.566
356.26
340.866
240.228
230.536
399.612
329.916
317.225
343.807
267.528
630.491
374.695
402.464
521.006
399.07
299.068
615.312
420.583
618.202
369.763
182.423
271.155
192.251
244.906
603.822
427.286
739.905
371.662
221.757
233.353
240.56
399.412
730.357
438.473
554.427
361.307
340.002
470.363
361.804
556.278
598.536
384.335
349.834
254.835
261.326
300.129
230.041
246.567
344.377
265.446
1008.46
549.052
170.505
191.464
174.038
525.276
1006.4
654.631
674.461
303.923
146.303
242.572
218.973
430.97
688.114
376.363
630.412
346.08
200.506
208.764
200.832
322.709
625.009
411.448
661.259
355.13
178.673
240.46
255.124
447.42
677.089
405.605
1005.6
894.185
389.019
370.493
284.208
408.519
917.125
983.174
595.063
589.461
345.226
236.139
268.576
294.164
558.036
615.427
946.619
694.624
205.784
176.637
204.522
384.837
888.818
792.315
960.085
628.621
270.691
311.751
238.187
364.337
913.558
731.563
971.968
576.216
248.824
309.209
214.044
326.151
926.238
678.072
976.043
675.206
212.658
159.476
155.983
389.794
925.612
776.814
655.692
459.24
445.956
372.776
356
253.518
602.855
535.344
1086.83
569.057
141.531
141.539
121.733
325.106
1038.41
704.632
848.176
451.951
120.692
95.9489
105.988
405.023
839.825
544.036
680.55
330.076
107.402
206.95
193.656
244.967
662.233
411.965
513.246
343.914
251.624
203.239
148.717
292.28
518.328
369.096
457.64
308.304
204.451
206.592
241.304
318.87
451.734
326.245
523.801
266.41
216.33
369.623
196.294
216.626
512.108
317.604
651.926
353.954
223.17
190.544
199.408
416.416
653.375
410.911
540.68
291.232
367.563
357.477
439.674
455.022
553.669
328.438
611.376
398.803
196.919
288.205
207.275
337.286
602.825
451.59
871.176
511.589
237.542
215.336
244.172
489.654
872.656
586.169
785.041
435.109
238.978
402.822
307.148
397.511
783.38
510.85
781.466
362.74
118.942
133.766
190.238
464.669
790.643
446.931
1047.23
470.472
255.379
224.186
265.218
525.173
1053.8
580.662
1009.36
826.459
466.223
286.974
414.53
493.087
937.632
910.893
837.747
775.23
365.321
290.59
248.736
445.742
792.431
828.661
979.953
703.539
372.498
268.939
226.085
369.228
924.137
787.242
968.566
678.274
276.05
292.181
172.517
300.764
907.216
777.028
1006.34
602.902
179.165
180.597
134.201
465.618
985.74
708.757
937.287
539.445
179.697
184.633
135.858
288.232
895.239
643.571
634.435
501.826
305.961
425.798
407.566
267.548
581.812
565.06
785.079
396.746
234.988
243.15
208.788
365.583
780.002
464.162
904.331
565.805
168.103
155.822
176.131
399.986
874.076
660.268
704.717
457.227
197.819
268.267
234.341
325.393
673.016
534.759
682.613
396.286
162.232
256.596
171.173
316.616
666.312
470.366
575.957
237.339
174.627
364.53
266.227
247.675
568.941
299.364
478.302
252.96
248.255
371.373
296.89
377.587
497.407
283.037
660.485
304.896
167.298
178.152
263.302
490.554
683.362
366.286
272.78
253.605
229.408
353.126
284.809
267.191
281.84
251.907
483.063
356.525
334.109
326.197
267.607
390.191
479.586
366.672
589.982
311.588
137.761
174.462
149.403
291.329
581.745
365.454
752.078
381.215
246.68
254.703
252.906
324.786
730.393
458.563
812.771
390.817
116.17
121.068
236.921
524.228
820.951
476.468
1012.56
476.253
148.614
98.4077
200.244
547.361
1010.69
593.681
