267.721
306.468
329.455
378.488
224.446
199.105
255.031
300.401
242.357
378.725
477.669
467.045
254.734
146.157
223.843
360.628
299.901
353.057
503.715
445.934
205.8
246.046
293.463
322.225
483.182
322.355
374.34
405.598
326.807
311.64
488.422
328.089
108.922
201.438
317.593
358.879
207.446
108.289
100.451
180.383
227.737
272.967
490.854
480.165
266.665
220.251
232.729
244.505
185.145
201.017
433.829
624.006
353.033
150.823
184.949
186.529
149.019
204.016
492.005
532.893
313.568
207.689
155.616
174.698
332.14
196.926
474.852
862.745
454.223
299.008
348.176
198.503
236.562
215.736
477.987
826.286
477.648
150.284
224.425
217.439
271.283
237.543
555.284
877.286
400.755
181.544
261.418
227.434
236.426
248.61
309.052
742.016
549.245
278.626
222.333
249.5
246.318
197.957
345.63
762.614
577.669
195.481
235.755
208.507
296.658
237.791
328.926
613.25
755.872
404.004
297.016
251.463
350.915
285.735
544.251
563.638
792.822
477.201
361.13
263.953
350.658
338.791
353.794
412.461
616.079
651.136
393.145
302.497
445.994
443.524
482.419
497.04
665.415
672.843
482.016
454.069
267.776
298.283
254.684
228.947
473.864
555.224
291.555
291.112
645.41
310.263
248.55
325.74
314.426
560.733
672.958
358.237
610.975
465.522
489.913
372.826
485.418
772.39
655.915
452.423
267.398
470.655
529.011
377.88
342.186
415.27
269.01
416.643
264.032
444.504
420.11
306.134
258.474
266.227
246.886
419.136
252.61
366.126
407.003
239.18
238.359
236.199
257.678
332.85
334.07
423.389
517.386
498.941
242.848
259.337
313.263
417.54
305.387
338.543
280.045
298.141
250.866
322.103
309.847
343.458
330.522
400.418
309.613
206.958
125.056
191.634
309.647
398.407
241.698
253.428
403.981
566.604
367.807
286.466
247.733
254.642
220.289
220.298
496.978
808.752
369.21
163.447
222.989
205.19
271.673
249.952
275.952
517.283
255.211
143.444
255.855
263.282
231.077
271.506
417.993
620.989
411.781
301.383
228.463
272.188
140.742
158.37
376.939
627.132
365.511
202.699
143.194
151.675
321.799
215.738
306.001
585.605
417.26
172.206
310.621
241.28
370.211
249.768
338.376
759.317
534.516
283.895
369.218
275.874
255.972
230.078
252.975
607.261
550.651
349.975
268.693
231.35
347.908
332.021
421.876
518.958
679.392
454.07
338.963
316.702
472.024
425.771
277.651
257.45
563.238
737.088
507.394
448.184
290.954
277.691
472.026
470.475
513.053
398.182
306.029
271.594
334.663
373.825
310.512
294.817
345.348
421.434
336.196
383.551
469.465
380.043
409.434
223.776
450.868
666.935
511.297
345.536
487.397
373.278
416.565
296.695
369.388
470.801
490.777
372.481
304.139
400.855
289.565
238.513
193.983
309.708
299.115
398.384
323.786
503.495
480.872
268.357
231.462
297.864
301.299
477.352
356.074
353.535
318.068
224.893
182.336
188.701
328.864
362.24
241.675
370.243
546.379
431.698
284.311
179.172
221.28
345.123
239.488
316.84
511.184
599.64
279.931
233.583
242.683
291.336
297.079
363.547
479.485
535.129
365.328
254.654
287.352
352.812
203.607
222.281
362.094
440.729
287.543
201.848
207.19
207.791
139.225
215.283
389.754
500.844
213.115
175.659
138.07
196.041
186.964
212.483
408.648
432.944
250.564
178.617
179.275
198.794
169.136
120.945
289.865
618.905
388.084
197.285
173.686
118.326
171.622
152.838
292.607
545.67
334.955
137.667
167.512
159.835
267.007
182.022
303.143
516.776
397.5
236.421
272.52
196.044
329.147
189.291
246.591
539.875
565.709
329.166
342.733
208.332
369.452
356.236
319.945
480.149
517.691
337.479
349.325
380.766
369.854
314.811
289.715
424.982
527.675
418.616
360.741
333.877
349.368
317.046
436.085
444.107
690.131
521.065
364.617
306.569
337.967
297.51
399.332
366.142
581.874
661.839
385.085
257.673
465.74
332.52
345.788
417.456
464.976
627.518
513.078
351.925
191.378
187.809
219.165
206.46
282.034
346.217
212.566
179.366
339.318
168.934
216.701
231.183
330.693
451.113
375.132
180.514
319.389
369.469
552.107
502.051
446.864
370.894
320.155
339.365
455.582
521.281
439.464
510.87
352.024
381.654
442.615
518.479
409.674
462.792
473.925
376.175
240.166
394.537
408.261
444.97
376.762
408.592
323.865
287.575
254.458
259.748
347.263
421.43
309.625
404.83
389.623
336.977
230.15
272.024
295.826
397.988
261.671
384.748
381.49
373.3
324.591
287.926
241.275
373.326
264.694
293.669
497.472
557.076
347.037
174.038
250.018
284.682
150.821
246.552
348.788
292.902
298.86
217.991
146.907
222.332
201.663
205.219
261.408
319.018
200.526
206.567
205.477
195.165
273.543
212.134
327.315
429.715
240.102
246.337
280.033
202.363
195.907
162.477
275.982
647.904
433.982
191.691
193.871
172.261
373.227
201.901
216.771
490.822
414.362
229.147
366.116
238.762
412.937
298.442
235.347
605.965
619.117
394.069
416.741
327.169
445.413
381.545
334.286
494.758
629.338
396.903
416.957
410.869
514.641
415.042
304.466
323.95
415.04
511.762
544.636
434.276
352.546
310.02
266.123
487.907
607.581
546.471
370.575
318.117
402.992
422.14
320.078
243.679
468.668
549.054
423.361
415.173
506.909
258.418
340.222
358.602
498.063
629.289
551.699
287.696
523.481
368.218
292.063
355.976
336.988
681.251
581.397
374.076
409.638
247.193
200.502
271.712
450.17
564.182
454.202
256.929
487.251
562.467
463.934
291.094
224.593
261.535
442.662
566.52
241.484
409.142
598.943
541.108
337.588
238.639
229.483
373.916
519.755
387.348
390.953
411.645
275.297
258.135
500.998
413.127
398.873
520.443
505.878
388.821
230.758
395.918
396.034
507.925
335.78
450.979
425.904
379.476
200.265
289.623
311.474
444.384
277.189
402.923
608.696
593.639
263.28
271.669
276.873
356.859
308.028
449.031
532.749
355.115
336.724
251.864
289.675
421.232
259.135
266.236
349.183
379.225
319.833
312.954
257.749
246.489
126.626
189.235
408.046
573.032
252.795
121.658
124.52
167.405
212.179
243.86
462.782
674.527
350.913
191.133
205.899
224.832
146.244
158.601
308.714
416.539
197.1
122.258
142.299
149.07
384.012
274.186
286.108
736.537
598.792
359.826
389.548
302.825
356.662
429.13
394.3
414.123
620.317
455.269
341.755
417.042
230.878
267.742
355.151
431.191
550.048
384.293
243.109
260.988
576.331
288.263
276.033
367.929
491.588
538.847
610.356
328.672
525.608
320.153
309.469
470.586
394.608
505.213
556.012
331.269
338.98
241.664
237.919
369.592
384.84
455.581
353.99
256.454
401.656
346.681
429.188
397.891
514.164
555.835
418.172
333.985
572.192
479.566
303.402
543.343
443.614
617.229
607.444
521.159
563.929
411.577
380.831
351.848
598.27
757.841
617.923
408.969
526.78
717.735
400.937
156.021
188.449
475.791
500.192
717.995
424.61
459.75
311.014
569.549
398.462
276.199
392.637
491.203
348.228
542.932
510.45
348.43
407.754
336.025
321.498
518.368
359.443
523.146
565.385
371.285
371.887
407.239
360.925
488.243
403.675
630.84
567.95
323.639
210.032
266.929
361.093
608.381
165.142
272.505
481.162
405.593
328.629
195.628
162.807
241.719
245.88
214.392
338.885
211.841
225.675
251.524
254.248
199.559
191.94
238.345
555.257
586.998
335.952
203.985
184.821
213.776
272.636
236.328
495.633
843.099
506.021
208.629
263.348
234.567
234.398
161.361
432.67
834.982
557.73
238.63
244.315
156.983
205.954
201.628
415.051
644.327
315.135
154.021
209.964
187.171
296.585
310.315
367.347
645.901
610.958
310.454
284.144
302.116
355.445
287.56
308.891
460.138
560.442
523.144
365.88
285.636
356.989
391.15
370.393
388.033
554.546
497.812
354.753
374.988
465.092
264.108
422.182
389.362
383.546
366.941
473.334
287.962
431.473
403.222
202.001
263.89
344.499
527.427
459.638
433.821
414.579
429.829
340.225
358.286
302.821
565.966
442.049
437.546
489.974
272.465
269.943
310.344
328.753
499.848
526.166
301.975
1081.51
484.216
254.47
261.569
364.942
778.569
1117.14
594.721
437.003
250.588
220.333
313.962
262.379
325.994
432.098
282.959
418.006
416.367
223.226
189.808
143.821
246.158
390.99
448.381
414.012
598.282
459.281
298.038
304.824
369.113
410.996
568.283
452.145
598.162
467.839
326.954
231.478
413.518
444.811
586.72
437.607
574.249
571.763
333.98
232.93
229.361
400.696
547.278
295.523
419.589
501.742
327.351
207.803
241.669
295.066
386.836
334.426
397.344
399.99
327.664
269.346
263.036
340.937
380.18
360.33
372.118
419.078
362.359
334.984
276.015
370.841
348.461
271.906
345.575
540.867
697.914
363.908
313.507
282.655
332.136
258.376
336.214
595.743
651.532
318.691
302.823
267.821
310.698
249.278
217.258
326.798
748.151
512.218
241.708
247.185
228.346
290.39
217.414
463.105
709.205
351.986
186.935
294.893
210.535
272.387
229.103
276.565
468.112
611.728
453.914
279.569
229.59
394.441
341.17
308.576
326.22
506.314
575.068
431.413
346.278
561.234
465.583
318.78
385.941
282.676
585.201
590.029
470.13
422.339
386.271
248.564
263.181
338.471
418.25
403.704
426.086
445.32
315.152
317.395
310.608
446.09
529.843
468.745
308.396
426.237
238.597
415.856
591.69
397.856
427.995
456.216
250.166
347.262
360.036
239.204
346.672
307.802
439.001
370.554
367.441
754.454
320.787
221.486
248.178
364.291
433.334
762.288
389.817
565.447
428.591
274.983
365.856
294.986
505.673
601.845
475.383
472.156
447.183
384.647
292.981
318.224
264.404
450.421
468.674
469.853
618.826
454.531
307.655
280.864
397.436
461.732
612.017
340.406
595.765
577.578
335.127
204.308
253.018
300.555
557.772
421.689
638.762
406.819
219.939
178.061
280.991
375.679
629.311
360.787
502.845
443.956
346.835
373.426
264.271
323.853
493.467
486.314
596.354
378.493
217.251
182.34
322.45
444.847
604.393
460.046
661.236
529.839
285.992
222.093
294.002
412.251
648.321
357.185
471.384
492.675
432.645
248.015
261.066
334.644
464.284
251.817
336.775
566.531
732.605
400.692
217.324
247.91
311.992
334.783
262.638
343.12
659.026
370.292
181.196
317.654
280.117
646.555
479.614
416.007
480.551
389.271
545.842
669.792
502.059
346.284
216.408
264.394
325.909
497.37
511.455
372.376
215.966
334.368
389.783
267.631
154.804
275.023
410.504
349.758
386.346
431.939
353.431
376.209
424.175
393.41
449.722
448.873
386.774
569.057
334.569
241.719
231.841
180.782
446.403
596.765
361.935
453.056
401.198
277.188
494.114
497.481
401.181
474.234
435.806
686.018
302.807
207.747
250.066
305.577
546.532
719.786
353.96
655.667
359.757
471.823
452.427
392.965
345.82
658.914
394.367
785.613
484.763
414.725
413.534
411.012
597.51
810.099
515.297
612.23
473.162
530.628
482.671
397.096
359.091
616.27
491.287
520.326
498.376
253.387
162.203
183.071
235.056
477.055
528.036
534.274
498.334
321.494
361.064
316.535
393.041
531.653
516.606
454.838
395.928
351.212
266.999
236.194
249.385
438.81
408.91
436.162
428.309
276.981
167.318
161.741
287.137
410.16
446.417
451.276
427.737
336.27
269.847
281.259
326.501
426.585
442.59
573.398
470.333
403.606
444.67
292.395
262.765
539.81
504.916
398.527
483.874
442.863
316.575
230.82
237.265
363.117
486.197
281.718
454.106
576.774
478.08
230.45
259.472
270.495
423.017
237.381
345.165
344.326
439.553
299.835
199.279
212.739
338.533
160.17
218.687
419.941
697.999
456.848
201.047
159.436
201.534
430.514
251.372
251.326
435.986
322.891
361.16
443.393
282.498
317.068
253.261
261.003
370.053
283.426
326.901
327.685
261.574
391.548
300.738
331.059
305.69
350.03
417.332
418.724
310.463
340.511
167.127
263.224
375.116
343.901
306.515
361.127
193.586
326.777
293.18
522.094
435.889
411.354
400.521
351.528
273.93
611.898
345.246
371.775
502.048
277.204
393.081
630.977
378.273
562.822
320.778
322.556
294.439
240.866
337.726
576.902
339.115
775.857
420.655
143.524
272.108
231.287
470.732
786.612
490.442
658.664
491.947
294.614
401.416
400.56
835.791
721.08
501.923
782.924
359.513
218.653
177.901
255.339
540.537
810.493
423.775
502.62
585.168
312.861
327.805
247.723
380.738
460.874
607.792
370.209
349.111
326.21
198.867
202.221
228.301
339.466
371.312
564.812
609.775
333.72
239.264
181.393
279.742
506.777
648.66
779.623
723.768
420.22
276.314
225.489
265.43
714.887
781.295
516.378
678.167
658.435
409.251
304.467
188.71
458.592
663.803
330.521
326.581
350.094
371.286
238.165
210.624
298.872
350.962
389.984
510.086
455.364
371.056
376.611
255.83
349.617
503.603
405.169
512.843
525.245
445.962
235.015
374.288
379.868
504.852
238.32
284.889
453.213
451.582
319.969
212.886
226.633
265.971
224.595
117.59
213.459
355.645
409.158
305.481
244.155
123.08
517.641
408.852
456.129
369.398
329.29
438.129
518.497
413.982
536.425
374.566
434.614
431.089
267.191
304.704
537.839
391.15
498.107
367.061
336.623
344.257
247.834
363.066
503.03
368.348
520.968
282.742
206.452
365.029
243.242
255.505
507.606
330.492
397.675
247.321
286.009
251.434
245.797
252.209
388.86
265.621
367.056
392.405
302.037
482.317
325.636
357.313
382.535
391.894
583.181
354.658
353.192
445.646
295.073
397.924
593.64
371.808
601.908
453.624
294.459
310.336
301.376
406.458
610.01
494.8
840.733
480.755
324.664
441.373
358.367
493.124
853.802
530.38
645.162
526.575
455.75
448.923
357.171
465.945
669.942
540.347
527.896
422.085
259.144
274.788
269
269.113
506.49
460.565
503.998
463.383
287.407
235.12
242.845
300.546
467.838
500.984
596.094
553.804
461.494
418.582
349.573
336.535
560.875
560.801
317.86
322.921
267.333
331.429
350.117
237.082
298.067
338.543
508.357
483.598
310.844
179.745
160.809
269.209
476.789
508.083
597.511
634.429
350.474
369.134
298.886
500.848
558.782
660.302
297.342
414.248
387.82
311.627
193.1
161.626
266.936
405.214
456.391
545.097
422.859
290.774
239.186
310.922
422.418
552.757
292.218
425.361
458.293
373.287
207.959
190.164
268.322
400.968
391.128
419.08
376.795
502.034
367.902
425.401
389.587
424.054
503.791
322.164
242.599
312.941
223.347
365.458
513
357.307
539.909
344.678
270.829
259.27
220.665
417.383
549.281
389.889
439.701
353.95
416.199
420.935
261.663
342.48
450.685
349.25
725.678
401.939
219.588
310.649
337.95
395.79
721.108
477.086
581.052
354.191
351.747
459.955
439.687
404.537
572.039
390.231
534.959
364.723
275.496
231.97
252.702
333.508
536.156
391.685
668.035
417.007
403.58
418.197
361.857
296.793
635.203
475.396
539.85
542.95
390.953
409.329
299.177
359.986
541.321
564.636
495.441
399.927
322.166
599.39
489.249
299.681
479.145
427.861
568.891
481.07
502.363
707.305
351.562
502.878
604.386
500.685
664.916
633.662
550.628
348.707
405.844
489.18
630.819
636.059
524.783
493.072
305.484
253.824
169.842
204.68
483.156
525.44
366.684
311.891
248.205
218.889
223.618
258.871
352.627
335.476
699.664
629.444
359.86
363.989
354.544
305.264
644.374
686.57
497.327
413.899
260.131
199.143
183.845
223.82
455.796
458.996
705.47
696.603
364.991
202.596
184.932
395.041
654.544
739.5
573.142
640.569
446.419
305.476
353.259
288.934
520.885
655.39
594.572
627.022
297.567
260.247
214.355
401.522
548.219
658.564
755.401
645.618
358.394
272.621
203.268
344.112
704.644
695.603
578.378
454.015
259.196
316.675
257.417
304.406
546.395
504.443
597.26
424.52
385.633
283.996
253.261
343.664
584.135
461.033
662.595
437.996
234.35
222.852
163.591
342.486
647.568
486.327
425.961
291.859
277.712
381.535
322.595
244.999
416.908
318.069
540.336
300.383
343.994
421.021
317.985
401.576
553.121
336.874
800.702
516.487
226.279
293.511
226.362
314.656
766.1
596.433
544.074
302.327
278.928
468.805
236.646
263.366
545.215
337.35
555.384
313.598
337.287
420.15
383.886
484.289
582.481
341.819
391.495
322.232
408.491
391.274
337.814
398.621
406.233
306.176
478.316
330.918
310.5
364.972
401.843
344.947
469.644
356.566
410.249
288.004
416.586
681.635
424.535
383.882
435.105
302.671
629.345
578.856
433.781
307.679
319.175
288.163
580.434
622.274
665.313
610.875
306.001
297.804
182.461
363.927
619.347
664.089
667.187
557.044
343.959
253.912
247.247
328.378
630.449
595.667
609.705
543.011
299.448
361.117
306.612
269.283
562.995
593.903
663.86
469.474
415.404
700.697
403.218
398.886
632.386
526.082
597.259
622.886
482.51
483.063
334.226
362.238
550.961
648.839
732.178
855.679
531.031
334.571
330.837
518.975
678.497
872.953
399.768
461.264
302.556
223.749
267.222
347.171
369.507
474.233
491.81
428.491
265.661
283.444
230.343
265.515
464.927
453.653
394.669
491.311
378.704
253.859
196.244
284.706
371.763
498.243
656.038
594.343
305.045
338.006
293.392
352.628
609.06
645.363
613.674
395.159
238.454
223.643
237.195
275.977
598.199
443.214
343.233
267.607
241.436
196.883
261.599
321.29
359.221
276.155
542.193
452.111
345.625
316.571
280.936
313.131
521.76
475.289
463.168
422.396
404.182
343.152
467.557
434.859
478.858
412.247
499.957
340.432
250.845
412.304
269.647
235.442
479.248
383.581
481.876
298.597
451.518
725.382
448.254
430.23
501.843
279.019
507.443
397.094
398.597
381.774
337.902
404.718
484.698
401.722
612.267
337.012
336.738
341.177
315.096
306.249
595.783
385.945
331.062
234.038
350.649
454.831
384.787
318.316
348.928
223.308
417.216
495.278
270.507
250.481
235.725
407.825
405.961
505.348
379.454
487.837
369.798
429.375
338.946
339.616
358.916
488.104
450.74
355.141
294.46
354.577
259.983
238.624
435.461
382.411
341.079
369.26
338.087
391.257
314.019
280.927
327.45
361.45
303.643
191.144
203.252
209.833
184.134
154.216
295.482
210.621
392.403
370.764
278.781
485.945
352.501
356.501
388.741
387.345
438.221
386.347
346.034
427.403
279.593
244.813
404.059
411.44
317.155
210.144
230.19
610.358
457.728
265.431
316.558
230.559
425.182
257.615
196.19
305.862
303.343
312.387
427.822
289.823
465.353
287.366
224.295
411.959
414.113
351.878
453.963
322.428
682.948
657.97
486.202
514.966
437.951
314.833
621.953
697.81
645.552
404.119
310.34
465.642
473.517
361.252
632.093
464.059
553.549
292.726
252.019
345.751
298.043
341.42
546.332
340.365
625.972
428.709
333.743
337.994
333.292
293.291
595.379
478.897
342.608
334.279
417.367
531.17
429.642
230.8
322.112
342.982
411.344
188.462
217.465
380.905
272.752
228.195
406.02
231.894
952.777
463.453
248.317
248.156
191.931
355.682
939.6
564.028
403.346
245.585
211.037
330.299
281.484
255.573
400.47
270.14
715.554
394.66
351.359
537.305
374.116
317.05
695.712
462.698
430.956
313.891
240.619
300.135
268.791
204.696
408.574
340.103
542.07
378.641
347.687
592.321
488.312
448.23
545.826
398.927
242.874
198.33
234.549
318.225
248.051
207.243
245.165
198.789
542.943
385.904
176.431
174.979
151.868
226.714
509.893
436.095
402.34
413.904
325.566
313.216
282.246
312.714
373.262
429.772
296.761
362.256
298.716
275.02
206.705
239.665
278.197
363.569
614.916
443.088
256.967
321.73
323.263
254.499
586.022
495.352
384.554
291.335
199.275
231.366
263.012
216.506
368.883
320.503
329.544
410.294
338.802
289.849
375.647
358.634
300.5
395.895
548.491
592.946
337.264
262.578
208.286
284.45
494.628
614.676
510.608
401.237
237.401
282.827
346.54
460.45
497.769
439.042
446.61
395.181
210.755
376.361
336.894
238.2
405.04
438.498
574.471
436.979
384.751
322.964
269.287
268.206
550.047
469.698
444.182
497.925
303.533
316.124
341.957
450.095
419.856
515.941
360.194
238.157
237.8
282.73
391.404
288.226
352.281
266.381
445.346
256.889
225.921
457.379
318.84
243.682
440.883
290.957
409.621
515.363
447.464
574.96
545.564
387.405
377.395
521.258
380.132
350.453
275.039
341.104
236.749
227.487
360.081
366.438
406.301
388.15
335.288
335.742
262.389
249.935
373.258
409.601
310.893
282.459
282.146
287.157
265.773
281.219
319.62
270.782
473.032
349.543
257.597
545.334
308.699
317.151
481.572
383.877
675.291
485.436
309.41
331.102
250.499
390.479
648.197
538.06
786.402
606.329
366.889
311.281
256.747
459.621
757.192
666.16
592.883
580.868
397.772
389.286
287.67
318.113
538.429
619.385
732.067
527.228
187.912
187.846
118.335
256.282
687.589
602.517
758.273
498.694
255.85
254.518
246.527
392.728
737.145
563.765
634.306
474.409
358.867
307.51
162.813
311.587
620.018
510.539
637.161
564.908
342.972
303.894
163.828
245.23
594.115
605.113
688.759
718.198
420.69
287.444
296.526
346.143
630.14
747.392
734.718
530.244
212.049
240.89
205.345
327.64
700.427
601.222
671.273
365.79
219.014
269.142
200.863
301.585
645.973
446.714
747.29
418.922
256.396
268.228
249.681
360.757
732.243
499.416
273.754
215.61
147.7
262.746
247.639
168.316
258.946
238.316
476.711
288.859
171.602
164.814
210.632
303.148
480.678
324.679
483.152
372.037
301.862
288.202
215.391
246.224
462.068
390.237
440.666
228.172
264.871
499.824
377.369
269.89
446.763
260.147
511.211
249.849
197.959
301.54
297.135
315.855
519.45
289.464
811.439
341.102
229.278
319.813
352.685
328.09
805.57
435.801
765.958
468.274
218.394
170.45
254.262
456.985
774.076
509.777
501.754
341.629
294.874
385.142
305.633
292.773
506.481
355.599
776.738
325.856
331.734
445.869
354.671
379.564
766.946
418.352
914.704
481.133
145.542
153.677
193.417
344.713
885.765
586.108
617.775
394.866
250.342
169.1
171.925
328.998
604.509
437.668
447.03
370.578
254.928
290.575
214.44
223.553
427.104
397.343
567.471
567.54
313.475
282.643
144.47
260.786
514.964
609.065
606.232
621.851
457.574
497.408
401.573
256.83
550.798
644.526
707.206
621.942
366.739
306.286
168.092
259.917
661.41
660.905
678.709
662.429
387.197
276.577
222.304
358.835
628.955
712.957
567.553
416.513
275.427
276.083
256.911
288.583
545.357
457.394
546.65
525.189
376.398
279.481
190.063
293.426
511.632
546.837
868.97
456.341
247.059
228.528
185.69
255.189
830.068
559.342
948.082
541.748
231.202
203.951
160.897
300.689
909.544
646.147
652.411
682.399
462.196
225.795
228.849
328.203
595.801
709.215
633.747
391.981
231.335
319.88
294.026
330.071
610.152
457.016
458.478
304.767
381.527
514.662
352.456
337.924
465.475
324.569
714.358
424.178
266.789
304.027
287.454
327.22
693.963
477.564
434.676
341.885
189.503
202.987
216.45
314.379
415.254
377.869
446.038
357.037
340.845
327.287
430.872
295.668
422.283
385.446
413.185
275.416
370.807
416.158
259.552
280.2
410.449
274.545
462.855
241.793
271.849
384.223
271.656
274.252
472.537
262.12
941.719
452.689
257
360.854
395.037
393.799
925.563
554.772
704.968
355.612
226.741
233.147
155.951
279.022
695.173
429.492
756.922
478.778
221.403
176.37
200.913
365.681
736.576
553.96
970.848
585.211
204.746
189.599
184.45
458.919
950.198
686.411
908.168
535.902
379.205
335.761
337.764
462.94
885.53
619.051
547.376
428.018
218.476
224.077
229.699
275.976
518.944
469.516
519.678
547.135
349.312
296.504
261.246
327.511
490.055
561.091
678.89
575.596
272.434
221.134
233.052
352.311
634.951
630.29
935.292
637.713
250.12
257.704
209.157
401.02
897.377
730.775
718.663
583.701
237.887
232.87
218.953
280.925
666.266
653.383
666.698
452.281
215.187
319.397
239.116
298.616
639.476
519.423
746.158
482.658
268.279
211.97
171.703
339.108
719.927
558.107
774.37
489.494
236.359
309.777
172.898
217.882
718.65
571.199
407.489
443.356
247.196
327.484
359.852
338.907
389.567
471.167
708.494
551.203
377.608
480.825
271.591
383.392
700.875
575.123
510.786
483.058
804.232
706.375
694.12
341.345
480.941
460.722
328.509
174.632
235.852
402.583
212.299
246.068
328.367
194.662
577.968
412.955
314.12
414.695
274.092
309.707
559.372
456.476
535.623
337.323
244.832
237.872
290.201
367.747
518.849
385.377
688.321
399.03
384.573
381.42
519.281
431.499
667.88
461.263
492.417
344.15
302.796
581.828
391.679
223.658
468.807
375.988
447.992
272.847
203.187
197.624
203.861
248.233
436.894
305.247
785.56
447.233
212.56
265.257
217.214
402.009
775.114
529.228
872.405
514.865
348.889
323.38
282.713
441.816
867.059
590.082
616.004
324.777
173.508
176.25
147.259
250.045
600.705
390.612
686.057
499.195
276.729
215.658
239.762
459.902
677.039
548.162
487.822
421.734
214.742
228.998
150.143
214.637
447.7
466.271
527.441
503.12
279.125
196.712
239.376
256.06
482.372
538.813
821.138
651.157
317.051
276.929
229.478
327.604
761.199
726.265
807.558
662.766
273.158
384.96
261.198
324.079
742.316
740.613
655.585
506.49
347.816
246.476
222.596
346.553
630.313
548.621
676.892
493.724
286.045
235.314
255.295
291.247
634.781
543.264
799.282
540.403
258.149
229.051
221.873
309.843
748.376
626.62
545.476
294.499
189.098
268.902
194.84
216.872
532.99
339.161
475.876
346.419
261.898
244.943
276.676
281.694
450.068
382.483
698.787
519.255
420.904
464.973
431.738
392.434
666.747
561.434
623.235
398.35
292.131
390.658
316.565
274.323
596.818
454.704
701.564
367.962
264.597
321.092
190.277
273.085
677.416
447.74
554.94
382.702
341.241
252.556
280.666
243.153
526.524
423.947
726.546
389.843
390.138
358.099
307.677
303.043
703.575
464.488
584
478.971
285.613
252.736
226.536
299.45
540.126
528.16
661.235
373.645
353.622
364.764
281.788
301.208
649.182
437.753
865.79
415.6
284.595
262.658
212.808
290.392
836.666
519.425
850.966
607.409
312.768
334.778
231.296
279.582
800.251
681.82
994.758
727.272
360.2
287.649
229.051
427.032
941.301
810.132
843.638
675.637
307.193
199.054
268.485
447.778
791.189
750.165
798.138
439.854
202.888
253.04
193.765
335.363
773.259
531.333
581.169
615.75
383.372
354.201
241.713
315.658
537.031
639.268
543.643
586.643
298.662
240.022
201.546
334.994
506.004
614.408
757.208
691.413
365.151
250.002
293.065
320.344
698.282
740.741
628.366
547.574
457.053
445.092
302.317
371.947
589.309
583.747
679.88
548.825
228.188
263.432
218.164
315.488
635.777
615.571
684.341
595.1
302.87
165.398
171.337
257.566
629.825
652.555
443.359
347.155
287.716
235.416
222.034
300.07
428.5
368.124
540.118
608.712
591.661
497.798
301.87
281.31
496.263
605.023
540.573
486.423
286.748
425.846
269.246
286.609
505.349
526.039
484.082
369.935
385.808
532.962
287.066
207.2
461.5
400.462
313.993
297.291
285.619
209.411
348.514
332.327
306.834
299.827
431.818
428.547
251.919
234.244
270.058
380.523
409.046
448.839
512.345
248.962
293.187
337.56
247.891
265.812
501.192
296.457
807.058
369.526
275.567
307.409
447.954
415.16
794.01
461.26
