290.813
668.959
709.453
354.203
298.808
353.689
261.61
596.178
299.517
532.381
749.36
648.346
301.362
270.557
284.085
481.947
313.018
517.796
752.897
721.626
357.834
319.571
291.006
476.163
221.59
255.486
473.18
546.387
323.839
212.475
213.709
241.714
285.714
422.218
612.524
640.845
330.672
289.65
272.1
379.814
242.266
329.433
642.965
768.675
454.572
330.329
246.5
289.16
240.5
331.512
606.563
967.966
455.897
160.15
223.533
313.013
256.345
312.816
502.97
754.15
399.242
212.582
255.999
297.476
297.599
206.571
524.44
791.617
352.757
226.323
302.301
206.166
111.568
165.141
560.903
1067.33
601.404
148.665
108.255
142.213
247.568
244.194
476.234
982.054
584.418
363.239
252.119
246.137
198.098
188.255
346.479
513.694
503.451
230.986
195.642
179.331
329.25
291.975
254.772
524.61
509.969
254.585
312.499
308.856
455.414
242.056
296.863
350.619
402.257
375.649
468.257
246.673
331.379
289.164
488.415
609.698
607.042
372.959
333.856
285.158
439.321
388.005
353.82
305.959
487.471
572.276
453.605
386.462
387.773
377.356
319.853
408.946
555.595
391.952
369.524
390.029
326.548
320.609
258.756
379.641
511.142
612.112
368.357
310.652
269.484
339.469
384.693
403.576
614.378
670.176
300.632
307.453
404.509
339.787
209.106
284.415
535.467
669.993
449.743
352.577
253.554
536.268
577.863
340.862
256.187
255.177
231.398
482.547
500.496
738.943
661.08
390.497
325.893
321.133
440.202
720.147
420.905
672.706
778.516
465.342
323.043
299.484
381.738
633.835
383.326
365.809
568.183
535.606
462.732
237.059
375.194
345.81
282.936
512.124
645.703
521.472
316.064
267.978
252.666
469.729
220.055
374.122
624.92
678.598
296.215
166.415
204.714
342.301
166.674
184.403
503.824
883.539
519.288
180.482
164.597
162.145
338.851
314.921
476.531
677.544
371.321
228.601
331.725
315.4
321.141
335.983
470.652
858.175
443.999
374.883
333.72
309.016
269.541
343.735
526.467
746.661
364.781
301.239
265.151
340.723
313.96
271.489
328.799
764.875
501.539
283.517
296.226
286.403
176.262
219.699
374.643
542.248
507.427
349.57
202.509
189.704
213.442
246.745
260.226
624.713
486.817
226.523
207.976
246.948
236.099
203.224
349.012
647.408
577.011
319.451
234.943
204.289
452.182
297.393
328.392
534.392
605.793
332.013
449.649
325.941
316.127
292.225
393.283
521.012
728.451
626.346
353.723
267.779
504.718
350.422
392.664
431.741
691.967
736.004
549.348
343.773
413.809
262.808
378.936
408.15
644.485
636.538
458.263
268.138
507.417
358.603
318.652
398.165
499.631
666.497
524.815
379.518
341.762
414.966
459.956
246.602
606.456
772.443
402.622
360.165
465.959
672.999
591.57
454.44
290.05
413.995
458.779
655.768
516.139
734.308
691.295
477.56
315.22
286.585
462.309
717.528
409.471
599.237
656.218
496.439
415.207
234.82
361.743
571.748
430.489
606.078
597.909
437.969
432.81
392.3
420.142
583.132
278.277
401.02
666.71
691.672
362.618
282.229
264.247
358.469
300.076
443.303
683.331
576.814
341.584
242.127
273.912
411.758
257.997
325.177
753.812
724.569
414.271
232.356
253.788
283.035
351.549
310.222
360.856
419.149
315.003
163.078
330.923
326.896
241.479
310.868
619.714
716.957
416.491
256.075
246.324
280.419
211.28
245.01
467.726
791.617
456.891
276.297
225.98
216.818
142.604
121.051
390.185
859.35
505.046
174.205
149.485
109.356
508.998
278.682
312.507
883.714
596.286
376.299
509.475
326.527
398.067
281.685
198.484
532.264
552.898
394.645
395.697
320.967
341.774
312.953
326.65
660.326
655.294
351.218
353.405
317.072
395.443
405.483
552.854
622.111
677.632
341.279
381.082
401.128
228.518
321.529
358.053
408.033
649.405
522.925
239.473
287.106
437.486
281.076
298.371
336.831
440.51
635.932
484.228
299.22
559.62
363.113
460.172
483.45
720.012
653.837
566.934
401.773
312.422
376.304
450.836
450.099
671.936
635.015
342.881
356.502
664.403
487.118
360.418
261.714
458.301
794.194
725.559
507.059
434.106
665.39
680.796
479.96
399.104
296.216
388.497
645.022
486.492
607.389
513.722
393.78
355.505
400.718
452.67
586.374
396.754
545.778
545.687
326.636
282.26
282.067
374.332
532.776
468.983
614.92
509.366
325.529
231.213
387.498
450.358
608.712
344.459
435.486
628.32
693.147
364.874
403.826
359.265
407.496
188.394
375.579
579.538
538.433
357.849
283.285
182.336
325.311
199.73
412.652
726.398
690.16
411.063
229.429
191.829
360.677
306.157
367.84
711.516
860.641
443.585
330.115
293.241
335.806
168.008
208.863
596.324
868.115
451.703
192.167
169.802
183.08
303.308
289.8
562.082
743.411
416.887
268.336
292.713
290.412
322.361
238.724
319.566
674.516
493.863
257.356
329.071
242.397
338.457
326.64
331.337
877.639
612.613
240.448
326.073
338.565
230.473
344.138
409.33
481.573
538.951
371.18
224.782
319.599
305.628
295.005
286.165
350.555
371.422
298.486
291.076
300.381
445.229
245.328
362.569
475.585
646.594
472.708
452.701
279.35
282.235
386.71
430.695
277.398
542.975
554.194
289.673
342.035
397.584
271.199
321.485
374.576
395.231
437.401
389.818
290.519
524.657
517.805
505.243
285.044
622.779
748.48
523.572
495.33
558.964
494.98
371.295
457.384
523.34
724.832
608.331
503.002
339.245
294.749
273.497
414.61
355.73
606.766
390.447
287.434
345.092
387.086
501.919
412.368
387.687
334.841
335.04
377.012
302.67
300.257
354.654
324.894
314.463
241.973
304.292
291.838
320.2
501.133
544.21
400.854
306.409
251.806
300.461
480.569
428.408
448.322
433.456
333.822
189.28
256.711
409.496
449.455
558.079
630.262
493.09
340.1
278.085
391.021
523.44
639.222
293.355
523.788
619.391
449.657
287.944
280.187
278.943
484.587
416.328
539.752
550.734
558.331
392.201
326.781
409.557
532.63
275.4
402.387
666.622
684.011
423.699
325.041
270.739
357.282
267.584
472.468
713.659
680.398
419.464
224.998
253.415
435.53
207.172
232.25
590.547
718.734
404.912
208.727
209.012
204.04
435.636
330.343
515.979
951.908
511.685
374.951
452.931
342.254
235.007
311.2
399.386
854.167
620.339
241.782
222.946
301.533
294.129
257.464
377.004
413.514
506.673
451.898
318.799
260.601
300.985
341.811
336.981
268.126
510.948
486.403
301.937
311.967
262.61
165.981
383.684
482.325
582.189
446.089
280.183
172.046
336.246
234.722
297.105
249.607
404.517
348.969
346.666
237.011
360.071
281.223
268.763
310.585
548.314
455.542
360.608
284.149
613.568
500.409
245.506
220.575
392.409
822.718
675.884
524.846
598.784
351.755
359.494
475.637
501.054
720.278
643.112
356.423
460.229
316.152
245.86
305.979
505.015
587.731
484.353
353.368
486.242
449.662
345.938
246.679
240.627
246.942
456.838
483.975
495.646
580.562
455.391
478.479
360.131
343.632
457.647
578.361
436.614
583.884
659.581
456.292
418.012
391.582
427.535
564.96
506.517
752.393
671.458
490.408
520.993
389.958
460.576
733.002
362.143
634.554
643.796
342.186
294.28
323.65
336.836
581.086
416.378
674.159
612.608
289.684
342.461
412.685
370.964
632.145
234.406
494.54
604.024
363.476
262.085
225.332
220.473
436.06
393.777
564.023
757.065
673.614
406.062
285.344
364.669
522.631
347.302
388.243
710.068
485.932
370.45
314.573
360.696
334.388
252.697
339.288
692.717
688.9
435.732
270.634
243.81
294.742
454.367
366.041
459.756
781
422.991
392.99
440.879
387.151
425.451
500.232
411.121
686.515
497.91
469.936
439.148
499.443
565.748
366.426
314.601
578.007
711.419
475.48
570.964
404.482
313.853
371.002
440.981
499.177
697.047
645.379
323.182
341.101
497.208
250.949
277.294
532.24
456.914
475.074
510.055
283.141
478.325
307.869
295.541
459.859
441.681
672.485
533.701
315.623
372.409
393.758
408.013
511.901
462.968
482.376
374.264
375.169
539.21
419.98
405.124
314.662
412.855
602.866
555.014
423.906
500.173
433.013
385.516
224.165
447.061
673.987
520.125
432.913
412.298
279.694
218.931
309.053
388.324
569.087
451.919
304.868
563.237
786.368
478.903
290.97
317.034
387.994
497.447
781.467
747.486
604.895
351.735
384.869
335.305
275.966
696.783
669.651
552.871
733.115
496.977
245.503
256.225
342.134
510.633
729.226
328.935
501.737
555.517
356.26
257.052
271.186
320.935
472.956
539.787
600.059
390.207
252.771
194.943
203.658
482.244
617.482
343.855
669.366
715.82
384.917
323.62
359.104
297.99
604.073
581.702
658.992
590.528
335.084
249.159
387.32
565.47
645.3
333.53
557.826
729.216
598.124
446.524
362.857
328.292
504.07
252.956
588.24
765.005
559.012
429.648
340.993
227.128
519.902
246.131
476.178
770.987
606.962
340.978
278.888
249.659
422.053
407.573
401.525
391.58
911.644
474.444
219.518
378.376
415.166
155.278
194.739
381.539
682.358
714.367
313.354
149.456
180.889
544.774
354.07
298.052
377.109
522.91
576.627
557.631
383.785
414.487
589.107
417.382
415.169
532.723
495.9
407.318
580.033
250.441
425.24
339.96
252.635
488.996
523.536
263.65
394.412
431.917
383.185
316.858
471.868
519.832
607.608
436.816
412.872
567.179
407.831
338.133
390.217
402.122
542.466
551.748
454.252
557.703
496.403
261.796
362.675
359.23
617.967
588.622
538.079
582.343
572.096
337.667
384.634
526.866
609.275
571.047
606.817
480.006
529.912
380.593
396.044
460.765
792.41
523.294
514.785
675.535
609.717
331.205
323.144
303.626
358.756
634.962
650.42
460.645
524.758
350.693
251.465
308.271
312.093
434.887
529.693
507.491
717.276
470.841
289.542
255.137
293.485
449.775
711.217
598.589
659.788
516.894
425.984
307.938
369.405
543.173
665.573
424.562
485.702
357.314
327.465
243.892
282.44
405.113
492.151
477.555
627.291
427.995
271.656
200.764
331.457
433.802
630.799
524.537
617.117
523.689
396.996
357.89
377.354
486.855
623.872
506.167
666.365
573.83
393.976
276.476
326.1
464.886
659.733
254.477
442.491
508.018
356.949
426.548
289.12
233.981
406.763
287.993
464.282
731.438
715.44
353.688
298.829
287.907
419.416
184.135
272.401
447.713
778.791
679.557
292.662
181.031
250.999
408.784
280.907
537.345
571.779
768.452
540.827
424.098
283.018
448.399
383.232
468.004
349.409
550.468
670.764
478.221
360.845
621.85
543.916
435.762
333.314
385.821
774.546
643.429
572.9
683.094
474.288
407
478.759
666.926
822.114
725.666
498.464
499.935
519.926
334.331
360.49
379.839
577.438
521.895
528.274
585.191
310.681
277.625
298.556
418.215
515.512
599.673
345.276
507.327
313.691
333.592
399.134
367.589
606.904
551.572
329.757
600.689
411.078
443.501
362.441
429.496
652.611
651.665
431.636
587.246
327.555
242.729
378.151
394.639
496.514
618.357
368.607
358.142
494.429
384.599
340.106
319.272
303.934
332.524
489.281
699.356
573.283
330.08
299.582
289.643
350.058
654.13
619.252
463.705
487.654
483.063
345.664
398.545
302.521
429.886
488.823
664.652
480.143
231.143
297.514
240.099
367.785
646.924
529.871
449.75
475.857
407.476
242.882
226.814
407.406
440.345
469.485
580.492
630.97
443.704
157.075
286.781
310.23
533.68
648.396
330.238
588.246
596.947
309.597
278.287
310.521
290.243
538.593
540.956
588.719
469.595
423.421
340.856
286.14
497.675
593.3
559.164
731.306
607.348
388.072
245.087
457.553
539.716
715.679
327.655
493.04
815.822
724.992
399.839
205.25
299.894
442.966
283.937
356.203
457.478
756.571
612.296
300.825
266.676
341.388
361.844
331.482
325.38
298.059
469.75
540.709
390.627
320.783
549.442
381.587
272.215
442.201
568.325
751.619
589.479
413.735
707.71
567.567
343.923
305.662
402.795
778.897
752.741
626.215
522.497
377.485
243.239
352.087
577.573
742.215
565.145
419.239
895.562
433.396
391.973
221.446
483.509
818.772
954.559
479.644
570.271
289.674
255.72
352.688
316.408
479.228
608.423
311.725
721.35
445.235
310.759
451.015
338.478
575.386
749.716
491.058
902.685
420.202
294.629
352.266
347.562
698.179
956.843
498.075
913.689
588.179
446.012
423.513
395.976
719.829
959.932
635.214
529.103
606.069
373.379
267.847
223.8
240.975
476.636
625.242
532.869
494.514
366.588
185.464
149.695
181.405
488.838
518.544
925.118
711.81
301.995
333.463
214.18
367.333
866.235
804.559
705.905
549.76
325.305
500.548
386.947
338.699
664.815
611.28
615.9
585.665
394.242
471.061
342.126
290.767
573.141
624.28
316.678
415.05
385.877
313.907
254.171
201.569
287.582
409.775
579.129
506.011
301.774
277.508
275.199
271.588
542.143
537.266
539.131
686.791
532.557
377.183
292.255
331.3
481.612
683.237
583.855
715.848
632.864
312.539
338.242
327.11
536.567
697.706
396.342
444.504
654.989
535.074
510.818
301.258
380.681
420.286
280.046
368.114
487.865
701.406
626.433
322.932
265.532
355.447
570.726
323.135
310.505
378.929
491.948
492.052
587.666
363.121
641.485
406.728
401.449
352.224
473.136
627.196
672.595
424.353
840.394
360.521
160.371
187.981
286.104
588.742
872.9
444.164
750.567
503.371
296.047
334.707
370.653
815.605
808.085
523.559
820.508
455.963
355.449
308.066
392.087
784.35
885.755
510.756
849.763
420.246
231.528
307.839
406.509
704.924
873.371
486.692
1067.73
424.14
283.854
310.911
337.008
657.934
1093.16
534.164
885.743
537.652
259.418
238.38
351.24
669.168
917.65
605.823
681.468
336.606
339.432
401.936
349.728
652.474
729.582
375.998
625.776
615.028
368.318
406.691
295.608
393.174
577.227
650.033
592.959
633.783
493.272
346.048
259.413
262.846
537.956
649.262
595.961
439.661
229.906
305.512
314.66
332.109
572.205
486.183
584.131
446.89
261.25
290.207
236.682
323.394
560.621
494.571
418.823
376.521
338.947
391.251
279.211
239.433
399.371
392.545
624.096
545.259
384.694
311.371
260.632
270.453
585.539
581.227
506.624
511.542
375.207
350.428
310.534
281.834
474.708
525.027
565.656
438.317
313.049
513.078
393.111
272.994
534.668
487.082
527.11
601.212
515.636
369.604
357.528
253.323
480.373
611.359
550.539
694.355
544.641
375.477
315.021
352.686
502.951
695.914
447.38
453.352
324.657
392.908
405.612
367.034
432.039
456.455
596.175
298.756
334.19
404.943
458.991
612.414
639.213
315.514
752.362
462.285
357.841
481.138
352.535
650.995
787.489
493.196
792.416
394.841
218.503
376.029
283.664
590.013
833.386
453.795
888.744
434.938
239.276
344.212
289.91
538.659
888.471
536.979
985.91
568.68
247.176
278.74
267.835
776.792
1049.13
637.013
948.693
404.114
223.315
361.008
300.561
631.494
980.386
493.067
766.46
416.308
272.619
260.37
362.94
503.688
812.207
452.746
989.178
487.562
415.479
579.209
329.33
583.494
1012.71
572.112
553.712
346.008
376.697
306.861
339.542
608.094
595.073
336.417
567.848
468.808
269.603
261.432
187.831
242.146
526.15
517.467
653.82
619.307
322.518
182.681
328.841
351.811
599.195
662.65
592.393
563.803
372.696
296.073
346.188
322.613
542.246
608.482
475.952
464.264
346.297
328.502
310.806
203.979
436.364
481.459
663.073
540.036
365.142
447.488
382.786
456.223
625.132
599.462
598.285
493.86
300.489
375.07
282.538
305.796
566.924
538.403
780.242
648.341
372.993
321.817
331.64
321.255
729.951
711.391
762.444
570.712
389.266
222.076
269.811
343.686
727.45
626.958
700.59
409.452
366.063
598.919
315.658
309.049
681.396
476.823
690.504
619.608
360.374
485.015
427.288
343.748
649.494
650.511
867.372
670.45
358.29
323.385
238.09
378.285
812.576
752.982
1113.21
455.814
174.69
216.391
205.703
478.695
1106.71
590.744
1019.63
541.696
209.055
271.833
242.516
539.141
1018.46
651.789
937.861
442.741
267.303
322.597
267.804
570.944
961.762
522.795
924.589
419.612
195.225
271.327
255.543
551.571
938.054
519.941
1079.43
480.03
228.079
236.748
294.426
678.638
1099.58
588.306
850.108
436.507
196.664
216.705
181.376
578.821
882.938
508.554
817.876
364.314
300.839
321.116
396.175
550.391
847.573
437.329
915.449
431.128
164.291
138.227
215.573
648.126
960.351
502.414
583.498
325.351
341.166
168.959
306.912
574.625
631.783
336.084
546.279
400.763
173.39
195.283
146.029
347.423
529.394
450.337
598.967
496.749
210.685
349.771
223.064
259.113
554.811
556.781
519.763
378.594
177.269
256.609
199.52
254.877
491.283
429.564
547.12
392.122
196.916
256.053
177.424
242.969
520.507
440.744
638.816
375.078
304.343
422.219
372.197
328.862
626.929
415.86
537.186
469.351
288.93
423.701
325.98
236.044
498.56
501.529
541.12
433.181
452.541
451.735
242.414
276.489
532.148
444.967
991.919
541.469
210.946
327.7
162.013
328.24
954.404
655.443
770.766
559.336
291.275
329.217
345.736
443.489
741.509
628.979
679.994
535.507
240.621
204.285
237.516
280.118
634.623
598.391
670.563
509.386
524.578
604.502
632.739
405.556
650.766
544.154
677.8
402.016
562.679
570.306
473.434
364.276
666.657
463.678
518.201
273.624
268.15
405.116
317.339
379.333
525.46
319.756
847.494
488.072
277.9
307.809
293.425
486.502
842.486
568.018
1084.39
457.663
148.195
206.738
200.284
520.25
1089.15
578.985
1035.46
568.353
232.509
223.962
224.752
541.721
1027.87
675.393
1352.5
583.694
161.991
213.999
226.305
494.53
1323.76
756.764
1181.09
475.081
172.634
156.214
237.387
568.608
1186.93
610.423
1253.05
488.929
221.277
242.306
192.718
547.803
1254.15
642.895
924.682
411.821
248.77
496.95
379.039
508.8
946.294
488.408
725.392
426.609
234.35
281.987
234.099
348.888
708.246
503.399
803.109
449.19
211.466
194.035
139.721
242.061
764.445
539.366
597.297
431.943
285.979
320.497
270.147
253.764
563.125
487.049
525.835
365.494
208.135
203.251
174.15
230.022
499.023
410.025
680.434
426.348
354.604
537.361
411.281
379.153
667.017
491.4
665.744
430.356
297.264
360.672
375.561
274.898
637.957
492.857
757.317
502.151
323.974
404.301
324.476
369.548
726.54
579.05
519.789
350.277
252.675
444.722
304.566
246.324
494.135
387.847
616.582
483.609
290.121
247.025
169.915
265.045
590.765
527.645
279.387
280.448
304.17
441.186
389.503
284.024
265.059
291.589
409.449
324.421
374.497
587.114
314.869
305.962
403.274
341.791
469.715
257.013
230.763
337.246
269.548
247.903
466.799
301.936
502.373
303.837
249.405
401.403
292.094
282.895
495.507
351.716
677.138
449.534
355.147
526.835
417.159
500.591
700.423
485.565
890.699
459.372
145.157
118.22
142.287
476.356
893.323
551.82
1304.62
542.653
220.561
317.545
241.454
514.136
1292.71
701.706
1074.69
535.484
195.042
217.592
204.691
549.924
1077.78
648.976
1059.81
521.043
246.571
307.894
296.589
696.598
1089.53
613.566
910.759
367.166
197.102
228.031
220.8
524.25
937.886
452.778
1156.1
430.84
164.293
176.963
184.69
528.264
1170.03
568.917
671.495
447.644
235.043
331.97
314.691
407.621
635.812
520.688
705.829
313.624
123.073
291.197
193.147
286.002
698.043
398.466
786.528
426.664
293.833
454.854
277.1
336.628
765.455
509.721
471.736
296.488
379.673
381.025
390.951
355.692
465.134
339.512
562.803
389.317
353.904
450.892
481.614
296.989
539.543
426.175
654.123
412.678
282.942
331.979
312.677
246.45
624.047
475.441
759.644
461.168
299.968
390.802
300.867
398.635
753.575
523.045
512.769
400.911
215.535
167.104
222.819
344.157
496.351
434.486
687.059
483.394
244.145
382.87
285.054
307.032
657.253
549.804
455.239
322.066
228.776
333.885
373.941
324.625
446.815
351.513
271.076
256.92
350.411
398.734
335.593
183.724
260.963
242.507
426.079
327.299
254.74
176.728
206.929
284.224
419.795
348.048
436.626
282.232
359.237
465.593
263.324
246.428
430.516
306.147
696.797
367.072
285.632
356.906
237.683
321.623
686.803
440.193
839.892
429.368
238.167
368.51
210.317
421.93
837.483
517.552
911.301
490.599
233.786
402.813
320.752
533.643
919.7
568.309
968.505
458.626
234.09
256.744
295.077
548.533
974.731
559.419
1128.05
502.091
219.365
251.991
253.19
628.04
1144.01
621.367
1088.88
459.508
193.446
298.944
218.791
464.391
1081.49
584.882
365.21
301.456
197.294
350.042
337.928
281.762
361.116
322.639
462.846
404.505
220.843
200.83
232.081
306.05
437.893
432.557
629.888
357.179
209.667
291.13
233.562
345.206
629.693
410.275
604.909
316.289
215.562
366.133
224.891
245.857
582.746
384.904
512.628
399.985
677.056
627.058
617.041
368.24
507.856
405.132
621.406
391.69
177.14
162.503
159.412
254.978
595.875
450.516
581.858
361.056
211.797
405.02
257.636
306.859
556.141
421.645
993.145
470.775
253.264
274.506
331.918
391.039
970.755
585.321
814.003
455.855
244.675
274.576
190.676
271.411
787.939
535.335
741.33
349.217
223.738
210.117
306.602
473.976
752.765
421.812
958.01
636.563
337.189
250.772
235.056
329.685
905.418
717.145
577.197
414.592
432.437
473.085
271.141
311.119
560.266
432.236
518.285
349.646
330.006
337.796
267.757
342.488
517.073
384.832
486.281
285.773
206.408
256.001
220.619
293.571
484.801
327.623
883.867
508.803
404.272
387.628
304.954
492.476
888.14
583.078
662.665
572.07
411.38
415.329
359.332
354.175
630.488
609.199
975.379
570.237
228.905
232.245
202.028
402.109
943.551
668.001
1223.55
518.133
157.695
201.458
168.127
477.993
1207.77
672.069
1416.34
574.031
120.676
191.589
177.622
560.409
1404.4
752.906
1143.59
478.131
283.508
445.577
309.568
450.561
1135.28
614.634
635.544
310.465
189.863
191.891
180.737
358.203
643.89
361.218
859.772
394.782
104.779
205.216
151.803
308.952
841.64
501.537
406.215
241.742
206.779
183.621
229.701
273.797
402.994
260.162
452.272
345.528
253.415
279.554
210.777
275.388
438.733
385.099
565.834
387.369
198.323
297.8
169.193
290.954
551.477
432.28
604.849
350.067
212.057
266.666
174.875
273.658
592.777
410.589
474.589
245.372
146.927
169.274
202.655
182.518
458.388
293.426
1026.97
508.898
220.462
359.93
251.844
352.339
993.302
633.048
705.189
399.662
187.039
220.986
171.245
316.654
686.597
471.624
873.602
383.678
250.617
441.655
457.829
438.679
865.881
486.608
570.422
364.933
304.071
404.327
305.629
291.944
550.807
418.051
739.712
451.148
202.968
267.567
330.77
339.728
718.43
525.906
334.007
326.685
237.474
302.368
268.944
189.627
310.945
343.627
567.183
336.09
216.816
179.741
247.167
297.002
558.135
392.119
489.606
348.045
266.718
188.108
299.309
349.855
479.57
372.929
924.456
448.698
185.717
235.139
168.748
425.694
914.362
550.163
933.741
471.643
195.675
303.448
230.612
315.354
902.371
580.118
880.52
330.707
232.425
484.264
377.251
432.877
884.034
433.621
821.533
434.505
169.746
287.465
210.209
461.506
825.854
517.345
1283.12
466.258
169.842
147.966
185.471
617.052
1302.13
616.996
1317.83
525.43
216.834
273.806
242.577
594.712
1320.29
676.825
722.021
404.988
202.951
105.341
139.964
246.075
693.328
484.521
520.537
260.134
169.19
228.098
219.058
294.14
524.032
309.99
669.988
417.587
311.437
375.716
289.541
320.625
647.894
484.787
356.022
233.511
204.365
254.266
245.041
239.689
345.162
259.381
825.812
552.977
557.071
704.818
487.35
465.631
804.567
594.517
774.84
390.089
213.5
211.531
215.997
375.533
759.137
475.815
643.32
399.891
306.479
341.419
337.219
301.368
619.508
456.141
645.051
319.031
249.889
326.386
271.511
322.451
640.779
386.427
835.037
391.753
272.345
335.054
287.069
376.798
824.622
485.033
697.289
415.987
228.109
400.634
377.307
353.411
676.032
486.216
784.872
474.573
191.852
307.582
217.533
378.199
768.278
555.715
623.046
444.916
321.357
347.682
270.17
305.035
589.818
500.9
609.493
359.754
135.655
95.7536
96.0235
218.364
587.749
416.327
529.977
488.224
313.822
298.387
265.79
320.939
496.94
523.503
854.767
660.782
245.284
235.954
188
393.365
804.63
744.97
707.571
324.813
217.326
261.07
304.042
424.378
712.254
402.31
746.878
451.979
242.661
238.939
246.002
445.951
739.85
488.878
958.627
577.11
245.326
324.881
236.744
453.451
937.94
678.823
885.804
402.869
215.453
274.243
327.768
517.399
908.684
483.535
1122.17
483.088
186.888
159.911
156.058
553.195
1129.12
600.366
599.897
339.16
234.643
223.398
214.045
277.392
579.004
406.381
707.376
385.913
195.192
241.184
158.325
333.104
698.573
455.412
343.734
280.691
321.372
307.749
239.039
313.131
348.19
294.046
557.002
293.548
218.202
305.314
278.086
407.175
577.172
345.306
432.159
252.168
169.682
256.813
220.236
320.621
446.988
284.402
823.999
414.025
225.044
324.851
242.882
382.342
813.543
507.411
782.825
384.784
334.455
495.537
413.517
297.626
763.075
465.352
458.764
225.054
306.566
534.546
421.721
423.844
488.493
249.546
285.092
203.347
200.148
293.638
270.659
315.7
306.721
209.175
659.324
314.095
312.375
601.604
426.386
354.044
660.457
380.868
995.567
630.639
169.413
96.2246
96.8389
433.393
964.12
735.967
991.432
626.379
321.334
406.522
327.156
531.442
968.469
724.617
747.776
449.714
358.642
573.287
288.797
241.994
710.204
530.938
641.303
469.043
290.151
351.675
298.522
301.792
613.697
526.804
760.72
528.519
275.978
173.818
161.153
343.713
732.292
597.083
774.822
439.3
213.557
270.886
285.576
284.561
744.825
520.901
798.276
361.981
285.515
445.759
389.012
355.86
784.863
444.772
796.616
489.413
325.846
436.044
310.486
373.308
780.609
564.007
999.841
495.754
177.371
150.719
308.082
670.228
1032.71
588.497
832.38
396.339
212.028
228.236
180.723
492.349
851.314
478.862
554.461
371.085
314.034
412.047
294.062
313.139
533.864
413.925
625.01
448.144
161.631
132.129
138.766
268.685
596.844
509.9
681.534
433.818
242.974
202.36
126.988
297.311
655.317
504.589
646.566
333.117
292.013
298.342
264.836
334.286
642.686
378.275
594.211
302.381
174.523
214.631
288.88
317.651
581.829
366.816
800.536
452.396
199.94
163.892
193.338
323.886
782.195
525.839
494.784
357.107
299.765
283.221
290.63
457.679
524.983
369.915
641.504
346.243
312.442
332.406
325.125
247.881
626.507
406.406
516.068
295.437
278.6
274.459
155.76
280.28
522.047
331.847
1003
460.462
233.571
196.461
214.888
355.275
978.781
581.932
720.566
537.236
217.197
178.468
137.489
261.167
674.108
601.538
887.172
582.567
357.191
348.945
271.677
406.597
849.312
665.543
846.773
647.376
481.748
795.527
543.354
525.824
807.744
716.456
720.161
630.349
227.283
229.576
171.899
356.449
665.092
699.395
775.596
461.111
187.788
263.657
275.485
262.745
737.744
544.161
899.599
638.71
204.435
260.911
206.233
353.088
840.99
736.012
836.045
607.784
223.492
205.22
215.595
375.779
775.884
697.306
675.048
327.224
160.134
214.161
239.454
348.593
671.523
403.682
902.669
620.887
204.897
250.027
253.951
450.383
862.433
717.604
602.758
348.197
298.947
316.516
345.053
426.583
601.888
399.457
