504.061
809.929
683.58
391.638
310.983
341.024
444.151
783.082
598.82
724.15
700.98
614.703
358.759
371.722
552.799
727.703
460.851
679.715
771.697
606.391
384.457
354.546
419.931
653.378
328.623
653.61
820.66
643.939
430.935
533.847
323.92
568.765
349.121
441.133
803.23
705.385
446.024
298.746
343.731
389.249
360.032
602.415
782.824
667.044
320.405
291.444
340.817
549.381
235.512
382.507
702.586
885.522
471.983
275.095
247.11
343.796
275.661
354.564
763.695
934.846
468.887
238.925
249.343
339.547
222.753
270.661
628.739
1144.96
524.989
224.426
223.702
251.965
260.694
174.629
478.841
1094.12
564.64
208.428
262.285
185.243
148.235
161.512
392.451
846.444
788.295
324.776
149.63
147.741
280.243
233.598
381.065
837.132
700.682
315.354
273.925
239.822
175.286
225.727
387.161
709.181
757.706
387.776
174.179
203.577
302.721
317.817
232.151
431.196
339.038
362.756
295.173
327.831
219.88
324.928
351.047
305.011
598.99
608.937
237.96
306.515
343.713
298.504
269.249
308.92
660.641
640.966
359.31
299.496
497.151
437.521
368.969
365.108
705.727
839.439
522.734
440.859
446.961
434.904
395.657
218.922
631.079
882.625
512.495
410.073
648.792
370.634
241.727
294.103
389.026
761.948
722.451
417.035
309.834
266.666
253.193
256.66
335.757
378.613
311.722
268.619
556.483
771.621
794.021
557.325
515.713
498.807
527.318
754.631
626.739
799.945
604.474
450.48
356.917
520.347
584.252
798.062
323.651
745.174
834.311
553.207
368.443
481.406
296.579
661.501
450.686
661.576
817.355
613.875
516.822
355.167
466.26
607.799
331.499
563.213
898.679
749.053
465.347
286.297
317.255
506.093
327.052
592.563
837.132
580.754
493.549
358.061
309.13
516.729
255.336
411.084
728.864
684.208
583.672
339.171
262.299
371.644
175.203
283.446
591.155
723.658
336.805
164.434
168.269
249.066
179.68
199.478
510.703
840.331
429.585
153.337
174.809
183.985
154.049
152.169
629.928
1120.8
699.512
208.636
152.684
123.825
147.288
174.995
417.185
966.537
762.787
264.48
142.892
157.068
210.682
251.094
387.657
884.824
750.099
333.098
209.264
245.11
235.967
186.137
398.845
853.197
842.28
395.179
242.758
186.522
277.857
349.923
422.457
551.494
794.838
606.076
296.843
326.101
366.511
361.905
287.889
239.159
426.45
502.258
376.835
369.605
369.342
382.047
447.827
282.578
610.601
781.872
425.212
335.866
534.427
448.895
309.047
333.589
640.979
912.792
605.709
462.906
456.848
377.295
299.228
212.656
383.176
733.857
521.218
357.607
633.603
394.196
240.344
324.859
404.078
757.08
698.411
450.003
383.714
288.765
349.01
320.23
341.798
549.423
431.554
284.362
533.063
766.069
699.404
291.914
334.426
407.901
471.161
732.598
647.928
948.03
826.973
429.246
412.145
441.423
593.496
918.553
604.792
824.673
750.211
456.925
390.347
470.821
554.895
802.003
401.147
660.83
691.369
384.34
323.399
404.249
402.188
604.599
439.007
700.981
850.11
594.864
414.916
406.964
433.647
659.25
437.638
528.13
645.573
552.086
425.429
393.636
429.92
490.372
278.198
471.199
678.725
537.111
308.401
244.852
253.493
427.992
482.799
475.678
690.472
546.339
347.989
316.833
475.233
441.363
328.183
375.402
724.345
815.583
428.313
249.833
325.735
345.249
102.872
132.528
435.562
908.37
593.484
195.246
103.87
116.534
279.652
267.373
444.037
828.275
658.212
265.705
272.653
256.254
283.222
205.283
291.417
587.021
444.791
270.902
284.769
213.029
252.477
223.697
283.403
717.048
734.608
481.944
279.313
222.627
405.308
462.995
365.364
552.272
591.335
550.753
404.811
468.122
327.471
434.791
460.998
280.246
542.917
649.151
344.076
397.509
473.962
435.222
265.154
157.979
435.37
813.879
539.302
425.143
439.424
412.496
269.133
212.127
457.173
768.035
498.276
414.509
497.992
408.1
246.113
208.476
412.184
826.146
571.789
407.374
556.835
393.39
261.376
435.814
313.065
592.047
577.916
444.206
480.031
283.547
236.51
241.497
278.005
536.285
521.276
306.095
832.988
923.981
523.674
289.28
214.427
421.031
757.446
952.259
545.339
811.957
694.234
405.493
392.675
402.106
474.95
785.338
490.778
751.768
709.467
433.336
412.636
440.317
470.906
707.58
420.452
754.635
784.252
439.99
511.813
488.295
392.465
685.994
446.655
708.543
816.094
557.05
514.128
319.845
407.228
674.751
341.791
552.364
668.334
467.563
353.859
289.232
312.196
517.451
497.764
361.741
547.436
597.34
314.95
286.175
494.329
356.776
445.691
377.199
472.989
695.563
505.426
327.81
434.151
397.598
383.337
381.179
543.175
751.536
447.975
292.136
366.224
377.931
287.268
249.489
360.856
910.01
626.116
297.637
289.657
248.06
253.227
262.767
378.199
894.111
714.322
396.242
260.022
228.356
198.424
246.84
338.307
815.061
646.049
309.633
189.974
242.076
324.865
204.448
314.77
631.447
727.822
470.85
338.977
212.36
294.531
243.671
386.219
526.296
641.619
491.291
308.54
241.887
351.668
377.618
427.421
196.848
461.695
607.795
387.002
331.836
421.653
369.129
374.988
288.574
428.661
658.146
470.005
361.208
538.432
478.922
357.33
270.54
355.902
728.51
595.041
473.093
670.796
417.533
359.756
336.732
326.537
703.5
722.566
425.378
559.385
446.548
197.928
263.082
239.818
567.521
575.61
506.165
630.267
307.175
190.145
198.669
252.915
547.937
681.364
344.186
594.86
639.228
597.701
444.378
406.025
288.599
550.324
634.416
597.609
877.482
577.533
349.69
387.232
548.349
548.909
864.714
491.869
720.181
554.171
344.481
365.641
356.31
437.709
699.721
541.869
712.787
743.147
494.746
403.378
452.194
533.409
696.078
575.721
614.805
568.379
402.973
334.234
331.415
536.489
613.177
339.92
535.703
685.052
526.565
427.22
347.075
325.597
499.274
664.46
490.5
737.115
898.935
432.257
426.642
656.372
495.057
164.186
256.22
487.636
583.139
379.725
192.881
155.574
229.81
273.792
371.222
568.766
593.577
345.932
167.857
246.416
360.51
268.883
272.584
412.842
1080.12
682.487
260.848
265.066
277.561
189.795
226.626
393.531
789.375
674.648
429.438
209.435
204.662
308.865
369.98
300.506
520.369
685.19
536.703
304.333
359.515
449.989
359.791
401.874
640.854
770.436
651.375
489.388
368.703
533.743
540.546
388.745
425.551
586.241
813.172
569.856
551.88
459.547
397.202
523.13
475.222
547.03
607.849
497.371
394.704
458.214
464.752
318.499
189.025
299.534
518.397
462.829
483.685
699.723
328.947
318.394
255.668
377.051
650.287
746.974
373.171
767.424
492.813
401.745
190.138
407.294
801.726
833.347
524.92
588.174
398.698
249.632
323.175
239.706
522.299
633.51
442.589
569.575
342.714
201.425
178.73
150.265
336.595
568.665
401.203
960.411
993.798
479.269
154.297
180.934
381.541
865.532
1052.64
607.057
810.008
589.285
351.864
442.656
488.172
588.414
790.977
592.911
572.04
512.067
306.753
349.451
412.041
564.711
577.171
632.71
615.513
449.545
213.309
198.263
250.41
587.657
634.36
507.834
596.889
654.562
513.156
443.894
385.797
474.797
591.57
330.123
557.281
609.992
393.273
400.053
347.048
318.881
498.087
405.276
469.22
469.302
344.912
213.132
372.387
399.343
460.365
250.076
400.381
687.904
583.684
442.065
305.6
259.27
351.916
187.444
318.762
672.536
686.277
439.916
266.563
175.588
270.582
213.745
179.387
582.55
1029.19
611.163
163.49
210.715
166.99
181.724
206.046
388.298
801.566
723.433
366.662
191.771
194.54
344.481
228.645
324.766
642.583
876.278
665.491
382.549
240.995
468.798
477.331
312.481
336.963
477.092
597.44
478.738
487.161
487.642
300.615
267.316
342.854
504.822
531.952
512.348
342.522
495.32
341.37
261.695
190.095
389.731
635.242
544.271
360.156
525.914
309.968
229.579
236.095
254.913
501.255
558.193
324.715
749.252
571.559
388.118
312.138
297.829
779.882
811.11
599.249
749.454
301.524
252.98
289.292
304.312
633.931
785.273
349.76
702.521
337.987
286.328
287.351
235.448
506.349
744.685
378.545
368.067
264.591
193.795
225.373
219.468
324.366
389.834
282.596
736.916
807.977
396.942
241.688
229.997
375.903
661.434
840.558
541.211
677.45
409.487
447.897
268.182
325.038
484.43
692.05
570.529
628.924
428.434
264.68
312.801
432.311
570.742
628.906
518.63
799.74
581.014
450.169
403.683
450.254
469.972
781.727
505.988
590.906
395.366
368.885
320.434
311.487
465.936
612.176
523.263
663.56
526.001
373.786
235.987
320.274
481.615
666.097
373.585
428.237
500.092
534.484
372.195
270.494
354.68
413.232
259.988
433.596
486.972
373.268
272.016
269.532
245.832
401.797
459.221
601.301
662.698
531.738
335.535
377.104
426.034
586.859
133.713
242.691
598.905
982.747
589.723
164.844
119.963
218.636
176.65
246.678
529.79
558.14
769.425
463.411
191.44
220.7
370.827
375.697
346.835
318.567
623.624
655.605
409.542
366.798
408.687
431.948
425.35
328.037
615.417
726.19
457.973
416.089
634.878
246.344
243.508
257.371
390.704
623.87
684.07
288.609
595.96
362.984
333.261
222.437
282.227
562.355
629.155
372.708
630.589
580.923
312.707
219.439
288.419
625.965
672.411
598.705
640.553
286.29
225.285
294.712
275.607
558.853
685.641
325.604
955.925
343.664
223.965
288.403
335.156
626.994
993.258
437.908
556.996
387.292
458.149
448.554
345.177
511.336
600.302
412.421
560.706
342.183
195.273
274.065
176.922
290.144
577.227
385.974
436.582
490.642
429.956
403.46
454.367
440.857
433.022
491.533
561.901
382.79
265.185
335.267
297.778
322.894
550.365
425.239
487.65
753.607
408.758
226.542
249.252
438.855
437.996
738.827
461.928
661.796
457.453
368.167
409.579
383.027
420.326
654.854
721.676
665.403
367.318
349.522
263.44
374.056
685.822
701.869
538.982
623.962
529.841
378.675
350.753
281.213
492.756
634.261
522.38
515.306
428.163
441.481
362.393
387.288
496.016
536.809
426.331
581.37
481.786
340.202
264.578
214.503
379.149
578.892
223.202
264.899
341.379
477.999
353.226
212.764
223.628
250.761
277.302
232.418
364.569
554.697
315.6
213.484
277.152
243.479
217.536
255.036
519.536
592.259
766.668
522.618
243.515
223.798
569.95
472.026
346.381
201.51
522.6
750.595
593.415
493.084
676.482
348.233
188.311
190.965
325.375
629.64
724.144
396.233
653.687
520.459
330.853
315.362
247.144
537.474
680.88
535.949
964.575
458.475
235.182
329.544
365.557
533.625
976.509
549.547
666.01
439.884
286.508
364.167
230.418
494.819
704.399
469.834
889.229
510.536
219.072
247.471
145.174
520.979
913.395
568.403
753.161
451.461
350.278
292.27
285.707
661.214
788.844
490.788
738.98
381.249
207.426
180.063
194.868
454.042
770.594
431.409
572.331
343.607
299.77
337.603
288.868
323.873
566.173
369.12
597.705
706.037
327.864
290.381
187.919
356.285
556.858
737.752
780.364
650.672
255.135
334.512
205.403
486.223
774.999
723.413
659.672
645.796
376.308
463.756
355.508
294.532
594.367
699.34
604.484
583.002
381.563
338.978
300.152
359.707
567.131
607.899
558.266
524.657
411.924
358.905
273.05
230.813
521.994
549.129
419.447
650.628
576.289
300.904
349.876
341.419
375.345
616.842
374.172
542.641
569.552
398.802
402.874
352.647
343.095
520.714
284.301
399.052
556.096
509.464
395.779
286.833
273.836
373.003
359.903
453.861
589.754
595.302
299.303
290.421
351.097
441.248
206.589
265.296
513.757
842.409
522.152
240.404
193.919
251.366
297.592
274.692
373.324
558.645
445.773
234.635
280.553
286.904
718.351
361.567
402.044
447.715
341.884
507.418
735.908
414.274
696.817
452.163
304.958
378.505
340.578
553.458
717.566
500.54
645.759
428.071
297.757
310.162
288.857
450.808
656.043
466.731
579.663
464.773
314.555
350.397
272.079
394.899
539.882
519.389
632.658
513.658
268.877
331.552
265.501
542.344
671.734
562.88
565.161
283.704
226.86
358.868
276.237
432.551
582.523
304.497
907.197
485.174
215.594
393.189
300.62
558.184
932.964
570.099
928.354
430.491
259.836
293.758
313.724
332.909
900.373
543.928
753.373
275.44
238.587
368.664
277.624
391.906
772.655
346.173
711.551
810.665
498.512
261.581
239.085
308.898
638.719
847.692
630.351
594.18
358.484
320.739
353.131
383.556
600.277
639.528
548.27
557.234
388.652
466.901
339.013
419.698
512.115
575.73
687.99
551.622
291.05
257.149
233.84
296.272
647.265
607.949
646.044
638.498
486.82
289.028
294.817
256.387
595.076
659.059
426.198
417.849
305.558
314.516
202.132
349.949
417.876
431.032
428.463
461.464
312.628
292.541
241.35
290.815
397.996
476.552
495.519
546.865
513.231
493.422
397.255
457.696
477.545
550.023
490.711
588.976
553.63
439.599
252.935
277.886
453.491
584.345
191.409
222.199
426.171
724.444
420.229
170.894
187.907
217.876
368.243
285.363
311.269
562.762
667.361
584.559
404.1
300.455
707.362
366.214
267.762
320.12
312.244
573.953
737.135
409.101
654.258
329.831
275.378
244.969
255.951
392.758
668.001
362.583
756.447
309.07
235.652
255.226
201.112
344.679
755.67
395.849
899.308
381.386
282.474
303.876
228.542
365.615
891.862
488.543
600.935
320.966
343.375
339.686
211.688
381.406
626.898
342.207
522.348
408.986
310.974
164.273
186.656
356.138
533.841
421.934
545.276
275.062
379.88
508.446
323.832
409.654
575.356
301.953
886.554
424.01
299.541
294.831
273.389
434.948
893.664
501.18
847.114
325.666
180.543
333.241
289.814
374.421
858.739
420.283
642.41
664.877
363.895
320.095
272.927
431.115
597.302
711.08
628.633
605.476
274.506
231.823
281.443
457.515
582.214
648.809
605.736
563.695
290.844
213.151
261.752
419.255
573.276
594.263
935.538
794.258
300.568
214.535
191.217
338.411
859.973
882.008
745.335
757.578
357.912
126.168
211.281
440.512
705.906
792.243
609.153
420.418
262.043
465.076
325.351
359.22
589.327
468.591
566.806
492.648
376.303
432.911
303.124
339.848
553.14
521.839
333.932
366.219
347.659
355.411
247.845
283.792
318.782
363.521
392.609
438.292
342.91
352.371
216.718
201.561
362.5
447.291
229.487
209.495
339.189
479.033
326.463
202.215
222.478
202.142
517.784
418.639
269.185
267.958
393.031
581.695
554.216
428.725
684.084
353.16
236.077
252.615
295.8
442.099
696.836
396.47
739.162
443.452
189.679
150.469
167.212
342.966
719.237
522.076
574.402
311.327
297.297
344.489
270.379
309.454
569.759
366.415
748.437
412.751
206.863
277.66
161.455
436.386
761.786
474.124
720.218
345.507
227.464
275.987
198.187
314.144
721.92
416.815
576.669
290.939
202.27
222.367
152.465
228.366
559.253
349.685
840.297
377.614
253.007
405.102
250.409
359.409
834.524
466.534
592.334
328.137
249.13
223.207
221.374
328.69
610.827
347.715
713.241
382.551
228.103
216.426
193.284
450.442
732.044
417.966
529.182
733.436
458.252
430.328
318.445
430.538
482.317
732.443
475.193
520.635
339.173
440.392
214.324
319.712
433.908
538.881
861.817
763.81
353.63
195.696
261.898
546.087
809.206
816.645
682.55
687.407
397.164
360.386
254.13
369.763
632.914
727.823
563.904
574.063
323.882
198.164
218.277
288.092
517.73
598.074
471.125
431.777
280.686
266.788
285.773
300.964
444.526
449.331
583.872
423.628
287.645
228.698
245.312
287.418
561.374
466.191
442.034
401.393
330.998
327.251
219.883
279.102
431.514
424.053
630.595
529.158
298.561
450.205
292.933
321.843
588.732
578.46
452.519
475.038
474.395
523.755
342.406
466.133
457.436
467.676
521.322
326.587
325.104
363.294
280.371
271.865
509.462
370.093
706.114
386.242
266.966
365.609
230.389
268.358
690.002
455.211
563.758
405.114
416.118
296.494
247.621
301.313
550.08
439.195
619.031
294.138
247.523
280.573
276.439
263.127
607.145
354.905
695.167
392.345
253.279
280.618
162.056
367.068
694.239
456.686
521.522
291.471
286.526
589.382
303.401
240.746
516.214
326.273
627.469
384.595
177.702
227.2
217.78
207.341
585.648
454.34
706.15
444.908
199.496
249.647
253.354
324.067
669.189
504.459
642.143
391.187
238.04
329.501
274.341
315.247
659.852
420.433
816.44
387.721
294.431
250.093
286.143
613.13
854.635
445.001
699.416
560.395
309.222
264.201
262.177
360.97
648.406
619.593
898
613.728
424.597
230.374
252.022
329.173
864.478
669.838
707.245
771.113
440.125
492.408
278.939
496.633
651.77
799.297
733.269
633.276
373.133
262.278
185.381
325.717
681.821
689.157
660.723
570.07
336.601
312.829
321.224
306.926
616.303
613.692
707.555
523.47
263.441
165.462
168.01
281.51
673.722
585.514
565.94
460.148
304.184
281.229
269.152
286.263
539.314
496.856
539.652
506.771
335.969
363.571
333.998
315.401
493.598
540.765
469.381
405.29
247.518
430.527
321.563
265.729
436.643
447.22
586.754
318.638
243.972
367.399
274.754
281.504
572.411
373.952
591.404
370.17
204.686
341.184
231.848
367.278
596.085
410.784
454.024
351.759
236.204
277.507
193.723
234.869
431.181
385.784
489.565
272.874
171.5
209.486
167.727
187.804
464.009
316.296
759.035
362.379
249.948
389.791
260.116
232.852
730.63
457.362
517.222
256.657
148.128
206.997
113.696
249.841
513.654
311.385
922.496
454.325
393.622
444.036
232.706
353.495
908.964
542.011
797.467
429.109
214.461
314.872
217.934
282.501
763.194
520.767
577.272
379.025
385.027
340.22
353.098
343.37
548.023
409.819
724.381
385.326
463.792
455.152
316.345
324.405
709.162
423.743
1151.19
535.416
227.803
158.268
148.404
511.43
1147.77
649.416
701.033
506.357
246.687
240.803
169.518
195.772
650.498
569.371
648.848
512.736
301.493
337.878
302.395
211.464
599.65
560.327
778.44
558.046
322.978
347.355
394.585
321.73
736.687
626.676
691.992
527.578
338.628
387.368
319.284
279.949
648.674
598.595
743.056
422.383
231.375
199.708
256.181
326.706
725.666
493.855
474.338
489.411
285.541
182.923
159.322
226.155
437.205
508.483
651.755
500.671
287.789
247.952
216.977
223.833
614.001
544.292
659.935
506.156
171.791
194.794
259.183
312.806
613.51
575.334
481.987
352.822
308.846
372.131
332.248
249.652
462.18
382.17
470.547
376.482
325.232
321.7
305.137
258.558
447.42
403.355
685.737
410.064
259.763
399.914
170.227
248.089
655.015
481.76
645.787
348.765
142.171
349.767
305.36
309.706
629.19
419.741
934.322
460.844
319.654
242.11
256.546
312.061
906.432
565.571
675.035
459.728
356.647
415.911
244.665
303.217
629.693
530.81
350.553
246.452
232.968
280.229
215.278
269.023
338.204
274.787
686.4
432.94
353.012
289.198
205.219
295.06
680.413
466.493
904.271
435.11
304.721
366.495
296.485
340.927
878.73
542.221
510.552
366.321
350.804
444.039
389.912
418.302
520.397
392.515
993.108
501.965
203.099
239.935
177.403
431.417
996.264
593.358
833.89
526.823
265.436
223.701
249.32
523.723
843.806
574.641
543.634
361.172
230.533
207.953
215.535
240.423
520.017
401.228
747.855
534.122
238.452
243.858
183.44
255.655
694.604
616.008
385.095
427.655
283.5
315.158
305.96
298.938
368.098
434.112
762.668
509.859
272.978
181.535
220.932
337.871
727.195
580.004
714.441
550.131
299.443
396.551
303.892
384.191
674.641
618.198
542.316
394.561
237.743
338.231
300.723
366.345
529.968
434.167
559.91
362.623
206.228
358.558
310.295
289.32
530.088
420.474
572.273
473.44
378.818
358.37
300.495
230.455
536.316
508.927
575.731
415.819
501.162
499.951
406.837
336.784
558.548
452.868
478.581
432.279
278.084
507.723
294.584
350.664
440.561
481.347
381.306
289.852
298.457
478.67
310.31
258.394
364.686
311.039
878.454
490.3
383.174
447.948
234.814
290.939
840.308
588.417
580.593
298.795
161.282
183.624
175.922
295.801
575.195
355.779
560.338
280.225
245.056
308.922
205.436
213.76
548.68
338.262
491.104
388.594
242.244
273.342
265.459
267.641
462.792
419.777
690.158
408.795
223.673
291.987
211.308
323.796
653.794
490.705
943.943
431.416
185.222
228.913
211.308
355.793
925.597
545.698
1060.33
476.501
240.057
202.096
200.434
430.312
1054.6
586.896
843.32
426.996
212.632
276.535
264.866
304.468
815.325
522.988
351.836
288.951
219.207
352.502
298.627
231.462
348.028
305.918
734.386
554.502
204.108
206.483
200.097
290.982
685.828
628.588
802.11
591.011
305.428
288.077
267.326
351.08
753.022
670.423
869.518
681.848
238.173
290.387
280.477
438.474
811.818
772.38
670.449
415.084
253.888
251.643
270.852
320.828
651.342
474.198
752.003
511.79
251.45
324.646
258.589
314.504
721.788
568.231
615
485.635
269.606
322.762
273.908
316.26
585.521
530.981
537.868
428.127
361.431
287.344
295.539
302.146
516.457
465.698
498.54
340.796
276.597
445.327
333.413
250.77
483.384
383.098
244.543
287.433
310.091
382.011
284.939
193.393
228.9
285.53
485.686
334.287
249.622
330.167
217.126
285.974
475.089
370.309
372.473
377.995
377.216
230.586
247.402
315.66
350.725
373.228
637.108
463.106
293.451
271.757
287.152
298.889
598.838
525.474
449.449
344.298
310.86
241.5
266.562
316.227
429.735
372.266
769.176
429.651
189.113
231.549
178.927
221.33
726.744
524.401
455.745
423.957
250.196
234.81
276.675
332.878
427.259
456.483
717.936
584.372
299.68
217.769
152.904
199.64
652.472
651.384
1009.61
446.264
288.358
352.78
374.155
419.722
991.344
574.035
1131.2
556.643
277.825
293.549
187.752
377.181
1094.64
695.741
698.197
329.851
198.88
339.369
182.017
188.044
666.159
415.441
568.751
366.4
326.919
314.428
372.19
365.184
573.821
381.265
893.289
522.574
319.506
375.935
266.857
382.19
859.899
618.645
801.774
512.782
199.228
170.432
148.967
284.091
759.338
594.626
825.544
657.895
329.298
381.962
306.909
306.717
767.523
735.975
586.766
355.135
300.729
286.759
242.998
229.749
565.506
404.831
762.526
550.43
297.815
371.975
297.975
366.954
722.231
629.169
647.653
438.881
262.453
266.982
276.313
359.673
625.289
499.494
724.197
590.792
266.613
178.827
192.01
322.163
679.892
644.114
454.221
424.331
360.406
467.81
360.609
382.885
429.836
447.71
662.898
551.608
301.485
370.944
305.702
314.345
619.462
611.618
645.424
645.375
309.675
248.928
244.26
335.558
586.557
684.029
680.017
537.849
270.004
266.298
185.153
243.947
632.846
598.97
584.288
495.914
194.421
136.588
173.783
304.384
536.068
555.642
784.771
608.524
353.906
239.982
169.351
271.534
728.597
675.526
599.675
444.439
273.042
380.006
222.426
278.842
559.805
502.407
588.512
416.837
189.23
145.642
132.493
269.265
560.557
470.459
733.882
360.177
238.474
448.14
283.865
294.099
722.477
435.785
872.998
561.326
332.335
376.169
385.361
393.737
827.626
641.318
1145.49
572.552
348.378
342.551
186.951
410.056
1111.36
701.716
730.881
334.399
203.657
204.404
182.328
306.449
731.471
402.292
575.368
313.116
219.524
234.327
190.741
319.456
578.376
359.772
482.477
334.618
246.757
338.762
306.086
277.55
462.643
373.423
630.31
385.819
201.691
271.094
198.248
295.606
605.624
450.529
877.176
542.919
248.718
225.156
208.958
369.583
840.045
627.593
760.842
469.712
163.426
134.95
121.377
320.407
736.625
549.384
716.382
455.146
299.896
275.167
343.291
327.213
685.983
527.256
537.004
390.502
195.658
271.844
239.347
250.083
508.707
435.571
638.144
491.749
297.855
262.582
277.441
363.974
598.394
558.828
727.038
472.594
253.789
196.828
161.023
273.668
697.504
544.656
593.483
389.837
279.284
486.105
421.773
252.964
568.735
433.202
602.602
437.581
307.495
508.457
337.562
289.23
575.68
489.267
745.032
534.976
268.863
341.057
198.864
244.897
693.933
610.647
630.242
390.38
207.291
158.98
151.793
281.709
592.285
462.865
759.063
529.982
314.751
323.876
214.888
224.962
711.94
596.056
745.412
452.375
298.027
242.623
266.643
391.197
706.908
528.146
744.432
368.118
235.668
338.675
255.834
276.458
714.797
426.971
778.216
424.52
195.965
194.43
199.101
290.92
752.326
512.329
1061.76
567.055
301.788
322.226
231.021
336.803
1025
685.143
963.606
415.012
200.319
197.666
222.447
467.266
970.922
506.193
880.211
413.327
292.452
455.463
244.994
346.427
864.56
518.756
431.596
360.232
239.352
219.034
176.728
291.837
415.818
385.388
572.228
600.668
414.513
319.484
352.12
320.102
521.321
610.155
443.002
513.36
324.393
250.634
262.499
323.447
397.127
524.136
659.227
588.094
329.647
265.436
253.054
297.581
603.913
650.932
572.749
484.325
203.83
190.439
179.787
295.492
534.856
530.083
370.506
272.055
217.445
392.326
357.863
276.951
363.298
301.97
506.434
346.069
206.289
262.563
179.574
259.327
485.361
398.396
604.479
445.904
252.848
235.281
180.714
284.261
570.315
504.963
743.461
626.205
326.009
308.57
285.103
350.272
695.777
681.855
572.709
338.692
267.935
265.411
261.753
278.82
554.7
385.474
614.031
523.561
269.029
319.151
174.817
266.528
567.412
564.158
575.309
462.64
255.806
206.115
168.894
240.379
533.3
503.604
560.838
482.103
239.964
263.123
237.925
285.056
525.344
522.614
719.846
658.295
281.312
239.975
184.049
277.673
650.022
727.021
759.965
637.974
335.045
251.598
201.598
210.505
685.545
702.791
732.262
373.804
140.733
216.788
176.736
233.967
693.984
468.252
713.069
425.261
350.401
324.933
280.458
249.427
683.844
491.36
728.9
415.46
152.676
223.414
162.363
287.601
695.423
503.292
481.463
272.068
248.65
362.656
345.728
307.346
483.193
302.507
793.647
449.96
244.44
261.902
180.825
320.271
765.411
533.843
514.99
264.722
142.894
251.88
266.815
346.336
512.804
315.456
761.843
564.207
287.148
369.437
326.868
372.073
716.41
617.157
411.758
343.048
441.159
605.361
398.013
309.608
394.627
362.412
427.575
300.477
314.067
330.279
314.591
272.407
430.674
315.218
244.127
226.387
313.823
349.483
265.536
150.23
234.503
229.987
523.613
482.582
399.998
292.021
167.183
220.506
492.172
505.035
478.808
536.473
311.662
190.01
137.098
241.981
433.135
555.911
594.202
555.879
297.043
249.658
139.169
262.063
550.673
590.163
693.469
601.576
441.051
374.622
324.437
339.94
648.936
634.864
605.596
472.152
287.608
318.576
218.732
243.71
570.028
524.456
678.792
405.728
197.705
215.925
190.198
193.729
640.215
484.049
434.626
518.282
383.03
424.626
337.633
372.411
402.832
527.19
396.444
306.111
338.634
493.599
289.558
196.98
374.666
340.565
513.659
408.828
223.975
246.469
245.933
293.569
484.604
456.207
544.961
407.335
181.579
219.828
256.761
415.888
510.565
462.907
953.645
537.645
207.993
252.236
202.542
377.026
912.792
652.707
482.92
297.201
224.101
252.375
332.09
353.652
479.935
323.859
398.228
241.799
326.68
412.899
270.388
184.968
389.995
255.983
750.299
449.212
249.131
260.171
208.289
320.644
715.015
514.218
662.074
406.304
243.002
400.424
313.585
377.631
644.795
470.421
528.943
345.57
270.968
241.061
226.872
257.483
529.686
375.541
