216.748
419.75
623.211
360.969
319.018
233.811
215.901
364.268
373.634
544.99
709.573
499.268
423.888
283.451
374.214
512.784
325.562
410.175
531.643
371.084
243.372
267.484
329.951
377.134
352.399
401.252
599.315
552.936
337.008
274.328
349.566
381.009
397.73
389.666
562.981
424.909
300.56
290.206
395.477
368.889
259.511
321.859
585.524
588.812
292.298
304.499
275.817
288.518
217.932
238.338
421.983
611.593
370.052
247.563
220.944
235.714
177.454
175.402
361.099
698.647
354.65
257.462
174.286
170.128
246.595
233.853
547.947
956.278
499.337
256.729
238.027
218.618
245.707
229.063
436.239
666.745
455.882
209.611
240.35
233.203
293.261
202.502
417.062
889.873
686.551
332.053
297.961
203.214
172.435
201.101
293.881
933.904
703.654
287.202
162.862
203.346
173.707
179.836
343.838
796.821
742.481
328.94
177.173
172.601
305.414
267.174
318.394
524.252
552.269
252.439
302.831
269.225
140.465
288.427
391.181
691.774
760.65
451.823
155.033
252.09
287.27
307.959
354.934
628.705
851.423
562.543
299.706
308.93
294.41
322.7
288.355
365.013
690.216
690.01
322.565
304.971
334.574
333.647
353.248
424.228
664.165
647.918
373.08
315.847
382.35
292.847
324.467
278.942
513.394
663.15
421.768
281.934
354.665
337.293
277.973
264.488
404.169
591.932
374.811
346.982
240.13
470.207
567.708
426.509
314.482
285.217
227.111
415.861
250.768
349.647
505.915
432.677
433.192
347.046
268.991
310.821
306.504
550.966
566.743
375.622
334.607
251.603
289.034
514.559
254.715
339.886
558.594
561.761
312.302
255.812
249.956
310.488
311.463
486.881
765.832
504.66
435.875
221.022
293.096
442.755
337.462
274.748
493.178
476.747
365.258
276.094
342.264
272.027
344.813
294.178
473.206
467.759
349.732
264.874
333.819
297.425
379.29
189.409
431.584
803.64
382.51
266.369
392.844
201.457
528.204
314.811
344.221
685.795
371.217
328.08
529.907
342.857
413.129
403.315
347.46
598.81
350.155
424.853
408.007
412.235
298.92
199.516
312.381
714.285
535.184
209.877
292.454
204.456
172.172
233.628
502.858
825.828
786.689
292.671
176.161
201.713
210.643
161.14
280.018
658.081
648.339
334.871
215.058
160.323
214.222
217.057
455.711
671.279
680.227
396.856
230.7
196.58
328.353
298.608
319.878
523.143
753.441
608.022
331.151
297.051
287.571
257.459
328.972
550.035
788.131
589.977
315.695
261.634
306.426
305.137
321.466
472.641
700.283
666.21
347.193
280.009
350.38
364.839
377.398
358.304
682.492
789.539
404.222
333.657
289.42
316.542
337.35
241.696
536.427
622.603
327.329
287.812
426.334
267.014
174.94
167.412
399.923
687.765
487.291
275.715
336.517
486.105
616.536
440.194
361.817
268.641
317.347
454.812
273.255
376.95
555.184
434.955
423.032
291.539
272.331
328.813
476.191
504.057
564.161
448.528
303.504
383.028
480.597
479.887
453.688
427.108
600.666
481.396
451.488
309.056
441.547
408.114
384.146
427.738
523.76
497.201
335.645
283.235
388.877
408.397
204.531
403.396
643.649
445.663
435.231
247.007
191.862
353.613
317.45
276.706
408.536
461.987
341.561
312.574
307.108
294.748
281.717
278.63
472.837
523.686
225.023
170.825
276.93
265.645
264.821
291.099
654.92
780.792
455.462
281.413
253.401
265.643
222.994
224.697
417.827
856.648
552.558
281.208
226.586
222.157
220.445
157.945
269.392
674.433
477.313
252.468
229.14
149.515
218.415
247.79
352.211
796.377
601.173
213.662
214.292
252.039
176.283
177.333
294.038
681.836
705.534
370.246
176.856
178.758
238.394
230.449
432.709
737.462
798.913
506.598
264.765
218.405
329.475
211.008
434.947
561.824
837.703
569.324
356.33
212.104
248.141
278.994
360.687
408.731
692.482
654.539
281.018
252.985
303.453
318.501
364.317
469.423
795.462
758.363
348.587
294.523
343.767
299.662
370.076
408.857
494.522
505.79
344.473
289.567
466.781
303.197
313.631
296.525
569.654
762.29
528.53
303.247
491.813
266.747
228.94
237.297
316.557
551.426
526.245
270.767
484.884
634
479.18
350.499
248.073
376.077
455.551
631.326
367.752
655.934
750.162
412.058
371.766
263.181
333.809
605.227
487.438
442.418
475.557
333.529
309.728
338.083
488.751
416.742
440.08
560.03
618.564
341.413
362.679
473.64
448.573
504.332
341.853
606.573
708.891
521.887
305.605
368.609
308.772
553.526
218.676
440.968
680.137
560.015
441.706
210.111
200.197
388.754
268.969
320.744
621.45
719.055
314.578
221.864
264.619
295.182
339.817
306.864
538.091
778.893
398.772
253.403
336.731
295.568
206.423
232.9
551.6
724.886
345.26
244.812
223.339
204.384
235.055
266.514
586.711
818.756
423.045
191.143
223.045
255.461
207.732
172.999
354.398
801.901
590.936
287.302
213.489
175.514
205.478
175.96
339.894
883.591
598.115
207.995
200.946
182.679
160.893
194.094
300.798
625.384
730.105
437.878
172.242
176.783
163.48
263.859
376.582
650.081
789.781
530.6
191.159
228.447
291.226
323.967
449.145
495.854
748.762
540.117
305.455
317.463
270.296
252.249
354.535
469.323
698.013
627.857
313.286
221.174
336.357
367.846
376.418
354.739
679.207
700.574
366.822
343.757
450.832
354.286
311.14
369.809
507.174
670.245
486.808
381.455
592.47
456.846
251.693
214.093
372.695
721.804
640.574
468.639
540.697
352.955
353.256
204.045
420.994
714.384
598.931
370.51
469.949
689.785
416.356
202.574
195.7
322.636
431.2
678.096
475.017
692.971
742.563
398.583
357.573
418.034
481.984
638.78
483.305
455.753
386.533
577.136
283.021
256.409
457.853
485.953
322.687
408.472
389.643
441.926
294.859
301.426
307.149
401.115
412.937
419.542
607.807
466.568
460.912
298.544
388.877
420.153
377.436
622.059
587.615
335.717
358.584
340.488
337.326
590.999
366.229
361.282
533.263
546.63
426.341
343.122
368.827
340.609
283.342
495.833
731.874
551.444
399.98
257.555
272.865
450.074
235.584
438.916
690.806
709.012
373.087
235.255
222.147
395.048
186.116
256.571
506.018
882.985
382.199
267.166
202.844
232.444
84.6289
125.437
489.712
959.979
535.454
139.726
86.2169
105.237
133.064
151.802
367.392
1034.86
626.989
216.501
137
152.293
219.96
212.705
359.444
655.06
769.326
445.414
223.229
208.267
259.04
268.692
332.76
597.129
621.84
417.818
255.885
269.916
359.657
330.856
389.931
411.409
665.525
626.665
394.007
344.12
356.08
314.562
401.132
475.397
678.709
698.233
399.929
278.878
450.877
254.82
305.498
296.779
594.719
697.535
494.012
243.974
377.942
299.719
292.35
229.19
486.54
615.958
416.544
298.913
501.842
394.143
239.821
385.764
437.316
540.583
536.679
389.156
619.051
505.778
306.085
256.396
386.095
699.362
663.476
516.505
363.546
516.442
363.072
250.103
304.261
273.796
317.032
511.506
492.072
509.439
513.918
479.539
402.799
434.488
489.224
483.857
473.712
702.581
660.463
410.899
409.508
298.915
434.823
672.968
656.36
636.666
385.294
346.418
281.266
284.844
599.931
678.486
683.879
571.834
568.768
399.015
354.782
571.475
706.33
552.623
499.795
493.057
672.813
479.013
458.799
290.536
476.969
492.387
310.2
407.612
545.944
514.131
310.826
226.205
301.789
372.173
311.796
341.9
539.998
350.553
304.204
261.148
321.608
320.302
261.304
345.448
653.951
707.903
383.691
283.08
270.218
313.752
246.506
325.312
710.669
940.646
495.8
256.284
243.905
295.537
173.044
200.893
465.842
811.791
479.598
191.871
172.701
185.66
304.778
297.274
412.462
873.213
696.545
285.466
288.823
299.489
230.283
281.522
282.972
637.571
776.325
505.339
253.871
273.818
392.919
313.998
375.932
435.266
568.652
643.263
438.495
314.962
429.681
435.707
272.17
504.792
660.463
638.164
451.068
456.093
502.359
389.447
370.937
399.707
521.247
665.734
541.582
401.267
504.562
357.94
391.693
406.441
601.269
688.411
552.105
364.542
607.315
463.914
221.637
285.524
434.875
767.257
664.625
477.595
359.473
327.368
285.088
226.76
397.453
556.251
384.709
329.375
598.5
364.293
358.263
234.086
567.895
835.59
669.543
364.945
307.807
564.806
672.539
414.21
364.17
320.022
291.147
507.295
578.869
771.42
594.948
299.106
212.439
398.622
570.091
761.886
561.678
611.644
454.404
323.369
389.481
562.067
548.904
625.571
790.852
638.983
353.209
374.603
272.441
324.897
735.305
697.704
285.028
517.971
537.677
288.699
353.256
365.969
259.639
467.262
322.272
414.6
568.288
371.45
394.385
243.91
307.61
384.506
579.032
513.257
586.371
547.622
379.865
322.312
551.009
505.185
226.557
323.412
493.584
515.207
561.115
342.752
222.997
296.269
289.502
464.197
619.442
556.714
391.973
345.061
283.094
407.089
390.939
346.915
574.834
755.663
365.992
229.963
373.402
350.726
166.076
183.635
327.868
832.56
451.257
134.562
152.52
186.62
208.354
199.615
356.726
767.873
641.89
350.35
218.014
191.905
359.996
217.539
279.794
592.88
641.469
587.489
398.723
219.023
409.615
361.404
317.537
297.01
617.249
750.08
463.148
344.278
416.446
217.965
318.975
409.767
528.776
584.452
457.721
223.467
513.141
350.929
357.87
256.491
507.393
717.991
566.856
342.961
582.226
309.251
221.778
261.267
340.277
533.403
607.547
343.684
663.116
411.751
389.368
387.312
570.1
719.677
706.103
441.023
602.712
368.211
240.72
119.495
271.452
695.572
660.245
369.308
674.24
308.104
265.209
234.973
383.147
690.689
723.951
339.858
489.773
598.221
483.012
525.512
422.325
502.844
511.204
577.118
586.432
605.116
437.011
567.807
348.654
365.778
542.22
609.991
556.89
890.089
588.105
403.22
338.613
374.316
481.034
874.646
319.022
444.063
401.433
312.134
259.915
278.795
311.422
418.538
465.686
519.07
522.576
316.687
286.591
285.54
451.792
490.384
484.019
613.355
382.229
373.254
255.635
412.357
445.572
620.468
739.535
679.16
490.078
381.95
416.319
342.311
691.484
719.413
344.139
466.694
510.655
393.553
191.47
205.933
313.178
455.306
343.061
462.119
499.303
448.393
281.077
319.491
343.296
446.688
488.28
488.604
618.497
638.124
431.634
335.656
467.686
481.988
242.603
303.196
393.406
554.87
374.497
315.666
236.458
292.869
259.204
282.267
441.86
613.543
732.985
453.06
256.543
270.728
409.742
257.831
405.117
466.89
664.396
562.937
443.194
276.901
443.296
260.761
198.404
295.861
365.357
525.641
484.246
280.155
723.668
538.508
272.606
185.912
383.356
768.286
772.454
557.616
721.739
343.798
224.587
235.291
416.102
679.897
758.563
395.217
424.526
303.895
340.319
450.094
323.961
405.218
447.771
334.734
669.616
392.997
269.442
407.529
361.125
614.693
702.588
418.394
743.335
383.805
199.351
251.554
343.11
614.48
777.929
444.82
772.706
409.652
338.658
188.406
311.225
722.642
824.901
422.05
483.484
589.38
416.92
348.836
264.329
299.658
442.264
590.118
385.089
617.78
393.28
183.833
271.448
352.476
364.918
599.33
675.185
681.268
427.86
322.481
324.42
324.487
608.34
717.306
521.49
574.86
297.129
269.234
213.745
338.537
483.002
591.632
552.167
617.662
476.602
428.939
346.265
275.327
506.247
628.769
417.844
502.629
377.543
305.054
264.642
220.062
380.688
515.117
365.324
474.03
427.281
459.466
425.487
254.84
349.564
467.46
789.21
788.397
423.865
314.752
223.625
420.205
733.41
828.868
623.574
600.666
444.865
354.315
249.069
330.92
580.917
627.603
409.818
372.245
641.203
506.48
479.745
320.03
420.016
350.784
292.386
324.977
503.073
863.646
544.137
304.498
275.231
332.271
322.2
229.08
513.305
640.103
805.508
534.893
349.37
210.032
365.755
326.857
300.058
339.505
646.24
757.047
418.472
312.63
572.751
388.353
256.123
263.369
499.387
779.091
633.305
401.493
702.753
315.981
294.055
263.542
416.336
704.596
762.675
357.98
676.722
292.015
355.709
400.223
396.379
596.99
708.418
336.408
755.872
379.363
255.38
296.627
312.457
669.857
812.766
442.485
708.056
313.144
127.604
139.064
282.359
612.861
742.023
373.878
601.69
323.859
254.444
213.705
262.251
535.047
655.551
335.858
670.17
324.269
196.01
171.189
205.18
507.331
714.225
364.739
878.783
686.905
360.112
300.359
230.202
328.668
821.521
764.924
777.095
750.593
426.335
253.018
237.57
303.512
708.338
784.278
617.015
602.841
391.781
394.752
246.593
279.962
573.37
632.123
617.444
613.581
320.324
316.119
327.539
570.08
588.669
651.923
590.359
698.513
519.721
339.833
403.668
406.475
540.404
705.401
585.092
681.599
445.71
335.509
264.623
454.35
552.307
690.912
563.526
681.062
467.973
281.719
285.074
289.405
497.292
688.276
579.679
716.117
471.423
320.32
354.711
525.037
548.592
724.361
570.295
758.539
585.568
413.602
250.796
371.013
515.158
759.007
400.862
376.565
526.49
652.254
357.707
251.717
381.242
380.087
169.879
271.476
534.706
716.596
407.772
201.501
166.965
244.204
401.517
294.302
239.009
372.01
500.342
552.702
437.116
302.343
542.454
311.693
253.02
270.857
397.142
590.789
580.328
341.766
589.408
341.615
284.398
324.96
420.627
678.715
637.654
361.485
624.369
340.381
238.889
230.998
407.865
715.822
683.527
371.214
572.078
426.264
285.676
332.597
449.345
670.26
620.013
443.915
498.271
241.062
225.656
240.119
352.883
580.429
542.395
262.535
810.209
354.988
201.298
180.129
234.77
612.355
844.035
403.972
742.546
352.632
211.049
242.777
324.635
616.911
787.177
412.958
843.574
443.913
201.389
203.735
287.158
579.846
863.892
510.154
906.52
813.851
366.954
255.314
237.723
362.448
827.019
897.437
775.485
634.957
377.209
523.375
484.495
619.194
746.134
710.114
805.102
714.999
280.319
305.059
249.69
523.195
744.912
792.592
692.937
764.162
532.714
281.113
430.234
478.02
643.354
771.296
590.455
845.159
535.022
247.42
204.237
422.334
527.534
839.482
787.182
737.931
371.779
346.301
273.517
406.424
721.855
798.805
628.603
774.464
400.684
286.663
251.634
455.496
569.558
793.332
651.226
771.265
492.892
272.144
318.121
409.684
586.367
787.709
607.851
687.201
577.468
364.73
264.863
306.289
553.145
687.412
532.91
657.222
385.588
269.389
250.571
357.335
481.653
668.389
377.917
401.299
302.093
298.578
211.418
329.551
358.764
418.187
393.731
431.807
386.657
400.615
406.55
518.592
410.168
436.978
643.979
526.272
324.36
279.095
395.58
769.977
703.152
534.521
659.645
430.76
293.454
262.564
303.677
542.251
681.706
451.762
867.951
375.729
216.146
160.54
270.549
574.694
888.805
463.621
577.406
394.102
229.709
222.297
238.952
470.57
604.808
407.922
730.368
349.86
183.259
213.61
295.882
593.54
774.409
414.967
854.987
445.836
238.74
131.902
297.803
737.452
893.454
494.467
769.495
340.616
153.737
170.683
332.564
668.246
817.65
405.848
792.718
379.203
199.769
129.828
258.232
625.325
826.772
429.498
702.089
672.981
382.507
398.67
366.116
357.128
635.972
723.046
580.286
615.539
338.736
245.91
279.241
359.066
533.085
639.178
779.282
642.871
348.172
429.997
304.033
254.378
711.26
715.258
877.909
683.665
321.727
266.369
202.75
401.317
831.608
753.07
850.199
680.653
424.234
393.448
307.282
353.725
808.276
735.7
858.309
715.631
325.611
261.834
335.279
392.153
800.988
788.591
897.524
767.772
358.533
231.943
259.208
385.275
834.207
826.24
862.497
716.039
416.578
276.28
233.965
385.889
808.363
779.146
975.25
733.758
326.782
239.29
212.512
394.238
922.164
827.588
914.038
662.715
271.19
205.995
192.917
320.746
856.244
735.962
812.999
423.146
323.062
282.498
190.317
425.467
827.391
475.329
583.209
354.244
191.818
163.638
270.89
586.44
621.526
377.979
453.656
467.236
348.987
300.973
287.387
450.9
473.183
457.67
754.802
406.321
310.398
292.063
308.073
533.182
778.484
466.495
809.432
441.88
322.315
324.316
298.548
516.85
829.498
512.449
735.739
315.114
188.998
250.374
245.43
551.41
762.316
374.171
896.991
418.144
181.736
222.59
224.576
599.011
927.973
497.248
743.419
305.3
148.253
154.425
189.701
516.211
771.172
373.41
933.714
395.66
156.91
157.408
244.84
558.278
948.241
496.276
744.261
358.587
256.262
229.018
246.167
514.933
765.111
425.071
773.155
762.414
387.51
247.22
262.844
438.962
713.409
813.415
1001.04
883.99
467.351
360.97
287.19
364.566
916.651
944.644
1018.66
660.434
416.85
349.588
356.86
491.138
995.534
742.052
1151.38
738.702
268.911
294.481
204.982
339.225
1076.63
869.257
987.94
650.28
238.262
172.47
211.425
366.178
932.556
759.329
898.614
605.396
353.736
311.882
220.971
346.627
860.734
687.752
1030
690.175
211.194
122.463
138.286
421.287
987.831
796.571
640.606
528.904
334.239
385.307
262.391
302.761
606.511
571.202
618.082
430.414
225.817
270.425
209.933
245.286
592.014
475.945
857.125
606.421
283.369
292.929
239.724
342.546
817.294
688.251
897.951
392.066
244.45
300.232
262.617
342.691
884.473
496.574
733.312
424.24
170.298
231.45
229.352
403.852
730.46
495.211
788.613
407.928
268.415
317.61
214.868
457.269
793.41
490.511
716.22
352.96
186.415
231.211
198.422
399.445
721.578
425.805
451.936
241.781
199.539
286.564
256.932
325.021
456.875
283.194
707.728
395.96
275.373
219.081
264.637
484.488
720.706
456.391
736.791
313.687
213.988
292.7
289.334
402.253
737.996
389.494
823.945
391.976
118.15
155.959
188.527
476.091
833.776
479.233
708.998
268.412
176.699
265.619
251.473
489.693
730.742
342.364
912.994
497.18
272.432
212.584
307.34
365.794
885.962
594.066
690.226
641.905
327.948
402.949
364.558
413.853
641.018
687.876
647.561
811.204
546.584
559.995
391.112
345.992
586.898
822.408
844.725
635.267
311.568
266.824
346.313
323.795
769.901
728.572
941.535
635.175
209.443
139.274
164.538
387.342
899.639
732.504
1018.69
630.697
261.898
130.458
160.529
353.621
969.611
730.09
1022.94
689.332
227.733
142.558
140.324
419.026
982.451
793.487
823.436
554.961
222.216
147.811
146.149
362.327
795.776
623.177
819.61
433.889
271.106
220.02
186.005
324.838
798.035
518.423
779.94
488.973
191.965
234.104
207.803
346.035
750.085
574.232
627.81
365.839
187.773
273.257
212.246
298.957
619.798
429.155
804.255
359.111
222.612
268.573
209.299
330.228
788.569
458.259
648.529
374.855
250.776
462.293
302.28
359.34
643.707
437.459
674.583
335.581
137.028
136.754
121.991
354.647
675.182
407.519
811.07
426.072
183.751
279.167
244.114
476.353
816.444
508.442
553.653
370.428
266.651
198.908
107.779
247.067
539.88
414.613
668.28
319.053
154.561
124.646
112.325
316.142
663.019
386.533
719.287
386.326
177.968
155.14
184.399
401.794
723.059
457.842
738.832
347.92
228.095
339.309
271.656
400.226
740.11
425.369
820.68
372.149
188.013
214.544
176.645
485.554
841.387
454.703
605.903
398.873
273.77
315.643
328.819
476.151
644.089
432.832
1082.46
707.742
432.462
362.174
423.482
406.454
1012.18
817.524
867.4
592.528
249.659
175.232
149.294
368.122
821.99
683.448
976.021
669.506
269.872
364.232
342.613
383.552
924.99
773.351
1135.33
683.932
236.409
280.73
180.603
363.499
1074.94
808.581
1011.98
647.046
251.45
264.598
248.843
489.807
986.266
745.78
710.37
490.919
205.013
152.921
161.216
294.444
679.017
554.667
609.251
428.012
234.875
220.895
185.282
305.309
589.943
477.121
716.376
367.964
191.228
169.193
186.099
374.064
711.676
439.05
767.882
381.839
227.835
251.792
228.611
407.238
768.04
452.863
773.006
473.232
187.401
341.692
211.583
297.453
741.812
556.572
782.346
425.437
180.782
243.484
198.58
274.475
755.512
505.801
606.796
339.009
278.168
418.416
269.533
378.875
615.252
390.853
754.204
415.071
165.43
295.05
268.008
387.682
745.69
495.695
719.89
383.538
159.699
228.002
158.411
379.203
720.625
457.181
696.324
355.296
178.749
160.927
188.491
457.666
717.287
414.067
643.692
321.131
163.308
209.117
138.393
207.309
621.516
398.606
676.332
401.894
262.542
312.814
258.389
329.174
662.603
472.575
585.442
263.13
139.563
152.224
173.901
319.524
585.344
330.337
658.69
294.017
190.594
337.083
216.093
431.311
680.629
359.572
888.037
507.582
298.944
319.031
263.745
480.267
904.547
554.341
1174.98
690.486
256.886
309.773
302.815
388.366
1118.61
817.035
1117.85
624.025
229.134
210.652
195.946
370.113
1072.09
748.592
988.317
641.914
258.345
213.076
215.319
451.105
958.998
740.294
1287.53
687.768
283.377
458.524
256.779
402.477
1232.89
844.614
986.957
570.033
336.533
318.619
272.348
548.89
978.203
661.859
388.286
403.219
301.387
234.602
309.282
384.743
395.954
401.803
514.388
299.982
189.181
235.856
214.882
360.611
519.461
342.117
475.058
271.677
202.507
328.934
287.787
376.518
486.919
306.735
769.298
346.19
200.574
342.192
245.868
322.192
758.637
433.821
721.383
419.851
229.079
271.404
211.938
342.774
708.068
487.13
699.016
347.385
224.266
182.795
132.085
274.889
686.503
418.169
613.168
380.422
148.637
203.653
233.914
328.272
597.228
440.401
615.852
361.19
178.107
199.821
227.577
304.801
598.133
423.666
819.519
441.782
135.346
195.903
189.692
399.897
809.508
531.228
644.528
353.602
138.572
192.038
133.166
351.639
645.57
418.887
445.387
225.567
182.693
284.971
172.032
226.63
437.265
274.617
514.649
257.617
292.37
315.063
205.104
235.966
514.809
296.359
689.505
327.332
192.389
149.304
269.86
542.601
725.951
381.311
283.905
171.69
136.766
246.925
153.393
134
276.641
195.208
524.065
306.136
161.116
172.038
128.645
351.061
540.372
334.519
1282.61
782.934
252.395
188.214
197.854
445.294
1205.47
935.455
685.99
464.094
224.709
227.433
168.908
319.576
655.563
532.17
695.787
417.292
338.667
428.972
429.666
335.378
680.189
464.322
763.085
349.94
249.156
347.38
287.704
368.035
754.46
428.102
839.853
497.57
132.144
146.946
150.476
422.7
828.104
584.551
834.979
459.576
164.427
137.314
136.584
371.463
819.32
548.185
552.667
381.755
226.692
208.204
210.047
292.491
539.916
426.345
632.833
361.477
130.877
156.61
198.442
397.404
630.979
423.58
851.353
429.28
266.868
343.431
223.18
325.881
823.209
531.04
563.032
316.135
194.871
151.078
179.115
320.745
558.515
372.734
595.945
310.574
142.784
151.442
115.419
197.119
569.214
385.286
505.374
393.58
243.541
272.168
198.97
262.731
480.097
431.678
611.547
397.78
246.265
209.517
238.629
303.307
590.593
456.699
756.293
461.703
191.568
265.463
208.756
262.155
720.536
546.842
580.302
413.124
317.961
445.418
276.244
291.068
558.614
455.036
641.2
388.412
164.112
119.133
108.385
241.702
618.705
453.03
824.65
381.758
149.985
312.64
236.869
292.169
807.248
476.223
1065.65
462.999
188.645
234.602
190.68
386.497
1047.47
595.152
582.307
292.113
207.94
187.616
280.06
474.169
612.544
334.135
657.585
328.754
200.069
175.878
184.368
361.747
662.517
393.103
917.643
620.894
204.811
196.745
203.507
390.403
864.29
722.134
942.762
446.06
268.29
236.313
181.626
406.74
933.293
543.93
761.228
412.742
240.042
314.221
228.163
480.002
776.348
467.425
1123.2
512.784
154.192
201.337
243.331
426.397
1098.8
652.084
1029.4
591.298
258.036
371.549
225.734
501.631
1013.72
702.19
716.339
382.524
163.541
326.277
230.87
356.523
709.095
458.597
637.543
387.864
233.358
185.489
228.621
356.775
629.138
441.874
548.031
383.762
233.215
232.125
208.957
285.933
531.469
424.939
763.591
400.477
147.888
254.858
225.63
387.277
757.542
483.847
588.357
338.655
138.363
192.346
116.67
300.378
582.4
400.104
336.855
211.919
154.249
165.48
145.334
240.087
347.02
225.598
706.962
437.418
297.743
219.09
169.078
354.897
697.477
499.421
592.844
383.314
208.444
371.588
213.03
256.219
570.007
445.155
598.731
388.15
236.019
265.126
257.291
314.831
576.016
444.211
480.53
254.425
170.033
238.658
181.52
254.221
472.604
304.922
582.105
373.081
277.469
286.789
340.948
311.898
566.235
427.409
578.756
362.447
226.588
293.499
247.359
253.174
549.191
414.577
785.362
467.464
150.027
285.714
181.391
278.904
744.662
555.212
603.038
248.708
176.329
224.531
248.824
443.457
627.297
307.64
819.841
339.203
196.674
198.604
178.69
345.613
814.464
438.916
918.373
585.724
196.918
237.479
157.74
399.337
883.836
683.63
1088.74
492.21
225.79
220.904
261.654
461.984
1070.67
624.431
1204.13
467.306
122.606
179.66
190.26
529.374
1199.67
618.82
1253.52
524.015
285.108
291.651
234.257
509.264
1244.92
666.511
911.93
500.821
258.594
299.359
322.776
554.258
921.274
584.774
767.694
439.635
293.079
285.37
164.003
399.894
762.554
505.867
632.945
325.277
341.916
382.245
216.918
363.74
643.415
367.254
596.726
317.966
220.2
255.027
355.107
455.401
615.295
361.815
623.725
301.664
118.877
88.802
134.484
417.033
645.8
354.171
548.067
317.954
307.47
277.438
294.826
330.211
543.173
357.964
411.452
310.059
168.601
218.35
184.635
218.508
391.428
342.351
373.331
342.435
194.928
124.661
125.073
189.549
344.925
367.397
244.707
289.894
228.751
212.082
221.313
243.306
235.771
276.191
454.1
441.813
238.233
231.671
218.388
302.044
420.259
472.334
470.283
353.67
200.152
255.691
197.837
209.366
442.634
400.755
560.739
365.443
181.836
172.904
162.237
194.54
530.941
418.224
507.26
317.462
133.194
128.618
134.04
201.208
482.717
371.423
515.024
361.88
257.082
326.932
298.667
328.228
510.374
395.164
493.806
225.639
157.706
197.141
178.618
333.73
507.547
269.582
680.641
311.038
127.148
122.241
174.925
412.086
696.98
380.154
739.818
354.484
261.733
258.835
185.506
414.959
752.128
402.237
757.291
400.182
199.396
204.655
181.708
411.024
762.563
468.744
875.197
454.18
195.112
244.98
232.038
320.045
849.053
555.503
937.601
424.846
166.812
220.289
190.048
429.041
926.424
532.549
656.174
327.912
212.097
379.716
277.09
419.609
669.224
378.031
779.639
405.247
182.924
289.715
179.667
429.802
778.519
487.257
735.6
430.593
293.2
322.014
311.526
472.932
753.626
479.855
688.422
318.803
222.328
243.016
299.239
532.416
708.872
375.759
356.408
188.351
165.64
322.574
229.314
318.164
375.529
212.144
631.291
374.578
201.492
207.455
150.953
268.181
614.318
437.803
814.578
511.731
226.051
234.15
195.619
354.096
786.335
599.209
696.467
460.529
187.391
193.156
172.949
310.869
673.22
530.46
573.358
512.884
267.962
299.258
305.436
295.113
529.744
561
509.283
407.076
196.945
143.365
160.592
235.511
484.135
441.285
565.659
473.729
279.525
213.059
164.455
247.605
533.539
508.593
798.034
542.625
175.63
111.178
124.339
240.349
739.562
629.088
739.749
407.663
207.753
302.409
198.905
297.438
717.252
484.779
893.425
543.415
265.893
332.867
246.992
374.799
851.47
642.308
729.916
398.288
135.859
201.035
131.779
345.082
720.182
478.401
804.562
384.267
136.493
214.205
132.151
331.236
795.624
472.201
