350.543
677.996
685.389
336.104
306.478
337.591
319.853
622.447
312.216
484.229
589.182
392.465
376.981
239.652
310.351
454.397
308.735
475.125
643.569
415.067
307.295
228.197
282.464
447.383
273.796
317.096
463.255
460.554
231.538
257.428
289.842
298.611
265.929
340.263
431.141
589.423
458.136
262.216
267.468
322.408
208.275
354.347
704.195
733.781
432.384
187.311
198.214
308.68
199.434
215.438
384.031
498.563
266.887
224.345
206.858
198.937
179.192
276.639
445.535
669.924
368.814
218.643
170.229
264.769
350.679
367.411
410.203
641.602
331.348
251.76
338.13
355.602
214.444
308.326
477.526
898.893
449.614
221.008
201.67
284.88
300.235
299.255
370.251
792.969
440.733
285.769
310.695
287.65
365.337
234.846
285.752
694.327
583.708
243.562
357.757
268.848
207.698
272.432
357.094
834.874
704.053
320.283
196.369
264.33
145.239
176.152
376.781
868.41
779.636
360.495
154.443
161.473
161.965
206.033
439.231
653.393
814.596
434.605
166.966
173.557
258.238
275.736
334.001
543.857
793.248
619.747
283.05
251.337
323.312
266.965
410.564
442.17
597.778
485.221
348.272
269.21
391.536
360.447
309.119
222.987
502.861
615.61
400.89
362.97
321.82
336.113
261.553
167.163
437.69
564.685
339.389
331.304
377.586
331.74
406.348
297.105
350.099
484.999
386.667
345.494
378.842
543.586
493.907
323.429
313.05
318.182
351.568
520.547
272.734
456.653
608.451
384.324
235.055
278.789
269.137
397.834
455.423
415.914
430.246
215.978
249.721
311.064
444.637
426.964
318.201
319.994
579.761
419.621
369.073
267.924
317.186
299.894
264.288
324.448
572.209
588.333
439.656
266.996
263.951
305.645
248.556
356.519
687.818
668.485
351.831
244.441
238.525
320.264
323.263
346.87
642.389
728.562
326.107
228.292
303.982
337.748
246.427
246.092
587.975
897.914
439.96
325.719
258.404
227.795
537.315
316.233
411.735
779.456
487.894
316.302
536.244
356.1
284.009
294.341
464.374
975.251
482.484
264.788
281
303.636
332.15
299.44
333.602
854.765
591.752
300.112
313.671
326.924
164.368
206.34
347.076
769.051
654.119
267.331
163.067
202.818
190.619
165.791
281.603
640.821
538
270.213
198.605
166.203
232.354
221.129
315.554
556.793
692.871
415.007
242.733
228.074
255.244
261.697
278.104
565.321
748.77
562.998
278.166
245.303
299.366
271.815
414.795
602.772
799.252
576.757
335.105
259.693
357.894
335.358
437.837
476.396
776.593
702.197
390.869
321.617
440.784
272.968
346.704
426.542
625.235
676.767
484.677
273.772
399.438
289.598
354.105
388.609
535.676
650.636
441.52
271.375
391.823
373.015
354.801
246.698
508.605
678.448
435.491
372.957
184.056
220.267
428.566
439.303
410.521
243.268
185.746
204.722
218.874
485.132
628.255
405.095
387.958
415.555
210.683
424.791
386.562
452.929
502.275
641.911
394.962
301.919
385.042
420.491
361.516
459.606
646.168
526.863
437.701
262.893
356.245
414.301
421.214
430.453
538.867
463.694
420.148
297.049
417.516
403.808
327.173
349.036
628.018
570.061
415.958
251.263
332.58
322.435
415.391
303.666
350.675
568.08
300.974
282.021
413.791
322.556
354.38
191.794
244.9
418.306
231.202
219.977
353.412
222.59
265.966
270.745
535.389
785.338
475.251
221.827
246.05
276.885
363.873
366.942
478.197
1118.14
580.415
309.066
346.369
375.938
198.316
240.269
424.385
951.389
622.196
162.281
180.275
226.742
231.762
283.437
533.185
687.07
713.405
361.258
234.858
253.71
219.801
218.479
394.466
793.67
811.965
450.719
242.209
197.547
220.512
192.375
364.307
595.89
782.573
429.914
220.526
182.659
296.881
342.625
382.999
518.289
752.321
642.841
335.412
310.837
395.816
302.351
363.315
505.209
797.927
734.575
450.516
310.207
338.545
306.741
317.934
433.228
728.398
705.722
378.747
296.114
471.041
367.92
305.775
368.135
655.964
742.412
524.435
365.912
502.548
321.871
298.396
291.153
563.81
676.982
543.735
319.327
465.463
377.537
221.365
182.303
469.49
737.535
497.435
390.498
503.475
690.077
611.378
458.293
315.908
426.113
487.436
676.289
348.311
555.785
681.483
425.223
435.001
427.92
351.715
487.444
398.622
451.013
622.71
466.441
427.353
319.569
407.169
430.697
386.79
477.979
590.214
435.299
397.516
395.531
358.788
452.279
413.293
506.49
606.562
450.832
268.139
319.889
395.076
475.368
247.587
411.86
611.317
529.693
435.835
304.104
246.851
378.587
183.358
278.204
526.488
748.948
334.86
272.168
178.226
240.584
340.958
316.316
464.041
582.506
441.284
299.791
347.773
303.283
325.52
226.334
523.979
727.109
366.844
241.345
326.73
242.653
185.107
235.541
471.287
1120.6
570.595
217.625
186.949
228.561
268.095
161.797
410.47
1098.35
636.591
209.933
263.27
183.653
247.248
184.483
271.506
748.786
547.619
187.713
238.282
202.571
174.866
176.525
300.086
582.873
659.15
424.485
195.063
173.305
233.566
257.458
475.482
594.388
796.558
548.73
263.69
227.017
215.84
251.068
379.817
512.695
693.322
518.53
245.364
229.954
244.081
285.53
441.47
510.496
736.401
604.958
280.839
250.067
314.638
297.577
393.718
488.854
817.164
787.8
369.842
258.775
366.448
257.996
286.419
293.197
455.249
577.932
404.861
262.941
543.233
438.919
331.786
364.419
614.469
787.128
600.77
456.689
438.463
349.209
294.445
207.441
345.656
520.244
469.84
370.538
422.227
727.444
583.913
285.853
340.007
373.795
394.084
689.98
403.373
698.75
762.416
449.24
422.272
423.081
401.917
628.825
429.779
492.922
465.519
353.428
261.568
247.713
394.425
497.934
248.167
360.702
477.226
376.152
327.013
355.464
246.826
333.143
279.592
421.049
669.727
561.735
376.055
313.553
262.181
384.366
319.926
430.394
516.594
353.228
348.363
406.873
314.23
379.428
350.314
453.35
580.5
674.712
292.798
320.067
356.627
418.884
374.349
503.969
717.41
740.76
508.132
274.06
335.362
482.357
265.537
314.362
538.183
509.574
288.808
206.566
258.256
288.231
232.136
214.877
501.808
774.489
451.626
264.185
237.886
208.126
119.082
126.411
415.755
930.854
484.235
141.448
121.288
113.046
211.631
151.142
423.742
934.582
712.567
248.051
216.272
148.828
233.385
205.732
222.218
551.153
629.294
415.155
235.454
211.899
241.657
250.666
353.191
783.55
829.439
510.673
266.414
241.662
319.7
295.813
417.318
572.27
756.897
596.641
351.442
277.865
315.674
266.576
373.644
538.38
720.307
594.917
354.11
265.133
243.268
374.282
364.973
402.163
632.643
679.058
284.84
322.534
429.193
308.024
295.727
415.781
567.852
663.899
476.823
320.902
450.049
360.37
241.509
334.563
352.386
543.913
481.374
387.134
637.456
316.094
257.666
254.232
435.112
758.21
693.024
333.13
320.357
512.981
467.1
315.334
287.614
289.244
303.282
473.405
611.732
781.166
506.221
277.033
269.567
433.401
597.65
788.547
422.446
519.351
456.338
688.12
409.874
264.234
385.409
528.206
445.88
704.583
542.457
384.164
295.015
356.165
417.278
681.923
367.696
429.58
587.994
478.577
351.949
290.548
362.735
401.009
425.935
334.551
476.857
503.936
338.476
286.737
430.594
326.224
373.193
470.086
640.281
534.323
328.823
306.836
357.969
435.962
378.114
529.105
537.616
473.549
281.145
367.713
364.72
510.559
306.257
337.822
679.079
807.663
487.111
313.016
322.498
308.094
138.27
283.872
611.896
962.459
462.189
238.853
140.078
245.235
194.787
181.238
505.423
866.481
509.773
191.483
195.926
173.29
211.62
263.375
309.293
849.092
566.368
252.296
207.958
258.43
196.907
224.768
432.135
700.12
755.813
375.551
194.235
203.024
233.092
271.812
244.003
380.026
584.396
567.095
258.863
248.849
399.234
221.316
336.811
395.599
616.293
613.337
442.566
227.215
365.941
334.429
504.323
504.619
650.61
608.475
407.779
330.846
509.156
341.785
343.752
399.623
568.416
681.364
562.718
355.018
522.206
473.049
297.177
331.903
475.717
669.895
564.62
489.487
522.933
405.236
337.814
408.637
650.609
541.604
532.13
411.481
564.299
347.238
331.175
209.046
481.502
705.716
615.939
359.189
661.118
500.681
361.314
213.185
278.361
372.991
649.575
507.414
511.973
551.013
450.077
351.28
281.317
286.266
490.249
550.073
650.472
726.672
493.286
240.538
329.076
503.863
603.178
742.25
374.426
574.471
539.932
336.124
318.749
235.191
349.889
545.402
481.73
564.788
708.939
559.427
516.439
598.492
501.209
526.821
388.682
428.959
604.886
564.53
473.295
357.108
377.783
420.823
370.203
520.555
716.779
746.051
443.362
303.703
336.995
485.662
366.11
420.545
614.269
486.446
478.826
331.498
361.467
400.252
329.939
414.913
632.517
729.528
431.085
261.025
309.301
393.594
252.148
354.504
638.963
854.706
428.665
193.801
234.253
340.45
168.163
185.931
401.66
805.596
546.026
173.218
173.783
176.514
171.427
150.648
480.81
976.303
671.271
253.451
172.59
144.209
253.012
220.254
291.943
507.607
689.291
610.392
289.956
204.914
338.661
310.753
339.755
228.181
465.468
626.568
383.287
288.556
435.329
342.909
287.007
599.868
669.772
592.649
468.293
354.949
696.514
372.012
319.952
250.101
612.85
850.747
752.765
386.209
363.036
256.83
276.899
320.34
586.668
689.776
415.974
234.24
651.294
265.716
237.205
252.34
404.688
657.672
703.008
313.686
545.563
339.214
348.919
341.261
374.347
682.389
604.46
339.534
701.675
497.448
250.805
203.488
372.219
810.202
762.744
509.682
471.818
683.12
706.794
363.017
474.834
587.637
468.378
633.169
597.915
650.771
464.311
340.16
199.479
441.562
606.107
629.951
480.671
800.216
699.178
256.064
497.869
570.543
465.732
750.072
467.838
559.843
433.34
291.845
276.16
409.687
455.202
563.258
317.761
437.25
436.36
370.418
253.111
277.012
313.939
410.25
438.333
655.576
580.264
474.558
405.108
372.773
391.522
629.108
338.875
533.708
456.907
272.632
308.193
289.932
322.662
505.649
255.981
384.837
599.617
519.504
405.749
322.57
245.594
335.513
254.244
471.867
661.252
674.419
385.043
307.501
236.28
425.773
359.832
353.232
556.289
757.562
399.219
337.467
378.942
338.296
205.005
220.219
310.887
487.605
344.574
201.467
201.434
214.601
249.436
216.165
299.904
612.779
601.928
408.48
267.45
219.92
375.344
301.373
482.722
626.78
677.052
602.38
417.349
303.188
425.798
253.833
302.12
279.285
581.555
708.974
476.781
257.105
467.355
313.314
330.2
292.963
531.664
749.979
529.785
306.699
541.166
471.417
318.545
289.017
457.431
787.042
601.673
482.036
608.722
336.834
190.345
272.362
262.414
575.328
652.481
377.41
611.131
366.629
320.566
378.447
483.403
619.208
644.537
401.399
676.951
401.193
247.273
358.387
345.666
656.096
734.405
445.413
556.548
359.099
277.03
315.047
375.262
671.636
612.586
379.156
351.518
556.361
517.398
366.66
263.184
292.499
340.41
522.05
440.965
619.454
376.33
540.846
415.026
326.04
378.762
622.38
556.659
818.89
555.11
443.732
311.897
427.561
498.74
808.122
273.705
452.425
467.133
243.183
371.734
465.14
260.649
403.545
563.679
674.515
459.718
346.427
293.041
441.63
524.723
685.924
377.056
574.905
370.139
339.846
266.684
357.403
348.12
564.462
478.01
565.948
551.193
462.702
370.163
348.293
466.675
550.814
733.38
559.068
363.554
354.847
287.024
327.92
700.705
616.975
496.755
614.519
562.223
399.994
340.538
492.204
486.862
616.809
413.872
454.58
684.299
633.625
447.173
302.712
385.639
447.564
344.397
318.887
455.006
792.448
525.006
332.301
350.214
330.349
232.318
237.674
480.359
599.484
749.289
447.693
241.05
216.481
359.449
337.922
393.751
557.816
664.918
602.92
394.888
335.856
474.356
308.807
252.961
266.96
499.338
719.528
531.904
310.632
657.634
412.135
345.631
356.928
483.632
709.212
701.698
428.735
712.094
409.942
268.149
279.82
333.8
681.351
769.022
452.207
457.459
308.907
356.083
482.984
403.964
490.385
479.529
335.256
809.991
387.446
158.965
304.464
274.109
575.307
840.395
459.01
442.381
362.418
280.802
339.259
359.528
570.895
489.724
366.518
711.264
314.678
204.12
313.309
327.121
695.825
776.156
363.886
687.504
790.512
435.55
320.454
210.094
478.823
632.595
815.095
869.575
687.397
335.117
211.932
204.437
326.95
816.806
761.567
543.515
596.807
344.793
398.382
312.834
352.137
497.096
629.386
516.343
643.848
333.943
296.56
274.023
366.328
463.159
646.155
454.766
525.241
458.96
397.406
443.134
282.533
418.984
531.86
420.978
527.957
508.573
480.176
383.038
323.03
380.217
520.855
560.098
589.544
397.212
468.395
294.726
235.507
502.979
607.556
649.856
811.568
605.749
333.349
210.318
325.104
582.945
822.326
452.797
566.807
471.71
408.572
253.063
243.756
408.043
570.087
368.844
317.202
484.899
484.504
337.38
302.806
369.419
307.343
234.21
247.238
549.621
965.864
605.824
249.871
235.793
240.778
263.764
211.209
320.614
601.228
761.977
587.466
303.849
203.247
593.133
350.623
287.573
349.188
465.07
638.542
631.665
379.284
693.569
324.501
290.967
285.273
476.547
675.781
733.353
373.517
635.496
426.14
254.944
235.741
357.799
658.659
679.033
438.645
571.666
278.771
192.68
317.484
264.057
482.136
613.102
315.831
686.004
291.67
287.259
316.625
340.155
592.16
718.484
340.037
659.409
310.992
173.241
202.543
338.745
614.512
711.495
362.747
622.262
377.53
187.996
158.45
192.602
554.827
663.585
418.586
897.473
330.693
144.75
155.386
169.664
492.239
926.388
423.102
728.774
913.186
525.553
226.679
267.114
576.782
667.984
926.595
567.879
630.241
339.945
292.531
234.096
411.296
527.941
648.771
695.26
656.315
335.003
193.512
225.386
304.064
634.2
711.418
575.219
571.775
327.178
240.762
370.114
531.024
555.541
590.449
575.953
667.706
399.459
308.908
210.943
310.796
513.87
692.013
574.15
693.53
412.823
387.393
325.376
509.738
542.556
709.304
683.36
777.526
516.182
248.364
291.648
410.319
616.458
808.854
706.441
530.736
406.717
263.849
354.702
377.695
684.231
570.709
532.535
716.058
518.492
317.41
273.349
417.643
489.749
711.453
492.559
401.854
349.952
440.251
232.814
226.415
460.458
440.797
259.661
310.433
449.215
567.964
319.365
253.161
273.233
295.557
555.557
378.619
288.383
420.644
389.39
408.006
541.471
420.873
602.431
295.527
225.693
255.221
354.344
588.367
639.329
338.876
725.29
325.449
259.756
309.297
311.098
561.375
764.992
388.719
735.077
335.019
259.984
221.278
289.967
649.489
788.838
381.724
687.159
309.747
223.256
212.91
315.184
547.159
722.228
370.373
612.24
324.041
260.855
212.572
279.74
552.128
641.26
354.435
796.973
346.672
256.538
187.997
324.736
683.26
849.886
405.718
560.681
425.805
256.968
306.204
328.393
619.215
603.473
438.38
736.73
344.459
221.554
245.5
327.815
638.407
784.502
399.383
664.638
787.437
431.484
405.466
313.872
372.357
592.545
811.537
744.786
630.363
284.031
226.624
236.933
371.148
703.484
680.148
773.579
694.253
343.992
334.387
213.694
272.177
703.079
764.019
760.19
815.603
487.744
338.322
281.569
394.901
692.734
847.305
618.804
673.162
463.793
241.066
303.686
360.418
571.525
685.121
678.45
810.595
504.055
297.205
262.147
360.178
608.444
821.757
798.694
807.743
520.649
366.311
305.702
312.505
723.496
858.898
733.024
729.413
365.345
188.278
229.654
414.995
681.641
764.344
638.72
714.743
357.408
250.478
239.136
466.492
588.268
740.685
712.324
677.007
381.613
275.695
208.513
272.955
647.289
730.648
516.739
314.048
360.325
338.114
292
333.173
523.978
326.477
637.546
286.066
212.263
236.883
451.4
651.122
679.408
334.29
798.201
410.992
264.949
122.419
344.66
565.293
814.573
475.409
742.108
400.393
318.178
362.525
306.238
512.468
758.935
465.073
839.035
398.989
268.971
249.71
245.49
479.199
852.168
463.226
487.323
232.327
226.773
306.886
325.068
417.578
508.326
267.71
789.825
296.521
269.676
345.065
403.29
592.621
816.692
373.864
650.206
309.426
295.875
262.615
381.672
584.15
684.561
346.994
927.786
382.851
236.173
275.963
352.976
624.103
945.887
487.164
915.453
377.874
180.334
132.295
247.649
664.538
956.923
468.406
685.185
491.253
243.932
381.497
324.753
316.888
637.304
561.336
868.828
584.967
239.062
251.824
232.808
374.554
834.122
667.592
840.802
716.97
315.632
389.584
237.15
367.201
780.667
792.249
991.962
765.574
320.574
257.226
275.466
416.848
929.826
856.409
949.3
744.617
247.861
202.922
183.271
354.392
882.389
842.808
695.958
754.873
380.534
344.679
301.215
492.27
641.229
786.26
824.907
705.616
269.281
188.197
204.06
460.958
771.213
781.65
872.745
659.543
256.279
282.688
175.431
374.168
823.873
742.525
732.593
488.606
264.584
238.892
158.28
271.617
707.414
549.193
785.891
491.559
211.627
206.806
210.505
322.242
759.848
571.841
1062.48
496.104
162.301
273.567
222.542
361.165
1030.18
632.237
707.571
353.586
135.591
148.938
252.961
465.79
715.515
424.85
456.213
256.553
216.61
376.215
258.129
336.268
458.453
296.979
648.251
294.839
201.519
217.617
278.743
431.443
654.041
357.722
691.153
387.175
200.408
235.557
244.43
421.315
693.038
453.07
773.236
355.821
276.63
257.066
255.694
482.514
788.974
423.379
650.81
336.207
153.635
165.014
274.218
553.765
684.369
379.617
893.27
369.975
210.515
241.567
232.354
540.765
916.39
451.793
779.772
400.023
249.229
308.082
254.387
535.269
813.751
457.134
484.234
270.772
290.082
441.7
417.784
415.472
501.116
306.567
741.62
782.984
408.489
255.109
214.737
430.855
688.355
814.518
918.945
923.925
401.103
221.798
169.995
382.76
822.261
986.639
949.027
679.691
394.492
306.278
344.427
388.016
900.698
756.386
827.646
629.567
205.748
179.862
135.901
254.916
761.588
717.807
966.887
531.05
242.924
335.721
177.463
320.249
932.718
635.516
985.285
673.693
405.718
327.664
234.907
398.599
946.179
766.099
921.135
539.349
232.914
172.027
148.697
371.943
890.243
634.249
583.141
410.843
284.44
292.392
271.871
240.316
550.643
455.81
705.674
454.583
258.728
230.93
214.577
342.208
681.622
523.512
701.219
477.389
238.684
318.533
250.44
351.189
672.471
547.984
762.713
418.662
185.66
206.344
192.502
295.988
734.902
499.63
670.716
368.21
265.711
486.477
346.681
382.715
672.245
433.454
717.701
414.659
245.842
239.236
199.613
418.984
722.239
476.806
781.733
380.241
175.054
199.962
235.573
450.531
785.907
465.696
550.334
372.308
254.244
300.709
199.411
399.969
559.182
385.154
653.818
413.875
204.198
205.67
170.544
369.984
651.393
468.453
655.229
304.383
170.537
279.653
233.118
354.133
658.198
372.588
701.832
387.333
183.746
216.842
158.259
427.984
717.816
445.69
880.539
363.969
249.708
270.669
227.648
440.266
883.191
459.532
942.521
419.775
204.856
140.742
133.933
450.814
939.439
515.977
783.542
649.304
433.386
465.71
467.236
437.991
731.117
700.189
1167.13
949.06
362.253
231.065
196.075
438.236
1079.89
1060.62
885.495
621.833
304.286
333.334
268.325
400.395
845.345
707.367
1082.19
654.46
234.706
259.497
192.175
363.647
1034.56
773.365
982.919
659.709
195.679
129.767
121.889
427.11
942.337
763.664
921.351
552.969
265.72
262.93
216.231
344.941
885.635
651.751
629.125
436.344
250.626
217.596
218.241
264.851
601.031
489.393
782.87
470.062
207.466
190.468
145.265
317.575
758.591
550.871
768.824
456.519
212.856
397.291
249.468
360.19
753.883
536.542
674.557
407.892
270.964
439.284
284.132
288.283
656.433
474.096
732.938
397.997
226.741
300.243
258.039
248.995
701.274
483.831
567.127
345.385
187.466
283.267
268.042
344.894
551.551
406.606
681.638
412.195
245.36
207.216
172.267
296.928
660.127
480.988
797.674
466.048
248.322
286.424
210.087
430.577
794.287
541.697
520.715
293.64
259.724
253.151
191.084
281.833
515.327
334.193
670.016
339.142
229.346
191.424
203.573
290.819
660.261
398.235
685.514
430.185
232.796
185.852
205.986
342.499
671.622
499.06
699.35
348.901
257.649
286.597
198.441
380.734
701.384
408.81
748.524
380.607
134.719
192.808
157.57
353.716
739.546
458.976
921.925
419.728
223.986
280.627
265.766
449.102
913.7
522.3
1006.43
751.554
259.543
182.63
171.751
378.045
938.478
851.202
929.794
515.527
193.555
154.228
209.267
346.726
890.991
616.463
1006.14
649.473
297.294
242.586
270.345
419.492
969.671
747.735
1165.3
567.667
248.033
232.617
187.179
398.127
1134.66
703.716
861.928
541.88
320.036
387.898
321.066
446.692
843.845
620.143
481.892
329.357
197.74
230.477
191.878
317.219
477.541
367.868
672.983
366.656
221.48
265.474
264.992
359.434
665.826
434.907
589.53
375.021
226.232
139.225
209.604
289.509
572.288
423.18
667.413
362.229
203.209
200.051
230.463
266.515
647.576
430.505
791.486
363.785
186.782
298.142
227.494
311.894
773.84
460.834
689.846
444.109
151.955
118.244
117.046
278.557
657.059
516.885
614.432
371.425
275.367
261.871
229.853
379.063
608.38
422.176
667.283
420.311
236.01
400.057
330.039
379.857
652.25
484.03
838.973
382.215
170.784
175.925
163.516
398.212
834.37
472.889
628.815
363.717
150.56
110.697
135.775
334.878
620.727
429.175
579.128
329.157
161.367
173.14
140.796
206.815
556.639
390.954
525.388
363.405
219.331
181.977
201.114
319.505
513.741
398.693
729.695
370.944
204.213
351.001
273.272
361.495
709.577
454.736
402.958
269.052
158.682
283.269
208.91
256.298
393.08
305.995
568.038
341.261
287.264
263.065
279.517
345.535
557.885
375.097
1248.18
629.983
261.371
208.285
254.266
476.993
1209.56
777.771
790.377
545.669
248.119
227.025
268.441
297.218
733.638
632.576
834.36
617.896
291.464
226.994
279.183
430.036
777.446
681.075
834.31
461.109
262.367
405.129
280.147
457.001
828.806
546.765
870.675
445.281
224.253
398.899
240.588
537.93
887.532
530.933
504.344
380.68
253.794
218.747
276.838
340.712
497.954
422.142
525.8
272.52
224.064
204.918
217.803
350.945
533.078
311.832
516.635
267.761
158.037
231.83
194.472
322.562
515.357
318.41
735.864
376.534
223.208
279.401
228.498
388.665
732.501
441.931
599.089
343.932
203.534
305.607
275.338
262.129
588.066
398.755
675.819
306.519
96.5548
138.486
113.061
256.59
663.633
388.016
564.521
385.999
202.764
254.642
213.539
276.93
541.287
444.786
669.018
338.526
210.451
321.144
196.333
304.692
659.042
410.006
787.181
350.669
163.361
157.058
139.883
336.157
774.861
444.277
561.122
351.118
177.066
215.84
158.922
259.12
543.98
409.36
405.613
297.002
235.339
346.347
235.304
245.877
398.969
317.952
545.925
321.191
345.393
450.438
404.863
221.504
523.713
372.589
673.234
350.15
178.958
155.619
153.601
419.693
694.243
399.229
492.212
198.393
171.861
259.397
246.932
372.933
507.934
242.868
589.735
366.036
143.055
174.215
99.1602
266.001
574.914
426.781
831.701
500.991
256.057
263.487
260.329
378.553
805.958
583.017
771.914
467.697
346.627
275.419
197.753
290.621
730.973
543.052
565.161
367.136
334.746
426.858
275.358
363.652
573.612
377.949
811.745
463.509
180.248
281.927
203.377
312.239
785.333
548.724
954.564
498.124
152.008
201.004
233.036
524.413
956.931
595.127
715.678
346.611
210.076
314.177
285.052
306.977
703.02
427.056
465.95
281.199
280.563
237.546
223.788
337.363
473.213
308.566
615.822
411.15
178.111
118.314
126.733
266.764
593.687
469.984
746.174
315.185
215.705
303.188
293.981
464.72
752.047
393.405
463.845
271.303
175.623
116.83
154.99
267.978
460.804
312.814
398.102
210.428
188.183
206.83
202.168
201.356
390.874
242.708
645.295
375.999
195.416
272.094
251.207
332.941
636.573
434.782
479.609
373.894
227.284
350.744
203.422
219.954
449.688
416.208
420.44
350.605
242.609
441.31
243.366
210.909
390.23
387.565
352.372
295.488
160.013
234.61
248.344
247.996
334.243
322.266
483.794
350.085
159.724
145.726
126.656
220.377
467.368
393.483
754.597
405.055
174.946
289.315
243.985
250.103
723.997
494.027
921.405
466.638
228.409
228.958
186.284
352.749
889.684
576.191
767.147
357.789
191.152
152.964
267.01
523.63
788.707
429.927
770.855
377.386
212.423
190.468
149.318
365.238
766.963
453.493
989.546
444.483
168.596
211.896
183.056
398.67
980.814
557.403
1171.46
587.163
270.426
160.18
225.013
396.876
1133.24
727.325
758.741
335.896
186.16
204.041
187.962
438.898
767.961
412.578
1102.54
508.95
212.83
371.138
290.439
490.038
1091.6
631.53
1007.7
527.433
166.945
205.753
171.525
495.184
999.415
637.078
681.574
414.654
245.467
193.665
168.351
346.23
668.622
477.61
419.253
299.2
239.463
328.551
280.396
284.937
414.065
335.295
522.774
293.692
240.755
347.614
271.846
355.323
524.725
331.742
702.013
342.175
134.687
118.195
140.211
324.935
696.274
417.365
488.387
252.019
165.505
148.191
190.168
362.131
501.13
294.529
269.132
289.231
219.636
285.452
257.598
152.712
250.07
297.09
427.667
382.571
223.351
213.951
156.729
240.776
413.911
399.8
467.683
381.083
192.17
196.272
154.667
251.799
443.064
413
445.866
334.35
224.719
309.938
235.711
237.725
424.708
368.287
486.401
330.041
240.84
244.43
233.249
241.998
465.293
375.923
532.793
401.719
178.137
213.108
167.226
250.759
500.432
456.835
314.964
207.935
281.64
283.956
243.398
243.943
302.226
217.175
457.939
303.105
137.613
191.786
210.679
241.519
434.212
350.046
504.815
294.091
214.77
221.271
178.283
276.163
496.283
336.341
804.057
347.809
127.349
152.898
141.806
326.939
796.924
444.817
1094.77
475.184
206.725
350.734
261.85
428.112
1077.57
610.597
1080.05
417.763
121.765
159.025
245.027
561.095
1085.88
546.167
1021.35
446.775
200.515
269.907
202.542
413.312
1014.86
562.634
1113.64
447.399
124.14
151.372
139.88
447.666
1105.44
585.754
836.155
470.758
148.896
135.781
128.593
428.308
830.856
558.111
742.23
435.556
168.294
183.365
156.439
352.705
723.727
516.05
656.005
375.232
236.79
224.6
306.581
371.293
650.447
433.084
584.019
344.03
260.44
247.964
171.338
357.721
585.718
388.681
544.679
208.667
110.718
150.587
180.728
372.697
564.096
262.053
693.235
409.014
241.761
241.638
250.286
302.022
674.118
477.463
827.536
430.329
240.45
235.098
200.244
373.617
816.091
517.933
606.808
469.348
256.658
180.8
169.056
275.488
585.976
503.5
436.384
439.839
344.379
345.262
322.029
308.343
422.55
437.599
431.879
338.807
183.907
167.826
157.323
221.63
411.751
371.34
301.413
239.007
255.013
255.833
163.025
148.297
288.465
255.934
794.758
385.714
111.877
165.555
159.462
316.095
771.735
480.642
637.797
406.408
127.764
113.809
79.3347
210.676
603.815
477.335
769.455
439.082
303.724
408.976
308.114
316.978
740.7
519.931
657.77
372.032
124.921
252.38
137.657
306.886
643.404
444.77
680.867
336.379
120.837
163.279
142.005
352.22
681.043
409.238
