270.317
287.195
335.494
281.589
341.624
241.979
269.821
283.364
578.829
411.981
391.75
274.244
230.835
313.391
568.402
438.481
492.417
471.269
556.133
477.457
335.801
253.489
472.595
473.166
307.71
413.069
431.408
302.153
184.745
184.939
282.78
399.141
312.596
376.96
486.861
420.943
232.6
266.062
303.055
364.616
306.923
417.302
609.963
526.887
323.513
232.578
284.747
386.752
346.986
473.05
662.005
518.286
347.517
308.813
351.512
442.203
251.141
310.137
513.096
557.91
302.723
198.326
245.736
288.861
350.626
428.374
613.139
574.778
270.554
357.547
353.07
408.387
194.889
236.121
582.838
1016.8
596.274
142.871
180.658
220.653
219.952
201.472
384.293
666.897
425.933
176
214.931
201.336
366.655
293.31
391.578
677.396
524.283
271.354
357.858
308.169
386.577
323.372
486.653
897.168
594.537
296.515
365.277
340.329
206.907
133.756
261.77
583.898
578.853
338.915
224.47
135.782
237.654
230.873
334.003
733.4
690.402
418.92
245.445
236.324
504.175
252.473
370.88
453.792
578.665
474.389
516.511
281.448
347.919
290.113
390.556
647.793
577.255
344.661
338.686
302.739
411.265
360.573
267.525
514.922
478.638
449.994
431.491
372.307
483.849
288.897
298.991
428.935
664.1
596.351
500.173
314.057
527.659
424.755
310.81
420.126
523.952
649.109
563.964
433.972
301.75
333.675
537.743
502.358
352.142
241.216
305.645
305.275
319.342
481.285
437.682
320.082
376.083
281.281
294.107
465.848
237.773
332.095
398.399
371.412
221.667
175.779
231.391
308.049
321.864
413.675
377.095
276.323
257.082
268.927
307.337
408.929
554.148
460.862
339.746
279.943
214.897
490.748
563.223
475.206
474.759
581.505
566.494
441.062
351.087
420.91
462.062
580.232
442.946
358.618
619.121
512.228
358.917
297.493
445.679
330.737
258.786
364.509
574.974
559.673
369.036
228.153
237.367
343.655
277.36
281.298
573.011
794.146
373.202
173.674
265.51
268.205
187.465
233.422
520.057
886.198
493.703
205.176
185.75
219.333
270.65
228.825
456.273
737.209
431.208
221.338
269.211
231.095
275.331
239.513
462.734
828.743
529.636
259.117
270.365
235.958
457.958
273.515
435.087
786.847
545.351
462.092
488.308
294.491
189.085
230.957
342.357
636.105
604.888
357.823
205.065
217.406
300.698
312.656
356.653
744.364
764.003
485.063
312.709
307.254
232.307
278.132
387.65
741.455
604.509
292.477
230.587
267.899
248.413
262.558
272.604
608.376
720.303
608.872
280.594
249.639
437.963
258.828
387.52
514.449
485.192
450.817
454.486
274.506
506.103
308.079
454.545
551.947
730.28
614.429
543.772
310.424
521.52
260.484
289.62
365.004
644.422
774.138
578.266
271.213
268.874
437.732
389.042
274.619
257.706
195.916
235.911
423.505
340.943
314.658
219.624
184.393
194.37
261.191
337.858
328.261
478.336
335.188
270.721
245.615
243.405
400.005
483.269
352.906
282.759
366.75
403.947
334.855
267.503
213.85
274.112
355.705
355.307
348.529
429.577
475.387
378.194
223.023
335.003
359.354
294.083
428.51
541.859
432.005
279.625
309.457
289.015
411.413
232.183
349.551
681.187
549.283
370.617
190.511
212.609
310.777
242.869
283.103
461.832
472.43
348.837
294.674
260.407
260.579
483.237
392.285
683.69
688.895
428.586
374.412
483.421
397.864
510.538
340.251
617.25
862.82
550.405
409.657
508.414
363.417
262.643
297.961
477.654
684.782
366.813
210.355
253.801
286.535
183.249
239.77
428.997
810.758
585.746
298.65
191.07
224.276
247.983
257.483
387.668
811.443
674.725
341.191
253.065
257.095
151.406
193.504
380.11
816.412
711.182
379.68
171.576
170.185
293.067
262.849
252.36
526.129
582.75
412.325
308.999
270.131
355.062
339.893
351.717
607.27
564.088
453.014
365.788
349.349
342.19
319.724
248.992
436.397
572.732
495.965
342.68
335.729
392.525
265.165
249.538
470.022
607.063
541.389
424.217
278.158
435.012
378.391
373.253
332.771
419.399
474.098
462.745
368.422
685.175
339.859
195.608
308.745
446.934
607.756
716.674
397.864
352.88
451.02
373.94
216.214
162.358
278.861
347.726
440.983
522.762
322.74
224.46
306.092
207.204
312.093
520.965
364.261
417.667
454.834
350.64
250.735
220.561
259.089
390.986
463.799
354.366
399.146
212.327
130.912
170.957
336.572
334.788
413.691
354.355
419.969
477.98
453.475
281
309.18
351.632
413.896
275.071
402.11
438.332
317.464
205.763
260.128
269.818
389.006
305.578
535.699
658.621
455.742
296.86
314.677
292.75
487.442
390.019
391.658
470.403
469.713
320.83
236.583
367.227
404.534
237.291
288.466
498.375
787.982
469.608
220.596
229.163
272.114
380.932
327.714
497.756
569.046
282.717
185.886
363.841
325.623
380.644
337.765
415.698
727.523
496.526
215.092
358.142
349.241
265.073
274.598
403.732
732.359
467.932
202.399
240.396
279.574
341.405
324.129
326.33
579.043
594.833
333.262
322.469
341.32
251.405
187.179
394.825
901.391
811.728
427.182
259.448
195.491
391.813
266.087
469.841
476.747
602.621
544.339
424.4
262.275
412.972
362.406
343.916
425.265
620.454
607.596
436.949
340.009
523.037
599.261
349.48
456.498
667.667
702.237
524.179
614.791
443.074
324.386
406.139
484.738
622.834
608.988
477.384
338.266
467.026
238.796
232.524
367.437
476.015
475.453
489.191
273.898
574.453
367.739
460.267
429.873
535.677
520.385
596.935
381.967
381.957
489.725
332.098
307.923
233.854
368.537
379.833
490.945
350.349
506.455
476.292
270.959
288.774
248.669
308.102
490.137
311.275
299.899
364.701
353.513
211.733
169.892
298.739
298.278
310.905
334.835
314.233
254.01
211.723
199.877
294.229
324.277
308.435
311.29
279.755
228.979
176.339
253.782
299.94
310.65
422.304
545.381
466.687
296.695
214.324
291.24
407.282
529.876
267.826
362.808
430.741
517.773
307.895
202.715
243.12
355.527
310.225
417.424
538.09
604.54
304.962
260.589
287.991
414.133
282.649
221.482
342.062
438.921
305.773
354.896
296.738
221.414
386.682
277.782
418.576
885.684
482.263
352.96
376.154
306.501
179.335
142.261
268.099
563.82
440.016
263.348
191.678
136.764
382.607
219.892
380.064
766.615
517.444
387.202
398.929
245.178
339.228
238.383
298.865
539.247
708.571
477.75
358.968
249.464
343.814
343.701
466.689
528.407
595.085
498.095
366.786
351.72
421.827
237.83
298.639
373.54
654.836
698.926
471.917
256.969
441.317
390.896
375.167
482.932
657.239
664.135
481.744
395.376
529.538
378.699
297.699
320.659
575.768
784.523
590.328
383.792
625.273
350.874
336.021
348.669
494.2
652.175
655.296
372.903
430.383
435.043
457.252
548.242
622.687
653.352
474.434
422.293
599.046
322.355
296.042
280.548
596.98
767.274
643.531
345.096
384.889
424.51
252.715
112.555
140.991
181.066
346.195
444.348
399.985
558.301
354.989
255.761
172.682
296.584
364.84
556.362
507.297
472.927
306.685
227.494
151.558
264.685
478.724
506.146
400.468
522.383
317.071
184.732
100.986
243.672
368.543
527.095
402.408
431.074
318.791
329.678
320.164
213.908
366.243
451.646
346.108
424.623
407.547
267.236
351.892
286.512
328.171
415.645
421.606
374.064
253.345
249.624
219.885
284.596
396.658
403.091
302.226
441.884
626.538
525.12
295.672
231.428
284.866
408.622
222.176
238.434
460.179
649.548
372.496
291.704
226.358
218.948
167.029
248.193
404.877
492.816
454.18
286.275
175.352
222.361
144.078
117.803
276.379
490.28
346.737
181.716
153.749
111.383
307.721
218.493
382.736
763.394
543.948
315.442
309.929
228.521
231.457
252.099
270.555
694.601
750.426
498.548
237.283
247.798
344.574
297.165
256.544
356.583
391.15
319.325
356.533
315.413
475.503
248.879
342.042
431.125
587.998
659.269
524.156
263.859
519.386
275.67
364.811
408.546
563.955
552.772
548.354
305.149
507.177
447.124
421.984
427.178
652.016
709.288
549.982
454.801
618.716
659.551
386.461
239.871
473.337
737.645
653.052
664.962
525.977
283.273
345.085
311.394
375.798
489.798
549.644
311.807
537.489
268.104
332.281
367.495
486.174
628.832
577.537
291.053
406.485
400.117
218.429
124.816
93.132
158.067
369.068
426.854
502.483
327.952
229.993
217.587
193.963
336.885
513.009
364.173
419.327
338.807
265.391
273.016
206.951
203.284
388.881
376.196
377.412
397.36
289.693
234.478
159.784
313.985
375.544
407.919
620.838
519.736
370.009
351.541
199.054
286.669
600.617
548.065
468.003
445.208
317.696
286.316
240.05
286.264
442.786
464.678
262.234
457.145
418.247
363.068
316.942
224.792
235.671
430.924
215.117
309.545
469.063
531.997
265.591
160.727
213.011
279.74
295.188
256.655
371.818
416.811
311.869
195.808
272.615
272.38
286.207
271.676
411.929
709.214
459.07
324.687
296.198
252.442
401.092
331.681
342.564
546.005
509.947
486.486
426.124
314.019
204.777
202.657
449.949
585.034
738.337
449.162
227.624
174.028
347.402
239.285
255.941
428.713
591.875
474.848
371.017
252.58
498.024
367.257
325.898
487.435
670.683
648.879
540.78
378.77
354.573
284.973
296.704
302.27
400.354
474.123
385.012
282.895
430.026
329.44
311.302
377.221
628.705
732.717
481.209
312.048
480.677
302.654
237.589
333.124
504.04
725.9
542.958
310.915
482.088
403.847
402.106
332.03
695.032
865.081
544.305
399.783
607.567
429.96
435.002
259.104
503.099
757.353
654.162
428.662
647.398
388.388
306.288
371.603
620.478
787.045
690.162
416.082
514.488
436.82
236.462
184.802
147.934
302.115
490.238
469.489
519.821
454.015
274.473
260.615
199.802
230.563
483.194
495.978
311.472
290.672
213.298
189.876
162.614
193.566
291.735
310.958
500.177
318.408
164.967
124.59
151.338
273.434
494.551
357.852
412.232
468.479
258.656
207.001
235.655
273.645
390.833
476.004
422.593
525
394.792
261.731
196.451
225.414
384.352
527.239
437.529
337.142
261.537
257.646
169.073
221.087
431.869
361.486
664.219
493.288
411.648
409.135
301.397
266.67
635.66
543.155
281.333
336.577
602.553
768.4
386.869
227.666
279.002
324.724
201.857
235.782
408.707
742.004
506.159
200.777
193.345
233.426
400.444
277.298
361.979
701.381
626.213
518.785
437.922
281.356
422.359
237.482
235.997
460.824
567.206
610.886
455.785
248.371
301.774
340.315
344.557
332.843
460.586
509.785
319.969
319.214
423.124
232.909
282.593
364.249
515.681
505.362
451.932
252.095
501.634
252.949
324.705
342.236
436.301
608.911
543.39
276.031
613.172
375.721
243.061
339.73
404.801
674.265
658.361
415.545
548.351
294.469
260.929
288.258
401.81
606.531
595.952
325.037
697.011
315.599
204.346
207.57
427.849
781.945
761.466
358.002
811.775
390.967
214.483
236.086
415.556
775.691
857.561
432.165
695.099
325.21
312.927
282.47
474.035
698.638
736.635
384.409
614.113
426.88
248.797
264.508
280.666
291.007
580.641
485.946
607.803
380.783
213.745
137.471
140.543
209.436
575.428
446.008
571.764
464.962
175.513
183.806
109.629
209.619
530.117
520.902
582.063
305.673
151.458
103.825
94.2771
178.093
555.695
374.942
455.47
470.928
355.607
396.001
341.838
232.687
412.755
502.704
468.383
363.896
183.752
262.2
261.972
267.778
430.144
405.758
275.316
475.828
399.356
272.281
172.354
316.465
247.427
452.028
289.035
475.13
597.252
505.014
422.851
227.409
266.189
445.023
358.873
318.082
399.773
324.079
379.106
355.874
360.848
313.704
380.648
356.134
289.755
485.993
424.772
312.027
372.436
371.152
502.998
237.259
237.324
273.032
354.612
480.373
529.307
275.581
248.076
231.709
333.576
461.015
433.228
309.047
258.088
231.514
585.513
408.717
238.237
438.141
436.972
562.753
587.626
456.287
410.608
403.849
449.131
449.766
659.05
610.606
438.458
408.927
545.561
475.24
294.886
242.825
442.609
664.347
590.692
482.976
602.41
458.045
258.844
256.23
448.915
746.348
653.758
478.665
790.945
541.154
280.79
201.356
356.412
795.877
841.455
557.428
776.131
490.909
338.134
265.696
394.808
772.961
838.323
522.096
848.976
431.815
234.036
250.519
440.814
799.79
900.145
493.686
726.303
438.661
292.63
250.01
460.957
772.631
775.233
470.845
629.43
651.924
304.279
176.912
165.715
276.528
569.864
684.378
495.759
508.978
261.459
209.484
200.738
237.037
447.157
538.747
420.774
371.602
167.378
136.212
165.208
289.368
395.526
403.051
584.197
363.271
180.143
196.679
189.542
253.11
564.745
424.028
643.73
436.835
243.789
145.238
229.496
376.989
632.891
486.277
617.796
431.159
293.822
305.656
314.433
290.482
594.977
474.648
485.594
400.222
387.591
277.226
270.915
338.739
486.89
417.007
420.756
396.729
360.902
343.953
215.108
263.815
411.903
402.208
331.541
410.057
548.286
609.38
363.943
265.818
310.391
389.215
312.922
206.294
322.737
482.296
464.55
399.13
326.637
213.338
523.179
283.761
236.051
212.72
297.625
422.238
538
325.146
456.194
366.866
315.955
304.801
561.769
701.519
502.298
369.917
684.063
378.868
282.475
255.694
355.384
452.165
688.781
436.268
689.517
439.731
265.238
353.602
424.729
740.059
740.516
461.786
666.753
509.833
252.141
260.987
472.843
829.375
730.666
523.161
820.818
363.105
174.711
304.794
242.495
513.441
830.956
449.268
628.951
326.93
290.9
233.312
332.115
552.532
663.182
350.237
855.291
387.541
226.753
196.764
277.545
609.886
886.729
468.713
855.801
374.946
211.19
288.895
376.103
689.89
894.645
457.538
905.646
480.212
390.158
383.879
368.388
777.337
954.885
539.718
562.892
406.812
234.069
240.098
246.669
293.66
536.811
456.653
546.182
368.699
303.649
317.815
244.288
284.272
532.001
421.445
486.259
420.297
288.28
179.841
220.843
229.668
456.149
446.13
507.414
377.349
174.489
183.13
183.325
208.932
478.365
426.057
585.958
458.492
323.728
331.265
232.511
286.692
559.318
502.55
645.071
530.996
294.832
238.056
157.794
196.781
596.22
575.915
835.603
517.342
197.599
126.579
176.774
280.885
785.333
608.229
482.285
596.967
337.401
165.946
156.639
289.767
439.569
603.853
378.287
307.682
308.219
249.733
229.816
286.306
374.451
303.953
460.366
278.43
144.844
192.958
238.481
341.444
462.567
318.343
686.617
330.277
210.284
214.411
268.967
466.141
700.517
401.645
724.274
365.114
215.629
251.976
236.504
435.006
731.657
437.701
646.212
357.641
201.657
296.534
286.928
443.064
649.223
421.504
733.676
368.326
257.966
352.702
349.258
627.722
764.733
413.831
758.692
379.552
274.051
233.823
289.168
512.099
773.836
441.865
817.168
440.496
220.583
410.961
293.631
451.605
812.705
531.999
795.405
436.356
255.168
231.829
220.982
544.774
818.058
492.229
745.65
443.518
258.072
342.967
365.904
552.686
751.993
501.39
528.607
340.784
290.835
452.75
372.622
534.958
563.122
370.529
777.149
569.299
297.634
214.945
446.297
849.494
836.926
587.6
627.614
367.689
202.354
303.19
223.834
332.969
623.743
426.922
519.732
353.551
214.779
214.468
166.041
245.743
501.341
400.349
370.523
264.382
184.971
122.828
195.556
263.116
352.668
289.42
734.175
429.967
201.897
157.36
121.499
253.106
700.066
506.17
968.899
565.71
237.976
355.775
259.301
340.593
925.992
671.389
1068.04
567.476
162.782
136.723
107.34
358.414
1029.98
690.927
633.671
310.516
185.741
274.328
212.344
306.535
628.269
375.461
553.779
510.196
235.209
204.251
194.778
325.872
514.193
548.525
502.545
450.405
380.722
321.427
255.805
223.44
472.821
477.186
678.397
520.549
268.912
204.13
238.962
261.556
635.368
587.049
598.656
312.484
213.477
259.195
179.792
363.551
607.938
367.871
726.625
361.64
154.722
144.792
187.83
437.423
735.998
435.951
743.32
399.498
317.139
333.72
250.116
419.939
749.229
468.687
910.793
540.835
279.606
217.082
236.959
436.077
892.747
635.66
852.474
439.197
207.269
208.903
236.847
510.253
861.018
523.174
917.01
422.905
256.755
340.996
231.03
430.52
911.307
516.043
544.251
348.83
242.125
388.287
300.032
332.095
547.236
386.312
901.018
374.219
196.098
268.923
241.973
625.457
924.573
451.9
531.411
357.445
284.189
200.731
203.125
478.701
565.311
362.51
656.365
319.404
266.222
320.349
373.274
617.671
706.002
358.778
631.844
365.98
183.409
213.539
204.423
314.53
620.454
429.198
541.14
388.303
198.39
169.756
116.848
182.549
509.141
431.324
829.665
492.94
211.231
209.583
128.76
330.356
802.778
578.058
846.296
403.682
154.897
181.048
167.382
309.639
831.468
502.026
791.385
470.762
364.122
286.588
197.711
415.971
788.003
529.513
873.309
448.152
342.551
341.694
213.411
337.491
851.506
540.69
542.534
377.884
216.183
206.884
203.831
300.846
535.128
418.881
488.01
429.966
272.249
423.783
213.185
200.113
450.289
470.541
541.918
533.925
286.892
359.158
220.645
271.515
505.009
560.366
332.324
449.529
285.588
301.875
311.034
381.54
325.598
439.634
592.458
465.894
355.037
339.539
294.618
429.492
586.79
486.694
523.393
372.546
240.518
313.624
290.384
289.306
504.658
418.579
803.236
529.801
219.887
156.108
152.267
340.751
771.402
606.799
699.008
380.11
295.59
302.16
249.484
312.509
681.984
450.337
829.132
536.402
228.46
218.258
211.166
390.062
806.334
616.842
737.3
431.075
279.128
200.542
236.371
500.8
747.965
484.041
883.872
422.309
216.499
161.347
152.132
440.364
878.849
521.517
940.411
389.071
299.868
226.722
254.63
556.319
959.16
487.082
863.051
477.567
302.651
176.529
239.184
454.419
866.029
535.217
783.792
399.652
284.784
154.274
191.029
564.428
820.577
432.279
459.376
354.589
264.23
154.911
161.41
286.457
448.569
385.921
427.66
240.566
179.156
207.17
190.016
314.801
441.908
269.157
929.91
447.249
214.059
205.807
225.801
480.225
927.837
546.303
732.568
394.143
192.072
295.74
173.324
262.301
718.906
467.938
953.612
459.871
250.053
361.404
272.489
411.134
944.694
566.523
508.505
218.54
168.816
169.966
156.841
379.35
537.125
250.195
402.046
302.916
347.93
502.175
361.596
371.114
415.104
314.715
353.833
313.192
296.609
382.979
360.359
366.7
365.526
324.623
369.384
507.64
352.784
210.48
236.22
285.413
336.378
505.201
506.907
391.407
282.61
312.54
472.935
437.346
485.776
427.541
363.761
392.01
208.504
110.496
136.953
305.295
360.341
409.905
477.766
334.789
233.945
195.856
210.683
347.056
483.129
352.886
769.607
383.36
231.866
495.742
277.469
271.148
735.368
478.476
728.64
329.154
190.338
196.805
165.051
368.468
726.223
406.035
845.654
475.932
176.657
142.234
168.519
457.984
841.088
565.117
886.05
539.476
332.185
296.543
283.617
428.389
866.633
626.705
732.507
394.065
211.396
244.058
221.99
327.388
718.387
473.688
830.172
433.775
257.695
249.081
184.952
395.462
816.918
516.408
891.732
463.063
172.445
173.036
147.313
459.575
891.321
555.075
688.022
414.342
266.132
252.505
219.846
398.426
674.366
475.065
388.746
317.894
251.868
337.048
254.544
284.457
401.04
332.015
535.975
400.268
345.066
214.095
207.764
383.022
554.517
400.535
608.975
320.135
318.46
494.719
324.004
336.495
611.676
371.609
530.501
315.682
229.981
238.415
185.101
250.473
512.565
362.843
541.349
384.062
206.596
177.964
159.949
290.952
533.422
413.022
642.398
268.558
162.299
239.942
281.756
420.066
656.669
340.102
321.998
235.692
349.398
538.495
338.95
196.704
310.253
249.19
274.288
241.566
281.564
334.562
241.403
230.138
282.892
245.614
258.172
245.442
376.947
287.257
306.927
211.242
254.652
231.916
573.556
340.985
221.181
237.687
190.527
255.74
563.451
382.497
753.527
473.995
202.157
216.427
228.4
334.992
710.601
557.411
538.728
364.523
251.572
274.369
262.263
261.285
516.823
416.49
598.498
334.039
248.633
303.993
258.83
324.836
594.359
389.068
616.73
297.144
302.297
386.428
232.54
316.054
610.693
354.849
910.209
617.382
250.015
188.977
174.272
388.776
876.411
705.839
671.018
457.381
270.068
249.262
193.793
294.481
653.632
514.51
784.338
416.283
175.811
113.573
152.458
380.062
778.152
498.485
959.758
570.367
171.218
125.958
166.836
466.212
944.64
670.184
682.24
413.194
214.978
188.784
160.744
303.172
654.624
481.609
765.271
399.463
205.956
372.443
234.295
292.442
740.158
486.397
476.315
237.719
171.643
207.948
149.71
262.492
481.817
278.858
520.467
378.059
207.988
109.444
123.862
338.945
523.972
391.6
555.357
443.953
372.911
270.591
347.734
494.418
568.723
446.931
562.842
470.275
272.099
224.833
288.028
400.234
553.892
511.558
709.202
344.143
302.959
393.907
353.725
530.419
731.37
416.667
440.995
404.699
252.553
133.972
174.04
277.032
429.836
421.733
289.047
233.317
310.584
545.412
353.295
226.852
279.697
245.781
244.291
284.209
581.112
905.194
608.001
277.688
248.437
261.209
383.366
435.862
284.557
227.352
227.323
310.959
354.038
450.494
436.903
545.562
367.727
286.164
452.425
491.337
420.92
550.476
613.244
587.56
311.818
171.595
162.73
278.883
568.508
621.463
445.256
449.263
242.844
391.258
296.34
327.977
420.195
478.759
742.418
408.274
190.55
146.18
134.746
290.117
719.403
484.128
681.75
401.411
163.335
222.587
174.019
341.84
672.181
470.295
801.872
513.596
290.492
236.226
190.462
345.44
776.717
589.076
274.705
178.639
182.675
283.584
271.44
222.351
276.8
197.093
463.118
390.848
324.156
385.31
353.928
257.396
441.938
410.406
906.857
602.488
241.923
321.891
227.531
379.111
867.007
698.115
729.339
442.785
196.385
233.441
237.241
320.281
702.998
518.359
823.292
368.08
200.422
316.814
226.375
333.881
805.607
468.875
756.278
354.126
189.699
251.411
196.61
358.089
757.269
426.405
537.545
302.001
194.073
268.963
180.962
178.074
509.988
360.923
491.045
543.429
357.168
297.506
345.565
297.35
448.371
568.493
461.359
385.806
172.857
251.119
351.562
619.693
508.515
397.245
404.195
267.684
325.669
377.554
424.459
476.838
438.638
274.247
250.124
258.593
314.807
641.682
578.468
270.175
262.789
261.052
229.248
289.343
430.857
785.509
542.675
373.977
248.564
272.119
297.753
413.366
597.491
470.834
400.759
282.812
292.14
380.462
313.176
552.231
556.145
247.135
256.347
312.578
304.803
505.853
503.118
469.557
279.09
344.2
276.87
282.37
473.253
501.646
433.258
419.712
244.038
339.342
220.293
208.808
387.679
457.152
602.261
560.612
285.165
167.467
144.469
253.928
546.216
593.034
798.143
608.523
270.985
233.117
215.565
336.373
747.256
682.468
730.018
605.844
289.976
190.777
125.888
268.073
686.022
662.086
856.513
478.111
163.04
156.985
157.119
420.875
844.205
570.513
510.281
359.859
278.242
192.499
173.438
219.98
489.125
385.223
460.348
216.78
254.637
502.093
408.705
369.645
481.586
251.101
621.467
359.679
281.945
329.229
292.211
503.592
641.757
388.579
732.985
398.267
268.342
369.539
337.362
335.033
718.108
469.791
921.445
467.102
317.032
408.075
349.03
495.373
921.526
536.089
876.546
447.301
100.287
91.5911
102.051
337.77
860.778
546.799
937.217
457.813
192.109
283.231
222.097
511.842
944.05
555.286
730.921
367.592
204.038
195.758
233.054
348.935
717.386
444.117
532.242
433.679
262.439
178.374
246.688
422.104
538.82
455.095
590.612
383.084
376.917
274.494
328.115
535.593
608.641
402.898
291.512
247.016
321.728
368.198
264.145
210.497
276.346
255.018
286.451
192.642
178.129
227.22
257.5
279.173
294.802
211.693
401.53
364.077
248.13
379.874
308.875
279.024
386.422
382.53
596.102
586.287
639.688
664.514
603.203
358.63
552.382
583.534
539.257
382.449
281.94
400.015
220.129
316.465
539.407
407.794
292.268
294.198
231.271
334.46
253.814
166.651
275.378
309.659
578.162
414.282
337.431
285.874
245.976
331.886
573.536
450.749
408.84
322.474
350.307
448.414
278.184
252.185
400.222
342.413
481.015
351.08
359.686
509.101
329.152
301.22
479.306
377.406
510.06
389.897
233.986
228.227
175.524
254.743
491.792
427.225
357.894
337.48
250.401
194.985
176.482
309.716
362.578
343.698
473.963
264.569
161.817
340.975
378.456
305.143
457.158
310.874
927.144
507.517
186.93
234.223
263.315
384.666
897.618
607.457
1023.05
649.523
203.419
223.576
217.682
502.084
995.361
756.689
1045.41
514.262
195.855
190.454
215.379
666.051
1071.5
619.812
576.925
282.613
168.096
190.601
218.98
417.854
599.927
323.996
441.213
226.694
146.043
157.996
135.836
352.609
469.769
255.742
513.512
217.185
169.255
197.332
237.423
336.28
537.492
255.266
207.508
286.165
383.845
377.952
222.542
249.595
204.63
275.758
203.038
185.662
320.265
390.468
405.031
304.131
221.203
175.332
336.243
276.753
227.284
454.382
422.387
365.047
348.95
285.002
177.336
229.907
536.423
621.539
390.459
210.767
172.081
211.054
354.432
311.729
441.427
542.469
413.078
234.558
333.147
320.82
238.886
316.543
421.648
404.336
319.788
225.81
229.028
286.906
358.848
495.419
357.688
427.165
388.475
267.043
319.242
490.365
529.409
612.788
433.579
258.745
210.764
276.706
504.638
625.603
785.166
674.486
325.908
212.677
187.619
323.377
731.715
736.672
478.777
484.971
447.286
496.251
319.114
322.343
443.188
494.447
778.217
544.931
257.779
246.456
222.756
333.305
740.117
610.828
456.989
415.248
307.259
321.705
267.758
290.024
424.614
447.595
714.836
453.498
182.729
154.655
114.579
299.465
691.494
523.065
378.616
228.46
193.315
267.514
301.697
279.701
366.722
263.385
930.778
483.45
210.141
349.139
294.741
340.358
900.152
586.925
990.975
539.864
273.6
263.233
251.162
613.341
1004.7
623.919
911.099
485.425
236.569
288.129
236.684
519.938
915.424
575.434
512.211
297.227
217.751
196.146
199.809
344.137
531.203
321.282
561.346
346.112
291.415
195.178
269.512
361.425
563.493
382.779
495.624
237.506
155.948
182.438
215.602
379.909
510.984
278.237
459.354
262.047
274.259
384.257
342.141
467.099
503.856
284.462
469.775
305.564
272.822
286.453
495.836
699.391
527.1
313.452
473.826
248.988
259.511
353.391
405.278
381.311
477.878
285.124
359.812
240.341
354.178
339.21
357.979
267.112
355.39
264.704
264.998
278.823
418.584
323.29
351.234
251.702
265.259
256.845
276.592
393.708
570.042
628.639
364.49
302.229
287.553
356.919
431.622
545.019
428.43
319.266
294.44
342.557
427.834
540.894
561.837
496.478
290.498
258.268
216.718
347.562
547.767
533.718
497.348
604.63
371.874
323.505
256.411
396.975
472.063
619.682
691.546
621.718
319.527
390.01
313.845
274.777
635.946
664.522
460.218
461.757
284.944
308.16
288.608
185.437
416.168
488.539
557.89
562.799
449.492
288.477
284.749
403.896
561.579
572.567
761.235
481.896
179.631
116.32
123.892
360.762
743.641
555.73
1212.12
642.168
230.157
218.215
182.826
365.772
1156.76
788.905
715.875
373.334
185.747
258.979
184.506
363.219
718.728
435.808
861.189
609.22
243.317
370.865
371.361
440.751
819.262
696.717
871.46
609.506
268.774
212.062
253.502
386.938
836.944
694.61
