264.31
302.845
350.331
312.664
275.645
162.078
251.395
294.518
224.833
307.613
321.855
179.645
200.895
211.674
223.541
278.257
256.591
208.52
214.06
265.967
186.001
170.118
249.831
215.748
512.274
391.76
249.528
201.976
152.02
342.826
501.221
420.177
289.788
292.092
315.305
224.212
199.662
196.213
282.696
281.292
293.357
406.25
398.739
279.878
265.667
161.83
264.648
391.951
302.275
518.436
563.191
358.202
342.309
313.691
275.697
483.331
341.535
553.345
616.947
436.634
260.196
289.579
325.883
522.045
209.075
325.755
506.787
453.293
236.688
168.345
199.551
297.903
286.629
362.814
468.28
494.103
250.081
334.682
291.801
337.612
129.396
198.836
446.797
572.487
344.436
173.004
126.771
172.578
208.451
198.123
308.601
519.932
297.929
159.462
200.624
200.074
145.52
140.908
346.589
661.037
430.173
195.429
148.724
135.326
279.918
329.435
270.845
376.252
345.546
291.715
282.583
328.096
313.435
221.955
308.07
549.133
366.845
239.987
324.375
232.025
291.135
252.478
224.887
410.686
444.626
341.881
303.115
254.625
385.637
251.572
246.381
496.14
564.488
466.71
396.816
273.416
606.597
321.806
249.982
455.681
350.998
376.998
608.592
385.465
398.773
366.291
418.893
429.873
552.987
464.889
397.866
382.275
492.343
438.091
357.094
223.479
484.055
667.038
513.04
440.68
240.446
219.694
244.74
229.416
144.948
176.848
243.857
213.531
183.206
266.868
449.243
406.413
268.813
137.974
173.92
243.806
339.459
227.322
273.155
340.992
256.683
241.946
349.491
237.394
253.47
254.314
288.719
259.176
220.47
238.165
257.006
254.49
299.54
408.447
341.168
238.806
227.128
206.872
285.255
400.789
339.203
408.971
372.172
290.127
309.736
196.067
311.457
408.485
391.648
535.69
400.858
323.336
296.677
212.787
347.72
534.315
371.238
509.015
656.55
434.1
273.193
314.32
369.983
455.299
305.52
406.094
601.863
488.904
352.816
211.358
278.413
387.314
202.434
315.791
531.466
609.128
287.492
125.676
184.701
288.755
166.447
215.175
421.385
528.714
357.887
196.423
162.112
192.826
256.017
209.297
339.031
428.569
254.694
200.694
257.843
210.987
165.182
178.781
312.06
446.051
307.498
150.502
160.146
174.98
395.819
246.244
296.788
493.676
370.671
394.105
416.394
270.06
202.965
194.872
262.818
511.033
375.218
261.724
218.529
194.97
216.311
193.599
273.672
547.122
512.904
399.753
234.061
196.385
220.99
247.304
317.352
483.364
402.242
318.187
223.537
241.923
280.61
203.436
217.434
348.185
512.544
459.011
305.989
203.012
328.181
319.857
278.9
306.452
430.212
477.17
336.59
320.54
454.125
316.832
355.389
434.522
552.017
622.261
497.625
331.798
179.311
277.854
293.177
161.864
170.057
195.011
175.638
256.023
139.752
280.694
264.966
153.654
175.87
171.613
121.754
257.538
242.984
236.514
251.033
282.792
204.371
120.612
229.884
236.794
392.588
337.555
241.928
174.7
149.87
285.719
392.805
349.526
379.884
305.455
214.709
248.29
189.669
173.076
367.25
327.343
399.978
382.491
237.567
144.539
213.901
371.955
398.96
395.875
284.62
463.003
555.032
428.577
400.258
262.664
262.85
436.899
308.16
534.91
678.05
420.189
290.483
302.534
293.187
475.128
224.851
350.223
525.38
511.623
314.174
214.548
218.173
321.137
373.025
335.437
560.855
549.266
413.703
293.403
372.851
334.648
441.108
325.856
421.745
604.212
387.697
365.97
440.461
346.078
196.757
227.65
365.876
434.139
255.717
158.215
192.436
215.734
190.922
244.667
381.377
683.461
438.873
271.863
195.253
225.825
252.685
252.016
382.69
732.345
511.079
263.239
247.364
252.131
230.499
176.526
275.981
550.146
469.108
260.978
230.03
193.801
219.213
300.063
297.246
425.261
489.723
353.912
226.861
294.491
321.846
232.498
320.801
593.102
523.249
318.568
317.01
251.649
487.562
443.485
364.239
435.816
607.737
552.452
471.665
476.527
390.976
289.948
351.656
408.068
522.456
516.422
404.358
301.773
502.704
404.876
433.188
348.032
443.544
466.21
496.497
419.404
329.399
306.089
166.729
147.26
90.0078
144.644
304.951
325.239
316.883
303.03
243.09
120.662
175.121
194.493
311.519
307.746
287.821
272.314
351.774
348.647
269.735
244.309
287.033
274.036
507.729
427.646
241.534
186.173
121.145
246.973
479.886
468.653
288.65
292.33
268.697
160.316
115.929
127.085
269.505
289.469
350.164
428.337
291.673
144.814
160.204
304.846
338.458
430.29
405.361
621.848
599.301
389.49
286.145
247.354
370.206
598.754
284.59
551.136
600.285
448.945
259.832
262.909
247.567
504.592
278.125
403.605
465.262
334.995
212.49
217.791
266.132
370.753
211.901
225.315
366.37
604.482
372.839
190.333
207.456
219.821
449.124
338.914
448.584
574.328
294.084
215.131
425.643
359.277
375.487
286.798
331.625
577.632
414.972
219.151
361.969
300.201
186.488
224.873
365.314
607.393
382.982
167.798
177.669
209.805
198.738
201.52
225.933
443.807
438.408
253.095
192.745
206.391
165.873
151.8
357.195
752.251
668.326
372.37
180.212
141.293
324.355
305.121
304.029
315.266
402.597
413.832
343.728
308.7
367.113
304.113
306.062
350.418
544.776
555.39
394.401
293.012
427.451
372.272
386.397
329.842
487.595
562.589
440.135
393.668
579.134
590.866
294.177
190.248
356.277
650.468
590.415
599.744
655.548
345.471
211.432
229.973
297.204
491.881
672.491
400.459
279.057
358.434
385.725
261.248
259.313
200.653
254.392
343.359
287.545
353.507
206.942
200.855
129.434
189.479
263.218
361.944
241.771
364.881
246.251
145.956
120.875
169.48
215.811
358.477
408.531
377.726
315.97
292.392
133.335
143.284
381.356
398.516
321.597
330.134
215.713
131.061
112.71
198.629
297.41
346.071
593.092
467.839
277.673
143.278
142.076
222.681
559.268
515.037
413.012
581.303
515.609
299.675
295.704
284.765
367.534
561.907
472.359
566.91
498.417
371.23
241.617
323.433
435.61
570.79
207.976
389.631
594.945
442.101
324.29
200.29
193.946
349.308
222.989
172.795
292.617
445.913
307.491
247.569
229.713
171.698
243.846
179.352
293.286
612.335
384.366
254.058
247.153
192.211
187.049
126.79
308.359
621.737
411.791
216.323
195.074
126.656
440.659
235.354
357.793
700.687
490.889
316.517
443.247
277.28
260.694
176.403
209.392
529.751
593.525
410.288
277.339
191.466
308.121
283.615
312.709
360.409
398.955
421.912
321.116
291.271
347.259
210.549
227.76
304.299
543.567
608.607
387.656
210.25
437.485
438.309
272.813
441.443
503.17
613.227
469.555
454.303
588.519
351.551
242.646
280.186
467.531
634.514
624.579
375.185
569.948
267.791
401.231
403.789
567.296
530.464
584.04
308.837
375.476
347.727
302.601
286.608
311.719
369.827
392.431
354.707
446.794
434.169
209.581
239.14
186.359
315.396
419.496
470.255
315.42
384.833
209.965
206.227
207.714
257.589
286.281
394.235
357.98
310.475
231.535
125.857
134.856
174.671
335.354
332.612
278.585
262.605
250.045
234.604
142.524
179.111
271.493
268.074
219.471
190.404
233.568
228.642
175.93
159.757
213.428
195.963
450.253
437.217
327.99
144.859
183.045
254.665
421.153
448.193
564.925
500.16
280.46
186.594
122.083
233.279
524.819
542.565
399.764
549.048
430.282
351.709
252.92
243.932
359.133
541.643
334.938
450.9
475.126
367.9
201.239
183.9
307.454
432.41
185.773
271.726
508.816
735.082
390.914
215.575
185.376
256.002
195.393
181.434
292.288
499.936
404.523
262.543
209.384
174.347
168.076
148.875
297.183
657.947
413.502
161.858
160.966
152.988
177.559
161.997
259.313
539.238
510.645
261.694
183.786
153.512
222.215
198.226
336.032
491.153
607.151
422.774
237.477
191.155
280.307
230.971
171.611
229.54
241.777
272.348
280.059
252.057
514.829
262.74
305.306
325.884
437.663
514.586
541.288
291.173
442.858
295.05
268.944
221.499
443.287
539.931
469.971
294.707
399.439
254.058
363.199
343.172
482.127
542.136
440.435
264.943
591.589
296.94
260.201
287.126
318.657
543.822
620.174
329.239
555.812
310.814
230.478
272.563
428.987
587.463
578.561
345.465
330.062
324.948
270.42
165.946
133.045
115.608
304.539
334.856
188.709
253.107
162.968
92.7866
84.7684
123.304
169.347
253.22
404.726
386.33
220.704
157.359
165.19
173.152
374.241
412.843
446.776
401.597
294.758
255.065
206.144
215.464
420.053
420.452
314.071
328.907
227.975
191.657
161.913
155.831
290.414
339.443
374.099
443.91
272.26
154.894
147.739
179.413
335.819
457.81
369.415
539.969
303.091
133.389
140.269
258.406
325.302
539.001
294.903
419.393
365.666
259.416
213.633
198.869
267.985
407.479
161.616
273.324
495.464
481.799
279.484
127.269
144.485
248.728
190.879
282.134
306.134
375.529
206.835
165.879
168.518
276.49
176.808
166.105
217.419
351.94
251.902
229.626
192.129
161.758
403.001
309.854
306.273
480.545
402.556
304.396
397.364
327.651
182.333
151.045
330.864
584.654
643.077
359.433
201.796
135.66
408.657
253.484
265.555
376.143
432.317
406.336
422.589
266.582
396.991
216.614
223.944
378.687
502.361
513.439
423.938
236.79
386.741
399.392
263.763
265.921
314.885
488.903
410.93
408.852
381.794
254.564
223.455
273.138
485.089
607.908
425.761
269.186
433.158
263.215
324.354
337.978
515.037
664.647
487.065
253.459
542.755
367.513
165.363
215.112
426.318
747.831
601.593
380.028
653.369
310.298
305.506
300.771
378.392
588.989
684.863
357.687
253.074
301.13
224.321
203.104
187.51
183.764
239.615
298.682
380.294
371.725
228.78
148.932
218.168
224.346
347.866
390.634
303.194
350.408
202.691
226.866
167.259
150.184
272.189
359.507
368.918
309.211
125.208
168.886
142.436
234.688
345.448
345.885
367.563
275.07
166.917
196.988
102.655
117.562
341.99
310.68
554.279
458.465
286.011
200.912
158.592
234.454
525.059
500.356
357.742
417.582
369.622
230.995
199.321
374.76
356.551
419.87
406.195
400.203
293.949
239.935
236.782
201.833
379.042
412.738
368.814
374.468
370.104
270.437
175.064
229.339
360.687
370.237
258.887
245.906
386.614
491.657
316.74
171.274
248.726
247.881
192.011
169.197
334.351
608.56
364.356
169.648
187.047
176.067
414.212
222.852
234.167
471.915
465.77
423.517
426.676
254.519
346.618
244.124
221.847
466.179
465.856
391.526
355.981
269.397
259.573
194.235
134.829
252.47
285.399
274.974
281.055
201.096
388.748
242.864
253.41
239.067
365.01
383.909
395.301
267.703
545.96
384.596
238.797
247.336
390.746
677.359
595.722
398.416
515.848
395.497
230.939
232.808
348.767
637.818
559.576
407.29
505.925
291.39
175.676
175.051
238.496
516.87
541.705
306.203
646.285
301.405
186.114
154.375
315.009
602.275
698.164
351.483
578.315
302.774
237.78
248.007
302.546
505.927
596.365
351.663
279.972
289.589
190.612
96.2582
149.032
297.283
288.859
292.429
427.599
336.984
206.029
218.635
217.286
249.435
403.602
375.166
403.179
395.697
233.28
215.354
142.996
181.459
373.067
412.277
387.37
367.233
186.683
97.4866
93.4208
202.299
361.889
389.635
319.118
273.783
133.636
148.668
119.755
154.109
298.54
301.011
353.872
430.602
254.722
135.595
123.557
170.781
319.328
440.573
316.364
279.311
195.152
229.969
198.605
194.746
307.125
292.828
446.342
544.647
308.561
147.929
133.013
260.705
402.301
554.45
272.818
349.828
345.361
305.663
212.65
196.688
251.015
340.217
226.593
256.638
336.384
512.226
366.3
279.644
229.034
257.785
310.475
222.543
274.295
384.401
437.363
319.999
327.927
217.234
477.213
244.086
234.004
281.334
326.731
409.309
502.242
275.305
288.088
248.315
212.519
242.33
377.937
436.84
310.784
245.745
269.699
229.634
276.527
318.605
368.073
330.442
271.075
241.007
305.997
288.321
313.56
349.088
531.471
484.512
324.745
304.478
451.81
273.887
202.069
290.338
350.054
438.836
466.724
300.242
474.09
316.811
177.879
185.494
367.388
548.977
512.043
336.848
662.63
333.513
178.357
179.722
314.384
639.653
702.935
383.47
649.7
319.853
309.133
311.804
374.653
639.425
694.118
352.41
698.386
338.51
179.444
214.226
322.069
614.157
735.799
392.531
423.28
266.679
128.43
105.554
95.5177
138.925
400.201
310.658
313.837
307.385
179.877
105.132
159.039
275.936
307.829
311.714
405.115
307.063
227.557
131.986
165.614
219.986
388.174
330.965
341.852
294.695
180.382
145.392
137.394
143.379
321.551
316.147
364.36
277.525
131.504
96.962
97.8594
137.441
340.576
311.523
443.603
284.225
152.342
113.365
134.157
211.534
431.999
319.726
281.712
285.144
234.734
246.701
146.516
156.345
257.832
297.201
341.337
384.893
241.996
139.089
134.883
197.855
314.677
392.86
327.546
303.452
277.024
275.913
185.159
169.809
306.965
311.768
270.454
353.314
459.314
400.428
212.782
200.878
262.959
338.535
340.199
267.644
257.954
479.256
432.453
371.017
364.739
271.383
410.634
297.872
212.712
202.998
231.612
423.278
434.984
309.504
450.274
280.778
190.87
183.165
344.383
452.501
467.747
300.944
591.507
275.581
164.849
166.924
224.746
518.115
620.309
316.086
767.494
367.45
194.212
186.711
269.067
533.533
786.609
442.883
641.32
279.431
181.559
208.152
354.711
614.846
689.943
327.328
731.734
348.578
152.984
173.583
188.419
453.671
743.604
422.989
619.278
472.145
247.167
147.924
264.248
609.29
653.608
488.113
814.761
352.637
182.613
173.816
218.032
573.275
849.653
431.653
576.21
315.557
276.156
261.379
363.172
551.66
600.062
343.742
423.109
299.78
173.843
126.302
128.898
202.259
400.777
344.221
348.437
229.122
170.544
218.727
168.241
130.949
335.18
257.138
574.599
429.707
218.888
168.801
117.43
186.057
535.681
481.977
382.971
292.866
184.84
141.163
117.102
203.738
359.704
322.353
328.258
234.991
132.242
101.555
80.954
147.668
315.56
262.003
341.332
300.674
192.784
146.965
131.362
202.909
325.794
312.691
606.653
402.641
214.295
147.062
137.276
274.598
588.906
455.777
419.256
295.914
153.395
159.969
167.216
180.022
399.168
337.015
426.134
443.593
322.945
154.066
118.324
188.398
394.923
457.152
277.956
286.858
365.961
320.178
316.2
169.583
255.119
290.462
451.907
240.911
220.663
345.236
305.718
382.526
469.547
278.458
397.903
269.677
210.665
184.153
301.494
468.419
431.426
279.512
580.441
302.259
150.643
244.285
230.856
434.12
594.276
357.437
479.416
225.621
223.245
297.913
346.838
383.545
490.838
270.835
613.047
294.194
218.521
250.083
236.387
424.492
629.09
355.303
746.818
370.158
177.918
160.271
179.628
426.499
760.098
433.363
593.837
336.158
184.694
115.126
220.634
524.286
624.271
374.682
745.339
417.638
175.491
177.378
160.24
484.901
768.17
478.936
689.125
314.8
182.613
199.649
270.604
528.261
719.176
381.309
609.559
316.143
168.233
224.922
358.301
608.161
657.017
362.295
246.034
226.514
154.332
199.02
221.639
146.561
223.386
236.85
366.396
261.817
173.467
282.043
164.36
151.943
346.594
299.928
633.65
368.597
246.364
437.529
257.916
261.122
604.756
437.075
558.538
331.273
195.196
155.642
130.74
181.539
525.863
395.506
332.346
272.893
193.232
152.589
136.171
199.071
316.756
290.899
530.814
329.641
114.101
86.1435
83.0947
279.378
521.818
382.956
359.982
190.449
111.397
152.012
135.309
201.523
364.088
221.751
528.941
334.456
152.631
94.4051
102.574
182.067
497.859
389.885
563.477
462.28
362.957
246.216
171.093
210.307
523.048
493.004
404.107
261.59
225.866
184.417
169.993
187.063
391.049
286.08
557.141
313.522
149.979
168.505
193.22
342.84
555.251
363.723
692.578
429.701
214.043
186.124
211.611
342.115
677.115
498.212
743.091
403.752
154.876
130.445
176.963
419.035
739.995
480.746
669.944
362.106
222.136
196.142
176.708
376.384
675.234
424.469
814.04
381.692
167.322
158.206
186.482
450.378
812.823
471.067
688.608
359.893
202.771
195.642
188.258
411.978
691.752
429.425
549.453
273.704
204.71
261.859
179.336
351.427
561.049
326.651
368.757
236.551
227.326
237.004
226.292
309.069
379.574
245.869
609.348
314.681
146.747
153.421
249.155
494.909
626.597
368.349
522.423
393.711
254.173
284.982
316.593
618.581
572.793
396.894
438.677
296.759
162.8
158.796
159.877
143.915
410.301
342.232
393.097
310.367
169.081
177.426
145.956
283.07
372.577
340.307
570.615
295.416
88.7756
124.73
139.59
223.048
554.338
361.381
409.667
281.655
166.392
159.345
130.47
202.559
395.233
319.142
486.522
280.087
173.709
280.229
177.022
255.551
480.436
332.664
249.538
266.919
246.597
278.958
192.611
162.675
236.219
270.485
378.884
210.386
231.473
184.584
141.541
160.939
369.496
228.097
306.118
175.515
135.778
156.516
203.612
252.493
315.071
196.141
406.96
408.819
317.409
264.841
179.691
220.712
376.067
424.395
435.845
392.497
224.337
201.1
113.877
220.375
404.396
424.851
492.061
403.383
233.65
153.849
190.285
307.792
487.075
424.163
615.238
390.481
202.957
227.408
179.681
291.036
597.564
452.439
674.961
433.837
253.366
196.056
212.453
336.788
656.703
499.663
627.444
354.225
261.346
224.819
184.182
362.582
626.688
414.296
540.232
249.087
158.38
181.88
217.751
376.38
559.459
297.566
630.091
294.317
307.034
307.329
283.334
312.326
628.8
349.359
702.605
432.653
175.218
136.147
123.62
362.774
692.119
500.278
767.049
374.504
167.318
241.251
141.443
264.103
746.783
465.095
759.279
380.521
208.798
180.863
175.436
503.069
785.413
434.214
674.855
326.434
242.788
125.542
195.436
475.92
695.216
361.578
339.298
281.708
141.219
159.343
194.618
216.318
311.966
313.731
448.799
283.93
175.482
103.961
168.287
230.295
426.501
330.134
460.394
225.408
106.504
145.928
107.726
169.306
442.64
284.9
490.341
304.018
232.026
166.178
180.231
290.974
486.325
344.718
385.027
210.892
184.471
138.655
184.731
213.004
375.259
240.347
407.693
284.077
241.739
199.269
164.897
276.619
420.507
290.359
354.464
177.499
139.901
135.647
128.222
243.355
370.55
199.33
385.633
256.049
183.927
223.817
204.234
358.517
412.108
270.963
300.498
223.878
259.478
353.076
260.063
230.284
304.956
227.651
441.162
376.77
289.561
214.385
149.159
166.646
410.85
400.491
390.306
305.818
324.233
348.351
461.355
424.152
408.378
308.901
442.678
275.871
198.706
216.393
201.462
276.224
449.186
294.543
624.816
338.291
295.145
259.064
288.758
336.56
618.699
397.512
607.799
355.935
159.312
178.72
164.871
299.242
592.576
421.263
613.114
332.117
150.35
190.17
170.965
304.368
606.781
396.813
542.796
254.968
226.891
208.623
177.495
304.815
541.449
303.533
661.084
335.933
119.537
141.733
121.196
337.561
656.61
409.742
660.735
362.318
159.941
157.531
156.873
461.549
688.078
409.998
807.638
322.437
104.695
137.969
168.264
422.394
820.38
410.308
699.423
334.244
131.8
130.416
120.296
418.105
717.978
402.207
286.588
200.296
125.465
204.985
195.837
225.5
282.175
225.771
335.374
243.369
145.105
148.015
117.948
173.239
324.642
268.69
547.265
264.749
155.581
146.621
158.053
272.434
543.157
324.032
562.736
323.772
132.452
175.751
148.52
263.953
547.963
381.442
524.706
309.063
211.09
216.788
178.569
289.728
519.443
350.708
495.93
278.916
205.001
269.227
203.995
250.887
491.904
323.314
439.85
298.246
189.05
267.347
210.523
248.85
441.12
334.793
340.483
306.647
306.482
332.171
236.929
267.894
340.536
306.385
217.5
290.026
362.485
361.098
278.28
255.715
214.441
264.117
274.609
333.297
377.738
290.551
275.486
205.529
266.257
319.309
465.407
301.362
178.01
234.493
197.315
302.179
467.926
331.252
620.677
409.428
109.107
107.862
99.1339
200.4
575.676
484.028
611.271
401.134
185.413
207.151
211.989
314.227
594.586
458.612
544.042
302.157
149.413
172.356
142.988
263.516
536.651
359.073
572.623
377.841
183.374
186.973
179.727
276.157
555.25
433.912
571.037
340.822
199.73
224.453
197.948
290.403
558.227
399.85
500.193
311.921
250.445
247.843
162.792
267.049
496.367
351.541
607.075
309.866
159.984
144.33
104.363
329.731
611.609
370.342
642.48
302.979
160.595
198.851
247.921
398.316
659.093
360.416
664.406
348.351
178.576
131.338
178.007
370.154
666.056
404.159
344.638
253.39
158.001
149.945
144.972
130.106
318.269
284.586
548.266
244.527
103.642
130.796
134.27
222.426
539.177
308.426
557.898
333.683
130.184
104.749
92.9394
230.375
540.549
391.307
500.92
226.245
161.739
224.996
169.97
198.221
491.398
286.606
496.974
216.586
191.786
300.676
178.174
228.535
502.002
265.02
540.091
329.143
232.131
185.561
145.205
330.288
542.102
367.503
326.102
291.872
283.642
376.292
307.442
358.117
345.831
292.523
185.386
256.803
359.12
548.423
350.005
202.883
185.178
229.761
284.387
267.344
322.985
595.207
328.555
245.674
285.661
274.375
510.03
426.597
461.536
581.966
580.009
358.461
482.484
463.111
292.402
276.855
216.73
231.987
207.104
278.527
300.48
280.543
525.507
367.777
288.473
302.217
274.897
277.083
511.622
405.782
361.94
327.832
198.498
177.91
155.632
177.42
339.314
352.544
542.563
279.79
182.346
240.67
241.179
364.1
562.618
324.221
737.574
418.89
188.892
197.624
132.865
334.251
723.456
495.579
689.434
444.84
211.716
153.902
119.679
271.239
662.255
504.965
523.328
291.189
176.68
163.603
122.585
237.593
511.21
340.579
787.553
419.406
117.946
101.806
114.878
386.475
780.978
504.276
1051.36
478.531
141.986
118.855
97.6066
425.604
1035.45
603.973
820.568
370.37
211.396
199.132
180.98
362.152
812.75
460.336
419.049
229.305
151.037
164.126
130.472
228.195
419.007
270.593
441.844
243.456
185.276
232.094
241.794
229.603
435.358
285.123
417.793
194.884
146.144
102.607
140.217
223.346
413.883
236.385
418.459
557.741
545.876
346.026
272.359
246.464
373.693
548.175
403.919
238.384
314.959
332.481
313.548
322.253
418.133
243.775
537.907
300.448
317.453
302.659
295.134
546.691
569.52
321.878
518.333
201.669
133.155
270.676
211.955
281.186
524.648
260.065
380.27
254.657
190.885
234.121
184.786
265.737
389.337
273.237
203.244
263.347
448.06
425.907
320.323
175.498
204.023
239.161
396.468
378.545
197.427
155.155
134.021
205.92
371.776
401.963
368.458
472.277
382.05
297.249
253.788
374.568
348.248
468.728
412.937
456.181
269.075
227.426
163.374
174.466
370.615
473.12
336.059
270.839
173.439
295.199
229.247
206.561
324.51
289.573
522.23
358.093
214.179
255.216
179.184
222.078
499.638
407.114
608.933
301.499
170.976
220.664
200.582
304.532
604.693
365.243
530.822
287.641
239.1
281.813
225.961
336.04
537.419
331.369
447.298
269.74
209.284
325.984
272.958
222.287
435.449
302.291
507.003
354.099
307.746
476.579
335.571
321.525
495.35
390.39
885.676
411.604
217.2
305.658
249.933
421.609
883.497
496.837
848.275
411.888
175.789
316.875
320.448
361.149
823.931
512.798
379.725
200.647
103.373
114.417
108.746
188.445
378.682
240.085
567.551
303.091
116.252
162.869
142.924
208.069
547.934
368.683
266.925
290.238
293.278
390.529
338.479
210.669
265.201
290.958
386.89
312.24
237.816
166.04
176.032
225.759
373.068
323.324
259.285
278.65
245.841
217.671
254.977
347.827
276.411
275.957
343.828
232.506
129.969
131.744
157.066
292.342
352.44
253.753
422.49
279.331
303.596
385.341
321.845
271.497
421.032
309.847
341.283
323.029
319.778
353.513
356.441
282.754
336.708
313.231
310.146
297.184
320.653
222.987
190.931
256.238
316.975
285.42
277.723
496.391
486.25
389.041
227.842
234.534
251.474
469.714
307.576
344.42
291.078
206.303
258.091
266.428
289.877
350.335
348.562
314.877
166.1
208.501
198.648
292.135
327.318
341.434
533.18
401.457
267.202
195.416
156.773
253.574
510.108
439.74
643.212
430.271
254.706
242.199
251.951
297.912
622.984
487.321
331.553
369.479
269.694
317.151
200.396
169.113
300.973
380.303
712.404
395.943
179.579
180.092
211.581
268.134
686.242
470.073
610.149
305.25
178.373
215.838
170.931
218.21
588.912
376.683
458.415
306.896
196.858
210.754
294.132
522.423
498.377
335.813
573.41
480.363
173.886
135.065
189.719
421.629
565.883
526.858
507.494
263.394
183.395
210.976
239.769
261.563
501.697
313.918
356.916
246.962
133.492
179.313
163.113
189.004
342.367
267.684
529.54
280.428
217.403
230.546
199.809
260.997
525.57
331.9
587.027
291.966
114.729
160.433
143.018
340.249
596.124
347.916
350.35
245.586
124.543
116.915
125.433
244.366
364.37
274.017
335.201
294.706
192.317
118.394
146.016
296.514
339.531
303.903
575.353
267.122
166.984
206.154
318.274
466.234
593.919
321.978
195.425
146.51
193.156
312.137
261.589
203.106
195.293
144.696
407.788
190.87
197.644
274.9
224.596
246.943
389.533
242.074
332.144
338.136
347.821
335.109
344.649
212.325
310.296
344.697
514.617
493.166
411.066
297.486
218.517
190.311
472.527
521.447
595.216
495.291
312.164
407.59
242.762
339.876
581.59
520.11
324.478
326.989
172.006
223.274
190.652
251.232
304.873
355.019
484.795
352.815
265.819
208.762
175.589
234.261
471.809
381.838
305.154
264.052
293.117
325.31
216.417
168.566
287.043
276.398
542.404
372.763
344.523
357.145
197.455
240.391
524.462
410.683
560.542
368.703
197.383
180.973
144.321
239.088
542.192
419.242
589.707
353.239
190.456
148.913
103.988
220.267
567.364
410.237
291.951
178.499
181.238
325.071
465.952
362.262
300.179
199.946
719.146
418.418
234.496
181.349
204.535
300.616
701.224
490.773
519.007
286.122
142.39
110.631
180.882
380.681
526.646
328.896
417.494
218.124
99.1268
111.119
175.864
210.668
407.929
267.168
468.426
268.226
163.934
140.81
148.851
286.573
488.917
295.456
330.223
165.143
98.3374
135.966
170.323
269.045
344.787
191.343
268.738
137.081
118.862
152.679
128.517
200.465
274.681
156.962
255.429
233.389
170.869
169.6
153.054
294.344
258.846
237.963
355.086
321.789
298.584
380.983
331.359
358.614
356.528
323.586
242.413
244.893
273.966
341.212
275.504
227.783
244.313
238.94
199.539
200.543
332.199
358.372
199.532
146.249
199.435
192.322
306.771
241.679
223.967
232.21
293.904
257.054
297.546
262.662
291.478
410.87
478.008
297.894
273.299
187.523
280.233
383.905
369.393
386.775
287.597
377.608
338.874
237.25
342.052
399.241
349.708
494.928
335.129
231.946
201.031
264.536
333.834
475.664
717.885
466.485
214.373
181.37
141.578
255.749
682.696
539.081
518.973
500.839
268.223
346.208
197.503
273.375
469.446
551.707
778.967
427.864
189.432
282.914
179.498
246.761
740.928
520.024
325.889
307.561
247.391
250.371
171.98
166.097
304.46
323.662
376.211
245.929
197.413
151.328
148.069
170.345
360.619
270.497
499.27
316.787
181.762
176.139
204.755
335.526
499.018
358.658
654.514
435.693
301.974
303.711
201.761
351.997
633.957
486.884
590.428
339.922
196.01
143.058
217.207
354.635
587.24
389.884
