710.586
969.532
820.301
567.706
449.591
457.564
638.145
961.67
523.725
899.666
779.704
421.698
426.627
517.937
472.782
857.894
602.432
909.078
791.62
374.657
384.248
474.845
577.478
869.762
450.734
798.519
853.423
480.03
395.738
371.938
397.475
747.982
361.847
696.9
719.982
397.038
263.624
285.507
336.411
639.703
551.504
757.502
851.059
541.258
486.654
325.999
518.383
722.325
296.275
590.721
883.194
867.777
489.138
338.703
294.974
527.947
304.874
369.35
749.893
1099.67
510.477
332.771
325.927
336.883
218.208
338.248
766.94
1160.85
619.281
209.252
205.137
298.492
373.086
308.088
607.558
1146.22
569.034
226.332
355.299
315.912
291.963
293.4
497.205
1250.11
738.733
296.052
289.521
293.941
241.205
239.071
506.692
1106.57
934.363
474.766
257.74
216.011
283.022
258.624
535.393
1031.56
1070.1
525.195
299.841
228.254
275.29
284.81
369.629
790.44
894.062
571.049
303.881
276.24
316.093
320.759
599.611
841.12
1222.46
819.773
363.962
281.949
555.709
486.971
567.145
596.865
951.026
843.983
572.826
514.943
666.269
341.349
233.708
386.462
293.334
422.73
667.481
385.639
492.658
461.499
404.97
306.358
462.56
711.432
529.624
460.107
546.111
499.515
417.276
274.393
606.651
942.043
616.195
489.402
642.075
518.989
323.602
416.914
491.469
1003.88
732.989
518.668
778.573
920.015
599.946
308.204
315.91
462.133
722.875
949.797
751.436
994.596
535.199
170.856
270.035
598.857
703.391
998.787
561.409
677.071
536.272
313.131
231.148
317.768
504.459
678.198
656.102
673.176
551.845
487.265
383.837
385.572
603.684
703.911
421.776
794.588
796.745
409.222
316.353
339.967
369.982
732.536
494.777
806.746
1018.16
683.238
594.669
326.442
438.806
760.596
312.913
577.262
854.995
720.242
520.09
308.194
292.086
525.911
248.053
466.305
914.765
881.553
496.464
286.441
239.359
402.092
367.082
388.796
741.973
893.007
410.334
428.083
383.828
351.458
217.088
265.098
751.567
1139.25
583.296
199.276
214.05
252.203
316.142
177.481
453.803
1118.57
676.276
245.207
320.268
185.433
294.615
315.213
467.524
947.079
825.492
410.54
301.147
311.375
383.073
376.846
469.778
776.882
1033.71
748.948
388.035
368.411
277.555
242.394
545.635
978.708
1078.65
617.862
301.18
217.416
643.874
593.781
513.209
665.662
930.074
926.924
690.602
609.766
647.37
543.906
529.085
598.64
956.157
1048.99
723.318
561.405
449.71
334.008
218.329
225.429
355.97
628.49
488.71
355.227
358.102
600.291
335.518
256.55
424.125
866.495
431.593
549.896
559.715
435.614
437.398
422.732
565.896
889.33
632.384
425.163
859.699
529.605
496.856
305.851
558.281
988.681
943.789
568.198
788.279
751.482
394.554
308.63
289.479
406.476
726.922
790.65
715.185
910.435
688.476
335.306
378.099
418.165
641.508
912.355
593.868
700.118
533.394
322.274
258.91
442.631
542.527
712.503
538.089
874.112
712.971
428.689
352.95
398.2
481.119
847.229
660.497
820.668
583.239
323.871
439.807
510.323
601.745
808.79
435.271
763.387
897.743
546.329
478.995
402.299
394.82
690.559
328.773
609.482
989.445
747.788
637.787
371.94
309.06
546.24
338.451
514.994
863.004
781.571
503.578
359.19
356.601
463.156
283.17
366.029
729.563
1012.23
463.459
325.402
278.647
323.448
448.538
262.826
488.92
1087.92
584.686
388.722
462.477
280.445
114.49
104.125
495.941
1313.32
933.251
238.706
115.43
93.4448
339.697
308.651
408.21
994.831
1050.95
641.346
360.143
315.562
356.682
373.103
485.077
798.475
992.274
633.714
363.983
385.137
448.294
325.509
310.588
605.186
885.104
823.455
494.385
328.975
637.214
516.877
336.993
538.02
868.038
1001.99
706.915
532.723
842.282
489.264
376.697
342.735
714.122
1076.95
923
528.291
718.052
349.604
281.009
251.459
369.518
800.69
789.772
367.514
439.74
473.829
369.158
297.377
412.828
724.567
482.505
456.084
891.465
578.037
281.428
469.55
454.57
904.516
974.037
643.277
703.798
347.919
310.071
202.469
442.693
848.111
783.738
379.156
847.116
953.044
565.336
261.543
307.765
385.64
756.506
996.275
624.795
799.372
444.792
215.938
255.596
495.416
577.419
804.493
506.723
710.719
560.952
316.871
272.6
349.832
492.455
699.51
540.793
880.463
680.295
379.969
332.972
446.025
480.578
851.842
500.26
807.342
739.618
487.678
432.691
374.23
443.47
780.976
409.417
820.268
876.722
488.944
398.016
394.395
359.501
748.899
430.401
583.336
799.097
728.194
417.547
280.683
412.312
559.345
561.937
472.962
739.161
949.925
461.827
364.671
557.95
474.7
251.926
325.208
727.08
1049.83
512.472
245.519
252.823
295.422
228.386
213.73
531.362
946.659
618.176
266.601
235.382
195.104
210.835
204.971
320.376
730.543
630.301
314.589
210.71
205.924
259.357
264.533
363.646
840.042
933.927
674.028
302.923
233.087
316.545
241.099
447.876
721.748
923.536
658.032
355.019
227.301
458.732
440.649
523.333
558.439
963.17
981.339
514.762
417.427
755.568
425.635
443.325
413.595
781.435
1083.49
842.463
443.676
845.274
533.058
337.568
411.425
751.418
1185.66
944.477
556.223
986.522
475.529
359.89
273.665
445.398
976.597
1081.49
540.814
640.253
456.296
366.333
255.208
353.507
754.271
710.528
445.494
795.011
468.503
338.071
295.395
425.683
867.287
871.279
518.769
693.867
493.98
298.147
352.928
482.443
963.557
776.425
514.707
839.602
877.655
410.429
181.286
253.84
367.146
754.641
940.572
830.588
1000.47
528.514
225.418
298.066
592.284
751.825
1025.86
661.52
936.821
569.799
374.513
277.731
423.05
585.469
930.611
681.066
709.565
462.781
303.858
362.592
369.351
619.987
742.147
448.117
698.985
571.811
293.128
245.337
369.05
416.796
675.409
759.558
838.423
579.46
397.848
359.939
452.079
694.46
856.504
512.4
750.81
739.241
461.481
378.015
417.125
475.247
731.398
462.339
456.397
516.315
488.631
367.329
321.916
452.02
443.059
126.367
358.801
734.105
898.045
446.825
292.56
122.696
295.823
287.827
280.855
530.632
945.025
549.014
295.106
272.22
290.375
393.231
306.536
419.55
748.288
635.971
399.617
398.134
306.825
435.029
326.774
295.549
747.663
786.562
620.184
453.323
353.275
336.802
394.157
418.527
596.762
929.593
717.359
356.256
368.755
477.329
394.487
415.758
445.619
876.133
988.044
548.062
361.442
772.558
493.579
511.059
318.844
728.613
1124.27
867.011
489.297
1039.03
494.322
334.596
152.344
475.349
965.55
1119.83
563.416
1034.25
581.641
492.277
449.713
507.999
1049.09
1115.88
624.401
980.767
521.572
367.707
266.951
341.08
814.14
1038.81
582.699
905.839
609.563
302.126
243.993
322.594
922.82
990.477
662.979
817.503
412.15
394.573
270.225
410.605
983.854
912.618
411.911
867.812
787.851
380.356
384.371
346.526
368.315
788.894
864.57
875.492
880.655
540.506
331.08
436.177
471.714
792.382
934.609
692.913
790.814
426.342
383.709
301.287
444.077
630.833
814.937
719.609
752.84
390.314
231.676
221.016
412.559
654.748
797.231
833.944
902.471
506.65
274.822
309.585
371.191
754.896
934.005
541.237
671.136
503.898
363.116
301.604
242.34
485.211
676.477
518.027
571.143
536.868
368.962
396.43
276.53
479.277
574.842
492.8
658.873
666.182
469.45
427.806
326.915
468.55
637
459.664
601.53
580.757
461.695
244.614
356.292
438.19
591.833
225.809
219.153
565.804
1010.25
577.106
233.098
219.674
218.965
220.27
283.525
369.132
844.519
743.627
333.426
213.43
279.061
440.358
440.108
361.138
555.17
637.136
646.015
469.685
436.346
557.316
468.803
345.612
512.898
767.784
807.755
604.904
495.363
692.308
542.239
330.637
351.213
717.396
1063.43
770.117
557.365
760.018
408.469
371.427
380.857
677.884
906.143
805.792
444.739
1013.87
497.692
222.595
234.025
357.624
922.653
1106.24
566.72
1268.63
596.604
366.827
329.98
397.417
1041.67
1334.08
681.947
986.65
436.348
358.349
369.036
265.499
646.946
1023.79
512.097
458.387
349.54
288.647
299.429
410.978
496.897
484.138
371.484
943.597
576.715
298.341
231.004
347.969
919.209
1029.94
647.139
856.63
798.122
292.585
272.774
200.318
410.889
777.316
885.773
916.873
791.952
415.119
491.597
313.437
277.523
834.745
875.034
837.985
788.53
433.907
223.225
237.941
432.43
779.077
828.346
619.721
639.376
376.044
287.385
257.861
297.613
570.595
664.253
849.995
604.474
300.503
230.966
201.527
263.822
792.603
683.012
672.366
745.517
417.386
302.834
217.937
374.644
621.259
791.552
611.072
695.129
482.947
345.054
381.026
309.53
552.434
718.211
489.696
411.08
354.893
328.573
289.407
348.608
481.617
436.112
412.612
395.731
472.433
462.728
335.317
343.198
396.759
403.271
381.433
340.733
568.906
898.993
536.047
378.844
393.37
356.965
248.339
245.589
365.107
766.678
758.688
515.473
273.223
237.52
493.303
437.836
484.684
603.5
773.394
693.73
528.819
446.983
419.451
327.9
358.459
364.744
563.96
661.524
463.534
305.337
943.71
453.89
348.857
296.872
444.365
741.69
979.935
539.59
760.297
529.612
363.36
607.881
774.697
875.475
786.875
577.942
1068.62
512.262
296.741
278.505
623.874
1141.47
1164.1
579.934
1132.38
475.163
362.233
424.921
459.28
861.278
1186.34
581.081
1115.88
564.373
180.954
146.533
252.89
852.246
1189.62
631.717
912.549
460.868
211.314
212.22
204.771
567.997
957.146
530.903
981.741
510.515
280.017
362.268
361.58
852.892
1064.28
568.303
809.356
872.701
508.212
284.386
324.407
401.995
727.114
915.336
999.036
914.507
280.543
354.241
329.26
654.648
928.681
1018.32
840.417
753.801
333.712
220.976
185.616
327.832
767.859
826.474
781.868
783.05
450.393
507.608
411.19
464.886
722.897
824.061
643.396
616.855
344.818
358.724
314.257
516.088
595.052
657.855
842.772
691.198
378.238
399.488
269.181
378.258
789.071
760.517
819.912
765.295
382.87
300.529
210.053
288.897
750.267
833.352
460.203
428.306
341.135
250.668
185.875
337.574
448.299
440.584
406.202
559.632
510.843
337.894
300.142
441.221
392.564
543.477
418.896
392.71
407.953
652.524
409.514
253.351
384.918
414.128
237.743
274.351
467.01
647.881
608.147
440.175
255.198
258.413
516.854
423.348
477.512
560.862
550.174
616.671
549.244
441.317
763.576
364.353
361.441
322.974
458.453
740.897
814.403
396.736
962.854
434.525
221.053
235.991
386.447
769.23
1016.09
520.877
1064.94
500.385
241.038
208.79
412.51
948.235
1140.05
570.314
1051.96
494.586
303.124
266.231
429.573
895.005
1101.53
565.861
1174.97
522.066
211.786
334.437
425.602
873.618
1237.57
626.88
1034.65
430.748
336.612
343.333
398.224
839.222
1090.64
515.692
942.936
428.698
190.304
207.705
196.619
561.096
990.563
493.594
867.672
381.616
303.719
359.643
463.237
793.844
936.205
425.782
918.255
758.984
233.669
202.98
218.407
382.886
842.962
856.517
1071.32
722.717
304.267
309.789
315.575
479.403
1015.18
832.355
734.264
651.655
415.577
587.039
544.352
430.136
676.359
705.809
609.822
583.421
372.402
402.385
303.65
455.981
609.924
616.649
746.755
521.526
206.17
238.678
182.033
393.225
715.431
596.99
597.923
599.786
382.087
307.503
283.054
280.748
558.293
623.34
754.209
595.821
371.392
309.418
296.777
379.316
715.328
645.344
678.935
484.932
356.554
331.013
324.796
343.573
658.251
539.74
410.79
558.706
533.635
412.09
280.858
344.878
408.671
538.136
314.566
296.748
367.288
385.276
368.681
393.344
338.028
281.142
376.242
352.052
368.233
391.331
545.183
510.651
401.416
344.31
551.266
346.544
288.77
282.893
417.591
567.513
590.263
384.947
750.045
364.476
238.059
270.051
318.279
636.967
792.33
418.211
1045.87
555.038
263.856
287.207
206.215
540.303
1040.24
666.69
989.087
504.072
296.562
255.494
211.264
638.702
1026.7
568.917
1245.77
665.644
348.465
215.317
390.063
1042.31
1321.44
717.823
1006.62
503.099
340.907
367.066
416.105
802.125
1076.38
564.045
1070.86
452.409
172.969
150.221
198.869
710.596
1118.76
547.888
987.211
353.64
317.961
337.084
329.434
593.538
1039.65
433.251
1173.07
425.668
223.899
303.121
331.098
579.67
1198.5
556.481
942.069
595.796
322.687
306.556
327.17
335.654
901.939
686.696
1068.36
754.622
315.114
289.217
270.556
352.654
992.671
862.557
1090.47
668.636
172.652
245.75
197.067
346.948
1022.99
798.004
804.224
603.921
334.757
285.273
221.851
453.853
757.424
678.236
599.976
429.055
239.768
315.582
347.814
386.589
586.635
471.441
887.974
588.169
296.968
241.206
265.438
405.743
861.817
672.214
763.206
569.837
265.066
354.796
217.785
284.884
713.367
643.117
543.166
491.096
295.222
238.361
171.191
206.502
502.939
523.617
475.325
454.946
326.774
301.345
299.421
316.951
444.679
487.85
172.037
300.363
570.292
736.654
431.384
267.209
171.012
270.008
429.993
365.703
352.073
406.64
535.977
492.549
444.65
383.16
868.643
429.073
249.638
216.858
226.187
672.685
919.916
499.422
791.029
367.929
296.117
298.097
363.67
598.643
828.19
429.143
837.475
442.701
342.397
331.85
375.472
613.364
854.843
495.006
1009.94
466.834
190.697
258.728
247.985
674.103
1047.61
563.022
1123.93
471.822
285.116
242.633
283.987
723.914
1161.41
578.094
946.198
538.964
258.714
272.533
269.798
512.771
968.209
592.668
1030.88
494.311
159.892
211.783
273.091
608.089
1049.66
602.322
1010.61
407.841
269.445
283.897
280.299
624.172
1062.99
479.449
1155.48
456.13
273.32
340.023
409.875
644.382
1189.78
555.464
1003.07
721.67
264.762
248.594
162.71
383.072
940.146
822.191
919.606
625.119
241.201
185.589
273.615
425.799
865.298
718.984
670.206
446.53
219.913
307.603
296.277
256.904
633.888
513.332
934.045
646.352
194.154
227.346
211.897
422.341
879.852
743.424
557.348
413.039
342.883
351.559
225.387
298.148
517.401
463.533
936.353
448.973
288.44
398.121
307.805
348.982
915.234
554.166
622.259
503.081
270.607
192.913
263.167
249.606
577.508
548.367
908.878
572.371
342.795
234.291
208.708
298.089
874.356
657.91
578.392
512.424
256.882
150.334
156.656
449.444
573.769
549.263
409.824
442.488
458.724
567.183
411.181
482.547
435.123
435.224
525.019
348.85
320.927
324.655
355.783
583.698
563.046
360.075
599.196
283.709
215.888
282.898
245.953
410.613
613.138
345.129
883.692
323.437
301.495
488.454
455.616
521.145
905.286
420.1
1007.15
515.392
305.882
230.544
213.897
632.512
1036.07
603.389
857.931
474.544
288.53
301.995
322.233
589.408
876.758
510.897
1571.1
591.938
136.896
110.846
175.331
695.613
1583.32
781.875
1334.8
534.312
224.412
263.119
240.205
570.9
1337.97
690.887
1191.31
462.937
145.423
188.269
219.044
535.932
1208.37
594.46
1264.3
468.396
198.14
365.717
314.231
667.293
1284.06
613.347
1316.9
525.731
281.265
228.539
215.529
607.4
1332.26
658.687
990.847
562.348
305.063
222.343
243.476
389.368
957.34
661.566
1099.09
601.851
296.925
409.708
289.845
398.067
1061.19
722.257
1036.2
594.746
188.979
159.558
146.71
321.639
985.569
712.027
800.421
611.886
262.808
271.036
282.042
310.759
737.393
696.708
1098.09
562.149
322.084
436.357
267.124
388.276
1063.71
690.877
1113.93
596.166
221.518
247.959
273.87
441.591
1067.86
727.41
1027.2
651.614
253.22
401.756
253.313
373.46
979.744
760.669
778.96
537.23
400.315
485.113
439.129
344.784
750.558
604.871
928.203
709.826
294.922
181.642
168.911
366.325
864.826
794.086
628.731
784.307
475.388
392.222
341.694
556.527
604.749
789.049
387.745
401.553
432.687
357.658
203.255
329.007
399.169
391.904
841.263
526.289
233.615
224.207
219.252
439.364
815.868
610.853
894.267
459.525
222.598
380.328
240.1
535.576
910.866
547.175
1184.42
489.596
190.862
207.646
238.39
671.551
1201.59
613.211
1058.03
546.27
291.376
298.175
184.72
592.446
1067.15
647.79
1021.23
512.29
178.395
175.176
226.461
562.159
1030.28
615.908
1155.31
417.135
195.598
190.705
159.445
526.404
1169.06
550.024
1032.36
462.277
268.15
190.654
221.505
716.86
1085.45
534.547
1268.59
502.234
162.577
227.079
248.577
593.589
1286.44
635.809
1093.79
454.272
222.163
155.372
248.586
578.898
1121.41
553.208
701.481
413.486
202.258
385.612
314.673
332.747
679.229
487.697
752.493
554.424
323.307
202.585
209.301
307.663
716.108
620.901
819.96
449.29
218.149
302.195
257.591
414.466
807.269
528.812
663.29
353.621
188.276
222.404
222.937
230.956
641.401
421.807
1019.36
465.455
169.307
227.806
158.807
387.237
997.338
585.502
894.337
459.611
277.921
274.897
304.964
382.735
873.245
551.186
673.519
458.585
327.547
314.075
313.646
452.619
651.867
516.649
806.624
468.871
250.045
244.11
294.818
402.215
789.661
552.14
666.481
441.007
282.185
293.624
307.823
327.926
635.177
505.461
617.404
523.583
309.728
313.668
298.686
496.876
590.833
560.34
867.642
495.588
250.872
251.478
240.629
522.313
883.803
570.367
738.69
317.513
224.522
290.562
313.199
478.494
747.842
397.994
947.181
565.392
262.15
326.047
177.469
440.095
926.041
663.447
1060.03
453.132
288.417
312.474
392.915
594.388
1063.77
556.799
924.693
543.286
313.261
455.651
275.068
448.119
909.073
638.673
1323.88
582.165
235.311
200.706
221.48
585.624
1316.39
726.382
972.512
438.218
229.299
334.154
237.538
422.973
979.169
526.057
1353.97
535.244
232.382
272.582
240.858
588.042
1362.51
692.839
1173.87
496.477
175.477
198.225
188.823
724.406
1214.91
600.365
1146.28
586.822
209.133
204.332
323.392
738.365
1190.1
673.878
1121.93
629.586
234.79
395.201
245.12
361.118
1072.74
754.82
845.481
488.712
258.171
224.445
262.832
291.073
803.663
587.005
296.221
250.354
230.819
386.81
250.873
266.222
290.65
266.951
866.911
447.642
173.919
209.686
181.806
306.33
835.847
549.272
948.837
474.006
185.431
224.401
158.049
317.575
913.897
589.824
712.48
357.712
182.551
274.487
193.164
251.327
691.153
441.803
616.809
376.777
220.033
261.808
229.064
369.294
615.323
415.795
746.502
469.821
336.374
333.756
405.922
425.057
731.987
538.436
639.972
377.891
215.803
202.811
210.174
332.761
621.555
436.607
762.699
464.657
224.05
298.012
243.462
430.026
745.01
536.637
894.071
614.687
242.733
270.583
179.14
400.569
855.103
707.15
573.09
654.254
431.916
416.064
236.922
279.579
522.244
670.504
812.783
431.462
152.562
250.563
195.909
401.181
802.677
518.351
840.823
466.118
178.642
192.47
228.725
442.894
835.604
554.937
1010.19
611.464
312.863
299.48
203.919
389.968
968.505
713.592
1281.77
485.297
154.971
213.205
259.919
641.45
1288.73
642.067
1521.39
592.869
232.724
339.187
285.132
709.717
1534.03
767.636
1011.46
497.765
207.41
138.939
186.821
591.367
1034.49
576.904
1103.69
472.632
412.888
567.607
432.558
773.905
1167.88
559.883
1370.5
578.966
211.464
277.039
320.158
843.738
1404.98
691.839
895.498
668.286
278.153
307.203
215.299
330.358
826.597
764.463
831.486
505.031
275.733
182.468
225.642
312.451
794.876
583.74
963.239
497.53
222.881
226.71
158.284
341.796
924.748
612.547
1122.97
534.652
149.224
134.824
110.258
366.338
1097.91
665.718
976.764
447.848
165.406
266.08
177.545
335.911
955.128
568.045
678.477
346.839
208.78
376.746
354.945
317.371
664.747
415.234
793.266
458.653
296.339
327.862
207.353
441.107
790.783
530.363
808.446
394.356
153.873
166.336
197.158
461.752
817.149
472.274
906.395
376.934
271.896
336.791
320.024
560.065
935.944
453.119
551.871
479.064
413.652
329.553
276.23
341.407
532.819
491.003
789.101
530.598
235.673
172.322
196.866
358.683
757.467
602.859
647.234
349.638
235.632
245.43
208.006
310.911
622.648
423.357
757.252
408.66
213.443
301.797
218.214
351.804
748.58
484.839
1009.18
523.65
245.14
373.965
239.903
434.426
987.124
633.098
1066.03
468.192
170.313
276.07
232.089
478.446
1058.26
586.345
965.749
467.275
221.377
249.285
248.844
527.514
973.744
559.492
883.775
446.317
250.258
242.856
259.354
619.016
918.133
518.853
1174.04
455.17
353.027
335.754
264.501
548.523
1180.51
588.6
1518.91
644.331
263.803
257.454
260.39
752.982
1529.61
803.934
892.189
504.062
212.632
172.222
295.907
637.571
913.017
604.156
922.66
610.934
287.857
257.148
234.671
347.512
879.631
701.905
609.652
412.183
206.979
300.299
219.301
238.685
567.926
477.512
738.532
393.038
179.239
290.846
177.049
271.608
716.612
472.065
793.91
462.358
189.976
209.273
182.624
318.889
770.731
533.896
679.745
317.592
202.588
274.812
152.702
257.816
666.119
395.807
617.763
316.927
169.841
214.111
217.866
308.809
607.504
383.914
697.558
548.829
342.33
269.091
304.504
373.655
667.479
588.438
666.252
373.112
165.227
268.723
332.464
444.077
680.848
418.363
808.611
469.646
222.191
157.975
234.798
569.214
835.951
531.515
362.185
310.724
335.406
663.931
474.171
336.17
370.477
325.639
584.693
551.348
305.795
330.344
325.144
368.741
559.551
581.607
717.327
548.844
271.126
328.669
318.916
323.163
670.571
607.156
718.947
500.41
255.971
356.219
278.491
368.333
690.329
569.123
848.877
507.908
304.432
327.984
291.353
419.582
826.033
592.126
1127.27
578.715
183.854
155.795
156.225
358.99
1083.77
714.006
1032.49
598.753
237.586
289.524
296.86
502.387
1010.71
710.882
1063.79
545.996
161.429
138.295
183.517
487.928
1037.53
666.743
781.126
518.304
309.808
261.195
188.13
532.739
825.28
550.794
1121.15
434.923
178.015
206.146
233.749
722.815
1165.1
548
1195.68
543.254
312.866
363.546
356.866
563.651
1203.63
651.303
626.009
525.024
323.321
217.157
317.583
250.497
577.571
565.367
725
394.094
277.405
194.062
193.814
347.64
713.637
462.298
554.133
378.297
243.316
303.32
196.599
224.45
529.478
432.09
729.584
428.512
195.193
207.277
152.862
309.743
699.332
495.329
622.475
343.642
236.437
180.669
175.971
308.864
599.299
417.138
677.643
355.255
244.226
233.223
228.305
391.732
689.557
416.97
634.332
280.872
257.905
335.265
244.555
374.962
638.428
329.805
728.429
331.921
217.372
263.117
277.633
524.545
750.425
390.226
993.133
401.24
198.071
262.588
338.536
637.734
1023.82
490.708
439.491
282.101
249.625
383.343
353.185
336.829
455.284
306.131
399.326
367.568
303.238
411.639
295.971
362.973
386.957
388.634
801.892
593.538
295.704
291.156
262.164
294.689
752.726
665.803
639.041
523.984
234.651
231.298
197.994
302.676
593.238
577.5
766.765
447.029
210.513
243.005
307.101
379.318
754.039
523.763
1130.74
538.692
185.513
192.439
252.626
394.537
1100.82
672.426
970.616
569.461
219.96
269.341
239.566
475.871
952.749
672.268
959.986
449.93
294.401
212.912
339.017
529.64
949.88
541.968
1003.95
484.964
275.409
260.747
220.102
387.564
974.988
604.222
1414.53
637.407
346.915
334.72
304.721
776.386
1428.5
771.753
1340.34
469.322
266.791
307.703
324.919
697.351
1369.99
621.406
739.722
570.794
238.762
323.386
240.508
354.321
692.976
647.041
708.431
396.179
196.135
258.395
258.296
284.796
684.321
470.396
587.28
316.745
183.532
175.445
157.762
261.497
575.856
377.124
379.242
245.526
393.027
526.317
231.726
202.22
365.179
262.5
417.759
189.587
118.645
150.793
214.449
269.384
432.858
223.537
601.281
354.111
284.703
296.15
293.864
380.819
614.483
389.69
644.287
266.876
162.119
252.816
201.304
290.852
647.528
337.616
642.389
293.965
217.823
261.874
307.581
456.331
660.286
333.642
606.954
341.842
290.309
187.923
294.086
508.357
632.5
379.609
442.691
352.253
360.354
566.158
664.918
442.99
446.301
358.461
477.442
431.433
281.527
379.568
260.207
291.521
442.492
475.288
577.54
521.817
402.76
449.688
409.888
315.233
547.234
540.972
792.222
540.504
360.04
325.738
394.29
371.181
753.656
603.667
1182.09
571.91
252.742
266.806
321.425
436.768
1144.64
718.342
1051.96
504.07
271.139
258.44
226.547
375.102
1024.23
630.94
910.425
568.196
243.554
280.131
254.393
398.029
880.963
662.991
903.192
461.081
190.803
152.531
206.378
497.182
913.759
530.755
892.371
488.283
293.001
194.375
295.626
603.247
889.635
565.933
1186.61
560.8
256.484
227.006
463.636
1009.36
1259.69
656.497
1270.33
517.771
147.977
219.948
245.84
608.578
1291.92
654.712
726.277
519.937
228.123
279.698
215.91
322.788
672.063
595.628
746.97
433.726
238.748
329.479
224.126
341.942
731.686
504.794
637.866
374.83
234.841
360.067
302.067
332.822
632.287
434.379
748.426
402.9
208.096
213.136
235.378
393.344
751.269
458.059
557.859
216.063
138.403
333.822
198.947
179.232
545.551
282.382
439.117
234.253
162.42
239.035
211.324
353.948
468.768
254.311
545.894
265.535
273.511
313.742
298.059
350.627
562.029
301.594
589.551
377.043
238.433
123.487
263.669
567.616
619.733
392.398
896.859
400.691
234.667
217.549
371.04
729.297
937.063
480.421
719.95
451.384
212.322
340.698
326.187
402.795
705.901
525.952
404.234
361.563
439.66
310.86
305.184
284.821
400.742
354.545
697.798
625.722
494.121
496.57
267.785
481.233
712.286
630.64
709.778
467.147
358.598
273.181
324.383
418.654
692.894
520.744
754.977
472.488
243.986
283.317
224.388
263.386
713.747
551.514
736.757
553.344
240.73
230.465
205.39
265.761
689.733
624.005
1077.95
557.835
178.436
238.728
196.394
477.636
1055.62
685.167
1369.45
608.834
279.288
212.896
236.998
568.688
1358.53
765.98
933.036
422.456
191.407
101.573
166.357
389.742
914.311
516.15
1043.83
583.826
303.911
235.854
232.047
700.344
1091.61
633.941
1012.32
457.128
213.119
188.488
191.543
669.748
1059.55
523.853
735.295
390.518
165.514
167.54
169.756
273.014
710.97
471.115
571.393
402.991
198.303
301.568
173.73
218.772
525.499
462.844
441.401
273.539
246.301
225.476
225.395
307.13
450.413
298.25
535.307
262.945
184.835
199.78
229.876
261.672
525.438
311.147
565.931
295.362
205.233
235.349
163.29
263.683
571.378
343.588
619.032
292.189
163.824
167.708
164.842
356.611
637.712
334.458
784.32
355.795
318.316
311.843
260.608
551.603
817.78
416.879
594.946
330.541
242.66
254.488
224.822
483.819
616.195
377.097
539.503
405.913
359.685
291.35
314.602
487.278
529.615
454.759
508.07
276.28
291.947
553.366
436.978
458.43
540.843
311.128
357.467
358.971
562.5
499.113
322.468
388.456
371.303
349.6
910.663
543.885
320.802
279.966
257.243
327.912
876.455
621.97
646.046
521.543
210.013
197.211
181.881
198.199
584.727
591.26
767.937
617.186
274.291
186.552
146.074
285.663
712.706
687.183
924.298
475.346
180.8
194.108
257.262
531.721
932.069
570.212
945.859
610.66
265.237
214.946
194.093
342.316
906.727
704.578
1561.45
701.007
109.366
108.006
102.602
526.515
1522.52
901.807
1240.72
525.748
139.286
189.23
172.427
627.285
1248.23
664.305
1050.71
534.465
253.341
151.542
217.556
741.493
1106.23
600.053
1576.77
609.161
223.18
162.061
218.324
747.161
1590.34
790.404
