770.039
801.191
355.777
312.962
259.812
449.916
710.806
866.394
898.905
905.37
430.528
254.71
245.588
373.236
811.388
970.234
956.45
972.774
494.328
242.495
229.453
419.81
863.069
1044.05
654.884
947.446
547.497
418.883
339.823
481.591
577.42
942.5
565.729
876.529
504.347
306.63
288.022
456.624
492.888
865.954
619.702
857.09
601.636
298.244
260.807
504.983
572.044
852.87
703.223
919.621
716.857
299.024
409.542
468.876
623.073
905.256
495.963
694.81
669.972
451.099
366.336
292.092
447.402
677.707
412.516
476.976
634.567
689.72
410.659
233.952
381.02
475.373
315.42
409.469
818.339
1026.44
550.825
290.776
319.153
360.766
330.074
264.767
420.017
819.243
471.272
299.426
324.501
272.714
467.867
312.26
427.045
816.699
621.862
387.086
469.503
334.54
448.134
365.53
317.273
685.492
830.404
678.608
473.611
385.614
386.513
435.146
479.971
607.011
982.438
787.958
403.182
425.537
488.44
529.22
536.811
444.088
939.004
1080.27
555.897
489.818
765.232
518.186
396.368
364.795
606.752
1045.92
852.391
542.094
953.959
471.753
321.536
318.061
429.431
901.04
1033.73
528.334
887.02
526.118
320.171
377.036
415.232
813.432
955.176
588.988
517.176
252.887
384.947
364.973
318.91
437.707
557.651
264.392
600.625
379.728
219.941
135.607
191.692
595.913
659.853
376.137
826.838
850.261
440.814
239.214
331.333
430.859
747.112
905.067
951.117
819.368
283.263
167.712
227.684
393.299
865.996
912.705
893.763
849.744
521.426
605.592
472.338
310.809
808.728
911.353
746.467
814.884
484.665
360.207
249.73
400.672
684.062
857.724
726.123
818.685
476.392
211.872
265.342
456.421
665.09
842.126
857.006
900.429
560.347
348.023
295.091
358.741
778.348
951.89
786.135
911.38
465.423
263.648
244.083
515.576
714.319
939.486
578.476
806.693
604.822
424.981
423.128
494.024
537.207
798.278
496.523
685.884
638.753
484.61
420.131
443.798
484.781
652.585
412.985
496.258
621.496
679.313
360.75
328.908
419.529
472.946
267.975
222.099
355.225
687.438
392.992
241.245
262.132
229.467
225.263
246.699
346.483
734.05
633.555
338.784
221.621
242.161
482.076
425.594
429.603
528.359
719.94
787.682
531.517
433.194
534.419
421.711
433.272
565.892
818.018
789.815
580.904
441.915
661.779
628.961
383.194
416.232
668.812
1027.99
731.42
639.914
693.517
532.412
267.772
333.659
565.762
823.158
726.039
554.877
978.101
558.678
292.815
284.496
377.458
886.349
1053.31
607.946
968.765
425.101
259.272
319.297
334.708
744.534
1030.68
493.471
365.714
240.848
302.776
448.805
292.823
289.811
380.855
258.225
637.136
384.877
190.232
294.354
306.974
581.163
687.916
436.391
910.309
833.154
312.862
136.151
148.228
371.398
825.408
913.716
965.558
837.061
371.27
237.443
231.465
488.674
886.274
918
1058.78
866.904
389.189
214.445
229.259
448.261
983.659
962.913
835.731
825.732
503.39
397.516
383.336
379.447
758.604
878.327
811.519
791.466
388.473
186.894
223.665
371.075
743.611
839.595
684.43
689.168
363.827
280.052
249.494
406.295
621.785
727.952
623.914
632.816
467.212
317.826
316.852
364.89
571.457
653.649
604.518
646.57
448.585
339.558
302.287
340.368
571.102
655.725
447.831
517.425
396.319
325.536
235.649
227.064
411.286
525.019
320.858
420.185
647.399
553.691
490.312
310.469
304.129
392.416
389.549
343.726
468.638
785.126
449.169
447.902
398.782
343.656
427.021
357.408
388.638
862.145
708.749
392.11
427.935
355.042
467.675
328.271
342.998
411.35
705.908
762.217
503.079
324.606
580.581
380.108
475.979
474.366
642.413
657.782
622.241
392.532
931.868
461.899
259.731
212.523
351.821
768.044
986.271
529.725
699.894
488.468
317.441
403.374
580.51
927.863
764.942
513.638
819.602
383.487
349.713
281.137
434.786
784.398
880.466
416.351
1036.24
437.818
309.482
253.962
303.99
771.928
1090.36
508.735
757.502
437.942
174.232
282.8
230.198
424.969
789.275
499.61
503.036
396.079
232.283
355.032
423.493
499.685
522.751
430.443
860.619
744.714
323.923
207.009
299.835
430.273
794.023
818.927
899.421
905.827
482.148
298.62
310.345
455.839
815.991
958.294
857.687
788.107
380.321
311.047
273.931
380.011
780.916
861.439
826.852
861.514
420.913
229.816
274.692
398.007
740.659
917.155
695.326
849.066
589.379
303.765
226.071
327.287
616.916
866.643
867.508
641.137
357.042
482.382
339.667
376.617
816
727.669
627.758
491.934
312.034
350.27
323.454
256.036
591.639
535.124
581.311
755.077
421.4
154.025
162.047
325.13
515.396
764.714
763.475
671.791
420.137
224.634
212.829
283.734
708.286
721.369
364.639
378.05
289.53
282.58
246.317
192.927
346.266
390.953
187.802
276.711
460.148
553.354
369.773
247.403
186.132
255.752
252.833
177.496
284.644
506.664
546.121
308.227
258.882
183.764
515.062
326.328
418.97
374.074
436.358
421.94
527.838
328.033
817.513
537.231
333.635
256.255
356.942
760.552
863.919
556.176
751.575
416.419
337.327
258.955
420.145
819.697
825.406
460.126
996.815
561.711
274.303
207.35
357.244
917.171
1082.53
628.081
856.339
478.81
242.468
247.871
308.657
706.041
915.498
533.28
1230.68
484.637
250.356
252.9
351.765
900.614
1285.38
594.402
651.983
421.672
218.873
259.859
227.397
455.654
670.25
472.595
570.357
360.894
299.912
276.542
355.374
576.823
623.882
383.973
717.395
642.341
342.327
292.463
239.616
501.135
670.273
686.69
888.262
709.201
296.425
251.104
283.762
322.798
812.459
802.867
922.969
822.857
428.112
299.56
273.274
416.467
849.274
893.925
990.946
719.895
333.362
260.025
199.789
397.412
927.297
821.983
953.018
741.253
230.979
168.428
197.443
510.49
888.742
836.664
845.718
498.168
292.966
352.437
316.843
309.45
802.288
591.449
1050.41
761.331
266.612
255.548
194.489
408.021
992.953
867.27
908.797
618.865
262.284
130.638
137.788
319.431
867.486
691.791
831.085
635.484
327.379
370.349
378.497
333.503
780.97
713.349
500.58
459.24
342.536
211.89
182.896
297.506
473.16
477.155
451.77
316.622
448.109
644.47
548.141
444.606
469.507
312.615
581.973
411.281
299.589
440.185
344.971
445.198
597.429
430.069
519.944
310.446
310.45
318.932
524.672
715.39
573.971
322.677
770.985
306.621
369.059
384.507
515.481
648.823
805.519
381.317
747.897
367.011
228.957
285.024
306.174
576.344
779.823
421.457
966.487
446.259
309.831
300.204
384.959
769.863
1020.24
513.42
928.004
428.728
287.795
257.152
289.002
751.854
1000.1
487.34
1143.95
649.508
355.118
251.103
286.746
814.74
1185.95
699.943
601.989
260.505
188.809
215.586
214.812
457.781
639.577
291.194
866.893
457.231
171.029
214.669
286.72
579.643
907.93
526.19
1025.49
760.403
218.438
143.413
127.207
393.185
950.112
869.618
1034.26
775.493
211.329
119.78
140.505
414.502
967.487
885.657
946.6
716.394
281.23
276.207
259.197
314.53
876.894
810.724
1019.35
706.294
286.195
210.341
258.546
373.823
949.287
810.667
741.315
674.476
375.336
337.718
274.688
329.069
674.073
733.84
630.729
502.858
219.46
248.851
329.613
416.165
587.716
567.921
791.658
461.008
247.47
368.406
301.051
311.962
764.801
545.39
828.51
546.121
274.981
312.44
282.26
426.817
799.986
629.336
961.652
656.796
267.751
192.984
196.085
339.743
901.271
749.648
469.081
519.75
368.632
382.521
249.197
370.983
435.486
542.673
314.38
405.495
578.676
569.289
443.664
305.418
296.316
384.254
466.931
373.087
517.277
359.653
417.973
392.944
463.719
370.56
675.336
345.881
207.572
158.159
256.746
575.294
708.987
379.673
877.963
432.877
281.25
347.9
309.608
572.168
903.719
507.241
1116.09
517.542
254.81
277.042
237.429
582.414
1118.05
618.461
858.177
474.745
206.105
184.686
207.809
495.152
855.106
558.752
1445.64
556.818
180.69
291.316
191.283
619.981
1456.03
728.551
969.491
433.161
136.458
163.907
169.677
445.651
983.305
535.564
580.762
213.41
265.297
304.303
335.564
418.315
615.279
247.394
699.744
428.781
175.088
298.492
252.45
456.009
736.546
481.692
1030.24
842.602
333.119
341.08
264.531
446.279
947.242
936.708
1081.39
725.355
311.829
200.234
257.561
342.796
1016.41
826.254
1133.29
724.927
244.511
246.106
262.914
409.701
1070.73
847.902
1155.91
684.49
181.054
137.579
163.756
411.994
1106.61
812.24
1198.97
673.557
242.672
189.37
208.328
366.304
1143.77
811.299
743.38
552.899
375.484
504.823
251.827
189.235
679.606
626.859
1175.45
545.287
160.835
196.439
208.465
410.916
1145.3
687.66
876.635
616.335
255.954
211.418
208.426
412.273
834.231
701.534
743.96
527.405
192.574
313.067
227.768
337.203
701.744
608.301
497.998
573.03
356.115
241.318
241.794
299.47
462.705
584.795
406.101
354.264
383.732
395.459
321.928
244.196
386.102
370.758
537.172
424.969
369.819
282.121
282.234
377.476
526.035
450.03
669.564
366.475
222.161
232.406
225.421
441.309
675.218
428.91
967.942
424.076
197.4
448.122
337.991
494.304
973.688
527.122
1002.56
536.503
308.082
296.293
238.849
542.818
1006
634.18
879.735
416.146
262.119
265.272
181.06
383.557
858.442
518.712
1043.92
386.767
137.081
191.089
162.894
507.81
1057.55
501.354
798.37
401.316
425.363
455.363
250.422
363.384
805.435
456.977
858.034
396.362
204.631
229.918
185.671
406.393
872.955
456.552
742.14
306.588
194.608
215.422
213.233
415.461
762.109
363.275
996.413
754.002
319.343
252.719
234.458
321.418
916.449
840.442
784.825
513.721
235.687
220.137
245.299
419.782
764.243
597.881
977.946
636.123
207.917
210.003
152.925
385.583
931.341
737.307
1004.2
559.076
368.428
414.997
313.913
422.761
961.623
674.667
873.98
469.75
297.041
205.893
295.384
357.326
844.785
563.486
1018.06
544.981
287.811
317.904
266.471
334.794
982.046
659.77
1274.95
619.212
302.226
359.263
276.394
456.535
1239.17
772.69
847.669
474.26
302.246
311.39
249.866
353.851
837.101
539.243
921.792
438.846
212.974
218.371
164.167
336.114
898.689
549.505
945.595
621.06
233.891
275.966
223.161
420.106
908.389
717.408
758.998
507.048
418.068
335.125
229.88
313.116
730.772
553.817
669.931
344.54
214.995
266.472
216.206
321.508
660.103
412.515
660.037
318.265
270.425
305.351
327.048
388.507
661.067
377.397
951.177
505.291
178.642
213.387
208.69
516.971
951.057
602.841
1049.77
499.171
305.142
303.004
261.808
413.804
1025.38
625.338
1088.1
463.994
281.784
318.903
328.033
583.677
1094.8
580.552
1386.1
566.472
163.122
292.755
184.561
533.515
1370.19
742.825
864.837
437.665
229.542
243.021
212.722
368.462
846.007
507.348
760.644
299.274
205.145
222.052
193.226
322.606
761.837
378.813
722.856
358.659
332.734
274.214
284.678
509.74
769.626
400.285
1243.65
828.205
297.526
285.982
253.72
399.273
1164.82
954.692
729.377
409.582
324.629
359.189
390.954
311.892
699.025
485.443
869.93
535.303
199.958
108.058
116.989
391.659
846.825
625.59
729.151
478.448
248.767
379.809
238.798
340.027
702.067
554.541
472.391
335.974
376.98
279.812
244.935
236.73
448.608
361.128
1124.05
498.666
121.444
140.962
130.314
409.027
1103.91
638.025
921.673
413.697
211.374
163.806
186.697
359.829
909.032
520.262
497.049
349.622
259.589
258.39
207.976
237.839
495.588
370
987.141
456.116
181.448
182.989
160.914
414.121
965.686
571.757
924.666
461.405
197.898
227.563
201.032
359.514
908.812
557.484
887.454
538.278
219.22
242.797
194.638
435.676
865.087
624.943
877.713
545.187
317.92
466.147
315.63
372.117
848.07
633.462
983.509
557.83
299.492
256.034
199.354
457.836
968.887
658.42
926.179
466.066
212.451
303.179
234.14
437.923
920.533
568.445
1106.3
492.484
238.545
109.242
225.822
447.838
1093.06
618.193
864.183
451.212
277.006
484.049
289.547
482.943
870.334
528.332
1204.79
497.224
158.16
139.606
157.026
517.042
1197.99
640.497
825.849
393.898
218.301
236.825
225.621
408.891
832.22
459.861
1313.98
513.004
230.162
242.436
293.593
606.635
1314.58
669.544
762.412
330.132
235.382
257.369
272.74
628.583
819.853
380.23
794.414
622.04
231.384
248.595
260.669
285.687
728.706
703.406
1172.55
712.031
246.934
282.387
281.635
371.244
1110.68
841.014
989.115
648.4
295.86
317.327
356.541
421.524
939.397
743.865
540.749
340.621
157.869
195.441
149.581
235.757
521.609
392.797
892.613
486.862
145.501
128.503
157.967
364.105
864.869
584.449
935.895
478.753
173.185
260.005
148.6
323.368
902.816
596.149
1092.93
443.599
133.823
236.254
221.179
460.509
1084.49
581.503
739.406
397.185
239.488
162.396
181.215
431.071
736.891
454.289
644.173
310.85
181.418
184.704
186.151
429.343
671.368
355.102
671.972
374.835
268.04
253.956
218.887
386.316
685.202
425.956
417.608
390.798
338.859
226.151
245.76
352.055
426.987
387.906
597.016
603.521
313.734
169.704
155.384
282.347
544.861
640.69
431.871
388.252
351.868
401.524
285.241
267.81
409.473
409.25
739.338
366.406
234.992
488.908
376.022
357.701
731.394
443.629
1080.71
521.196
163.05
272.054
179.541
371.319
1051.04
652.064
866.1
446.884
250.831
346.234
249.665
548.303
897.391
507.226
763.755
335.305
221.034
375.793
278.803
414.506
777.031
409.054
686.041
318.726
258.853
318.217
248.85
397.345
703.132
367.409
872.856
432.439
337.521
392.252
298.35
630.74
912.444
494.157
1092.74
459.28
331.686
302.084
374.702
849.924
1148.87
534.607
1096.13
775.974
319.634
157.526
189.039
364.234
1022.25
880.957
1278.62
843.876
279.185
186.982
181.574
398.247
1201.72
978.317
1057.67
509.984
227.367
304.096
224.695
382.416
1030.71
635.416
894.18
471.533
201.104
242.247
193.948
298.337
868.403
568.549
690.59
409.49
173.629
140.623
163.768
267.005
664.955
481.501
915.545
422.138
136.606
194.128
180.651
353.378
898.109
531.427
683.842
343.585
251.684
383.128
222.671
278.392
676.247
415.233
704.945
493.003
326.152
307.389
292.254
315.07
669.607
551.122
757.374
335.119
240.316
334.184
354.956
456.55
780.406
388.372
844.047
313.084
187.392
214.154
220.654
499.993
867.859
400.891
423.104
272.426
360.642
541.307
528.122
395.829
414.934
304.071
468.207
408.938
462.831
521.756
469.442
281.835
453.647
415.372
571.52
375.636
195.16
405.257
353.739
261.384
542.319
430.867
738.257
451.783
224.284
256.372
167.707
309.031
713.183
525.442
939.124
458.291
377.539
413.818
402.24
503.283
934.49
543.81
976.647
498.243
210.225
226.117
188.103
407.078
955.87
604.148
1254.22
594.039
175.644
237.593
163.701
466.03
1226.45
745.183
1027.86
449.943
142.289
189.273
141.491
374.704
1005.65
576.253
1292.78
516.62
222.087
221.571
191.112
577.918
1294.16
664.757
1120.79
488.879
167.136
271.805
214.68
492.734
1124.09
599.696
1040.81
702.689
210.227
209.414
199.032
365.178
981.225
817.547
919.722
690.018
224.236
198.589
198.69
430.057
857.758
790.128
751.199
432.102
183.819
209.596
178.757
342.941
721.552
512.239
582.146
324.454
171.389
201.07
204.761
267.245
570.027
386.618
741.161
499.885
261.047
242.388
161.719
235.106
699.99
570.206
623.135
416.066
181.742
176.848
155.577
266.116
591.548
471.204
732.622
369.998
240.299
357.056
254.798
447.059
742.443
435.953
590.469
285.787
159.412
204.926
186.027
327.813
595.828
343.126
567.911
217.359
189.162
303.328
248.007
383.238
591.225
270.709
594.64
331.613
253.347
273.25
308.746
564.132
629.838
355.965
408.559
244.345
211.626
382.867
470.634
525.338
447.9
257.846
284.451
336.298
355.915
390.044
306.74
231.934
271.515
331.592
900.044
746.769
303.019
310.149
257.752
348.559
830.543
834.18
770.239
538.344
322.402
360.466
218.365
370.513
737.189
596.67
888.808
438.525
182.701
337.794
352.925
469.256
882.651
532.837
974.638
471.607
160.553
153.583
155.495
445.667
961.282
579.981
1041.93
494.629
214.46
291.503
294.663
391.905
1012.5
624.088
907.533
463.689
185.441
220.935
178.703
433.217
895.908
563.262
1059.83
420.142
348.485
375.363
324.331
537.091
1073.69
538.629
906.119
350.585
274.284
374.436
295.091
627.457
958.736
423.206
1020.79
923.389
370.472
279.413
216.494
435.663
940.276
1015.92
1325.14
701.589
256.522
268.46
224.972
404.258
1273.09
860.275
734.499
540.243
266.725
258.184
296.979
335.855
693.872
600.386
453.19
270.917
113.67
84.8712
81.4924
163.084
433.132
317.271
656.041
331.509
209.561
356.489
215.72
246.317
631.613
409.895
490.695
236.441
186.027
278.189
254.292
253.463
493.696
269.879
439.725
331.685
278.712
294.223
174.456
325.029
461.117
338.316
713.701
305.32
218.035
302.103
244.055
382.717
717.657
370.178
736.955
349.114
206.058
243.044
337.848
667.312
789.27
384.789
449.026
300.163
266.048
217.738
272.164
471.12
476.514
311.053
486.786
338.855
254.765
446.053
669.307
605.459
518.79
359.964
376.867
372.09
494.887
684.022
406.574
271.074
356.749
387.927
729.875
625.08
404.858
376.136
285.891
226.321
673.782
674.061
1014.55
562.653
251.642
263.498
215.476
354.089
975.757
670.344
1034.36
554.613
234.681
255.006
259.395
353.063
985.14
679.926
811.959
442.816
252.118
283.008
293.813
406.153
804.618
526.089
1220.81
596.175
224.33
276.095
203.73
384.924
1177.47
749.504
930.576
443.392
172.075
192.475
215.971
592.424
963.221
516.232
887.354
413.164
203.431
331.679
297.747
673.596
945.258
478.445
1106.37
444.924
308.005
322.94
408.343
791.767
1153.81
543.064
1029.22
736.462
356.16
172.267
258.006
493.601
972.004
814.486
835.347
665.877
256.98
161.076
157.184
249.391
765.425
749.569
699.092
338.485
147.789
171.337
174.023
328.922
689.352
408.167
687.083
329.203
292.818
255.145
245.232
365.931
695.771
379.965
549.699
260.988
316.822
271.502
346.355
233.155
530.733
303.934
671.43
347.284
198.583
287.042
190.596
280.803
669.205
404.246
492.205
318.618
212.346
232.302
184.049
369.552
521.206
351.986
706.399
335.937
135.759
218.76
163.575
406.3
716.495
408.376
577.478
337.236
292.097
259.944
328.903
517.961
608.462
364.593
849.883
368.806
265.159
310.588
445.096
564.392
856.774
463.749
490.442
285.25
309.278
354.278
430.507
453.686
513.635
314.15
375.366
485.166
508.753
376.955
303.517
416.243
365.028
455.594
468.236
466.528
426.01
395.165
272.527
330.227
475.323
463.431
792.455
529.978
330.738
240.462
276.787
366.782
763.329
600.291
768.47
512.345
229.458
200.635
202.455
280.928
727.495
584.3
984.754
589.782
189.607
234.6
222.903
481.088
967.682
692.789
1029.33
463.727
194.586
170.826
146.855
391.445
1013.54
582.093
1121
491.234
224.538
240.623
206.136
455.766
1119.8
607.672
527.103
344.4
188.086
167.936
166.168
311.139
525.846
400.725
974.614
357.618
225.344
346.946
232.071
572.498
1015.64
451.873
1048.07
750.049
373.147
270.409
346.476
449.622
988.732
854.455
1003.62
702.123
251.775
125.406
183.849
412.455
945.472
805.601
704.425
394.732
225.169
226.434
145.033
233.645
665.518
479.746
615.982
292.192
169.418
159.477
163.458
344.434
614.894
339.702
729.088
297.954
111.851
203.741
160.809
285.085
720.616
387.617
582.665
249.101
160.731
175.898
192.384
259.09
578.938
313.916
533.014
391.616
138.266
174.301
165.752
430.243
568.859
430.623
969.487
419.801
288.242
427.582
350.431
606.844
991.642
519.302
583.603
323.679
212.838
253.836
264.767
519.131
626.692
363.393
601.074
428.425
252.002
170.87
222.497
429.728
607.758
448.373
586.945
323.942
260.633
396.254
456.916
666.034
634.095
351.844
221.867
258.803
554.457
569.276
309.623
203.987
219.205
238.503
733.27
446.687
411.608
330.581
353.123
368.504
717.752
481.746
673.336
544.085
278.643
209.761
197.24
239.38
618.152
595.977
839.278
646.434
358.101
205.912
170.211
344.177
793.146
715.611
1052.05
574.45
179.716
169.799
235.754
517.756
1034.66
689.915
880.171
586.264
230.547
180.659
142.571
341.795
838.639
679.781
1398.09
621.828
164.802
130.901
110.63
484.976
1367.07
797.566
984.339
396.112
157.239
250.049
172.041
521.462
1010.05
479.722
1101.36
445.844
206.174
191.84
186.45
547.655
1128.61
549.091
984.36
847.67
399.251
237.314
178.174
335.009
909.747
915.942
785.688
564.044
267.429
231.208
149.034
280.684
745.873
636.099
1016.3
492.17
155.548
108.382
172.512
353.874
985.35
618.079
508.497
300.112
208.925
214.406
177.513
280.078
502.014
340.883
832.196
364.014
277.216
270.605
326.653
335.182
826.095
458.337
675.154
371.182
170.37
209.605
231.609
470.242
704.783
416.586
776.358
335.562
143.105
124.502
139.879
360.964
777.195
416.884
621.04
262.008
284.918
240.316
298.455
422.458
635.028
305.891
799.416
402.424
281.745
243.846
404.118
605.465
818.324
470.613
733.175
440.272
220.121
183.201
348.614
697.368
771.682
481.85
340.172
243.898
309.192
393.673
480.009
391.452
354.563
255.16
453.32
313.49
291.369
513.299
463.943
424.826
466.242
341.025
435.731
629.212
427.45
424.665
334.258
293.923
393.47
624.249
689.88
690.402
316.151
169.883
191.248
401.71
632.719
739.035
681.638
448.281
218.201
226.463
189.416
278.496
655.438
509.921
893.351
586.251
283.755
229.511
235.514
391.445
858.827
675.707
963.386
581.914
253.084
193.334
142.95
453.247
941.509
678.053
1054.99
421.168
176.347
105.806
108.335
414.628
1047.38
544.319
1379.91
620.116
181.125
214.494
172.663
497.941
1353.78
789.228
1159.06
488.722
153.671
181.203
185.824
563.847
1164.98
606.772
914.016
654.478
276.267
266.146
234.09
461.936
871.5
742.246
688.371
495.589
218.338
221.608
227.733
383.06
666.541
563.117
955.504
521.011
139.013
129.373
148.217
288.313
908.631
636.124
1037.4
544.741
408.105
413.308
212.67
343.771
997.498
662.425
1046.17
485.879
178.376
185.782
166.773
366.89
1022.17
613.002
572.528
264.874
133.302
90.7522
103.906
291.042
580.474
314.851
742.47
357.628
345.214
276.519
260.407
464.073
767.65
408.345
453.467
198.037
104.522
98.7163
173.074
367.505
471.905
238.546
851.557
392.107
232.995
202.908
391.085
790.615
915.752
460.911
596.077
344.6
315.124
353.195
336.11
703.807
662.88
362.848
618.442
503.92
258.607
299.048
354.56
699.28
663.901
524.546
378.293
424.531
448.472
589.404
390.801
309.06
371.336
416.849
469.813
464.86
332.034
232.975
144.877
370.68
476.625
457.545
587.973
525.584
467.048
257.538
267.352
332.88
545.694
544.579
520.086
408.204
183.58
364.631
247.234
315.176
480.299
470.983
917.673
507.947
213.095
168.808
189.95
323.486
890.276
608.255
876.787
489.87
143.189
170.034
157.552
323.821
842.218
584.512
915.586
403.479
280.942
304.537
287.98
432.633
917.185
485.734
1342.63
628.927
266.643
307.333
178.326
495.572
1307.28
795.997
1041.32
534.482
243.868
170.883
147.333
546.817
1045.89
633.805
665.131
464.26
272.117
350.762
246.654
310.498
635.462
525.847
731.085
472.787
208.355
178.455
162.043
265.634
694.057
541.695
721.04
417.823
125.259
139.785
101.244
303.515
700.198
497.044
813.527
343.47
148.09
203.281
161.632
350.282
810.905
435.844
651.092
301.6
144.806
169.605
172.549
268.454
638.349
379.089
857.393
346.168
212.296
198.195
142.097
468.844
881.62
415.956
576.585
272.914
272.645
385.322
286.421
254.051
570.79
326.461
785.661
394.55
182.883
177.81
220.637
500.618
802.956
463.471
407.46
319.629
234.973
283.414
359.996
388.396
404.497
340.813
723.583
429.694
248.32
215.391
328.476
605.393
751.486
483.337
523.111
453.749
325.743
357.91
386.947
554.574
550.459
460.459
667.981
519.038
393.525
348.223
301.017
666.212
713.714
519.015
500.517
432.919
453.578
514.338
351.851
320.806
481.983
457.337
602.191
483.487
507.467
395.88
378.18
345.024
576.372
494.965
539.968
613.243
461.421
412.485
315.5
254.747
490.137
625.96
991.602
504.374
194.881
309.792
402.047
537.265
988.952
612.067
1038.68
513.701
223.504
263.404
277.217
438.457
1018.67
622.167
1071.5
559.958
197.079
167.623
216.627
349.586
1031.7
682.863
1237.13
518.37
126.705
137.381
174.507
479.073
1216.18
678.42
1333.27
545.053
184.5
170.37
252.159
638.495
1333.21
696.78
781.296
538.73
248.036
402.387
281.212
355.412
734.897
626.889
1113.16
574.436
232.558
257.875
228.284
408.08
1069.29
702.34
854.216
387.45
200.198
313.569
212.458
311.956
835.773
487.129
884.822
380.128
108.069
138.916
110.55
327.085
873.177
488.199
676.557
320.71
115.818
125.007
122.178
261.57
674.409
388.263
469.651
223.772
165.48
101.286
173.338
293.697
488.008
255.512
827.772
322.501
171.98
171.085
196.142
312.705
825.112
419.1
496.505
265.056
205.409
208.92
254.747
390.314
528.462
294.711
392.921
350.735
159.811
213.541
295.037
278.206
375.914
388.861
417.447
204.646
247.612
297.173
429.588
597.589
468.652
212.001
418.578
308.17
332.662
479.212
403.395
460.749
431.695
321.055
361.964
322.312
383.441
580.821
378.625
333.353
352.116
340.567
521.662
648.002
518.51
371.384
290.217
447.931
525.972
635.315
641.262
553.617
447.869
390.746
244.561
308.948
608.426
583.83
662.925
544.981
376.963
422.239
273.234
411.583
643.301
566.676
725.703
591.655
357.784
263.347
216.258
361.887
693.632
634.387
1047.68
531.431
181.532
224.536
161.136
337.557
1001.23
663.252
1070.13
601.968
248.162
233.495
223.664
318.408
1021.4
725.424
1093.97
546.237
241.814
178.678
192.389
361.219
1060.75
673.119
996.925
459.261
196.687
238.515
242.288
505.201
999.071
570.411
527.231
328.17
298.521
244.687
284.983
354.543
515.955
374.964
646.12
515.099
303.773
278.851
316.617
376.904
615.171
552.841
809.132
460.593
283.684
421.72
261.273
345.598
773.241
555.527
688.809
377.924
196.812
277.746
211.878
345.448
669.999
459.338
635.652
302.713
133.764
122.234
105.286
283.189
629.652
373.044
553.45
269.803
152.922
150.934
220.722
458.846
582.836
317.09
404.58
267.034
231.032
286.788
248.177
331.751
425.299
288.159
623.391
353.744
257.151
251.143
209.423
434.282
651.29
403.416
435.086
272.94
161.252
129.877
184.944
378.41
465.012
282.302
634.794
407.016
251.703
285.846
398.113
569.728
646.927
443.906
416.626
289.459
325.859
356.501
570.635
675.25
458.449
296.579
365.393
415.061
329.744
432.396
370.128
252.951
338.217
425.577
371.831
419.418
424.21
515.681
430.359
302.528
348.164
423.004
582.498
810.315
567.169
322.643
237.027
370.186
522.894
800.162
749.66
765.213
286.586
196.432
259.146
429.753
680.957
833.014
767.284
542.356
275.299
252.657
286.309
344.459
731.287
608.759
1050.23
616.87
183.712
141.376
155.092
385.022
1008.61
730.71
946.11
505.56
230.253
179.731
159.51
302.696
906.028
617.155
989.217
509.48
185.545
262.97
260.456
376.16
952.482
626.491
693.451
308.777
271.765
310.632
210.05
265.046
690.53
375.928
