582.34
631.125
442.972
332.635
294.509
494.244
580.177
638.226
713.102
904.526
713.993
483.254
520.977
447.543
644.774
900.276
447.741
805.23
516.379
260.061
222.423
404.734
397.134
773.584
397.557
772.688
764.128
291.471
452.923
537.692
353.672
696.01
353.568
678.886
728.991
404.993
296.733
326.613
315.892
624.589
317.013
623.029
770.912
515.991
440.284
383.594
286.098
558.189
433.37
712.395
890.162
624.129
674.414
384.141
410.253
653.153
253.315
523.325
799.046
721.885
335.339
262.939
240.883
454.941
269.209
284.712
644.218
923.354
461.537
223.301
276.114
260.9
252.676
245.099
654.405
1032.97
510.174
232.002
248.707
226.571
402.331
349.347
606.94
1100.09
530.293
253.278
380.018
367.158
282.05
297.785
460.558
1087.44
640.627
342.544
289.681
289.599
365.654
273.751
454.119
948.289
859.661
421.301
356.759
288.399
407.338
277.049
407.606
879.94
1002.69
552.112
416.453
286.962
318.053
237.572
415.529
867.196
956.458
572.075
340.681
233.969
403.468
406.976
525.939
647.36
1091.76
841.018
420.711
400.606
623.423
456.925
444.114
458.929
724.639
733.705
626.578
499.654
346.064
181.073
186.961
236.562
255.308
367.11
372.594
193.148
538.264
512.067
390.01
258.583
423.489
764.116
544.669
534.588
422.877
372.204
375.686
625.225
521.492
658.739
437.987
385.063
676.744
674.437
454.317
212.293
335.621
374.839
621.915
684.363
487.948
692.603
648.3
402.123
399.79
382.224
437.288
657.107
516.694
785.912
553.69
268.551
337.01
433.531
458.422
762.744
479.081
530.424
457.241
396.453
214.426
408.551
455.369
546.946
494.26
642.241
513.043
323.241
222.685
263.985
439.153
637.139
301.495
739.772
814.506
411.554
400.361
504.593
277.456
652.586
496.606
763.974
995.513
696.163
641.313
502.534
454.209
684.707
267.891
461.603
886.757
771.6
540.77
339.552
279.1
393.189
241.042
419.354
777.298
940.599
480.315
255.771
242.302
373.145
242.303
353.47
700.181
832.2
458.118
283.056
231.707
308.986
220.967
286.373
584.39
1318.71
655.036
324.911
240.217
265.426
307.917
290.186
487.025
1320.28
858.088
387.294
311.203
303.465
325.661
370.343
448.626
901.73
822.874
421.647
319.802
368.205
341.411
293.429
556.686
691.169
1024.89
640.981
349.281
287.486
343.836
335.05
402.947
840.059
1059.23
782.082
389.752
306.859
586.755
371.397
572.162
638.696
972.421
910.344
652.755
382.8
626.327
472.744
370.533
439.526
679.341
913.885
690.256
497.855
395.612
282.832
247.432
270.182
310.597
493.751
432.626
312.976
280.008
495.883
314.253
337.493
381.421
675.372
330.68
457.523
568.715
495.31
274.561
456.094
402.503
785.45
620.804
517.823
713.68
762.296
365.222
188.545
236.474
428.433
655.405
795.438
652.681
801.557
393.864
278.53
299.441
481.471
592.738
819.191
712.046
825.131
489.911
187.76
220.624
316.808
637.109
863.407
652.585
747.604
550.146
257.318
308.214
396.494
611.818
747.956
578.683
769.735
597.607
389.526
346.834
300.013
520.377
767.487
423.514
755.548
668.335
325.118
531.874
555.041
420.843
694.013
434.639
812.702
799.088
352.175
421.711
494.619
392.598
742.719
357.42
509.485
764.594
685.05
413.291
324.535
348.978
454.121
332.907
425.029
694.627
759.109
403.89
248.475
308.368
419.84
395.803
312.096
510.31
699.223
435.668
274.952
390.411
310.696
361.167
208.136
472.557
1280.05
749.282
235.23
351.724
237.886
266.997
223.419
448.046
1139.6
814.55
291.879
255.939
233.468
206.402
269.277
516.326
1016.31
1047.94
476.063
206.859
237.53
335.159
377.405
351.271
806.2
955.747
632.759
338.73
362.319
427.628
478.709
485.093
460.736
892.979
834.401
456.603
446.106
631.006
504.627
454.226
563.267
862.527
1059.18
713.096
513.571
754.81
369.483
394.482
301.962
645.677
951.11
835.26
402.542
693.351
445.733
297.627
290.822
327.801
739.493
764.707
500.263
414.04
298.261
164.687
339.487
348.261
401.848
415.904
338.692
675.077
485.347
291.041
291.826
362.959
842.489
742.802
507.353
598.566
572.865
284.544
254.331
249.707
305.059
541.591
620.457
877.881
901.209
473.639
229.132
314.143
421.79
790.782
947.046
541.121
691.771
427.71
307.834
379.031
394.655
484.798
697.781
513.248
709.128
621.589
324.707
387.261
420.463
459.073
677.119
512.328
781.883
570.689
370.589
280.909
434.626
478.737
761.604
387.631
649.739
579.265
299.329
359.031
384.808
340.21
613.74
317.04
773.227
802.826
483.673
462.57
493.109
277.226
688.054
341.01
500.389
621.686
642.71
455.787
321.584
307.602
462.604
476.923
453.531
684.248
748.416
416.797
463.383
511.803
429.882
326.727
277.901
665.46
991.151
554.601
246.922
323.029
264.28
495.238
293.211
439.096
787.627
490.657
278.237
485.746
328.032
364.129
286.433
378.648
567.634
500.578
323.195
355.37
286.343
374.575
358.201
460.739
720.118
1076.35
793.054
402.016
360.584
419.44
329.426
597.592
675.93
1006.42
741.943
456.417
333.851
504.905
405.846
422.458
612.034
1025.67
897.998
562.29
428.621
838.564
437.24
349.091
380.661
655.986
1072.16
932.191
473.757
920.278
599.775
310.493
311.864
595.04
1169.95
1015.24
624.477
788.279
471.544
258.556
326.216
471.151
984.929
872.544
491.513
639.929
313.612
344.904
273.789
271.019
598.63
691.053
352.198
546.11
397.526
288.743
309.09
376.719
821.548
625.958
375.435
673.063
713.895
325.968
146.32
186.732
302.099
599.699
764.093
706.741
794.333
401.996
258.741
310.191
394.812
640.309
837.496
843.979
895.684
407.363
262.949
209.972
430.758
770.014
955.323
740.81
814.565
462.261
216.8
179.624
342.926
671.237
836.572
603.011
668.412
365.011
198.319
258.692
346.438
551.065
704.201
653.082
842.389
413.375
215.058
226.498
432.18
584.703
854.161
585.274
739.195
497.166
389.11
257.71
361.726
534.999
745.671
472.042
591.064
346.358
181.148
154.557
318.967
429.554
601.365
362.8
641.456
636.748
497.459
330.954
300.984
324.723
600.624
630.041
412.76
448.062
614.203
409.481
394.634
618.33
448.98
513.147
302.118
460.28
696.782
442.617
359.234
506.145
341.408
510.81
310.241
335.686
630.094
566.234
589.488
539.509
324.47
318.226
283.194
375.889
690.562
822.674
548.123
328.786
296.009
531.64
411.042
390.332
461.172
682.668
757.888
570.719
430.459
680.949
461.911
424.222
474.137
776.278
903.577
744.604
485.285
721.834
533.908
410.48
361.262
737.748
1028.69
784.258
593.305
1119.71
575.434
306.071
256.154
414.32
1010.62
1190.47
635.96
1037.09
439.083
282.742
438.976
441.232
865.769
1114.54
525.078
776.326
383.183
283.811
297.508
341.569
779.836
849.66
410.99
950.336
659.17
259.673
263.069
325.396
887.37
1027.88
733.593
785.387
820.17
435.31
227.251
170.162
335.753
705.603
875.893
702.179
693.112
356.591
325.608
242
356.357
639.202
748.435
759.308
674.655
306.137
339.986
411
390.118
693.871
749.787
753.144
612.944
239.156
281.123
207.153
379.916
706.644
686.636
505.443
666.943
402.316
156.705
248.654
401.832
465.295
668.377
502.713
645.712
417.705
271.469
192.474
336.108
450.843
652.478
629.193
656.526
532.691
296.76
321.768
345.544
576.259
671.912
420.985
618.414
597.656
384.888
325.057
314.764
388.464
591.672
303.688
348.158
472.918
374.4
462.584
330.701
308.093
328.738
456.863
406.242
462.91
601.08
339.731
420.573
466.528
396.965
333.044
255.368
346.41
620.486
433.183
237.795
337.131
267.596
330.403
229.204
413.517
566.435
545.544
408.221
346.718
231.79
522.435
369.227
397.436
554.294
840.124
798.849
570.427
397.077
454.146
245.269
256.633
382.786
678.133
787.043
508.552
249.546
708.468
329.917
340.145
236.312
586.589
839.236
765.261
362.024
511.224
509.15
522.801
488.914
770.269
849.332
539.126
468.14
1019.18
420.184
269.051
239.06
406.447
872.17
1091.64
493.568
1233.13
565.347
159.514
138.049
300.431
963.584
1316.11
670.007
775.465
340.49
292.068
316.977
291.827
538.737
815.578
395.525
510.138
311.512
181.43
216.655
254.712
528.699
556.171
346.078
739.125
628.055
290.385
262.603
245.283
309.719
679.617
697.423
909.41
734.479
297.129
340.868
288.864
398.158
843.167
823.287
886.454
754.224
345.883
328.666
347.822
469.554
814.272
839.215
729.103
775.84
442.813
230.58
372.786
412.965
663.843
816.535
606.68
640.066
391.181
322.554
282.642
308.031
552.689
665.639
548.426
532.601
328.338
185.607
203.194
243.967
499.396
569.118
678.787
542.915
322.927
347.523
266.364
293.196
633.545
602.79
790.47
642.937
378.243
315.108
258.528
286.777
738.755
704.715
348.777
332.126
304.025
284.077
354.506
378.305
359.124
329.415
368.002
527.265
534.393
430.918
306.852
306.389
349.504
511.632
642.142
406.782
366.653
488.045
269.079
316.251
624.486
455.215
480.402
397.74
485.405
575.203
611.644
360.264
471.516
429.557
459.155
241.765
292.996
347.39
548.055
677.07
500.448
253.303
734.038
509.971
408.387
290.666
491.339
741.531
776.775
517.625
989.579
461.02
255.417
261.422
389.6
797.24
1047.59
545.641
940.078
452.933
365.237
345.142
487.39
967.777
1029.22
497.697
977.104
609.783
192.466
250.109
300.218
876.118
1062.01
679.803
1138.17
564.589
259.59
241.077
277.771
879.312
1213.77
646.615
852.451
388.558
296.69
281.76
312.647
549.348
898.325
441.365
794.374
484.076
238.053
268.901
249.588
479.707
832.465
534.501
726.43
668.567
284.64
308.132
234.457
324.913
664.547
726.449
738.621
715.258
344.439
167.021
216.256
411.131
682.526
752.104
886.974
677.665
260.506
182.899
187.495
362.485
827.282
765.553
789.186
744.312
281.821
224.765
184.001
399.16
721.337
819.026
487.062
499.735
460.945
530.364
296.641
368.639
482.531
506.022
610.841
431.283
396.446
327.376
289.77
277.504
591.398
472.669
646.898
529.245
285.669
276.125
289.996
399.125
613.735
579.331
521.842
544.651
360.626
207.32
164.754
233.209
472.725
574.926
413.253
438.066
367.672
294.092
305.683
227.671
391.344
445.654
300.913
411.181
472.928
423.606
391.321
314.739
286.265
396.52
267.537
254.152
326.115
603.931
389.908
387.015
295.641
235.192
307.518
198.456
331.141
483.889
727.804
547.401
343.642
206.018
527.53
437.256
262.254
299.034
362.871
500.309
542.324
451.726
867.224
382.524
267.001
256.789
430.073
731.406
914.123
447.976
793.644
373.631
297.69
356.059
452.698
787.299
862.027
436.654
1062.68
477.866
224.103
132.382
341.865
893.403
1140.22
557.504
1058.81
590.075
242.936
141.558
289.336
888.867
1131.67
668.181
1243.76
561.801
271.464
242.511
329.768
888.454
1299.4
669.364
978.354
358.293
184.271
145.755
188.042
592.912
1024.8
446.125
869.25
470.745
246.541
264.121
222.294
606.878
929.294
529.145
794.952
725.176
298.561
199.795
237.557
352.727
723.195
792.76
720.741
566.84
256.07
243.179
248.01
352.461
678.429
634.884
888.33
768.589
313.296
276.025
277.972
384.654
819.446
854.223
693.505
517.289
223.49
306.937
212.295
296.586
642.292
589.403
772.733
505.823
218.732
249.041
201.628
286.982
732.729
573.206
770.391
501.241
271.055
412.039
322.842
345.694
745.953
578.297
794.104
557.404
220.338
184.376
184.671
348.064
760.423
625.613
907.905
578.102
234.126
321.728
185.33
296.026
858.515
676.89
659.707
596.917
279.688
256.476
249.318
411.51
617.059
656.263
515.283
442.425
343.645
230.487
295.021
429.579
505.659
451.371
325.437
247.344
352.397
497.069
341.102
264.817
332.332
253.028
354.024
269.602
294.569
360.693
383.758
377.231
368.539
271.682
835.198
442.381
212.896
168.174
318.525
664.962
875.587
493.118
991.419
448.874
281.266
235.775
337.721
679.791
1023.68
546.062
924.411
451.251
283.003
211.931
343.661
704.825
952.502
516.886
1133.8
487.253
195.784
258.445
344.069
788.272
1176.53
602.59
1145.44
454.895
240.272
183.174
300.716
879.653
1217.1
553.315
1320.14
578.992
329.536
266.955
352.431
782.022
1353.61
686.695
1266.4
486.868
249.641
204.666
304.328
690.458
1299.37
608.849
1018.3
457.861
205.629
303.05
323.385
750.58
1088.64
517.183
757.585
720.893
284.487
126.379
232.959
394.75
691.707
786.815
885.075
655.418
279.05
304.931
170.295
278.675
824.181
743.671
912.211
605.302
314.104
241.56
185.308
271.65
856.093
694.403
814.743
525.33
188.225
198.869
168.164
277.676
764.065
613.415
639.772
543.081
194.683
198.783
188.417
305.81
589.506
608.062
464.617
308.806
158.866
345.853
272.043
260.99
437.911
358.996
768.934
557.8
248.016
395.275
310.316
409.352
732.836
631.605
751.704
590.145
243.004
280.3
200.856
435.192
705.676
662.673
687.959
587.251
272.36
166.076
252.818
448.511
657.774
626.556
317.776
412.935
349.271
338.742
269.079
282.135
295.516
403.71
350.707
253.86
430.584
806.133
500.582
306.296
339.455
286.202
713.813
392.409
204.434
213.564
291.675
436.469
717.556
463.988
872.977
476.838
297.39
341.329
292.666
578.736
899.384
545.616
889.475
387.174
224.233
359.691
315.827
573.748
912.792
476.787
1070.16
553.746
308.698
360.7
301.011
627.13
1080.98
663.954
1024.32
443.607
243.082
213.054
329.681
649.907
1041
543.976
1585.52
603.334
167.66
192.089
191.391
685.775
1589.96
798.819
878.701
436.246
181.178
171.015
205.287
517.921
905.801
502.026
829.143
399.191
177.871
250.859
302.316
572.284
874.51
470.927
895.47
362.395
359.223
333.121
330
698.916
955.523
403.922
931.928
653.387
245.399
164.014
156.128
408.897
878.832
740.173
1170.31
731.482
295.117
186.499
149.442
393.217
1115.27
847.654
863.691
647.449
254.923
307.315
158.541
339.399
811.385
731.706
924.191
597.35
185.363
130.235
143.569
303.535
871.553
697.185
1025.09
566.852
228.235
244.124
212.096
320.716
972.994
690.176
662.717
364.565
233.324
342.283
280.504
229.563
633.295
434.256
793.901
481.8
190.61
155.357
251.801
353.501
769.287
563.76
734.612
525.807
248.513
330.029
270.379
390.439
704.505
592.812
736.656
507.185
262.574
277.79
262.463
298.515
699.71
566.215
624.63
709.611
353.922
238.899
213.384
343.359
558.587
741.385
411.473
371.394
319.912
462.491
436.495
518.012
431.297
388.611
452.132
362.629
440.605
289.388
341.662
431.624
469.84
371.312
660.646
300.762
231.013
320.646
259.583
538.045
688.639
355.306
928.389
437.907
193.398
256.808
264.439
539.132
940.647
536.539
1228.2
519.582
236.868
235.684
208.559
486.672
1208.15
673.801
959.611
525.576
204.976
226.21
178.401
549.498
967.448
616.258
1068.09
459.407
182.004
263.602
233.271
621.052
1094.27
567.318
1334.44
555.374
212.068
301.058
203.497
532.222
1334.21
712.219
1337.61
507.692
141.875
97.543
130.865
594.725
1354.79
663.567
1259.69
458.251
186.996
239.082
268.446
601.926
1286.89
603.25
637.9
473.288
221.161
185.172
192.534
326.897
593.948
541.226
761.939
512.373
188.66
162.813
157.547
305.736
722.089
595.41
897.197
564.712
213.809
188.696
193.621
327.968
842.852
663.686
866.567
466.767
257.249
268.627
264.212
309.941
835.458
562.232
556.748
295.61
204.838
183.265
263.1
326.188
548.804
345.624
1141.51
529.385
118.567
127.858
120.025
392.012
1110.58
673.684
800.651
422.871
237.412
217.738
195.173
337.893
775.04
511.125
608.998
432.433
306.185
345.737
225.884
294.94
591.671
481.19
710.721
456.453
227.754
223.051
193.408
307.562
685.842
525.206
779.554
451.751
228.524
193.798
148.979
344.634
759.066
530.811
425.329
458.889
426.869
350.322
350.125
322.895
405.75
453.131
908.169
489.976
307.598
402.465
272.904
499.698
904.269
583.071
733.152
457.328
198.273
143.31
212.874
465.87
728.374
521.985
1142.94
503.541
276.362
269.333
213.43
467.478
1121.76
639.047
970.578
488.207
323.918
420.586
326.81
522.994
963.616
598.276
1240.26
567.691
272.903
125.603
218.525
681.35
1248.79
685.395
1301.19
540.708
224.038
473.2
308.433
538.055
1291.08
702.818
1099.16
442.595
149.391
175.391
150.534
369.303
1087.03
565.008
1073.14
414.064
172.179
168.405
188.275
530.025
1091.23
524.111
1153.47
395.391
299.363
414.144
322.632
682.194
1205.69
508.423
873.05
486.106
230.156
183.634
192.801
286.074
828.103
587.964
707.963
472.649
275.132
386.966
278.017
310.386
675.592
545.673
598.496
364.798
249.155
258.041
180.054
256.918
573.368
420.319
373.048
368.628
249.508
333.76
253.406
187.403
334.181
394.517
701.055
374.99
125.994
96.6767
123.768
332.531
692.446
451.746
949.939
457.859
121.353
219.641
124.565
304.173
918.612
577.767
703.901
358.901
142.24
106.589
132.734
300.957
692.156
440.526
620.428
353.322
297.225
230.258
263.441
366.935
623.355
403.339
593.972
410.745
196.842
225.164
189.936
402.337
592.085
454.124
866.875
468.906
269.108
317.124
255.955
311.941
836.945
565.298
840.068
452.484
236.308
333.509
223.246
351.761
816.896
535.493
780.857
460.865
223.208
269.306
248.619
368.431
763.073
539.715
847.371
572.726
278.714
259.614
171.826
379.27
817.868
653.902
1213.53
514.452
199.646
298.101
194.125
447.25
1196.84
662.168
1070.76
588.565
304.427
273.163
268.782
547.197
1067.67
695.338
1482.05
662.93
207.337
264.591
197.434
528.098
1455.67
843.03
1613.85
654.38
223.249
213.63
206.528
667.936
1600.13
856.074
1080.93
460.301
200.867
297.902
224.135
446.109
1073.12
568.586
1568.47
614.874
218.58
215.423
231.1
731.582
1573.96
797.968
1339.05
495.544
287.585
211.548
259.416
744.273
1381.01
631.459
1157
636.724
195.71
173.497
179.427
366.654
1104.57
769.546
856.015
541.169
268.056
243.269
246.512
408.294
803.517
641.124
626.545
409.564
170.997
211.969
187.037
259.818
596.244
474.447
851.27
424.913
168.431
300.315
205.158
312.693
818.836
534.727
749.552
447.588
162.698
160.052
158.433
284.714
717.929
529.556
1029.64
437.356
101.625
164.653
145.58
385.74
1013.26
567.717
668.87
312.886
182.015
291.329
414.011
434.876
674.672
375.761
618.121
346.168
262.448
334.309
279.671
341.568
624.061
390.839
696.471
333.85
213.91
144.751
219.487
428.986
708.582
400.224
801.77
422.256
271.494
377.838
302.041
555.538
830.597
464.158
470.212
421.965
419.833
453.327
309.728
308.242
452.842
427.275
867.404
632.968
245.297
134.25
151.94
327.335
814.171
718.909
693.844
499.327
254.14
305.164
227.193
429.559
675.706
560.118
889.146
404.332
221.649
378.179
275.264
351.707
875.003
505.971
908.949
585.616
240.867
317.303
282.216
412.382
872.701
685.075
860.767
380.173
247.398
307.277
269.509
420.678
861.202
466.179
1149.83
523.646
184.961
248.389
229.591
529.266
1140.59
658.329
1158.83
510.021
330.179
347.244
289.19
535.427
1171
625.324
1076.8
520.95
289.911
313.716
268.181
676.383
1103.05
617.571
1173.61
532.937
296.962
251.032
356.793
912.423
1245.73
620.314
793.42
630.331
196.858
181.534
182.371
324.856
730.691
712.362
697.572
405.516
221.067
272.058
177.184
260.167
665.298
481.789
667.173
447.444
187.044
266.496
230.945
242.06
631.529
516.688
851.465
443.85
201.645
240.699
171.172
329.709
831.679
535.232
714.452
452.793
201.054
261.542
237.982
292.601
679.796
531.805
791.112
350.657
140.936
156.62
152.792
338.157
784.117
444.835
508.77
339.881
235.576
212.511
196.704
267.561
489.083
378.77
401.883
348.24
300.543
381.308
241.455
271.528
393.433
375.994
687.249
406.702
199.851
216.712
252.639
532.652
722.095
455.589
573.575
363.965
229.97
262.031
318.321
612.052
610.59
390.343
393.312
334.945
364.911
615.555
464.334
255.715
380.696
355.015
777.88
534.747
288.395
418.368
269.36
294.336
734.541
603.788
706.369
564.278
273.678
285.14
235.79
293.969
653.866
626.641
816.665
461.272
325.281
343.525
181.139
325.496
789.163
547.627
871.337
520.442
417.476
361.486
319.35
421.167
858.312
601.256
1051.96
529.191
323.783
469.615
307.944
441.473
1031.96
641.709
1165.59
662.803
193.226
283.867
196.398
599.895
1155.72
785.724
878.704
368.303
254.903
316.919
292.659
354.127
867.07
469.577
1282.66
580.117
213.86
150.079
188.994
648.401
1283.09
716.319
1610.42
654.567
141.762
202.041
209.745
644.783
1607.78
849.588
844.683
611.362
186.137
211.109
156.259
347.232
792.627
699.971
753.196
508.047
209.262
165.956
192.099
375.789
728.458
574.879
721.847
437.456
167.568
116.999
183.355
331.439
705.024
512.365
524.374
417.235
198.457
231.143
127.682
216.403
486.352
464.423
551.899
395.343
167.795
189.449
174.876
313.44
538.627
443.438
760.83
371.079
223.579
254.551
232.647
433.924
765.543
451.057
546.27
289.453
153.507
201.353
203.217
264.822
539.992
343.897
554.841
186.559
142.834
261.97
232.565
346.922
576.532
241.311
627.525
294.624
286.045
286.42
342.486
464.154
662.022
324.322
908.288
419.423
269.076
271.481
382.613
759.926
951.272
498.913
527.13
347.084
410.834
450.435
487.089
485.73
539.985
366.687
440.54
279.355
362.315
364.129
443.293
321.951
439.269
307.362
754.4
667.397
232.987
295.912
206.901
357.635
690.403
744.625
619.439
434.814
254.261
314.675
262.266
276.077
586.936
492.137
929.326
520.826
224.822
253.336
288.4
508.478
919.76
619.784
1180.07
565.364
189.685
150.702
125.996
435.322
1152.79
704.317
1038.19
647.232
233.532
332.507
310.293
505.368
1011.16
755.778
826.062
416.44
250.408
244.289
187.281
373.493
804.997
502.238
1125.2
439.022
308.927
362.176
263.977
592.086
1144.25
562.49
1195.49
549.469
230.461
211.115
231.291
801.571
1259.77
633.931
970.624
732.206
292.004
227.102
200.411
372.542
913.349
825.866
666.147
345.672
282.915
337.703
223.164
295.153
662.833
404.937
723.118
421.981
120.843
106.488
95.3382
276.883
696.237
501.53
328.113
191.628
165.479
278.79
248.736
171.483
323.128
223.833
390.081
275.15
238.655
359.589
275.826
334.091
404.753
276.447
292.111
220.833
293.244
272.363
292.518
262.48
295.822
231.598
729.023
319.248
199.062
239.072
216.768
397.815
736.384
390.892
714.474
377.553
241.143
169.407
205.182
467.271
727.11
422.134
547.3
336.982
260.735
328.818
232.1
393.1
555.529
354.391
551.13
303.512
222.828
252.437
362.832
634.772
596.137
336.887
444.568
329.69
411.823
762.601
650.101
391.663
441.237
354.826
267.869
307.201
437.961
434.968
503.949
378.458
254.176
291.365
474.522
447.145
354.902
321.746
340.044
275.473
449.338
465.513
872.953
550.901
231.283
113.6
116.294
362.74
839.621
643.925
813.702
555.549
317.841
245.312
208.548
344.14
777.174
636.526
747.863
375.321
208.182
271.886
252.898
362.917
736.088
456.031
974.283
711.706
202.301
138.261
125.952
414.189
918.133
813.754
974.922
435.278
168.651
185.151
237.746
620.216
1012.77
519.721
1075.14
398.156
212.804
309.167
292.108
638.643
1106.8
510.361
1161.88
536.955
255.832
184.348
361.697
934.205
1233.3
632.468
707.468
558.323
301.008
272.288
276.608
353.15
669.373
613.809
751.406
410.078
197.559
221.344
166.505
399.71
740.32
490.309
489.264
338.709
274.267
260.596
275.584
334.953
504.668
365.221
465.535
362.204
252.24
161.308
201.532
246.095
439.677
388.893
652.615
381.996
284.236
331.384
179.668
300.557
641.804
426.473
305.006
192.494
177.395
264.161
197.411
193.006
312.373
214.361
646.156
387.359
213.002
178.941
171.759
450.751
671.566
433.838
528.046
437.645
199.189
258.455
261.009
404.813
559.902
467.341
735.703
330.604
216.148
199.015
239.588
500.96
755.602
395.526
907.013
390.357
263.127
313.42
425.033
717.276
941.936
483.286
379.914
240.458
374.838
372.856
445.531
376.687
403.332
238.386
546.14
494.129
362.238
272.227
245.013
327.764
518.396
520.057
821.945
459.454
497.614
417.69
365.107
356.181
808.597
518.951
426.467
426.707
299.334
204.843
205.432
358.368
427.448
436.575
914.624
620.16
252.546
210.332
177.095
432.852
883.664
700.803
728.826
519.663
223.085
228.302
228.093
311.894
697.38
580.232
1337.64
594.867
177.45
195.715
132.244
488.997
1310.11
761.985
1173.98
526.622
202.163
170.179
217.783
481.344
1154.12
670.095
736.655
541.397
234.578
185.804
201.383
469.455
731.068
607.042
1331.2
529.975
288.529
272.256
324.857
749.473
1360.47
657.742
765.302
644.483
283.233
205.988
229.956
429.381
717.769
711.722
612.396
320.918
213.826
192.199
180.38
240.286
590.111
389.501
495.851
345.495
224.877
255.754
134.667
271.387
486.66
383.301
576.973
293.074
186.158
219.231
167.151
321.908
581.437
352.98
695.308
324.48
168.023
241.466
264.115
313.408
682.799
408.305
373.995
283.518
189.762
174.377
168.737
254.545
384.255
294.719
666.259
283.64
301.652
424.847
400.358
426.477
685.461
347.563
553.792
277.511
262.705
202.393
280.761
437.561
574.052
319.713
606.369
353.554
140.809
177.776
261.831
473.969
629.662
400.998
490.083
373.384
378.335
348.802
356.74
561.737
508.016
379.058
308.862
273.934
359.502
601.567
350.496
274.722
326.179
288.473
424.213
364.27
494.75
506.496
349.63
345.958
420.691
360.515
499.139
407.12
242.764
305.372
258.203
328.692
495.268
432.562
760.692
527.742
252.509
144.771
260.877
245.875
698.807
610.547
469.354
368.634
244.569
189.232
169.441
287.671
460.573
392.511
1005.24
558.586
181.592
179.871
176.293
460.274
987.596
668.302
1060.26
522.956
165.756
192.933
142.351
381.708
1029.02
649.873
1316.64
622.97
150.756
162.151
129.611
433.91
1275.54
787.791
1269.86
523.274
175.295
224.323
203.176
515.564
1261.03
672.407
1396.48
573.859
271.289
203.114
267.041
632.497
1400.74
733.445
839.142
568.701
188.915
133.583
165.691
371.561
804.935
653.509
738.449
354.427
107.015
155.817
154.566
246.328
712.276
448.049
666.473
369.346
127.817
182.18
174.605
293.715
638.699
445.419
551.552
345.099
225.12
215.188
229.48
355.273
544.619
389.784
839.504
406.65
231.026
245.875
222.197
397.328
837.372
479.784
681.129
311.692
118.238
153.844
138.382
268.341
673.09
388.382
529.885
238.613
136.201
161.666
188.002
358.632
549.238
291.239
981.539
412.74
186.261
267.34
232.754
610.483
1004.43
515.352
828.362
411.905
196.005
155.813
291.12
705.453
879.413
471.322
670.958
305.655
323.577
265.068
506.031
775.963
737.512
344.404
394.735
232.364
334.935
368.584
627.877
631.613
438.781
240.312
261.167
370.12
448.56
561.176
356.142
192.084
247.24
344.473
471.576
477.335
364.247
240.526
260.536
313.471
444.944
494.428
613.308
481.192
195.953
196.451
177.906
284.556
570.014
541.836
670.506
400.825
148.538
157.407
182.407
332.392
646.026
466.881
1008.95
568.22
197.059
192.411
127.725
477.902
994.974
672.533
1344.3
615.523
235.781
233.223
149.867
481.785
1313.28
781.968
1572.25
706.027
144.935
142.288
133.677
579.993
1541.33
901.078
1279.67
557.223
132.383
155.677
147.632
555.2
1270.98
705.636
1268.18
535.902
147.32
138.571
187.622
720.679
1302.89
655.478
