424.473
525.096
611.17
486.389
374.362
359.235
407.445
517.098
503.852
742.462
639.5
356
451.803
348.113
437.773
721.999
630.946
980.33
706.347
326.271
290.577
552.268
595.731
951.841
400.738
751.368
795.004
390.515
498.475
494.981
384.96
670.264
518.343
773.788
754.864
518.475
405.112
423.903
485.022
749.994
531.509
772.343
887.259
685.068
334.412
420.959
528.728
728.958
337.084
693.623
842.231
727.003
372.982
310.931
303.2
628.081
232.796
413.756
716.33
823.145
455.61
281.164
222.749
368.084
207.217
282.84
799.826
1068.69
580.228
333.284
229.25
237.083
180.774
314.956
762.823
1071.73
541.052
218.859
180.711
265.634
316.006
335.842
621.624
942.482
528.005
267.842
317.301
314.426
346.868
297.607
448.724
966.503
781.127
414.905
340.078
308.388
310.323
202.186
394.941
851.051
889.449
447.983
315.056
207.35
299.62
228.208
351.215
775.267
847.871
512.082
318.367
240.212
305.088
291.578
462.533
804.109
911.391
550.297
325.946
290.796
670.298
480.871
518.289
541.742
1008.66
1136.98
753.74
444.436
653.175
406.254
334.821
616.16
588.349
756.472
699.396
414.614
393.925
347.446
354.642
284.927
265.985
512.276
411.3
357.23
671.49
495.201
403.521
347.361
605.806
927.666
724.437
542.62
924
649.326
371.607
293.957
391.703
969.423
1005.34
708.483
921.278
931.09
424.828
233.116
237.553
495.081
850.902
994.529
844.712
1039.71
554.328
216.673
282.769
601.384
770.126
1060.41
561.393
921.102
738.887
411.528
410.835
426.849
484.546
888.942
530.005
822.826
715.575
341.057
352.083
409.85
496.599
785.453
643.895
879.601
758.942
496.784
452.653
337.714
576.439
866.788
585.343
898.791
879.177
484.106
380.811
511.641
565.125
849.403
384.327
809.554
980.434
776.624
404.21
451.054
357.196
724.639
217.065
390.597
821.442
865.089
507.24
262.504
194.729
339.396
248.847
420.421
766.962
799.006
532.98
390.756
231.864
366.519
318.779
562.314
802.663
880.508
519.358
324.001
297.752
514.254
313.065
265.547
553.556
953.443
537.337
313.08
334.266
269.725
381.727
292.742
458.512
1212.27
857.858
348.219
367.238
320.718
216.763
210.358
466.404
870.779
851.318
476.649
237.542
199.503
334.702
268.672
478.063
875.354
1074.19
615.103
341.776
276.612
436.571
358.593
431.582
528.543
878.253
676.244
448.962
368.009
825.421
570.546
396.965
533.311
875.667
1052.11
893.114
601.476
902.52
500.361
391.605
389.841
536.002
995.917
984.527
553.729
552.101
415.396
324.346
326.14
371.196
693.249
615.499
422.346
640.578
469.344
492.254
348.503
505.83
842.693
702.363
477.164
735.946
535.009
513.022
322.802
494.578
937.604
807.915
580.595
919.641
1038.37
492.866
193.047
266.265
524.535
836.586
1065.53
888.493
908.549
521.285
216.31
277.985
362.113
804.469
954.653
564.582
809.187
618.793
418.909
340.155
467.595
517.156
797.21
608.91
926.007
645.685
327.606
349.477
508.131
554.727
908.011
361.177
744.245
782.872
387.924
327.383
405.596
324.3
664.665
423.12
821.155
779.683
450.809
447.88
494.245
378.387
758.908
325.654
697.633
828.373
622.503
327.478
320.824
299.312
627.939
350.3
538.121
731.75
584.2
333.478
283.06
347.404
501.29
286.158
376.224
632.344
571.499
333.718
253.474
268.103
340.979
119.212
181.723
644.327
1092.32
652.07
170.596
116.32
154.042
225.63
137.646
437.158
1010.41
718.67
258.009
233.403
142.699
249.118
208.214
466.068
943.552
987.256
502.325
259.947
200.564
263.852
300.508
399.178
919.174
990.857
560.228
275.426
301.134
365.813
353.102
364.645
650.653
929.658
836.764
413.11
342.064
454.626
308.435
381.623
559.523
907.874
893.188
515.435
310.279
949.056
449.984
468.482
322.998
643.264
1047.39
1037.09
498
774.366
497.841
349.49
367.764
530.904
954.766
850.626
516.436
666.853
440.815
289.21
192.355
458.803
895.004
741.771
459.506
511.207
315.819
319.449
356.257
458.015
681.877
573.186
335.155
634.423
421.016
347.304
416.731
475.15
884.078
719.219
435.45
872.22
834.566
462.988
293.506
346.67
384.056
789.191
891.423
848.951
946.963
577.126
283.618
319.978
432.007
765.887
974.102
625.598
730.343
486.744
404.935
367.773
364.615
558.887
755.676
743.489
908.447
500.296
238.109
294.373
441.395
670.03
920.151
443.278
765.082
715.581
373.327
388.378
455.71
399.084
724.512
486.744
804.129
732.661
293.508
427.238
484.543
425.841
755.296
290.232
679.226
795.051
495.367
317.094
336.144
248.772
604.007
327.376
500.435
826.002
650.192
543.817
319.806
329.669
451.698
238.674
404.814
689.739
719.576
560.597
333.09
225.959
368.329
241.667
263.239
536.036
929.988
641.291
182.021
219.422
264.84
215.703
132.125
322.289
749.298
631.408
223.249
214.63
143.822
379.374
368.461
434.832
629.387
676.025
440.152
367.063
372.918
240.633
277.701
425.042
729.7
887.281
555.859
257.805
259.783
482.515
466.98
450.237
459.028
896.999
995.222
540.386
445.339
545.615
412.986
472.204
356.674
844.493
1055.41
623.721
372.962
987.426
521.695
343.323
446.416
600.545
1117.82
1073.29
563.982
1160.27
539.513
252.504
355.246
449.912
1018.87
1253
631.38
852.304
363.074
367.713
552.398
508.648
819.129
921.667
422.718
850.938
454.341
373.713
300.046
355.914
802.676
928.208
492.216
1142.71
526.27
252.147
124.743
325.169
946.977
1208.97
597.764
915.002
804.148
283.594
170.874
174.526
395.327
832.44
889.785
848.801
993.793
532.125
298.278
338.706
540.341
766.983
1022.23
763.516
769.256
403.226
248.34
255.08
357.178
695.898
809.928
532.366
667.588
529.643
236.201
327.793
411.852
483.295
661.626
756.257
808.612
458.036
192.775
297.119
517.842
697.158
836.22
637.87
840.903
515.655
288.613
289.854
624.253
622.706
839.257
810.049
843.484
511.024
356.786
295.23
451.135
752.41
875.375
404.492
519.203
513.087
488.126
299.953
332.524
375.201
507.146
339.918
453.965
656.283
554.76
389.021
303.507
327.661
428.904
434.615
278.732
470.515
794.735
534.724
448.391
454.733
293.059
478.885
292.659
363.062
595.367
472.804
306.429
474.296
326.587
332.989
237.743
435.763
672.486
806.637
495.915
338.791
248.581
420.951
247.281
276.085
443.134
628.557
625.763
459.974
260.958
548.263
420.485
448.768
367.971
771.426
981.09
619.302
415.353
676.588
524.181
462.461
394.043
870.514
1069.37
739.52
512.067
881.594
615.674
275.057
311.405
401.223
896.922
959.847
677.469
1059.09
452.123
362.165
373.096
578.32
910.355
1116.86
536.229
1353.35
550.445
283.511
245.032
340.562
905.956
1409.35
665.83
499.27
300.069
317.633
486.31
409.302
657.624
533.335
324.696
1027.64
406.243
325.488
251.52
400.19
918.686
1111.65
473.695
822.482
744.434
529.458
521.83
455.096
300.501
748.506
800.278
933.723
932.741
485.594
293.507
368.2
552.156
857.576
979.772
989.847
811.393
432.755
293.115
301.87
462.439
937.281
875.377
756.684
795.192
434.927
226.952
282.494
433.669
691.784
841.561
804.952
708.229
332.062
267.107
241.364
332.619
743.211
759.289
702.301
703.59
509.434
323.471
323.943
302.689
652.731
728.852
530.719
648.939
630.799
486.226
334.912
407.309
491.816
637.271
453.886
717.638
575.491
378.544
262.035
347.151
403.001
695.33
223.926
313.357
489.597
530.203
347.116
205.139
225.678
276.081
455.922
366.737
434.925
713.297
412.979
274.484
436.708
384.365
218.868
149.386
301.695
566.498
422.747
226.285
233.265
148.352
532.061
362.773
350.921
427.996
551.806
679.089
579.258
370.132
571.725
344.349
395.766
526.97
743.842
652.428
607.392
361.247
532.279
355.313
344.057
364.935
544.53
704.647
582.515
366.474
775.085
561.179
367.925
442.774
747.763
926.487
832.669
590.308
920.104
553.483
426.655
588.507
509.172
790.268
952.92
620.454
998.443
492.268
322.951
349.127
380.64
835.086
1069.33
554.85
1298.35
539.254
318.823
341.81
417.802
986.347
1366.57
648.483
771.236
327.451
187.642
216.776
220.521
537.628
826.427
399.525
872.018
410.06
452.911
398.132
457.704
763.599
938.788
440.536
1066.19
947.408
399.617
294.274
223.016
361.917
971.374
1042.01
1009.63
816.995
384.049
378.498
399.387
540.448
941.1
901.138
874.135
824.163
390.461
308.872
251.991
499.155
803.207
882.762
728.06
700.043
440.232
177.041
201.192
298.416
667.306
738.695
505.703
665.278
395.562
251.445
190.953
349.99
454.419
670.711
844.938
606.88
277.903
264.123
176.361
349.468
797.432
694.205
722.574
507.724
285.432
241.93
256.516
330.398
696.462
566.78
397.725
506.035
401.542
241.901
229.577
311.827
377.248
502.643
448.525
435.162
366.233
359.185
264.574
343.743
436.268
447.276
351.053
422.574
599.808
636.984
515.068
335.921
344.38
394.363
641.483
417.073
410.665
746.481
501.872
357.39
628.506
460.228
356.296
330.435
384.408
483.358
627.047
697.754
376.556
319.255
517.391
328.19
317.331
371.601
600.813
737.714
561.971
332.504
865.705
449.461
389.165
332.154
402.699
715.145
895.71
488.193
964.188
454.665
328.744
357.724
305.431
685.004
1018
528.583
936.785
516.12
433.011
332.149
689.029
1051.9
1022.79
563.734
1004.63
549.252
243.792
377.013
270.265
750.79
1072.16
611.582
1247.44
529.023
176.897
222.323
347.352
888.177
1302.6
653.384
935.048
429.13
288.118
262.104
197.176
656.484
982.805
495.748
1061.69
534.512
257.848
368.529
307.131
737.111
1112.87
598.886
820.623
736.736
383.165
332.938
398.575
423.118
750.45
802.372
1113.44
763.178
372.962
299.021
209.341
335.856
1042.38
872.091
985.973
719.611
325.221
205.882
234.914
438.204
919.357
811.588
738.664
768.297
596.667
444.192
385.078
297.714
668.188
802.1
888.859
614.288
415.969
488.01
372.688
368.147
848.099
674.96
572.868
459.719
273.542
327.65
319.304
301.946
531.578
504.105
715.042
693.081
367.399
214.566
231.23
263.502
644.437
733.444
664.957
749.236
397.181
256.695
229.083
314.724
598.9
787.475
456.628
471.713
288.142
331.503
223.85
357.362
445.569
487.545
443.243
487.921
572.071
499.132
381.283
298.868
426.797
471.764
241.113
262.223
360.482
759.922
607.06
313.328
247.223
267.273
454.506
394.292
402.221
444.117
357.664
412.872
452.001
408.372
559.647
471.957
294.185
404.392
392.556
650.699
605.382
476.333
687.364
390.404
225.245
261.087
382.74
661.643
731.439
419.254
924.419
462.574
397.772
199.792
445.858
907.201
1004.33
514.32
1126.06
492.871
199.457
250.916
272.613
844.298
1197.36
584.026
956.092
558.898
170.203
136.95
242.408
806.113
1031.23
628.96
1091.96
508.957
289.706
267.59
448.2
932.073
1161.38
596.487
808.113
322.678
253.28
241.012
218.173
451.604
839.894
385.179
1148.31
557.327
340.743
306.498
382.685
926.424
1235.39
629.171
993.736
721.693
282.059
212.328
320.465
416.384
921.481
822.347
1171.77
909.573
408.537
287.246
228.785
482.094
1099.07
1009.32
817.84
550.945
356.733
545.5
484.144
475.411
781.213
610.392
1139.18
555.768
169.849
229.196
191.52
363.436
1098.47
692.15
712.076
519.853
271.399
267.213
192.673
253.718
672.777
571.966
1022.17
710.651
231.357
243.513
230.531
436.322
971.773
816.594
747.965
574.728
257.837
185.279
217.765
373.444
706.047
637.673
598.941
490.646
311.722
372.59
325.007
278.235
563.831
534.913
414.209
361.226
348.138
347.595
307.843
300.401
409.996
375.838
488.64
292.242
303.348
475.017
478.274
533.64
514.829
315.873
624.609
331.217
238.935
318.906
222.215
386.626
639.202
383.554
538.634
365.301
288.8
258.943
412.882
688.154
590.495
373.529
643.214
535.08
331.867
362.041
377.165
675.578
676.195
547.089
891.67
395.38
238.984
334.362
321.045
594.704
916.234
487.895
1184.34
462.7
246.591
251.94
335.937
665.541
1209.64
582.488
1210.06
553.368
271.434
257.293
334.829
903.771
1272.49
658.74
904.409
330.421
277.371
410.502
368.396
613.514
943.067
414.933
1078.97
483.444
237.47
353.274
346.436
716.807
1114.68
580.065
1139.21
429.366
164.215
107.727
272.317
744.816
1194.85
538.323
1056.97
700.167
310.295
361.179
405.435
799.659
1122.92
764.574
932.881
745.872
348.042
147.734
176.977
369.358
876.278
817.822
969.404
702.768
283.738
307.027
251.84
312.972
902.174
803.507
774.468
587.641
243.532
357.678
189.561
301.43
720.854
668.154
895.086
627.198
294.618
284.05
232.086
304.559
836.592
716.076
697.381
620.814
286.89
344.458
318.982
459.891
642.316
691.943
706.259
489.219
220.908
333.896
268.061
305.924
674.234
559.371
648.672
464.445
374.738
366.745
356.562
354.991
618.073
525.491
949.594
659.488
249.713
237.295
212.047
392.309
901.297
756.603
461.206
531.553
355.604
328.127
265.884
351.606
434.524
542.811
268.276
421.156
451.289
500.372
313.069
290.582
257.635
393.13
526.607
314.445
453.477
608.689
408.209
261.318
505.089
356.868
478.564
335.049
292.488
297.237
320.805
309.881
473.694
359.284
815.151
445.808
333.466
397.655
265.258
553.794
840.198
504.419
1047.34
482.668
245.905
284.227
287.395
572.125
1064.59
576.623
943.317
440.974
267.976
446.828
247.29
543.748
952.316
534.587
1317.06
562.587
312.051
190.713
296.657
847.288
1346.27
672.194
1420.49
566.472
217.617
163.687
209.621
659.675
1424.72
731.839
1001.92
378.959
183.763
281.957
260.39
500.157
1020.57
480.838
1089.19
536.543
266.383
321.855
315.602
652.085
1133.14
629.503
912.996
598.362
307.256
315.077
215.991
719.971
975.687
655.771
1028.44
776.437
366.625
294.697
254.292
371.513
967.22
874.552
1127.69
720.863
252.689
143.648
202.458
398.161
1062.31
836.376
1095.93
636.752
280.003
384.916
246.967
339.672
1047.4
755.466
1110.89
642.908
286.887
318.45
251.215
348.432
1054.95
769.853
827.503
549.826
322.796
390.118
185.727
210.233
767.743
635.097
1148.67
557.162
186.749
171.164
213.906
383.744
1114.08
692.701
857.664
622.357
253.332
169.614
213.347
397.892
808.79
713.03
793.751
589.438
234.99
368.934
251.74
380.83
737.424
680.764
642.152
496.345
276.094
219.686
160.793
328.032
615.322
542.702
717.582
542.069
274.914
267.435
192.349
359.094
701.816
591.671
398.848
359.442
344.975
301.959
248.392
395.198
410.221
342.51
455.689
308.9
360.953
336.822
292.989
413.213
477.365
320.755
658.86
380.168
241.486
338.071
311.867
368.274
644.321
448.341
1040.37
542.56
160.658
196.617
168.983
578.515
1046.56
650.289
915.938
461.232
281.282
344.922
256.426
540.437
920.343
552.438
1009.17
501.683
237.655
303.43
242.151
480.493
1000.59
606.934
1096.31
488.696
208.779
225.507
191.312
657.802
1122.25
601.038
1250.72
569.793
231.592
300.023
184.252
502.269
1245.75
701.826
1176.17
428.918
230.77
179.202
207.449
617.129
1211.23
556.253
1010.94
539.517
248.731
314.314
296.984
729.273
1065.05
602.047
786.139
548.958
162.461
266.803
197.485
245.973
721.499
638.491
922.498
610.524
209.235
183.087
161.321
395.605
888.022
704.951
805.883
596.746
239.122
274.727
261.536
419.257
757.988
683.648
617.154
409.873
263.702
184.133
288.184
337.266
596.104
443.912
1091.65
597.189
221.464
237.987
188.663
336.546
1047.01
719.082
1089.28
510.511
283.558
407.046
308.056
416.005
1064.22
641.438
802.673
436.931
290.526
309.98
285.025
311.605
782.544
510.069
616.581
382.062
252.876
224.879
142.184
312.717
606.297
431.789
907.972
597.021
298.56
306.654
286.062
418.506
869.789
689.326
848.691
561.647
306.503
301.346
273.926
367.617
821.54
637.754
656.958
449.737
351.294
218.509
314.239
578.287
649.044
491.818
865.641
528.505
212.059
302.018
225.168
441.133
850.945
615.848
981.078
546.127
220.922
307.199
247.219
525.903
985.681
639.408
1163.31
505.634
217.562
246.355
242.358
476.268
1136.63
653.479
991.711
484.182
125.999
124.342
195.191
582.54
1000.37
592.601
1280.99
567.497
153.177
134.104
137.858
522.343
1267.37
714.878
1548.18
627.448
188.835
271.166
179.572
600.998
1535.09
822.372
1200.47
526.538
286.617
252.397
237.4
444.849
1180.79
667.139
1155.74
467.774
201.74
166.263
130.449
479.355
1172.02
590.414
1053.27
412.938
373.643
214.331
307.836
660.452
1101.11
491.79
1052.95
536.323
266.79
352.91
299.53
415.796
1014.41
664.426
981.986
492.04
167.114
116.765
113.593
360.229
954.701
601.287
719.069
409.601
195.016
336.315
244.92
351.864
701.74
483.776
482.844
353.123
260.225
193.106
201.058
248.476
449.944
402.348
1046.73
468.94
128.713
157.863
103.86
367.032
1022.49
595.808
907.776
472.682
232.905
248.618
204.164
384.328
892.594
565.021
583.446
458.71
252.531
279.616
209.145
259.53
548.717
494.19
855.753
481.2
219.994
179.083
117.19
356.665
832.614
571.732
800.757
532.065
236.528
295.118
239.385
381.868
775.144
604.584
707.052
575.735
283.621
176.26
207.72
480.441
678.496
616.673
983.802
560.624
269.59
372.717
234.27
352.856
946.624
664.437
897.923
370.298
248.604
370.507
265.95
424.431
892.948
475.362
954.428
548.41
219.186
241.619
303.112
510.722
946.938
647.814
944.26
485.446
189.529
249.71
315.845
441.521
924.733
588.12
912.985
455.424
278.97
286.214
244.447
534.844
916.738
551.563
1223.79
623.491
246.405
200.944
198.961
368.166
1178.65
768.182
1433.59
617.113
178.475
252.933
240.772
547.714
1408.17
799.665
1019.3
497.761
215.054
290.073
206.651
560.924
1036.64
579.677
1163.31
494.841
175.479
176.617
224.13
687.895
1187.35
615.524
1246.3
450.364
268.5
275.303
327.643
759.117
1286.92
579.565
1079.07
632.893
205.3
198.318
218.847
327.076
1022.06
754.813
949.788
598.421
327.543
322.941
378.078
420.816
903.331
695.59
524.873
257.94
159.725
178.971
126.8
179.436
510.059
315.773
1005.55
469.474
170.35
166.941
215.578
359.898
977.731
592.809
929.791
434.979
193.203
261.143
166.519
310.652
903.976
548.61
771.041
380.449
179.789
299.455
304.072
367.332
756.354
467.384
551.103
273.175
218.371
312.141
219.771
227.908
535.871
332.792
582.333
290.51
120.35
117.164
185.068
314.114
586.13
335.399
603.336
321.123
181.843
192.291
202.721
352.809
597.591
377.027
404.162
379.896
276.173
231.844
194.393
374.116
413.886
390.458
721.606
575.241
318.797
269.693
266.801
460.066
693.847
628.327
832.908
670.822
299.51
279.757
269.535
311.733
769.489
749.827
751.452
425.867
239.195
373.179
290.318
408.6
740.55
504.425
996.22
546.626
346.377
279.458
236.069
472.367
984.277
644.366
889.147
583.97
263.358
251.527
205.691
361.438
855.223
676.233
856.212
476.025
182.017
188.396
167.361
423.988
844.686
561.143
928.509
489.976
213.919
336.468
339.234
511.18
926.021
589.422
1124.63
484.021
216.091
281.352
226.244
464.107
1122.21
609.756
1373.53
569.01
200.473
250.179
230.17
571.48
1356.81
744.619
1394.17
562.857
289.289
439.393
452.21
1007.57
1443.23
678.692
959.138
610.427
234.842
246.779
175.597
322.407
905.599
714.353
791.773
507.329
210.528
292.873
223.7
351.913
765.547
589.254
907.142
476.788
117.592
108.392
104.288
333.876
878.835
578.953
917.994
435.747
200.585
193.852
201.498
336.854
888.521
546.119
768.904
349.81
104.43
134.332
134.202
277.041
754.089
443.499
659.515
297.541
152.878
182.254
155.19
269.181
648.526
374.08
691.24
494.852
280.176
231.233
234.219
356.412
663.645
552.237
664.792
273.231
162.743
260.098
283.613
493.152
697.343
325.509
764.771
358.627
187.687
211.301
225.641
470.106
765.965
428.605
730.494
389.982
234.031
230.709
357.076
562.374
747.644
455.238
568.482
526.14
332.825
425.609
352.789
382.184
539.535
556.194
738.458
313.782
229.048
302.34
310.223
320.173
721.89
388.437
787.545
498.412
193.809
181.904
175.877
426.482
770.846
577.437
955.34
536.494
305.199
524.961
288.089
460.673
943.852
632.524
721.553
352.641
152.729
158.232
174.263
409.32
727.493
427.971
1005.29
612.778
272.417
360.183
260.986
470.772
981.503
716.394
1032.75
476.851
297.649
299.412
378.884
523.22
1029.8
587.465
983.647
439.773
167.345
154.261
120.273
388.508
981.289
528.892
1230.09
616.229
215.657
261.688
247.814
695.335
1244.73
743.695
1163.57
499.838
207.795
164.466
209.696
613.134
1187.01
603.304
980.842
609.649
248.635
285.734
266.317
452.261
933.509
710.1
981.634
590.282
207.708
205.531
237.939
314.586
924.825
705.665
619.217
427.645
257.445
270.18
264.42
302.339
591.896
487.926
555.313
342.243
233.39
191.113
205.221
291.384
530.157
389.151
597.186
335.899
250.647
243.057
144.973
245.42
599.441
372.524
836.994
409.646
155.747
180.538
159.633
399.538
828.432
494.576
664.974
329.429
309.315
358.294
286.249
361.423
663.133
388.662
377.99
229.841
298.741
377.211
391.547
435.187
401.785
229.758
411.022
243.285
226.147
243.042
261.892
524.87
455.832
248.157
447.43
312.461
350.274
455.421
375.659
416.508
450.477
327.591
526.652
420.763
402.831
646.969
493.418
358.924
508.326
447.113
470.895
409.236
328.708
259.184
282.82
287.342
452.597
417.492
554.945
398.284
375.992
440.101
376.136
316.496
541.886
430.943
556.773
334.854
186.874
363.82
244.089
254.804
543.937
390.669
877.547
469.714
169.82
107.754
182.34
429.372
866.759
561.94
936.211
512.666
239.132
353.238
227.754
471.816
928.041
609.074
1160.07
523.995
269.002
367.361
261.89
457.119
1137.42
669.635
836.896
417.722
248.907
368.143
220.58
528.485
862.884
488.269
1397.69
629.315
306.734
278.448
276.01
770.617
1414
754.883
1346.36
541.189
226.709
378.918
355.902
769.562
1390.92
665.612
1021.44
682.447
231.354
373.744
272.34
449.448
972.966
790.571
1156.28
635.705
259.26
250.357
250.754
360.25
1105.13
768.571
519.862
356.961
135.413
162.891
134.98
218.658
496.547
411.244
536.185
403.9
180.671
166.11
178.783
305.499
509.845
453.537
686.882
304.488
173.22
200.46
212.631
297.145
686.014
379.275
551.858
299.08
259.439
425.087
335.935
298.836
545.782
349.677
586.15
244.535
206.272
215.178
226.194
442.423
617.086
296.658
744.699
371.323
233.606
153.12
223.372
611.518
783.867
404.482
684.859
420.575
283.985
293.387
366.955
487.307
684.314
470.473
668.63
371.097
391.766
436.178
441.048
534.226
681.793
417.248
320.434
277.053
379.504
397.122
404.806
296.74
314.172
276.49
721.819
548.412
283.572
401.367
367.775
445.387
683.993
615.849
616.751
584.504
297.666
308.541
179.893
359.685
574.307
626.07
441.256
351.176
192.006
284.872
288.931
317.047
425.23
383.231
762.68
508.703
210.493
246.273
242.027
359.829
724.428
586.479
980.488
526.148
209.809
174.42
164.788
533.125
984.04
622.624
815.816
435.972
198.135
161.309
218.715
469.133
799.804
517.59
952.39
464.873
195.646
229.513
272.406
560.153
974.949
555.898
1136.21
517.992
223.857
249.244
217.078
652.502
1158.64
634.145
1041.43
422.985
198.875
268.207
323.876
784.597
1111.29
512.507
873.499
669.802
325.929
259.272
222.282
297.269
798.948
754.799
840.69
462.254
175.832
295.171
242.994
418.874
820.481
552.979
583.76
279.355
97.2822
88.986
129.768
300.767
586.582
337.659
555.885
320.312
218.502
254.33
248.923
286.891
540.368
379.646
538.465
243.977
140.191
202.482
193.108
177.525
511.775
304.508
542.769
282.841
232.003
282.418
199.114
259.924
531.527
336.408
745.75
327.528
174.317
186.485
226.699
387.467
755.381
399.427
636.041
274.798
244.126
219.222
251.202
455.744
658.317
321.896
671.206
454.885
227.174
283.495
391.995
580.314
720.334
485.045
631.69
383.701
239.863
353.338
396.491
561.028
658.597
419.857
375.16
397.601
455.594
548.417
379.943
290.21
367.061
379.18
554.484
473.91
386.09
391.204
307.432
325.723
560.062
487.81
764.444
679.402
284.014
433.3
417.096
457.3
706.076
760.099
914.873
505.381
253.912
194.915
264.665
419.025
893.374
591.884
933.787
526.1
229.294
213.734
149.531
439.589
909.783
629.777
900.699
565.655
267.534
250.684
299.99
415.44
868.652
660.444
1013.24
528.516
228.638
257.15
205.146
327.688
965.831
657.726
1212.39
528.703
206.756
174.738
221.4
486.673
1196.53
675.583
891.847
490.758
296.192
268.346
381.516
764.8
946.44
559.024
1210.91
513.243
159.966
206.825
237.692
721.337
1241.26
627.056
1191.79
612.903
193.853
177.305
186.526
379.538
1141.42
763.639
903.773
401.202
237.772
188.094
131.44
339.638
889.633
507.042
634.528
312.638
168.067
124.154
160.202
347.388
633.492
374.416
772.458
312.351
140.146
269.408
336.294
396.902
770.166
409.031
582.495
212.852
123.471
241.439
161.715
225.24
577.553
277.008
817.762
360.478
142.148
189.558
151.132
319.086
808.333
456.987
695.996
356.72
260.961
365.547
234.948
438.675
715.999
406.199
669.184
351.737
287.375
223.524
257.69
405.114
671.272
399.791
425.66
247.265
197.208
191.345
261.623
391.956
442.835
270.507
548.343
325.413
257.576
313.717
440.876
580.344
580.196
346.673
228.338
193.006
301.286
364.415
363.604
288.685
241.969
187.87
459.509
502.126
707.244
595.292
567.185
417.697
459.626
480.778
453.014
437.13
340.247
242.57
185.107
216.235
422.61
455.762
717.414
464.997
188.244
252.608
216.128
297.093
668.807
557.153
749.718
482.907
256.275
193.328
138.703
317.977
712.793
562.355
1192.49
635.229
201.662
195.662
157.554
387.691
1141.8
777.683
1085.63
456.082
177.96
173.945
175.262
396.622
1071.93
584.608
1341.24
606.164
162.169
188.193
226.404
469.79
1306.37
777.131
1170.66
486.278
125.577
93.2255
111.444
421.926
1155.27
625.738
1651.39
653.07
202.419
256.832
324.29
728.683
1645.77
854.198
689.689
535.11
210.373
186.325
147.161
285.928
646.492
602.305
773.564
369.233
123.419
155.904
133.934
252.39
746.302
464.683
299.145
248.826
236.478
161.768
225.917
290.601
300.336
242.802
654.75
334.794
203.29
225.667
231.224
248.284
631.224
413.963
722.387
380.605
221.722
193.673
186.79
267.777
708.509
452.028
432.048
235.455
93.6568
113.022
142.34
215.692
425.982
276.914
888.252
429.846
225.925
272.06
218.835
574.917
914.26
515.777
748.233
317.769
129.138
282.816
290.488
495.181
757.864
393.552
640.245
498.072
289.79
277.142
265.913
640.162
688.27
522.289
437.571
343.124
311.072
354.809
340.888
491.266
459.142
356.248
278.789
250.363
423.105
654.437
506.089
251.329
277.585
233.495
476.775
518.558
366.688
377.546
346.507
230.092
424.987
542.763
680.994
637.65
376.562
269.136
322.054
424.057
642.888
675.467
602.972
511.26
173.69
186.444
104.85
259.129
551.919
573.76
854.735
460.824
185.459
298.327
251.904
532.652
874.31
532.156
1283.09
656.92
133.102
113.697
136.673
389.79
1226.67
821.474
1154.8
581.929
180.602
165.926
127.752
416.795
1115.7
719.962
1624.19
696.497
125.78
95.4101
99.3656
594.386
1598.01
901.693
1289.7
490.778
166.903
145.868
158.85
662.272
1316.31
622.647
1145.99
489.265
163.874
227.046
179.287
688.808
1184.65
598.143
