811.296
995.166
640.216
230.586
394.799
483.199
732.799
1019.57
668.583
875.382
596.246
257.482
319.922
501.903
651.74
869.711
541.591
939.765
745.485
312.788
432.172
534.698
484.71
895.994
517.28
923.983
929.211
472.356
422.236
446.111
462.055
862.42
391.907
743.172
931.368
689.933
466.135
515.559
400.247
656.854
269.947
542.068
899.713
674.018
414.113
406.972
256.511
463.693
366.261
436.744
868.544
1002.09
437.427
238.604
362.98
387.657
389.565
363.184
787.684
941.704
490.237
243.112
370.122
345.545
280.048
427.038
763.69
980.698
475.119
328.128
286.025
372.215
225.348
241.818
545.857
964.057
524.745
348.728
228.085
230.707
195.664
249.467
542.909
1255.65
639.662
172.116
185.141
246.433
272.491
206.346
520.873
1328.72
721.107
205.125
262.174
214.877
273.714
160.442
434.93
964.512
838.22
307.781
281.209
173.464
188.18
241.183
491.828
800.978
880.381
440.357
194.388
224.441
288.599
389.865
428.335
654.77
951.876
793.705
328.333
342.827
445.985
341.307
439.349
631.497
1004.51
869.767
503.795
359.119
516.285
507.268
485.214
442.449
826.954
1017.18
587.688
494.818
640.989
408.614
447.664
340.193
693.339
945.594
715.27
404.403
684.03
477.192
269.116
321.35
546.898
1002.33
768.536
483.874
820.37
392.964
420.813
351.285
652.025
991.611
905.152
433.348
621.314
960.158
689.127
305.157
470.765
506.073
550.542
936.511
725.065
895.225
549.747
333.47
284.05
395.473
663.938
924.386
554.812
936.349
865.32
493.286
476.906
472.884
494.258
890.609
489.009
930.291
952.789
556.493
467.692
376.265
429.793
871.736
404.174
718.13
856.267
497.051
431.155
431.87
403.307
660.763
353.574
567.228
1001.94
721.45
565.793
313.797
354.727
493.717
384.453
611.614
858.518
712.434
394.932
449.04
374.742
539.098
337.944
449.444
1016.16
938.342
609.997
371.377
332.924
374.041
224.349
285.288
685.737
1212.18
542.756
308.271
244.211
250.964
316.225
225.115
560.309
1012.47
539.991
222.701
309.701
239.663
198.901
199.516
514.28
1060.67
631.634
208.147
195.509
188.137
243.264
240.132
361.494
890.099
867.838
349.212
234.645
246.987
313.755
347.905
410.281
612.04
673.901
346.345
294.728
343.511
269.533
470.036
619.164
630.916
787.724
617.368
281.474
442.754
443.262
420.74
448.593
507.313
899.487
738.935
466.814
423.005
537.518
459.584
371.817
456.988
843.385
933.434
606.436
475.165
669.015
488.233
487.396
411.951
741.329
1015.68
748.198
480.9
671.651
478.381
302.139
245.568
581.041
956.888
745.467
491.094
733.523
357.103
348.217
348.188
634.843
943.78
818.784
396.924
834.964
546.114
330.781
252.717
447.53
979.988
909.412
563.085
541.778
821.111
576.349
435.715
396.394
410.561
464.817
806.709
534.843
804.956
674.831
322.953
367.636
358.86
476.702
782.078
652.285
999.426
797.012
340.787
387.173
410.537
575.911
968.482
504.055
870.112
749.158
364.26
359.788
463.657
469.028
827.228
376.189
801.306
947.072
551.139
461.904
565.01
384.172
705.391
385.236
829.286
912.203
455.619
404.486
449.376
361.547
743.901
354.605
614.36
891.572
671.309
389.349
350.019
333.991
562.872
382.174
540.673
745.632
576.207
369.548
457.325
400.109
494.102
293.812
425.663
817.088
976.518
466.318
252.291
294.459
382.938
271.545
222.871
642.273
1049.73
609.654
213.519
267.543
219.936
253.62
260.442
513.211
1000.8
698.251
288.721
253.741
242.989
145.79
168.301
491.621
1285.14
983.349
368.507
148.862
150.884
291.734
366.122
515.405
860.394
859.465
416.599
282.516
348.403
291.23
460.688
443.29
503.591
746.031
611.944
301.374
422.056
588.235
490.183
557.976
382.29
734.034
1017.85
660.231
448.811
521.567
450.002
416.611
461.656
814.224
900.183
578.57
461.567
709.688
432.635
479.169
265.955
765.379
1093.17
799.62
416.289
829.331
413.084
333.529
348.795
664.334
1019.79
910.438
455.734
762.438
589.568
326.905
188.191
412.365
897.948
827.101
624.84
904.275
482.398
247.1
183.524
469.253
958.505
988.926
539.721
564.458
824.038
509.247
258.917
354.86
373.227
487.472
810.629
662.995
825.02
457.087
257.703
297.146
403.983
614.776
853.944
625.301
980.519
843.024
345.756
492.66
549.99
551.683
938.037
495.049
800.528
711.498
307.035
352.111
375.468
437.696
760.814
378.229
717.785
766.355
549.412
473.411
417.513
372.809
640.035
472.3
803.117
908.449
551.42
369.621
463.705
458.411
725.546
399.539
749.658
814.495
466.227
330.174
366.252
356.534
678.51
270.448
460.706
705.283
560.983
385.545
358.834
284.045
403.705
319.727
433.924
769.425
850.488
436.794
340.401
314.317
397.292
134.845
125.887
539.89
1218.31
609.497
119.254
137.891
112.593
144.783
193.894
406.685
1088.45
694.732
262.482
144.09
187.168
159.285
230.224
447.174
1017.97
709.678
253.261
156.94
213.226
377.146
258.694
422.095
999.291
839.219
443.685
384.665
255.826
595.798
354.594
518.055
428.95
568.51
668.925
648.131
369.262
511.945
389.574
362.084
319.366
730.912
888.397
570.284
368.801
678.353
520.726
343.535
422.902
775.104
1109.42
770.743
534.08
775.51
485.378
490.107
404.33
664.866
1007.77
855.18
511.822
742.299
557.634
400.663
307.653
633.615
1158.03
840.165
538.747
667.365
559.632
377.202
286.719
376.81
844.826
736.2
569.115
990.553
452.667
225.368
260.088
379.634
855.244
1059.2
534.221
478.704
787.977
373.376
175.122
261.041
471.046
422.085
774.216
825.352
952.806
441.509
253.186
310.074
484.413
761.972
1000.87
746.722
1035.41
772.623
304.765
434.418
484.119
678.978
1031.14
606.613
1031.11
889.277
421.182
412.579
479.405
539.018
984.637
525.619
784.848
721.118
390.849
403.561
378.028
473.378
754.503
616.636
877.101
793.093
377.587
311.354
491.677
610.468
821.848
539.142
766.654
826.399
451.515
393.541
388.899
538.932
716.512
290.374
546.668
889.651
833.06
525.677
334.648
286.007
477.684
256.151
283.492
613.484
873.18
465.279
261.375
246.184
267.642
285.246
324.42
641.304
911.069
424.991
307.151
293.921
302.057
221.06
171.682
373.66
866.388
710.732
242.302
209.446
180.568
281.057
365.441
544.231
639.227
334.084
213.81
264.371
346.777
337.552
299.769
450.948
660.924
871.54
639.294
341.08
310.41
563.681
493.538
392.068
441.669
780.666
808.904
599.287
519.586
583.841
415.631
254.361
235.958
483.059
795.85
638.94
432.807
603.02
454.05
430.126
458.616
635.108
910.3
675.072
463.262
725.888
559.472
404.228
422.176
496.395
925.741
795.386
595.526
842.095
441.402
394.336
364.592
651.333
1011.03
920.7
485.918
614.764
348.604
242.593
251.004
423.725
807.979
695.886
374.043
853.185
444.734
280.368
252.8
354.688
858.65
916.361
466.49
493.378
774.562
392.062
254.359
291.77
377.153
433.127
767.115
839.708
1026.63
526.14
246.017
274.479
449.301
755.184
1068.42
850.598
1007.67
632.607
306.374
357.503
474.939
766.735
1036.01
626.872
965.578
725.088
355.072
498.35
553.595
604.081
930.539
681.335
735.617
377.776
231.101
232.238
312.005
609.884
766.448
560.333
716.153
504.61
582.912
388.889
282.976
501.714
733.808
437.129
699.792
720.658
540.062
529.112
357.198
396.841
672.511
277.083
444.652
420.581
286.909
261.722
268.65
253.501
420.845
350.051
262.16
371.544
427.436
362.498
293.68
344.83
259.285
314.764
303.4
674.434
1076.15
508.001
252.421
303.825
298.976
274.43
286.126
326.556
687.79
387.901
353.62
295.563
275.62
254.372
413.111
435.618
551.814
542.353
381.135
238.591
385.179
330.223
300.892
385.039
525.739
758.614
578.147
355.321
305.438
526.771
405.194
312.519
396.558
642.268
812.541
586.491
417.232
627.079
424.874
349.994
691.767
593.205
683.393
672.777
442.238
641.694
455.428
463.109
258.527
501.354
786.964
694.153
450.988
701.913
425.246
420.881
560.11
481.499
900.078
776.634
430.968
826.315
524.335
295.206
296.108
473.045
1033.46
916.593
533.388
616.946
306.912
291.797
378.241
539.421
764.765
677.504
344.856
1036.87
524.024
307.626
340.572
322.071
788.763
1088.97
574.995
742.689
847.529
348.629
212.942
276.87
445.836
677.13
897.243
849.341
962.014
476.384
249.576
228.968
413.999
764.281
987.904
863.539
1020.73
474.243
198.252
223.437
430.664
759.076
1053.2
756.061
887.01
451.446
348.183
372.989
503.955
687.078
905.827
527.025
592.888
395.646
270.556
238.752
343.692
484.244
608.43
726.259
578.308
428.806
306.267
254.67
312.972
693.472
628.886
416.209
532.536
535.456
438.412
482.318
370.346
385.088
525.575
438.603
486.191
509.146
549.829
320.195
232.387
402.939
495.055
331.697
384.292
403.085
564.679
356.229
285.514
333.485
373.836
224.908
324.325
599.634
698.936
715.1
358.089
219.886
281.082
357.594
353.102
557.618
521.152
452.71
332.851
362.283
316.682
295.561
304.897
277.777
389.115
451.401
406.178
307.601
298.698
499.335
594.334
387.758
303.757
361.112
537.876
509.513
598.479
671.585
455.12
316.189
220.356
380.224
606.452
702.366
470.611
750.099
387.982
228.81
213.838
405.269
727.743
807.302
442.599
633.851
420.203
331.178
278.472
477.806
850.229
701.759
428.2
937.025
525.993
416.804
354.795
515.64
890.817
1006.97
586.253
1003.4
507.795
375.986
270.913
422.933
891.728
1073.05
572.569
710.815
296.425
198.353
196.008
163.216
463.399
759.312
356.374
816.648
443.407
251.152
270.867
479.142
906.201
888.399
469.288
717.486
791.596
407.333
386.603
326.666
368.069
633.251
834.085
843.114
908.893
437.871
176.683
192.086
534.489
807.202
966.883
875.925
1015.09
478.869
168.655
296.904
554.968
797.477
1044.73
861.593
825.261
428.495
190.047
339.773
377.073
777.069
882.429
636.614
645.01
464.882
269.503
268.03
300.579
584.871
666.135
764.858
730.017
419.441
199.084
268.402
318.008
699.313
784.152
661.614
918.804
561.341
334.87
326.43
450.06
585.759
905.655
369.773
470.061
514.031
526.003
282.804
402.267
359.286
466.308
333.072
311.626
545.339
413.381
375.691
373.059
346.822
296.306
326.206
357.809
390.403
521.635
400.401
388.911
311.66
357.379
485.039
380.179
297.949
440.737
370.307
317.981
482.509
383.754
326.924
398.297
390.118
371.72
689.725
755.495
350.733
354.645
510.79
392.326
474.981
463.692
461.49
647.572
560.058
401.952
560.253
501.989
301.715
223.432
321.967
594.365
587.095
521.843
777.131
377.812
246.31
229.677
396.906
788.253
837.605
409.459
737.582
370.586
300.929
320.221
375.506
776.831
796.575
395.977
796.822
398.896
410.956
336.754
548.383
786.759
839.518
441.761
1177.32
498.448
265.877
284.922
305.102
778.749
1215.73
603.245
906.477
500.646
266.853
255.941
216.569
684.499
968.999
537.304
898.366
574.28
199.596
303.313
267.971
787.412
971.841
638.24
662.336
690.268
280.97
154.322
226.656
349.997
605.205
740.981
889.476
836.069
399.956
280.933
247.551
407.647
811.698
893.411
982.128
985.112
515.364
312.647
307.045
394.184
888.293
1048.91
946.695
875.706
466.02
372.617
343.087
401.381
864.278
941.502
535.047
529.454
344.818
330.932
272.534
290.76
494.089
551.56
872.026
865.122
401.821
203.58
155.517
398.292
791.244
931.096
687.264
601.902
387.508
442.201
234.544
242.097
634.224
651.353
452.061
561.605
582.25
398.248
276.959
271.244
427.664
534.581
353.314
363.727
364.605
406.215
385.297
337.127
361.302
352.054
218.752
259.482
640.579
1079.56
547.739
225.915
219.827
246.347
244.729
255.904
326.019
669.01
623.015
276.33
254.214
252.621
289.687
209.055
283.035
499.449
518.217
409.346
301.884
217.549
750.703
568.799
394.921
295.39
460.372
826.724
802.716
592.83
716.414
350.932
319.147
267.978
388.411
721.925
758.639
395.257
914.529
407.954
204.224
186.687
272.784
599.834
928.846
501.897
884.089
501.889
240.756
205.436
282.388
682.318
925.695
549.394
918.819
426.091
217.879
413.699
303.915
588.68
944.169
518.317
1107.91
518.487
283.369
225.304
349.076
877.482
1171.29
604.438
969.065
450.838
228.996
178.178
199.55
645.966
1014.97
504.885
922.808
398.963
190.662
214.536
241.125
691.896
982.7
461.476
713.118
829.12
389.058
202.371
171.368
354.793
631.83
861.889
816.847
701.792
395.542
471.058
381.652
242.917
735.167
774.653
944.42
956.624
456.414
294.259
270.127
431.384
852.623
1031.77
633.388
626.301
314.678
336.685
297.349
435.079
615.764
664.238
1084.24
607.769
259.082
236.507
268.063
361.855
1039.87
725.683
894.518
735.975
281.946
275.733
202.159
367.12
825.062
820.76
748.561
747.181
438.509
397.045
317.995
343.576
681.974
787.796
708.64
670.98
505.199
410.354
335.605
363.806
667.438
688.767
542.201
629.014
415.444
383.043
258.164
268.755
493.208
647.51
274.364
318.565
362.49
462.632
341.411
293.218
284.372
308.703
480.187
332.553
315.779
451.432
361.149
239.694
453.302
365.077
525.151
329.326
270.032
304.923
443.614
559.178
529.081
364.952
757.926
431.294
312.09
377.573
410.752
678.425
793.153
474.061
519.76
381.366
314.521
315.018
406.927
590.611
555.067
398.81
846.298
416.352
289.651
382.389
344.815
681.287
910.102
470.383
882.151
432.007
253.875
287.716
381.793
749.636
920.896
491.002
969.73
419.248
275.068
245.838
309.981
753.976
1019.16
498.153
879.672
413.553
311.866
356.881
313.72
593.267
923.686
478.944
1463.62
583.191
162.998
132.467
144.647
598.437
1458.45
764.614
974.268
520.227
208.316
278.33
274.893
754.52
1036.15
592.257
884.897
922.502
471.267
271.219
331.455
397.702
796.002
987.583
1048.52
768.58
289.42
143.732
168.829
357.717
983.751
872.776
891.524
818.408
422.467
329.083
328.623
358
809.82
898.091
811.343
663.518
208.69
188.194
147.338
314.768
742.932
747.158
762.048
500.739
189.318
222.534
152.449
276.598
722.201
582.692
763.516
745.923
376.698
176.148
120.759
285.58
689.025
806.77
707.863
593.282
462.138
332.34
274.136
258.921
667.372
634.778
540.274
429.869
357.431
329.416
219.342
274.276
522.349
464.066
356.804
382.61
269.286
347.729
323.372
336.101
342.628
394.713
666.562
455.786
377.792
409.399
369.51
334.076
636.772
491.152
551.093
430.834
345.779
296.75
276.56
498.422
553.448
434.009
645.275
370.306
235.713
361.739
511.719
647.426
683.789
399.801
821.361
418.132
251.903
313.483
289.71
564.609
842.688
491.737
798.926
458.663
375.758
390.341
342.038
562.486
808.259
522.08
946.778
479.725
239.374
183.981
253.409
578.18
964.594
555.652
995.408
485.355
266.28
264.387
263.431
663.451
1033.2
566.249
1327.02
575.138
291.212
244.264
246.485
588.896
1316.85
721.089
1313.49
495.226
186.825
301.285
297.584
657.517
1330.41
647.353
1057.12
454.23
211.672
176.759
224.094
637.736
1084.78
558.088
1085.82
454.318
213.654
252.287
289.074
773.647
1146.99
543.311
966.115
896.015
399.789
237.195
192.465
392.986
885.349
979.554
1057.84
760.408
290.594
240.824
175.86
351.935
981.369
863.831
1048.96
809.139
280.643
269.685
216.222
391.968
972.582
916.593
824.685
717.439
429.99
447.603
352.831
398.131
762.954
782.727
695.723
561.554
276.862
202.438
167.624
313.613
646.229
620.334
913.227
532.421
223.785
300.828
217.942
310.25
871.897
630.689
777.549
584.243
386.021
469.49
316.421
352.099
734.87
659.351
745.268
628.451
307.33
220.209
207.345
291.469
693.446
689.597
597.967
739.475
568.609
286.211
371.64
430.406
544.881
734.625
351.166
309.159
446.904
508.862
328.666
377.407
339.326
307.375
609.717
306.393
221.538
263.33
236.164
470.611
621.924
360.252
754.191
396.852
301.801
250.911
342.765
542.096
769.141
443.586
923.863
426.943
187.684
262.993
314.941
563.777
939.875
526.898
888.086
422.649
233.286
385.354
299.447
468.562
872.674
522.002
1111.62
576.665
181.988
167.562
205.485
620.446
1118.11
694.389
1068.31
457.149
238.959
234.531
354.433
547.873
1078.72
562.684
1107.18
498.1
250.223
261.048
311.395
664.378
1137.12
601.052
1100.6
534.288
211.65
128.786
205.615
660.32
1119.49
640.111
1139.67
485.005
190.43
226.185
203.59
453.303
1124
625.499
1294.76
491.698
312.273
254.26
309.241
656.266
1306.04
640.231
517.692
432.818
197.274
193.77
169.574
274.656
484.667
477.43
1023.26
668.962
257.076
284.961
316.914
331.285
950.102
790.135
1199.72
720.812
337.959
394.761
292.744
392.638
1137.76
843.094
867.972
497.369
161.368
126.542
148.208
276.299
819.571
600.736
1013.4
710.916
299.357
211.842
250.31
380.901
961.884
799.454
951.117
761.008
402.269
422.024
412.723
399.435
880.728
857.347
1133.85
605.843
216.217
348.46
244.51
374.076
1093.96
735.815
766.209
581.038
334.609
341.02
256.058
345.495
734.093
643.086
1035.48
824.3
300.282
241.767
184.788
384.775
963.103
926.572
867.39
590.723
389.686
330.147
297.641
566.41
876.705
651.15
979.677
428.945
133.734
176.52
196.872
499.832
984.827
535.433
866.94
435.158
243.203
229.893
229.711
401.771
843.687
534.611
964.136
489.708
209.464
293.683
209.453
498.938
963.358
588.522
821.7
404.828
304.598
324.413
395.292
550.872
839.576
477.372
885.127
482.096
265.118
322.523
334.686
463.97
875.059
571.58
1191.19
515.484
314.034
281.311
319.13
737.789
1214.9
640.672
1122.09
522.067
169.718
168.356
184.655
577.422
1120.78
647.034
1029.16
470.909
264.877
172.945
300.789
552.622
1037.95
561.24
933.211
371.088
241.567
250.197
295.207
501.546
948.292
465.013
1021.31
598.549
234.878
237.902
191.502
488.674
1003.83
705.93
691.888
658.1
348.178
215.836
176.2
373.751
637.374
706.787
970.023
792.891
283.39
234.412
189.963
379.542
892.381
889.173
975.057
780.415
345.029
302.563
204.668
343.469
901.931
867.971
823.781
576.874
210.7
179.895
131.192
308.843
777.051
664.958
899.28
525.43
318.162
399.796
298.055
354.2
864.356
620.615
1004.54
579.279
252.349
207.022
185.554
348.664
968.004
684.14
995.421
806.557
391.988
351.444
238.818
411.494
931.538
882.376
925.862
614.253
308.701
288.382
232.722
360.874
891.967
690.871
852.012
648.271
480.31
693.402
435.018
420.99
807.122
724.579
1032.73
657.116
356.394
407.316
298.827
351.241
983.461
759.284
1020.73
597.087
299.473
241.558
252.731
473.716
994.977
695.682
815.397
602.469
331.369
392.069
332.363
431.875
762.043
685.539
781.052
413.282
285.356
389.303
385.7
397.512
768.776
487.166
836.385
487.574
229.627
267.951
193.472
410.499
817.717
576.524
551.271
456.207
284.175
199.804
221.871
394.606
562.218
470.538
1074.26
589.137
273.504
415.979
343.082
634.264
1088.11
681.451
1323.28
537.511
226.775
363.94
331.511
591.321
1318.45
693.587
943.308
464.25
292.229
353.749
277.222
603.832
987.346
519.928
1177.32
519.425
247.504
304.612
206.497
504.211
1179.97
638.283
1127.78
598.013
142.685
114.385
150.761
582.061
1125.47
719.096
978.995
737.148
217.009
162.144
210.019
376.431
909.03
841.545
1033.48
795.995
240.599
192.996
167.147
436.094
958.292
908.626
1019.47
609.978
198.609
125.721
127.619
303.273
965.376
716.259
810.674
527.374
240.14
209.227
199.235
261.948
770.22
606.363
814.39
440.358
185.462
381.293
303.88
453.712
804.926
528.493
1014.32
546.882
336.053
430.117
291.164
474.419
997.416
648.75
1015.95
635.759
341.522
326.741
306.412
469.817
988.882
732.885
1231.78
608.447
219.812
371.139
238.977
394.356
1193.76
751.423
924.023
642.034
267.674
334.526
264.59
414.479
877.902
736.936
926.396
749.378
275.881
250.946
187.415
336.54
855.027
840.946
906.777
720.137
318.584
185.439
178.436
363.116
846.867
788.221
889.801
480.782
303.046
234.992
231.884
326.868
861.848
564.972
941.499
622.617
215.037
271.35
198.943
383.821
900.39
721.423
1244.67
592.31
155.024
138.505
136.673
457
1214.67
738.798
1226.52
549.336
243.826
229.64
254.872
504.562
1210.85
690.77
1258.53
575.594
299.339
259.211
245.419
490.618
1235.9
722.64
1239.09
493.065
165.052
182.507
158.811
526.779
1239.12
643.613
937.054
489.129
259.412
185.931
253.015
683.54
993.923
537.237
1113.9
522.333
404.956
338.871
182.886
457.524
1105.1
631.337
1489.37
637.033
198.626
365.827
284.196
565.306
1469.04
822.474
1339.63
820.647
279.566
178.32
191.341
404.073
1268.02
962.284
1297.54
807.862
302.908
310.553
238.188
387.542
1223.71
947.113
857.891
637.665
256.654
227.239
161.669
315.722
798.925
728.064
704.162
680.667
341.333
239.258
234.231
318.791
642.262
730.817
658.748
346.897
167.113
306.538
212.63
378.505
663.003
426.447
773.189
463.238
303.141
268.522
238.373
421.634
781.229
510.967
1203.99
681.237
217.267
261.857
268.106
598.041
1187.98
811.687
1123.35
520.278
238.488
376.764
279.059
453.777
1100.39
651.331
744.782
480.053
329.365
551.207
350.792
537.242
759.101
524.066
602.751
617.504
585.381
365.11
277.764
340.417
561.031
620.819
897.403
730.831
363.727
263.067
232.074
379.888
841.367
798.919
1047.61
699.676
288.318
240.141
253.5
453.71
1007.95
804.616
904.387
659.389
355.67
367.469
374.156
402.972
860.368
745.926
811.32
439.053
205.823
234.82
187.424
317.476
786.007
520.67
1040.93
509.908
263.665
212.096
210.675
443.653
1024.09
616.622
1048.83
514.762
177.565
310.162
238.645
531.16
1045.38
631.138
998.499
454.975
157.255
157.636
183.935
536.533
1007.49
562.1
1314.96
528.218
260.343
297.7
236.828
598.758
1328.5
671.603
1153.99
529.68
253.867
240.278
225.917
534.787
1151.66
645.3
1497.71
665.892
153.487
178.28
146.691
510.419
1459.51
860.06
744.888
511.919
258.843
224.022
200.215
263.462
703.01
589.266
1080.53
678.333
292.943
278.368
235.284
401.897
1030.26
785.992
1024.3
602.593
277.055
247.797
213.829
367.721
979.495
706.722
784.136
533.873
281.475
359.62
241.701
389.462
744.265
609.107
1090.38
525.266
166.989
147.673
192.444
370.602
1053.81
659.017
850.044
416.133
177.882
208.438
194.52
408.77
841.302
506.246
864.722
436.114
301.947
369.543
377.707
523.061
882.193
504.43
1006.56
506.18
350.572
524.213
359.362
657.851
1043.73
575.092
908.132
468.281
372.012
564.073
392.641
521.774
908.813
559.912
569.682
716.382
439.04
258.927
216.097
354.58
518.989
725.031
529.502
503.774
388.763
541.759
334.059
346.879
496.472
533.863
428.177
437.293
339.392
334.158
258.897
302.365
399.769
446.934
754.417
507.995
251.894
247.048
275.058
354.809
730.562
568.708
816.706
414.232
201.548
231.469
227.905
355.909
804.925
505.253
1194.74
646.848
192.5
165.337
162.05
371.889
1144.37
787.003
929.833
553.133
170.845
183.652
172.113
438.911
909.521
653.522
969.304
497.255
258.626
329.3
211.201
573.264
990.268
578.426
983.869
513.03
295.869
323.566
302.758
518.935
983.237
611.421
1181.25
482.232
164.184
105.132
179.521
668.997
1206.02
606.064
1087.9
468.776
258.027
449.274
284.096
559.641
1096.81
584.998
617.768
424.642
172.181
159.521
148.623
260.677
567.739
497.742
767.833
414.012
135.001
142.362
183.55
409.401
751.608
494.124
849.326
546.657
282.078
341.782
230.326
378.473
823.333
632.2
988.37
516.634
184.18
176.912
163.243
401.735
962.117
624.954
996.357
406.158
126.625
162.753
129.241
397.196
995.719
522.251
897.24
532.922
350.252
243.055
280.482
561.376
901.881
602.951
898.112
408.273
166.477
233.581
250.064
515.523
904.601
496.052
934.058
452.94
217.032
253.344
265.619
544.165
941.885
543.987
484.371
398.673
343.671
514.158
594.695
525.093
498.295
422.556
374.676
324.205
376.4
440.746
417.34
252.617
357.153
328.73
537.602
547.723
307.99
259.655
290.772
503.753
519.284
567.094
772.303
633.916
328.002
394.887
325.218
328.699
723.673
686.773
842.449
525.409
331.531
497.481
284.741
363.888
804.043
611.701
993.001
603.255
281.347
363.278
269.689
404.847
958.592
708.906
1429.61
741.844
252.532
184.79
188.457
480.034
1376.07
914.649
968.63
577.376
298.262
255.845
307.946
474.35
948.471
668.063
1031.15
609.078
226.266
243.604
168.173
519.823
1017.57
713.557
1208.92
515.953
179.771
170.353
238.475
556.121
1203.92
660.516
1055.01
469.567
149.16
136.081
212.323
643.316
1085.98
577.515
1046.31
501.216
157.159
119.294
216.185
554.6
1045.26
615.251
848.781
403.053
218.608
193.32
154.93
284.693
819.229
501.705
1055.25
656.145
267.508
197.965
251.332
360.082
1011.14
758.636
834.737
545.447
175.399
244.75
172.919
291.507
786.601
639.195
941.066
518.298
209.285
333.771
217.856
326.156
905.505
616.131
902.91
431.881
225.659
257.623
236.01
379.559
883.083
527.623
1232.21
645.367
214.778
230.761
211.537
607.518
1221.51
779.575
800.425
397.862
167.572
292.201
230.015
495.141
813.635
480.269
492.785
279.372
313.185
292.033
376.255
450.809
509.535
306.31
364.096
315.546
502.22
930.385
630.451
357.811
367.033
335.891
247.888
232.375
434.634
839.429
530.841
259.222
234.364
245.582
530.436
568.516
418.546
346.696
299.833
375.623
496.369
586.186
795.833
493.878
259.27
203.287
226.833
309.527
769.706
556.411
979.669
762.996
335.599
385.276
299.881
501.28
918.759
854.803
1248.41
798.534
249.441
260.798
181.48
547.549
1207.6
930.153
1219.28
729.596
268.716
174.036
160.988
368.347
1160.44
857.207
990.473
533.335
295.411
258.465
266.807
482.792
980.286
639.619
1142.98
671.58
207.874
202.861
185.158
554.494
1126.56
790.525
1407.62
604.035
185.825
207.902
221.683
542.387
1389.85
770.941
1401.8
619.065
185.86
279.657
200.862
497.791
1375.2
793.897
1155.44
502.08
195.662
179.529
176.818
458.121
1137.78
646.012
763.459
380.45
170.115
192.851
203.654
296.467
725.816
467.169
1060.97
536.772
157.235
176.557
150.571
391.253
1026.09
664.346
997.132
467.272
126.857
118.982
120.964
322.763
966.566
595.119
1144.25
490.603
202.297
252.884
172.931
480.71
1135.84
625.1
885.337
405.171
114.599
143.958
113.758
385.086
878.873
499.596
669.132
397.607
355.446
309.1
342.467
408.877
671.272
443.059
1045.1
571.806
283.249
318.282
321.891
615.992
1044.55
672.837
1140.19
661.515
330.558
295.55
281.417
562.673
1127.68
771.643
237.867
236.886
399.529
817.615
482.771
261.637
233.012
221.622
469.082
483.453
420.944
302.943
265.178
479.082
469.354
483.067
364.749
395.471
350.162
295.4
323.648
236.669
340.34
408.741
597.786
496.953
294.612
209.453
224.582
266.993
554.755
538.582
712.989
508.616
294.865
310.768
319.888
345.561
682.78
570.159
961.457
661.722
274.439
129.289
117.165
336.941
913.911
744.502
1073.52
597.722
219.254
234.057
180.155
472.718
1048.56
711.966
1102.99
604.489
436.837
397.838
422.173
459.202
1069.44
718.027
1081.75
628.654
205.129
122.439
134.511
528.091
1065.73
742.6
1396.82
697.831
251.291
258.126
220.333
442.621
1348.79
871.013
1551.97
710.406
249.231
193.47
210.579
521.71
1507.51
907.87
1422.95
594.192
182.523
197.133
223.002
530.343
1404.44
770.168
