753.689
988.213
594.731
288.399
210.9
391.374
669.35
993.315
511.92
878.099
798.065
355.329
435.218
503.239
468.932
815.778
579.946
995.033
942.701
392.298
369.887
487.746
546.977
920.9
403.039
781.276
939.124
568.872
463.436
512.093
376.682
689.212
388.183
576.969
918.332
811.317
478.578
377.48
382.751
535.819
360.74
507.234
929.098
918.478
678.703
285.568
360.053
446.613
368.239
633.433
1015.45
927.682
508.016
308.118
339.256
562.727
189.261
418.174
915.386
1002.3
492.413
263.595
182.225
351.373
478.275
325.33
581.61
892.44
475.629
318.103
479.299
326.994
178.945
198.398
573.893
1184.78
590.018
218.712
187.537
178.776
260.755
178.926
546.79
1070.39
650.174
212.302
256.111
178.791
219.765
253.094
406.891
722.067
786.34
470.334
237.751
231.216
445.332
285.707
508.831
803.24
771.928
545.115
481.351
307.239
227.663
320.331
386.73
526.896
785.527
666.5
256.625
287.471
403.334
472.841
549.992
778.495
1177.96
858.034
420.214
448.58
629.789
538.161
443.206
440.463
923.203
1038
697.43
561.002
583.28
480.194
440.63
411.529
679.739
942.186
629.681
505.698
687.342
545.591
440.688
304.43
697.436
1113.4
781.712
525.369
787.322
514.56
298.578
201.036
480.028
1061.36
875.147
522.511
858.578
516.918
288.188
325.82
594.672
1090.7
946.343
542.686
879.829
1064.13
675.366
198.186
443.833
525.754
786.367
1077
573.878
955.736
822.937
532.382
504.967
533.652
539.487
913.899
584.825
952.472
870.773
435.921
412.223
388.214
511.388
905.829
553.387
874.416
854.09
482.203
431.131
461.072
504.566
826.568
506.433
792.192
794.787
522.051
349.925
388.347
465.346
764.503
303.47
562.191
841.098
805.796
462.314
398.209
299.559
495.652
211.452
500.786
835.461
606.261
519.261
417.478
201.941
424.923
380.823
487.86
725.928
803.39
450.693
475.88
404.693
467.949
174.837
338.76
860.934
1119.48
611.897
301.954
184.104
279.843
237.523
211.55
497.858
1051.65
552.495
214.999
248.202
195.364
296.81
230.914
552.827
1125.31
627.111
225.129
298.145
230.197
210.475
273.862
454.025
894.909
791.759
447.664
227.547
252.563
348.454
380.628
477.88
863.719
812.343
428.264
356.435
375.629
275.883
626.516
645.892
753.97
946.545
807.872
283.478
553.856
595.113
515.528
415.284
469.512
911.067
1046.29
645.418
534.729
604.217
430.733
412.461
510.442
913.149
1066.39
692.991
449.078
712.983
589.355
503.616
423.829
782.424
1090.14
762.068
631.621
505.004
457.667
446.569
341.122
577.973
931.829
578.035
444.942
841.825
469.338
328.243
179.327
563.891
996.576
931.566
520.476
881.983
534.691
258.084
234.148
457.169
967.245
966.678
586.712
786.572
980.766
705.401
349.389
272.786
460.473
722.85
998.483
560.909
890.99
752.847
460.043
402.502
361.868
497.703
862.795
554.535
841.384
652.708
308.361
305.926
320.315
490.431
826.64
395.686
666.39
772.66
487.761
410.272
310.124
358.102
613.887
571.076
841.041
957.783
688.312
554.546
394.415
521.307
811.151
457.731
714.712
900.78
627.215
461.42
442.563
461.248
666.914
325.522
719.54
831.867
711.646
535.877
597.656
293.371
634.125
337.242
549.794
813.747
829.314
411.497
315.394
333.278
510.056
306.826
280.764
641.629
1098.8
466.098
211.488
292.319
279.918
240.038
215.778
560.936
1098.27
497.268
262.935
240.994
221.688
266.786
236.84
491.024
1008.8
661.439
317.899
270.411
243.981
283.076
179.496
417.664
1248.74
907.818
376.131
289.718
195.441
327.783
271.487
433.351
1025.51
1011.3
581.914
325.363
275.625
515.112
328.622
407.247
500.474
767.132
715.12
563.297
335.026
555.13
483.498
422.864
435.81
818.938
988.409
607.428
499.738
515.211
478.754
470.503
454.986
871.455
1041.93
569.225
476.859
665.41
555.522
545.349
294.59
851.723
1182.95
733.264
561.439
669.106
472.609
482.286
358.17
515.99
957.665
757.465
445.243
794.045
488.115
316.232
287.381
357.972
839.702
872.669
529.378
772.744
612.331
359.045
420.539
430.654
971.702
852.979
622.75
685.639
977.86
549.599
254.831
195.493
489.396
611.25
979.549
728.852
900.087
631.262
319.489
299.076
378.158
651.576
913.424
665.059
988.914
688.464
312.465
296.787
517.022
599.404
973.123
655.663
947.027
626.587
467.523
286.904
423.955
582.447
938.695
445.409
671.261
778.291
660.121
553.488
328.449
401.228
643.87
367.188
729.464
890.805
602.426
412.875
418.629
331.192
657.651
346.96
684.16
847.033
559.411
441.312
468.878
334.528
619.9
189.075
381.937
754.441
692.579
675.559
349.405
179.192
319.868
314.409
390.951
671.093
603.44
306.261
199.848
305.199
351.956
175.842
224.906
513.623
1084.34
606.356
251.573
186.351
209.228
171.617
160.837
476.874
1004.97
719.59
289.781
186.316
151.29
343.081
290.172
445.767
845.946
636.83
309.86
327.348
318.426
320.481
313.87
394.516
845.827
944.821
587.254
337.069
323.706
595.026
444.31
322.218
515.578
690.37
769.182
646.083
462.717
489.522
429.49
332.538
387.747
605.801
769.258
537.022
439.559
633.285
549.456
488.008
372.922
892.122
1169.46
715.862
558.992
724.461
483.7
377.741
338.865
643.06
981.44
798.555
534.469
649.28
505.319
348.559
391.67
600.855
900.503
703.18
556.263
639.05
479.9
318.741
407.463
388.237
708.491
678.278
483.895
1013.24
565.405
468.878
175.929
495.785
1076.5
1101.58
597.45
889.354
990.953
567.724
318.912
338.633
387.694
789.359
1043.48
777.234
886.129
538.618
305.933
298.871
379.942
706.824
903.458
700.966
882.039
662.034
310.02
272.114
333.135
620.918
892.143
465.716
667.557
665.1
414.667
356.389
281.841
437.364
638.755
545.774
650.283
660.356
535.531
429.544
464.282
507.01
622.818
580.509
807.185
781.844
467.626
384.692
450.263
551.425
753.444
441.844
788.099
881.203
558.433
477.731
384.034
430.286
728.619
338.673
503.733
742.647
851.265
546.67
338.955
333.514
479.126
359.655
407.627
652.569
837.162
418.722
403.472
349.873
385.196
331.432
233.877
397.9
764.995
422.469
253.715
347.187
244.798
187.173
164.74
377.088
803.852
521.085
223.658
182.017
166.251
365.29
433.67
652.357
684.796
619.524
352.287
351.174
401.945
204.106
332.842
395.783
670.297
907.987
647.474
229.825
293.337
318.683
420.13
420.487
369.971
735.221
802.804
352.134
377.535
414.397
481.714
476.243
447.16
862.918
882.332
441.723
426.214
752.08
506.881
355.699
416.425
584.643
980.957
825.797
527.992
771.794
525.074
473.245
347.845
651.706
1009.93
852.136
562.894
901.505
626.823
491.579
301.11
606.241
1139.81
994.441
642.852
565.29
378.505
333.626
341.957
516.574
643.428
590.901
408.436
1000.34
478.224
365.227
391
498.92
989.417
1072.57
531.091
954.004
1013.14
537.71
304.057
265.389
438.754
861.237
1053.4
803.053
862.368
387.538
147.995
199.442
410.432
728.505
913.223
655.832
881.429
560.021
368.488
336.833
429.736
590.714
875.982
665.603
971.877
605.324
292.008
412.392
466.03
579.412
962.846
940.329
875.434
551.585
498.856
313.127
370.125
861.743
925.849
603.597
674.284
462.996
510.596
356.726
340.43
548.199
708.354
386.09
628.669
712.205
547.155
359.647
337.282
355.056
578.538
409.481
400.228
406.421
396.292
431.303
307.655
390.294
408.893
541.527
280.691
373.537
405.138
318.363
289.292
541.415
317.548
243.415
271.825
654.738
907.919
446.172
144.341
233.122
251.508
235.257
276.663
424.727
843.831
458.602
313.968
250.074
277.932
257.102
271.964
313.147
744.266
760.346
499.077
260.628
269.249
266.327
338.69
337.996
368.922
689.028
685.702
296.074
297.274
366.044
281.481
393.309
465.25
758.367
744.776
417.261
271.42
545.056
360.317
423.307
607.072
579.545
799.284
602.542
383.673
817.222
523.529
318.268
340.994
505.811
980.02
897.135
540.677
767.178
586.84
485.657
416.584
566.331
1018.77
832.898
628.751
823.423
502.718
484.559
290.583
623.644
1024.73
911.713
527.895
608.705
342.745
219.135
265.839
249.292
390.315
611.607
413.914
991.651
490.045
313.88
377.201
536.876
970.905
1078.98
557.493
1047.49
965.645
408.754
134.508
188.875
411.769
955.785
1052.94
1016.52
879.059
418.808
219.878
224.113
398.288
940.773
941.21
824.679
835.096
471.872
416.982
309.441
448.389
781.27
889.213
693.672
724.246
481.328
307.676
374.74
370.314
640.943
744.16
497.734
435.586
451.45
388.675
348.659
247.624
473.349
458.501
710.48
597.64
477.083
245.52
264.735
416.806
691.328
611.242
383.243
479.803
530.106
453.195
436.498
315.494
357.359
469.522
385.157
376.215
475.962
628.832
354.57
237.605
372.208
378.954
320.526
433.874
492.158
537.781
434.05
418.168
325.737
385.956
189.37
226.531
389.961
535.669
653.062
386.447
203.414
204.692
383.162
373.377
570.202
661.561
460.202
353.112
399.726
358.564
465.373
342.562
333.279
405.114
515.622
432.019
487.934
352.406
520.727
363.378
381.007
593.233
661.732
711.463
544.028
397.01
704.878
433.639
292.79
297.903
502.586
876.072
769.706
456.369
648.149
459.354
258.362
341.444
588.85
943.745
726.228
476.386
776.699
458.727
327.316
330.324
553.121
908.03
850.078
490.8
1035.24
570.673
276.424
314.073
578.103
1043.44
1094.72
631.051
802.669
386.579
306.092
292.529
325.381
821.829
874.701
401.786
471.842
306.135
170.804
156.185
259.632
394.413
488.77
347.677
823.308
515.774
352.689
286.965
361.913
827.198
892.231
537.289
810.054
824.733
473.37
279.975
279.904
378.821
731.013
875.805
908.164
895.117
403.871
168.273
222.315
483.065
827.062
949.755
822.35
839.811
449.336
348.363
356.705
413.677
752.591
881.835
854.302
703.237
359.733
324.852
268.568
310.066
798.241
776.807
696.008
616.752
385.152
265.803
218.984
264.166
645.414
667.189
771.746
753.408
458.105
302.837
295.809
310.019
707.586
801.38
602.734
850.625
591.848
294.816
309
365.6
527.357
839.892
392.757
538.288
427.173
521.92
374.809
399.075
370.791
538.188
424.202
410.217
379.812
221.547
245.945
346.173
394.632
425.883
392.907
356.039
577.362
635.867
451.773
288.793
388.806
342.189
348.964
249.994
314.285
589.001
426.965
327.461
341.211
273.21
334.354
286.871
391.303
575.296
766.258
488.294
330.032
286.594
441.65
278.448
294.687
520.607
414.484
364.374
447.425
301.496
700.239
358.919
363.481
311.312
404.584
581.153
720.168
411.265
583.834
342.719
461.919
414.048
559.61
643.017
626.731
345.571
668.212
478.456
440.49
526.37
556.525
925.578
746.698
461.462
739.858
378.345
280.466
225.316
437.771
786.669
800.638
413.359
1010.69
377.272
256.503
216.054
338.949
839.777
1077.04
452.586
702.762
404.109
295.236
208.645
273.549
735.119
776.728
439.088
745.232
457.185
300.175
272.354
345.865
874.65
833.78
464.731
709.946
731.919
557.898
308.995
235.999
265.311
645.758
753.843
930.293
788.113
334.081
199.228
178.664
339.917
854.628
868.151
855.416
724.822
374.836
239.299
334.589
427.563
799.96
774.445
937.945
796.227
410.902
417.931
336.426
400.69
869.592
870.374
474.729
386.973
319.899
380.731
335.735
287.115
457.525
408.608
805.765
781.019
445.795
315.626
331.62
384.227
735.992
835.004
782.644
548.937
508.849
521.292
386.262
309.865
750.648
607.909
498.653
511.155
367.471
425.131
302.431
311.977
464.54
535.36
468.1
403.859
528.541
523.575
440.76
463.99
487.442
419.19
420.986
333.385
497.685
555.696
489.452
372.181
420.021
322.654
389.618
338.575
393.913
1044.13
587.61
331.405
410.748
354.29
269.51
237.822
276.349
360.067
428.814
441.919
300.627
233.691
819.177
428.351
242.387
324.454
491.729
883.407
887.901
478.091
671.549
482.615
270.364
319.54
391.869
735.726
722.944
498.101
983.403
393.458
205.43
228.482
316.982
759.2
1040.83
488.688
1091.08
467.662
251.539
261.201
278.575
642.807
1107.22
565.48
912.702
405.199
208.371
259.667
346.369
699.692
949.989
493.231
989.613
588.547
343.494
274.349
302.355
666.526
1035.66
623.043
939.052
565.75
225.756
150.009
226.493
647.763
986.084
621.865
854.7
444.684
327.932
284.874
295.971
753.553
925.881
483.738
729.064
758.582
418.449
200.129
177.551
273.905
653.512
808.158
1065.67
916.988
389.542
173.96
243.166
457.519
982.604
1007.82
846.523
788.424
484.31
305.385
295.138
420.053
792.81
831.482
474.56
416.496
296.778
498.016
365.07
355.339
458.651
449.063
1017.38
522.464
280.395
331.684
345.588
341.927
985.896
635.987
941.305
717.759
286.256
297.209
249.095
407.125
883.106
814.786
934.09
888.417
428.492
336.481
264.963
514.911
867.684
943.451
667.8
722.039
533.887
453.983
485.659
429.216
619.887
742.721
493.764
427.463
351.289
215.163
239.912
278.127
471.546
446.707
437.899
298.621
324.82
361.255
380.123
376.498
427.888
322.111
243.203
239.232
261.662
478.364
466.667
283.644
234.617
243.115
723.113
400.607
426.42
464.548
500.824
573.411
716.727
443.998
777.526
616.862
393.091
318.02
369.133
700.841
812.627
626.907
758.608
481.102
455.525
409.086
553.453
552.27
747.556
540.224
544.86
278.571
262.345
463.932
337.02
409.312
572.816
318.187
989.602
529.181
274.838
460.312
505.242
908.472
1051.44
601.393
799.18
470.349
268.831
290.623
300.776
677.139
849.051
507.451
1228.07
543.24
306.604
209.96
233.69
587.086
1222.92
670.831
1007.07
425.371
145.004
199.09
198.377
628.119
1054.29
508.978
1227.31
431.665
253.424
193.287
313.041
868.102
1292.28
533.284
823.373
780.62
355.396
357.86
282.33
446.126
757.952
846.1
1088.64
673.103
289.52
279.526
160.723
343.865
1039.33
770.016
958.043
792.342
418.937
384.276
259.109
420.599
885.89
884.181
895.567
741.467
286.912
356.669
249.64
453.635
825.716
827.338
841.516
526.771
212.236
173.979
203.97
391.437
815.951
612.208
859.583
754.389
350.809
134.128
123.553
310.125
794.022
810.821
997.817
694.774
267.267
221.679
187.803
389.098
948.896
793.564
836.019
641.236
404.285
265.121
277.646
334.595
787.679
700.164
685.396
703.855
454.235
266.85
211.498
335.596
627.398
740.818
680.376
443.395
269.798
342.97
235.887
349.333
663.765
504.197
574.299
356.996
472.611
513.194
463.5
286.672
561.073
390.319
715.025
352.355
213.076
338.836
317.594
527.488
758.038
405.457
506.001
301.636
351.189
446.168
472.396
553.564
538.649
318.974
865.373
447.309
388.116
344.14
388.323
647.531
893.082
507.594
1105.85
552.096
250.044
171.814
292.538
678.423
1130.94
658.511
993.226
446.584
277.27
319.807
311.328
708.3
1031.92
534.187
1090.53
441.092
245.635
175.129
238.819
649.272
1116.08
542.085
1174.69
518.326
215.171
381.143
394.277
738.03
1202.43
623.059
839.886
374.636
232.409
296.688
311.823
571.714
882.425
435.825
1049.61
421.571
232.112
180.354
219.852
654.23
1091.41
517.202
799.537
646.269
319.094
173.335
208.618
313.058
755.717
705.798
810.98
669.779
296.116
308.042
177.562
297.535
745.719
750.006
1003.91
680.891
223.456
110.88
104.141
324.416
946.588
783.508
799.236
703.149
365.205
346.837
220.599
339.903
741.852
756.575
818.404
574.914
283.662
288.185
155.532
329.213
777.524
645.114
840.882
528.287
327.746
280.163
186.315
405.492
812.634
606.311
881.691
565.594
263.153
303.588
240.079
365.945
849.17
654.431
608.583
386.714
216.442
207.02
162.963
269.896
594.591
438.338
599.773
463.033
408.285
413.956
387.767
284.525
579.978
501.82
543.428
457.338
393.58
403.84
265.185
311.415
511.576
488.243
312.747
248.797
242.745
295.115
362.918
362.649
328.291
251.133
635.844
333.251
193.008
240.924
280.646
457.803
643.182
395.16
857.941
410.775
183.281
263.234
225.968
527.33
873.801
499.532
756.513
405.725
199.72
232.167
267.635
567.702
781.9
453.615
844.21
436.749
261.344
212.283
258.321
573.785
871.426
494.323
1179.66
498.993
439.875
500.015
333.336
600.957
1185.74
622.125
1053.51
487.557
168.096
174.264
181.769
674.84
1090.14
588.035
1033.78
459.024
261.444
270.488
323.336
662.53
1076.38
546.684
932.461
419.399
187.263
187.783
156.561
423.28
944.289
504.601
1082.73
530.919
239.1
245.708
342.737
877.77
1159.31
602.186
787.344
586.572
254.778
196.102
171.545
377.887
760.156
664.436
981.563
633.401
262.064
204.754
159.173
340.427
932.847
735.482
1084.29
658.816
203.819
163.03
178.271
456.834
1042.77
773.512
744.281
525.144
228.182
233.509
244.609
302.341
703.828
603.978
950.674
653.68
295.977
340.719
172.529
332.595
898.931
748.068
1194.93
849.347
303.345
328.259
298.145
481.304
1124.35
973.998
1036.55
560.855
465.865
412.669
365.926
369.619
1008.01
661.069
898.013
575.087
279.852
251.818
269.475
417.402
870.862
663.385
676.968
521.337
386.349
365.718
249.311
314.009
643.393
571.333
877.091
701.555
321.114
256.901
237.576
400.242
826.145
770.565
939.745
512.363
245.117
228.023
229.904
532.125
947.871
601.211
755.606
447.429
337.613
398.703
342.005
422.065
755.063
513.825
863.312
391.02
195.004
202.513
270.766
470.641
859.848
478.674
938.447
449.074
224.523
312.903
256.896
608.381
963.641
540.889
1089.15
433.121
170.091
179.106
200.156
523.121
1099.65
550.13
1085.69
504.9
214.784
280.364
336.797
728.575
1124.13
605.574
1401.55
577.25
179.462
215.918
217.329
733.307
1413.94
729.435
1251.38
504.223
191.963
170.087
242.047
589.642
1261.39
639.051
981.196
488.002
157.165
131.087
150.767
646.155
1034.95
541.292
1378.13
546.419
339.485
209.661
276.126
686.234
1391.95
695.909
902.785
631.429
267.88
273.007
279.605
378.16
833.325
728.838
778.425
555.279
187.747
205.193
144.257
306.88
735.282
636.853
1019.61
768.917
315.045
128.765
199.308
474.008
963.875
858.874
829.214
469.383
231.268
301.819
173.587
248.72
793.327
556.238
951.684
554.117
288.294
147.817
211.952
471.492
937.503
643.318
1101.71
548.519
276.658
347.39
260.913
359.216
1064.61
682.15
942.26
568.931
296.646
375.878
293.243
451.786
919.142
664.307
838.862
544.067
437.294
400.534
432.237
471.346
818.905
613.171
611.057
557.191
343.427
405.322
212.893
235.934
569.508
595.95
579.864
335.096
337.789
354.479
224.346
237.262
558.312
384.694
1026.08
503.614
255.243
365.73
244.72
511.478
1024.74
609.115
978.298
560.145
399.496
333.668
315.924
470.365
962.325
652.9
761.012
462.047
246.865
335.361
344.474
433.089
745.572
541.523
884.679
475.298
252.582
473.58
283.939
407.454
866.618
570.055
1020.12
494.819
181.633
166.426
198.144
409.558
1000.96
610.873
845.018
347.329
250.263
389.052
354.455
670.812
893.697
423.647
997.059
450.882
197.439
227.915
244.88
623.128
1029.65
542.457
655.503
401.762
225.115
182.414
228.569
537.346
669.544
433.668
1074.09
493.895
185.987
217.41
149.959
558.729
1115.39
593.229
880.863
344.4
230.785
204.548
190.303
570.533
920.761
418.366
904.947
602.318
173.636
120.144
132.35
385.878
862.442
701.594
1034.63
531.31
238.602
343.569
254.105
370.816
999.163
650.07
729.497
464.131
235.163
236.419
210.478
388.72
719.11
532.89
1046.92
619.429
191.252
157.747
127.43
334.931
992.854
739.141
599.682
383.209
348.878
503.531
351.56
370.374
579.035
429.338
1190.36
524.071
239.011
202.652
172.149
495.638
1176.95
665.63
1208.82
722.106
297.45
281.765
303.448
571.369
1188.73
843.066
863.574
536.432
297.532
337.281
317.123
444.808
849.715
603.865
895.455
385.446
196.735
277.334
262.562
488.035
898.481
486.558
1077.56
640.292
274.223
187.62
231.722
486.39
1048.19
743.905
992.902
622.463
202.68
200.207
190.246
458.293
967.154
725.093
987.765
668.972
387.816
281.826
222.56
427.339
953.241
761
553.653
359.148
246.384
342.056
306.539
332.04
543.809
406.469
1312.43
632.514
176.398
172.347
112.192
469.074
1280.69
788.105
1218.12
539.038
140.23
203.181
194.195
475.932
1200.48
689.816
1632.45
672.949
221.342
143.93
174.696
676.074
1624.4
865.259
1274.66
508.979
202.045
264.228
353.589
754.138
1301.24
635.519
994.262
393.75
215.645
148.155
220.649
480.892
1014.01
465.186
850.889
557.63
321.229
378.124
279.666
362.555
795.722
659.555
1539.87
654.479
123.535
169.719
240.147
612.254
1518.65
850.793
994.464
609.395
193.069
105.554
149.387
418.965
960.887
711.037
1048.5
719.382
250.351
190.307
230.304
482.821
1002.11
829.763
883.774
490.67
184.465
120.248
191.874
288.24
837.936
595.155
864.035
616.141
181.088
82.2291
100.029
322.712
816.524
704.889
742.961
517.92
287.649
469.941
363.29
605.773
794.768
557.299
941.024
406.547
184.199
284.826
204.283
416.871
939.415
511.03
1184.1
653.675
300.45
402.135
380.152
690.322
1198.62
756.774
1051.53
557.302
175.764
141.377
173.896
560.634
1053
666.19
929.467
420.024
241.943
266.825
318.687
649.809
947.97
499.812
615.919
553.268
337.897
374.289
381.758
416.967
600.417
600.948
509.313
459.105
293.404
302.158
186.694
259.2
484.5
487.708
631.125
576.64
334.36
281.735
187.302
248.277
589.765
614.964
633.526
375.079
296.618
415.515
265.319
238.839
610.333
437.007
962.346
619.722
222.976
249.715
244.177
439.275
928.55
718.946
998.271
595.162
234.311
182.042
133.466
413.554
961.731
703.8
1077.25
458.633
190.872
208.164
211.02
596.268
1098.64
572.985
1365.97
534.17
132.576
112.099
215.037
678.898
1380.55
687.319
1635.51
680.236
150.615
215.617
178.83
600.373
1617.15
884.256
891.182
396.264
191.702
296.385
314.931
706.916
946.41
474.641
1585.03
669.915
115.843
103.196
119.421
596.361
1563.51
869.219
1030.6
550.542
136.539
148.963
141.28
410.986
999.531
669.696
653.265
455.09
215.859
193.307
261.245
356.892
630.971
510.25
892.781
473.811
217.66
322.871
269.333
329.688
850.167
579.996
1030.13
596.279
180.199
143.425
153.915
302.939
977.269
711.924
1013.4
437.31
215.592
199.153
197.73
471.735
1011.44
546.456
730.231
344.505
195.772
217.771
185.049
438.883
744.02
412.242
1208.67
523.737
245.533
224.894
318.246
554.707
1193.14
664.375
871.42
463.244
218.019
224.938
285.447
542.357
868.29
547.568
1043.9
593.449
201.997
189.592
224.101
522.812
1028.94
707.122
562.094
502.924
255.794
221.832
172.792
255.348
523.557
538.181
871.286
822.093
499.881
264.014
222.309
275.112
795.175
880.653
322.514
329.525
290.988
334.74
228.455
265.936
310.624
324.39
941.304
695.147
444.674
462.567
269.07
344.697
888.711
771.67
1176.05
683.219
241.153
250.315
208.228
539.853
1153.38
804.014
913.524
478.776
256.153
281.254
229.594
349.599
886.832
575.796
842.222
623.541
304.285
273.949
287.5
304.553
788.052
707.042
1058.19
579.728
172.107
107.75
121.7
421.205
1027.98
692.563
1038.06
459.539
328.146
374.014
410.03
728.429
1074.31
552.522
1569.17
619.892
197.587
151.256
198.256
662.848
1565.93
810.612
898.446
388.362
142.898
174.926
173.345
543.081
930.138
472.075
601.91
493.097
176.346
122.617
117.099
282.944
571.983
546.707
777.188
367.408
165.396
174.032
193.699
397.447
768.24
446.971
837.48
469.99
193.671
195.705
150.454
359.426
815.722
556.923
1057.18
483.871
346.313
350.702
216.635
414.381
1033.61
608.817
1062.8
592.606
188.442
129.964
152.258
528.286
1055.42
703.738
780.288
444.373
246.471
263.188
280.753
429.736
773.92
514.991
909.528
470.449
220.736
169.979
282.805
576.797
929.576
549.568
1125.13
522.872
158.945
126.545
197.269
584.996
1127.5
647.524
871.649
398.36
180.851
229.563
326.717
694.58
906.034
477.139
467.859
286.514
312.344
576.689
591.998
433.856
466.99
326.096
321.331
330.893
371.088
444.635
371.96
264.655
318.632
314.652
670.472
565.385
331.191
331.688
209.688
287.814
640.555
602.943
865.52
642.872
320.404
296.155
241.632
341.208
823.032
717.586
988.006
648.944
329.078
363.821
404.918
521.132
958.116
742.341
1243.1
599.806
368.238
394.964
275.053
517.775
1219.76
732.561
1109.81
629.213
216.19
175.918
228.241
577.497
1100.42
741.776
994.012
525.775
259.463
358.248
266.932
532.689
997.563
616.88
1033.65
509.838
202.889
271.715
237.966
502.291
1026.11
617.667
1076.01
427.238
172.729
247.373
205.852
614.14
1106.63
539.049
1221.71
479.329
221.073
202.508
252.838
540.576
1228.17
619.268
774.096
365.144
79.7408
82.0177
70.4105
215.498
742.17
463.464
902.909
572.542
157.746
110.132
146.128
358.038
858.636
670.515
751.293
419.49
148.034
282.231
244.406
349.208
737.071
498.719
725.173
388.648
155.41
186.06
161.444
299.933
699.255
478.098
895.673
482.364
258.273
281.496
286.861
501.866
903.638
563.034
957.256
398.473
250.826
295.725
230.537
432.558
954.355
504.889
1099.39
517.623
212.438
231.857
257.084
563.627
1098.61
643.289
984.698
463.013
236.919
375.415
290.754
563.217
993.056
567.757
462.545
343.717
233.041
315.061
357.457
591.651
499.917
353.418
435.615
385.741
402.916
713.937
611.985
395.448
418.204
407.489
370.098
420.058
334.785
396.601
265.74
209.923
341.549
425.177
646.175
489.599
251.864
280.792
253.357
293.173
621.617
545.381
590.521
423.632
222.646
213.547
182.678
284.148
565.937
472.461
988.041
734.508
311.264
357.664
293.134
486.28
936.681
833.782
1485.51
767.74
213.37
137.139
168.816
505.238
1435.52
941.273
1178.15
778.942
267.566
200.327
194.183
475.588
1129.35
903.237
1091.94
620.176
168.327
183.098
210.304
560.292
1082.51
733.791
1128.01
478.134
225.604
243.13
233.075
462.85
1115.32
616.286
1361.48
577.404
116.876
70.0671
100.335
487.602
1340.79
745.393
955.251
364.995
136.667
118.701
204.422
586.662
989.693
460.314
698.98
327.251
135.5
217.072
162.942
247.537
671.887
416.904
1111.54
512.35
153.698
183.95
150.825
375.167
1082.39
651.199
986.557
595.315
201.537
301.499
241.654
451.91
958.477
700.545
472.341
356.824
205.989
239.999
209.252
230.416
463.132
380.256
713.195
355.109
138.996
151.425
199.404
459.814
720.159
424.796
906.397
500.451
186.192
248.628
284.874
516.74
907.401
591.584
607.368
315.687
195.65
185.432
208.565
450.238
624.08
357.641
697.776
356.601
143.607
143.659
228.999
475.88
707.258
420.962
686.604
497.031
264.936
298.231
240.9
363.313
657.923
560.761
441.073
323.359
310.241
624.717
350.253
324.913
446.586
353.477
386.26
350.905
311.505
427.423
417.404
334.534
373.981
368.684
391.669
363.381
232.629
178.228
190.44
270.273
368.661
388.252
565.077
502.4
268.66
226.512
267.386
331.725
536.197
538.377
873.695
598.237
534.132
674.297
546.228
364.212
843.034
657.783
919.575
582.285
204.194
196.174
131.33
320.557
877.813
680.423
1312.4
711.384
215.481
288.139
267.495
643.331
1299.57
853.58
1055.1
645.95
261.264
206.227
260.474
503.417
1027.04
753.655
1399.85
601.856
113.008
145.332
120.156
520.013
1383.15
774.92
1520.93
671.94
150.44
151.309
131.638
543.254
1492.68
860.997
1179.04
519.237
212.702
225.128
227.834
457.937
1162.82
657.2
