677.057
1051.72
723.646
375.446
260.417
531.639
614.299
1029.81
640.985
968.2
824.967
528.921
466.383
570.958
598.484
940.034
582.053
887.823
933.77
661.348
530.241
387.024
523.693
859.311
450.541
705.744
921.102
1020.38
500.484
496.285
453.167
651.438
417.964
507.017
853.787
741.82
431.297
367.909
422.104
463.115
293.26
530.011
916.013
901.487
445.166
336.032
290.056
460.301
234.821
368.668
862.654
1016.85
487.904
273.914
230.871
309.064
353.521
449.018
812.015
797.653
399.746
311.832
365.413
407.954
501.7
432.804
624.728
782.054
530.662
372.486
483.51
439.577
215.776
180.404
585.083
1321.2
651.75
186.328
223.181
169.566
306.269
225.036
475.063
1097.92
606.823
263.688
305.142
244.973
358.549
263.56
478.142
1050.15
1067.13
490.334
377.559
269.966
278.426
325.949
461.048
1069.56
755.388
417.738
289.79
324.958
368.735
338.409
513.428
797.099
1096.82
737.671
401.209
349.893
400.69
394.881
461.628
743.396
1081.18
912.027
447.386
374.963
475.435
436.898
468.317
493.795
886.748
996.73
535.705
427.8
601.681
476.976
361.786
426.785
648.135
975.982
680.461
487.022
871.104
630
374.681
354.301
686.708
1084.21
944.888
706.613
908.645
528.997
346.466
260.132
607.456
1077.5
992.908
589.024
680.291
452.139
284.423
262.269
565.678
1058.01
775.145
449.732
831.682
1038.07
756.98
394.469
396.439
392.716
734.649
1049.14
835.179
1031.15
813.57
473.399
536.623
506.625
759.879
1022.64
631.406
938.72
861.821
586.363
398.893
404.412
570.122
915.304
457.746
719.379
729.074
437.571
347.311
410.799
446.793
679.386
468.373
715.347
918.061
760.395
421.099
442.665
474.412
640.277
393.166
544.917
772.932
685.949
409.338
328.115
384.703
516.557
338.951
522.455
835.139
928.185
452.385
317.287
339.95
469.657
287.289
377.479
752.822
970.474
455.951
249.605
293.923
332.897
286.37
324.585
648.716
1218.22
544.258
312.811
287.44
323.009
199.811
263.363
571.245
1029.65
663.467
192.954
186.363
249.922
360.204
236.723
579.212
1142.9
828.73
268.713
352.767
251.554
201.424
241.484
457.159
995.876
903.985
416.26
200.711
212.614
537.802
398.565
525.883
738.511
930.368
644.475
553.567
394.898
337.427
434.999
512.273
696.739
1033.09
648.095
345.152
405.011
513.002
486.077
446.319
602.347
1028.32
1004.82
565.494
496.277
585.367
560.454
424.459
385.714
848.727
1058.98
649.324
564.99
580.906
386.7
365.262
281.598
657.45
984.416
662.392
378.39
666.746
489.13
307.933
359.555
590.893
1018.75
752.154
521.199
776.618
461.351
319.17
301.167
586.25
959.243
860.63
510.88
865.882
486.733
530.509
422.322
688.786
1072.68
957.629
501.07
721.24
973.596
680.747
338.379
316.451
586.668
678.273
972.204
683.349
1083.26
938.17
349.202
496.912
548.544
596.354
1031.1
610.964
959.727
822.156
461.525
374.133
493.105
552.576
928.672
603.518
888.335
790.442
430.071
376.792
496.649
575.429
857.466
465.486
756.268
775.556
443.097
351.643
363.863
409.844
706.882
399.445
685.511
921.803
755.844
555.763
301.592
346.786
644.261
405.31
593.241
758.505
585.927
463.807
505.3
393.618
531.905
426.815
462.117
623.36
612.157
300.763
416.643
449.024
441.516
122.425
209.932
650.989
1029.86
560.211
168.135
123.047
179.722
207.229
218.034
470.046
923.321
501.3
175.052
196.216
215.916
269.599
271.675
366.203
930.818
624.581
343.211
273.397
276.714
284.461
301.235
488.227
922.282
889.485
424.535
290.754
275.93
421.488
435.165
581.484
743.058
920.971
812.204
468.964
382.691
343.588
407.333
441.589
593.522
901.106
828.507
403.67
352.532
527.549
478.413
422.231
481.243
837.586
955.492
582.106
483.706
567.995
437.155
471.805
402.825
766.897
1024.84
649.83
409.564
810.464
558.765
338.973
296.817
703.495
1143.38
895.88
575.631
663.63
472.532
344.861
356.447
470.865
877.371
729.741
501.362
759.143
448.869
281.911
226.44
424.695
1003.62
847.289
438.461
866.029
438.655
309.796
473.167
474.511
1013.58
944.24
468.26
888.443
977.613
553.348
287.634
244.31
420.769
809.742
1015.29
689.691
1004.72
782.832
426.804
303.691
575.654
645.832
985.08
550.869
779.511
639.441
255.535
345.162
440.676
500.828
757.787
426.077
668.626
638.556
502.428
395.49
347.078
407.567
629.965
476.176
758.146
838.057
550.932
527.604
372.451
444.073
706.484
466.545
674.689
778.258
658.623
617.06
357.221
425.245
653.111
306.385
600.237
683.247
510.988
518.932
460.962
299.921
532.435
328.693
481.542
862.535
816.564
433.886
328.563
320.274
414.505
255.4
304.334
626.723
910.255
477.033
273.181
264.512
272.516
317.844
216.771
626.213
1074.38
646.315
258.531
317.737
224.498
221.964
172.213
572.927
1159.1
782.047
287.732
227.376
154.075
253.817
158.461
379.527
897.187
774.82
371.969
257.04
169.044
320.321
278.95
351.036
842.595
886.082
525.931
317.189
274.911
554.759
449.091
366.255
460.371
650.492
810.375
610.422
467.026
516.193
436.748
510.668
425.587
859.711
1038.32
592.857
405.163
664.602
518.007
414.751
322.849
744.034
1149.19
762.571
500.559
764.124
519.887
258.691
210.339
555.49
1113.69
859.369
539.038
522.78
497.692
395.434
306.367
517.753
872.502
584.49
471.109
869.457
483.685
506.501
276.835
482.358
907.563
946.925
489.715
988.562
635.413
368.244
250.85
579.935
1087.88
1080.63
708.962
950.431
1138.7
652.498
307.542
328.322
489.174
849.291
1180.05
706.193
1115.66
881.69
418.538
405.604
584.15
635.721
1082.35
764.529
1017.08
756.589
464.033
411.835
434.349
683.622
1016.62
719.672
920.245
697.59
652.222
339.608
518.478
656.404
927.284
532.149
784.163
711.128
554.528
581.819
404.362
483.275
767.049
473.51
736.732
825.341
517.486
515.647
377.97
420.166
696.226
442.833
768.051
984.497
673.936
543.72
403.942
434.802
691.912
249.649
509.983
929.124
873.507
412.746
280.317
250.344
434.42
221.082
348.549
502.87
544.676
481.907
301.5
216.885
320.542
211.778
242.538
529.066
902.974
561.005
249.652
215.229
237.978
244.107
194.465
399.758
890.125
730.432
359.385
249.399
196.74
458.151
375.613
496.198
841.636
533.903
251.774
435.032
391.716
311.207
396.485
437.032
793.771
983.834
619.36
327.481
373.412
606.926
568.347
377.448
567.97
864.81
893.973
654.026
597.985
725.085
371.558
433.889
438.81
588.977
620.07
728.155
422.407
677.118
485.948
333.33
478.745
797.551
1041.73
751.209
519.607
654.789
427.158
269.531
371.886
670.584
1060.09
748.534
439.384
713.544
517.062
307.412
422.063
511.857
935.05
783.771
547.619
509.929
413.732
327.471
237.927
310.723
588.318
558.848
422.455
804.034
455.876
321.137
328.687
497.755
949.948
879.76
472.726
892.167
1016.92
500.692
227.858
284.327
469.446
796.61
1055.83
761.268
931.68
600.774
296.094
260.754
439.224
690.105
953.78
724.599
886.488
643.727
275.568
334.386
437.422
653.421
887.345
726.373
688.441
563.939
389.775
255.793
422.555
708.678
710.989
584.929
746.512
553.978
275.107
266.543
299.806
522.127
744.67
575.152
945.428
753.759
536.15
499.205
497.079
514.998
909.504
521.137
723.374
713.115
528.587
372.651
368.59
479.029
712.456
262.552
411.198
778.067
774.405
409.799
371.093
270.536
359.461
216.09
286.428
349.697
414.757
405.468
326.073
218.982
256.014
272.194
231.987
404.116
536.92
290.063
185.224
270.596
217.981
318.32
243.66
380.355
548.946
463.701
326.635
324.106
249.025
311.883
301.373
360.49
557.61
593.798
440.767
312.869
301.219
362.152
278.868
394.105
591.651
877.129
685.35
403.358
288.804
592.412
527.983
421.625
451.779
763.845
882.855
645.302
541.627
664.117
403.363
491.505
536.107
740.326
845.097
720.546
420.574
758.992
481.319
461.185
376.705
539.062
926.251
835.74
505.692
771.629
591.674
284.019
336.353
473.287
1019.59
853.904
616.827
776.168
409.459
339.614
366.149
625.765
1000.05
859.297
425.035
697.802
521.036
429.91
251.902
371.641
806.186
761.815
515.585
964.039
476.12
323.672
367.025
489.336
935.919
1047.23
550.172
1013.58
1059.81
552.371
406.831
329.736
460.812
918.931
1107.01
690.075
770.684
502.685
381.415
356.028
317.707
618.117
792.224
735.725
944.122
607.937
491.481
408.648
498.509
664.427
953.917
889.97
802.615
403.859
327.529
326.543
395.794
816.05
861.063
917.837
658.905
323.68
406.888
297.061
417.025
876.669
745.346
519.846
421.205
584.092
545.995
409.199
295.148
500.817
423.559
344.872
598.797
732.319
594.71
326.9
358.334
324.027
548.877
301.169
385.107
376.961
378.46
271.062
307.666
294.778
369.212
383.52
262.224
532
673.069
366.706
230.636
393.312
264.347
198.542
253.012
428.305
581.222
454.169
265.741
195.561
227.069
282.679
352.443
330.985
459.452
436.303
314.152
265.165
342.231
255.624
187.564
327.193
537.274
820.66
570.269
288.844
186.479
405.977
344.268
390.374
360.923
526.179
555.398
440.185
338.978
606.287
566.085
290.861
312.542
427.946
741.204
656.807
571.757
761.95
414.767
403.379
295.115
578.501
967.166
845.832
443.406
765.476
492.824
239.59
246.448
550.251
1031.34
847.084
520.932
972.071
642.581
339.727
361.405
616.22
1126.02
1064.95
725.874
867.164
572.083
271.173
243.078
403.105
858.517
942.121
634.585
416.337
378.007
340.675
268.499
452.927
562.234
458.707
363.824
787.526
552.252
274.803
217.869
360.135
713.433
836.539
576.275
871.035
862.92
439.833
188.624
228.717
360.101
795.46
911.464
944.025
1011.78
546.83
320.417
319.79
398.089
848.28
1050.77
924.243
954.459
612.395
292.822
377.977
488.488
850.482
997.405
591.653
608.049
365.113
241.482
354.856
358.892
546.176
646.768
751.837
663.675
350.861
211.152
300.083
345.69
695.878
714.871
576.016
663.883
507.925
335.479
281.831
254.451
519.582
670.247
485.892
779.185
507.31
266.187
206.134
391.039
443.255
759.402
675.901
614.394
385.306
370.058
446.33
452.112
632.538
648.229
425.324
574.589
422.829
299.919
360.787
449.523
440.134
560.341
350.667
349.472
456.631
610.87
443.824
478.739
383.484
334.842
489.762
416.037
490.364
633.188
563.793
545.636
518.43
413.785
399.752
290.715
314.844
467.515
571.79
606.315
428.437
273.644
560.638
336.177
442.008
585.824
635.642
809.859
617.006
347.166
502.347
377.55
396.435
331.537
617.154
802.32
553.92
378.031
739.512
614.762
297.525
202.768
415.993
924.774
814.328
637.443
689.977
406.159
366.72
337.889
535.829
816.418
753.428
432.888
680.344
529.833
295.538
418.127
622.39
956.748
755.825
543.734
926.922
419.175
254.27
247.961
254.477
719.988
975.829
461.342
675.177
559.569
354.512
240.966
317.322
536.878
683.086
586.572
980.832
450.177
396.108
247.904
436.642
857.864
1033.35
488.594
991.097
821.262
408.279
172.473
251.163
384.009
926.116
892.086
1084.73
907.11
416.761
194.887
192.468
403.286
1002.25
986.949
1079.5
1040.88
479.276
153.498
227.414
502.595
988.227
1112.97
694.539
619.244
295.961
240.077
184.144
367.157
645.805
664.5
684.691
686.597
422.643
228.063
172.52
315.313
632.93
714.672
783.628
784.689
448.225
210.036
281.313
507.348
733.56
817.069
685.606
830.846
480.139
327.794
295.958
462.5
624.706
848.388
396.152
411.64
330.868
624.534
479.823
339.409
385.936
424.416
435.654
400.51
369.637
367.547
276.27
236.146
415.983
401.919
295.456
305.279
368.745
445.737
346.419
292.23
301.254
307.277
198.942
259.669
307.156
496.132
430.46
357.43
206.365
244.116
408.232
498.757
529.306
326.357
561.409
549.672
424.582
479.758
546.468
298.699
318.264
610.643
538.965
532.834
569.696
339.09
560.955
563.333
312.692
315.957
523.192
716.08
578.475
584.902
947.456
534.654
307.567
290.247
416.384
880.843
1017.56
592.879
1097.13
559.526
319.347
417.894
433.851
914.04
1146.43
630.533
1031.8
533.268
280.188
329.257
359.566
876.764
1099.13
598.002
1052.03
397.855
310.566
189.711
317.618
841.163
1120.08
464.713
777.814
384.746
218.278
258.89
253.777
463.121
809.233
443.079
935.255
457.828
353.601
270.438
367.977
912.408
1025.69
505.914
951.058
828.221
398.041
230.068
238.132
352.618
878.066
900.751
1144.74
1032.68
426.79
268.423
223.132
431.013
1041.66
1114.2
676.93
753.55
467.251
362.556
282.2
320.719
610.26
781.222
804.536
669.909
408.052
450.514
286.86
417.955
773.793
711.393
636.995
659.473
355.85
342.887
367.228
434.203
588.277
689.952
1037.53
853.2
396.672
389.364
298.756
442.597
961.476
956.464
833.072
734.411
391.349
352.072
222.039
327.748
771.096
799.58
617.793
487.859
372.032
339.586
269.68
322.158
590.116
524.417
356.352
309.056
531.38
481.437
503.351
381.818
374.544
275.848
477.407
309.512
416.914
555.214
310.726
378.133
497.801
315.238
245.333
328.694
496.016
602.961
528.261
339.337
245.505
307.334
340.508
367.53
345.77
340.408
441.927
509.776
352.353
365.714
815.635
531.659
367.698
493.827
427.973
748.348
865.765
555.117
1134.65
527.662
285.973
292.818
438.264
753.743
1144.65
636.587
1059.13
537.466
220.723
225.83
294.717
797.281
1107.31
629.224
929.141
391.942
223.58
250.44
292.955
580.562
940.097
484.232
891.3
409.606
245.746
352.644
362.528
770.32
936.749
469.07
963.656
511.455
401.398
376.712
369.367
544.418
993.932
579.805
935.71
503.202
192.205
264.728
298.751
641.455
987.444
555.803
1072.02
661.337
326.392
204.634
327.061
986.91
1163.15
732.618
992.237
839.476
453.748
372.111
301.442
421.589
916.689
926.323
1255.37
898.466
405.218
259.371
281.285
377.858
1170.47
1012.01
1032.13
918.365
348.642
259.729
210.353
468.964
949.177
1015.19
602.093
397.743
247.353
241.178
231.88
328.35
571.55
451.81
762.273
579.041
286.67
319.975
257.032
325.54
718.193
651.302
1067.16
579.582
263.29
260.2
297.075
352.068
1025.04
698.593
1028.34
845.995
449.835
415.448
419.867
419.782
959.281
932.853
1062.52
814.093
421.19
521.874
349.799
517.204
1009.95
911.038
728.384
628.932
402.131
318.316
331.091
316.388
681.676
671.014
706.591
459.27
489.162
417.737
292.888
333.345
694.574
495.444
688.207
405.917
267.497
427.137
430.954
385.161
674.347
480.729
467.347
331.334
339.172
420.652
462.238
373.749
481.06
352.115
534.022
430.701
246.004
342.611
462.197
552.012
542.255
462.346
594.878
432.015
363.195
428.53
331.076
380.57
588.526
451.111
872.883
573.07
308.942
238.536
356.501
685.721
897.783
623.145
1033.58
465.159
327.672
475.409
352.129
700.534
1066.33
552.529
1352.13
542.734
299.008
216.331
265.257
607.451
1350.02
702.273
1316.7
505.177
224.043
256.274
284.183
668.096
1336.77
651.677
1164.12
444.4
185.366
79.5883
169.45
635.682
1188.59
566.648
1185.32
480.958
257.477
153.053
235.738
781.123
1244.77
562.854
986.474
768.139
307.705
171.525
191.417
392.903
924.414
856.314
1103.36
675.399
224.048
364.406
233.483
422.12
1056.43
794.958
1018.39
807.179
436.899
284.602
200.809
379.888
953.327
888.762
1131.62
717.245
296.17
240.717
214.772
353.74
1075.95
835.604
972.25
472.069
153.811
162.559
137.056
349.915
940.343
595.118
944.2
739.107
272.596
156.805
127.114
323.44
878.178
831.348
780.026
544.305
268.239
183.386
177.106
377.808
757.89
606.134
597.395
542.822
229.094
176.241
204.13
302.98
546.81
596.503
492.932
559.386
419.42
328.55
289.084
253.191
450.916
569.606
740.673
602.058
277.844
222.917
321.15
544.134
770.012
637.068
538.534
278.798
331.481
457.474
354.163
382.308
539.355
311.879
1178.54
452.076
184.787
350.905
273.959
604.618
1188.99
590.928
843.876
442.698
247.082
273.77
289.591
552.07
863.621
524.456
911.474
443.956
232.394
220.944
300.336
661.824
934.118
523.976
984.58
462.084
216.294
161.155
296.603
690.863
999.622
547.32
918.868
444.718
335.478
566.16
366.206
540.647
931.491
531.612
1039.26
462.919
289.924
370.684
244.295
650.768
1079.59
552.489
914.006
485.897
192.6
154.94
223.75
595.183
959.237
542.375
1176.7
512.425
410.869
320.563
237.945
566.148
1193.43
610.126
1011.24
410.553
205.688
258.624
249.865
702.406
1062.15
496.957
878.573
604.386
276.799
193.537
179.147
336.721
840.166
684.811
970.473
740.205
319.656
199.551
175.399
331.68
905.763
822.247
1078.43
838.506
381.299
243.363
360.889
540.859
1010.04
918.019
1019.74
635.221
285.064
336.29
221.469
344.762
970.326
737.305
723.585
513.597
294.398
244.304
165.345
319.962
684.869
586.406
958.025
565.225
214.83
255.797
203.5
337.686
916.823
667.233
809.842
534.14
266.942
223.447
278.148
411.116
782.604
612.909
1018.89
654.099
225.463
204.989
184.564
430.16
979.931
759.871
629.615
475.63
298.105
234.896
281.001
338.17
612.992
517.439
472.566
434.67
418.082
406.126
303.662
306.514
445.166
453.281
841.989
409.024
207.857
210.21
223.289
463.627
838.318
497.828
793.794
416.56
249.247
324.404
295.875
489.59
807.649
490.835
659.738
359.706
270.485
264.892
304.374
522.996
693.497
392.273
1028.77
444.362
205.587
228.348
272.649
438.364
1011.96
568.854
1122.79
633.228
286.889
306.004
293.902
590.263
1119.37
746.328
1345.67
595.498
219.098
183.898
273.798
602.096
1334.59
747.686
1260.47
513.145
201.431
232.811
214.825
617.518
1268.36
653.153
1689.17
684.532
192.806
172.138
178.238
653.947
1674.28
897.677
733.281
251.973
224.496
228.046
237.201
427.102
751.407
322.21
1400.51
645.026
289.8
298.722
381.694
563.289
1371.73
817.827
1182.54
825.414
292.896
123.697
218.415
413.455
1104.84
932.004
1129.49
751.483
245.776
156.268
199.463
412.283
1066.32
865.543
906.17
638.803
346.781
335.845
287.618
383.332
862.492
724.37
939.037
462.743
122.111
147.651
144.278
326.716
913.248
577.923
1088.89
717.751
313.663
166.976
132.047
376.542
1038.5
823.24
950.84
782.548
469.97
420.864
388.841
431.145
889.245
856.984
1017.96
630.488
359.673
290.052
304.495
477.597
995.528
728.4
852.823
583.582
260.07
276.89
229.222
341.141
802.681
660.595
1029.73
659.939
337.959
295.302
201.62
432.577
995.054
749.967
678.817
541.977
348.194
239.484
172.076
228.439
622.221
589.894
822.457
427.823
364.806
315.556
338.601
437.214
820.203
500.165
741.997
375.828
135.067
195.169
244.648
498.651
749.512
449.469
996.371
527.311
192.826
289.804
219.302
519.188
992.806
632.892
916.729
514.276
189.388
228.799
241.956
518.835
917.866
607.746
972.694
489.114
196.313
268.803
159.617
417.061
957.016
592.995
981.184
376.455
193.784
282.311
321.119
744.266
1033.27
474.621
1172.88
509.211
175.882
193.67
233.181
771.163
1222.82
612.872
888.987
388.184
254.727
256.372
368.821
758.38
948.626
447.183
1364.62
576.408
286.922
226.336
246.226
711.45
1388.08
708.344
1012.05
425.056
215.072
196.681
221.755
633.236
1043.99
524.976
864.057
778.739
394.382
358.038
314.675
467.987
801.468
851.504
997.398
757.401
221.169
162.379
151.329
404.595
932.337
863.032
1370.1
735.988
246.229
226.868
184.015
398.431
1314.21
896.114
924.466
638.67
215.813
211.463
179.223
374.013
873.51
741.389
1095.66
503.769
201.118
239.197
187.398
386.249
1062.75
641.024
1102.63
724.366
317.016
277.343
277.002
469.497
1063.25
835.636
998.473
667.567
279.571
238.136
247.89
430.633
964.241
762.463
1162.54
729.793
333.306
333.799
214.235
417.096
1114.72
852.6
715.577
481.735
347.039
513.156
404.471
375.45
700.075
540.661
991.141
489.493
239.779
215.589
188.426
349.349
965.108
604.967
1016.79
606.271
220.025
238.844
218.245
498.865
997.417
715.741
534.748
342.705
207.335
324.788
305.362
371.497
532.762
384.265
670.967
396.746
210.938
323.739
316.082
387.823
657.853
464.325
1141.27
668.915
197.693
208.967
160.567
523.8
1117.91
787.999
860.308
327.533
190.385
202.876
147.212
331.17
846.549
417.967
1241.75
529.001
316.04
279.992
389.447
767.804
1259.72
649.661
1484.82
620.683
231.529
212.946
230.377
586.028
1459.84
808.941
572.445
379.181
300.981
228.694
217.538
535.413
617.492
375.562
917.606
480.276
429.995
282.542
299.397
451.651
913.364
527.994
1477.16
571.955
216.054
259.569
178.7
649.919
1482.24
747.652
1069.06
696.821
281.042
219.198
190.783
421.117
1025.02
804.578
998.559
644.349
209.619
264.813
191.762
397.896
946.057
755.505
1079.46
580.435
174.866
163.003
133.165
308.566
1025.31
715.581
1112
638.899
174.478
125.124
108.858
447.189
1075.68
764.229
741.589
393.932
250.956
539.531
426.238
355.506
717.071
485.385
944.196
520.102
360.983
362.998
288.294
541.174
954.33
604.808
911.087
453.51
269.264
347.941
319.211
480.099
908.327
548.806
1034.23
536.309
181.192
222.32
204.35
425.477
1005.64
652.571
853.88
547.506
283.844
412.392
268.885
419.506
829.446
634.131
770.842
527.232
183.255
185.832
141.303
302.618
725.919
611.589
658.193
552.605
238.381
176.383
206.239
323.415
622.488
601.766
979.854
650.17
280.724
219.273
176.306
344.901
933.203
746.704
982.148
633.472
266.751
389.836
258.475
365.629
933.953
738.718
1148.22
703.442
200.972
200.786
149.91
492.19
1112.78
827.935
1130.24
467.735
131.859
149.773
183.21
545.867
1130.35
597.854
1048.36
518.33
265.253
221.332
281.462
633.152
1086.83
583.182
1037.52
501.915
243.868
301.846
343.721
548.544
1046.45
606.335
1224.04
496.448
228.583
118.262
185.647
675.014
1261.28
606.057
792.887
457.048
294.434
286.899
316.136
514.164
803.702
522.002
1166.92
520.519
195.567
193.433
262.169
612.788
1186.83
639.048
957.056
731.512
307.854
268.579
238.817
361.67
900.528
822.886
1011.26
584.592
235.913
256.175
152.28
307.32
953.905
705.767
868.312
533.767
135.59
96.2395
136.394
371.072
829.91
634.952
865.368
603.505
283.045
157.436
166.266
351.88
831.779
671.067
667.979
354.037
171.641
278.138
252.632
471.048
700.332
419.269
750.494
404.443
277.426
324.486
272.648
465.763
759.386
466.586
1114.41
505.911
173.027
277.27
315.886
665.037
1127.28
632.23
901.907
398.266
133.914
124.173
148.879
376.107
891.096
504.066
951.648
467.293
221.871
164.186
262.345
637.564
962.33
554.729
552.721
689.664
503.549
351.64
333.15
298.545
491.641
699.083
838.475
602.928
297.916
305.226
201.253
333.895
799.858
675.242
966.945
640.201
344.352
257.499
142.643
434.912
940.683
732.868
921.291
623.869
390.622
542.125
370.928
441.235
886.463
716.669
1052.04
585.058
201.659
170.888
225.753
504.03
1034.19
695.116
1062.56
663.38
255.252
246.734
197.655
378.349
1013.3
776.143
1487.95
657.155
233.931
248.968
235.259
603.732
1466.37
837.896
1527.74
630.586
162.335
138.717
185.711
643.541
1511.72
823.631
1016.06
502.399
229.913
224.53
250.664
547.369
1022.21
598.03
1403.91
569.83
271.399
326.847
231.378
592.616
1403.2
735.008
1217.27
493.515
182.625
150.832
215.415
609.025
1236.44
616.601
1173.73
596.459
217.111
183.307
142.807
389.312
1133.03
740.4
940.283
611.111
252.445
378.557
254.378
308.976
882.172
706.543
997.11
553.472
188.393
160.782
161.59
348
962.112
664.569
920.887
662.288
318.122
254.89
204.649
395.42
874.75
755.117
1199.68
536.097
263.897
140.235
117.742
498.655
1195.94
668.117
1019.96
433.262
142.94
291.084
186.132
409.323
1008.82
560.705
1015.8
604.639
358.173
410.203
390.803
514.385
996.345
709.275
1168.85
603.43
219.107
163.475
217.041
634.18
1168.37
728.828
774.821
387.528
227.618
318.139
320.156
529.878
783.362
465.214
549.827
384.558
289.987
311.057
240.123
358.351
546.675
421.603
714.721
663.561
371.866
278.021
231.836
350.895
669.462
709.216
455.032
426.824
320.895
260.584
250.487
261.119
420.019
455.267
1005.64
744.379
469.572
316.072
184.667
405.687
951.4
827.742
1272.88
608.979
182.923
134.86
158.606
534.4
1254.3
750.34
1100.71
694.369
227.88
199.053
180.333
447.88
1057.26
810.898
1284.37
597.452
173.153
237.007
200.643
472.283
1251.86
756.273
1537.23
730.143
162.129
203.505
143.118
496.77
1490.01
924.785
1530.9
704.534
369.451
355.251
221.108
640.337
1508.75
885.482
942.856
334.755
154.504
219.856
170.868
436.626
951.119
431.925
1265.42
493.784
162.045
186.575
198.563
528.757
1264.26
650.18
726.903
408.929
154.74
124.351
123.857
324.243
707.732
474.983
939.564
380.941
110.781
154.972
170.107
375.296
930.75
496.598
1032.09
524.601
214.483
155.076
160.486
337.132
997.939
644.373
1208.96
667.091
280.989
206.335
279.7
628.497
1198.57
795.915
1203.28
505.024
120.653
90.0898
110.666
432.936
1187.07
654.369
946.148
438.305
128.628
118.524
232.102
558.067
962.229
534.38
774.111
350.752
269.298
267.636
308.282
510.057
780.35
429.022
704.541
360.907
191.768
141.193
232.226
510.868
721.09
422.623
703.513
333.671
278.391
258.918
398.483
573.215
725.712
391.091
297.465
260.491
353.27
514.157
445.345
364.288
304.285
260.656
462.924
360.746
340.521
461.71
269.143
284.766
460.567
395.368
517.021
443.044
414.112
569.768
387.993
274.47
489.716
473.547
511.564
495.771
297.05
295.174
256.045
252.27
474.878
522.185
1274.71
577.778
187.623
223.173
275.623
507.598
1256.97
734.814
1353.33
779.804
278.673
315.982
322.48
592.22
1311.05
920.908
1462.92
621.799
156.001
174.772
205.844
548.656
1440.32
807.377
1384.62
527.915
210.661
312.767
236.233
621.54
1389.11
697.418
1524.67
623.374
157.216
240.95
187.81
625.263
1510.49
817.653
1636.47
667.45
139.056
221.068
211.425
640.291
1621.66
869.843
981.284
420.413
166.832
113.16
192.018
528.014
1001.78
503.614
1166.57
514.786
104.727
85.1005
110.148
416.36
1144.88
659.944
718.879
514.643
170.657
177.955
153.465
314.086
675.655
588.723
884.541
476.827
232.275
338.715
334.401
372.822
857.627
569.941
753.829
435.26
287.317
355.506
283.929
405.268
740.201
503.586
824.532
353.954
119.35
129.969
130.042
348.691
809.165
451.139
1102.72
526.95
256.217
299.161
231.489
637.16
1120.29
641.43
1152.05
617.709
230.631
254.405
193.054
584.155
1148.34
738.037
972.661
483.977
306.049
283.169
348.228
727.575
1017.34
551.138
497.777
324.652
225.833
357.551
504.555
495.155
519.423
373.807
448.626
448.891
377.477
771.006
483.906
468.852
441.052
467.911
493.534
475.502
337.485
474.227
293.702
240.327
456.915
512.742
731.39
543.477
280.077
351.862
228.56
355.46
705.779
603.262
741.84
551.148
294.372
235.391
130.93
322.645
706.202
615.089
792.849
483.024
246.767
317.743
297.045
423.827
763.214
560.751
1235.18
765.509
280.04
341.179
266.356
573.587
1203.06
894.69
1254.86
702.97
211.26
201.128
170.289
484.042
1220.22
840.539
1432.57
630.406
175.763
207.685
183.084
551.664
1410.85
809.258
1038.42
563.55
277.284
273.186
222.299
474.125
1022.57
672.379
1318.87
590.467
185.53
169.021
149.057
506.899
1296.2
750.894
1470.44
629.496
233.053
187.609
181.885
575.984
1456.16
799.877
