720.106
982.135
740.814
315.703
499.966
531.888
634.751
965.184
615.687
872.504
673.81
440.742
370.313
522.366
602.778
852.873
712.574
1012.87
919.226
605.703
433.965
493.425
656.476
989.964
398.057
732.269
917.087
669.909
619.885
371.39
380.528
675.035
341.062
512.339
823.765
825.354
428.085
272.711
341.186
454.769
564.721
610.259
966.311
762.561
613.067
484.663
565.025
560.75
284.079
528.66
1020.33
920.635
563.11
279.182
262.315
457.499
196.48
527.032
919.155
912.414
428.954
288.871
185.88
450.458
396.812
299.835
710.387
1032.48
564.938
316.151
396.102
297.638
178.925
189.077
575.304
1028.04
559.678
196.744
192.624
170.734
403.432
206.931
496.817
1140.79
574.841
237.883
396.828
243.278
297.495
275.093
353.246
795.384
670.93
394.041
306.359
275.338
380.359
211.704
384.751
759.145
715.957
439.734
401.373
228.447
369.547
288.8
348.769
446.843
743.208
577.316
382.387
296.65
291.919
315.313
578.791
824.182
1142.88
701.357
320.72
300.887
549.48
446.773
388.757
494.654
927.695
1002.67
617.619
459.151
539.492
480.279
368.717
369.46
668.046
979.675
600.252
496.575
693.114
486.016
325.767
259.507
641.243
1064.81
788.292
495.688
897.294
468.17
408.93
412.41
646.859
1040.61
992.828
516.83
841.019
461.388
327.236
267.835
601.921
1066.48
931.364
488.133
840.494
954.582
589.575
422.486
410.033
404.613
759.585
970.994
559.779
903.801
824.381
413.975
402.44
457.605
500.587
866.503
772.456
1153.56
913.715
316.819
504.054
602.671
682.639
1118.42
505.783
777.913
789.68
517.554
415.262
433.289
475.555
741.576
453.167
790.133
828.681
496.788
363.803
448.029
423.508
735.001
302.305
620.813
807.128
635.278
494.252
456.538
272.027
555.251
416.835
494.045
851.364
692.247
537.22
311.858
407.961
445.667
469.329
518.759
746.922
702.334
362.355
522.609
494.667
486.13
234.103
322.973
847.058
1102.15
585.116
374.968
243.673
266.734
301.263
271.099
647.886
1043.64
590.98
253.489
305.513
251.416
334.111
206.628
621.291
1090.17
656.102
275.433
339.431
218.463
206.17
183.226
382.029
843.889
771.642
386.556
216.966
172.692
338.083
348.162
482.406
688.386
708.965
348.727
334.476
353.077
281.737
494.711
713.512
786.341
975.942
688.075
276.121
442.596
440.942
565.404
586.446
447.737
950.086
1025.85
475.823
507.715
437.614
430.058
496.979
446.088
922.587
1033.32
512.323
364.718
610.812
495.332
367.942
449.872
693.088
1063.34
692.785
509.982
635.532
477.525
371.351
355.457
605.029
939.278
694.042
514.927
764.968
446.019
435.918
366.173
543.078
971.451
845.139
433.724
883.509
528.737
346.549
350.424
493.976
969.052
967.06
574.248
840.056
999.046
637.143
289.386
286.129
433.102
754.838
1037.55
656.567
1050.54
718.224
325.195
259.987
477.677
577.759
1026.44
719.412
1011.88
816.377
292.035
455.768
477.224
627.562
991.942
461.584
761.23
832.518
482.135
416.901
488.697
424.445
689.188
426.09
769.413
921.028
679.997
385.003
453.371
381.751
701.82
392.269
730.885
871.831
549.591
452.562
335.841
361.452
672.576
329.78
537.98
941.102
862.662
620.159
343.297
302.821
487.438
363.094
476.265
740.555
759.367
378.567
285.446
359.247
449.574
319.481
427.224
714.345
839.261
409.81
287.593
297.707
394.727
154.456
177.443
499.08
1066.34
537.892
272.204
160.41
164.192
252.898
270.372
429.945
1127.51
646.618
280.865
247.781
281.471
157.75
191.905
507.111
1229.28
1014.6
370.784
164.146
163.489
313.562
323.195
424.408
919.798
962.833
560.117
306.064
334.595
454.834
443.19
378.904
569.37
800.712
727.437
483.173
441.38
601.429
545.885
278.187
363.769
730.973
1052.06
671.022
566.519
583.789
574.437
491.107
363.548
906.72
1151.91
641.818
574.644
577.665
463.484
279.408
354.696
728.372
1089.53
665.812
475.557
673.648
568.886
522.975
356.595
735.322
1144.4
772.086
534.299
878.758
463.218
435.089
272.748
408.584
916.057
950.76
483.492
754.599
534.834
281.276
291.402
399.728
930.713
832.904
570.677
687.921
892.821
547.241
300.745
320.839
465.708
619.239
904.343
775.276
1018.62
617.378
345.403
382.219
549.072
695.301
1023.4
737.317
978.747
657.252
332.809
283.186
437.584
670.597
981.785
616.318
767.141
748.043
498.959
367.538
331.417
553.473
757.324
381.207
630.598
767.96
734.112
368.888
386.668
369.404
586.239
481.074
713.982
813.842
753.311
398.674
351.759
438.077
690.233
482.058
708.814
799.545
592.388
482.766
304.22
433.125
683.105
251.25
557.654
682.104
570.497
417.278
465.286
256.359
485.351
410.42
429.355
740.326
820.107
517.39
385.439
430.687
412.477
179.781
234.354
580.073
927.664
511.765
205.151
184.672
205.581
215.807
200.674
542.919
1021.55
671.823
285.574
223.318
200.101
284.644
250.669
348.609
878.126
552.132
264.582
272.411
264.524
230.638
242.882
426.31
876.033
851.921
395.249
238.383
240.214
527.748
494.374
327.96
538.684
609.471
651.855
569.343
500.812
563.511
412.405
348.991
457.805
668.914
759.609
613.918
437.881
596.047
558.383
430.461
369.472
813.681
1099.87
669.637
566.068
675.065
507.647
378.838
368.726
549.89
1018.2
764.108
502.397
608.115
592.775
521.272
289.35
774.557
1100.42
687.069
568.778
485.287
404.684
316.608
524.035
500.696
571.768
503.568
416.403
868.277
408.322
298.618
363.801
537.708
924.01
956.356
468.454
941.062
1059.84
611.063
324.118
376.841
463.444
846.615
1104.79
876.782
905.931
561.971
238.592
372.342
459.276
806.333
940.295
630.896
966.173
743.597
398.064
352.301
431.615
557.253
945.323
603.379
902.433
779.336
504.762
510.113
530.474
568.018
879.233
561.922
736.032
668.207
563.48
560.682
363.695
507.38
727.421
571.357
852.815
680.613
423.142
272.609
469.231
538.634
828.496
559.553
876.806
838.628
509.996
476.182
472.572
559.318
831.236
363.157
663.376
899.96
712.882
568.482
420.145
355.558
592.885
366.581
359.54
676.476
859.801
454.865
247.95
345.373
365.226
155.975
242.945
615.369
890.875
444.773
175.829
158.387
206.571
149.978
131.95
425.867
948.682
686.232
208.671
143.201
131.76
304.578
439.854
438.867
527.586
472.921
341.421
282.198
429.984
291.386
316.17
479.597
700.832
1003.83
633.095
292.816
304.081
545.067
438.229
467.506
423.896
803.796
833.426
591.964
438.444
657.058
491.662
432.922
462.855
807.463
919.786
699.552
513.557
591.893
430.836
451.837
491.522
653.304
859.371
650.736
442.837
670.925
399.193
332.014
318.551
532.1
963.193
756.672
387.79
792.792
594.577
330.762
275.328
506.351
1098.68
887.924
606.204
542.036
437.749
438.224
262.005
600.694
793.289
575.998
426.146
980.819
477.865
312.511
322.313
423.292
945.07
1045.56
524.195
977.053
1059.29
529.647
246.613
263.763
456.573
879.332
1100.6
790.732
998.835
537.373
250.765
261.862
414.284
698.501
1016.86
632.836
769.565
555.956
310.016
316.72
318.448
565.635
776.946
580.828
946.177
646.6
362.453
293.952
410.907
516.269
924.028
907.987
882.151
511.809
508.169
354.414
397.616
838.29
924.423
659.053
796.399
453.635
501.806
343.427
350.827
587.979
820.857
409.091
629.163
593.832
490.687
398.998
260.982
364.097
612.219
401.061
576.125
576.885
379.496
306.741
283.038
376.692
531.986
457.754
357.529
335.899
240.38
270.765
400.24
478.283
354.536
99.6058
264.492
706.101
972.532
481.138
229.124
98.3834
211.049
234.586
260.578
398.811
700.634
410.082
342.544
237.719
251.082
260.526
319.219
294.825
676.19
712.702
540.884
282.345
306.263
314.733
282.38
276.136
475.796
708.853
646.638
349.822
266.906
485.338
298.419
389.534
443.185
737.069
751.365
542.324
313.076
540.867
514.813
531.032
478.193
632.966
844.357
582.186
527.182
847.939
429.032
267.503
271.239
457.186
899.714
924.097
478.255
812.881
663.925
366.859
494.702
588.669
985.674
859.839
727.774
700.82
486.353
342.001
288.953
506.227
1036.05
789.287
458.781
639.614
427.112
266.797
225.747
233.43
432.261
634.332
474.813
1091.23
527.315
265.994
288.441
433.508
950.511
1157.98
603.583
878.217
913.316
477.995
201.039
263.211
402.793
791.885
973.852
1007.54
893.906
416.972
241.387
191.272
412.054
926.669
954.855
950.234
955.75
595.162
431.765
270.746
353.884
862.819
1013.37
756.573
726.399
536.894
372.678
336.149
302.991
695.858
762.726
514.027
641.027
392.052
233.587
190.297
395.567
475.794
654.435
714.404
549.417
320.374
248.101
200.729
279.76
680.35
602.47
321.036
574.606
682.85
491.382
309.18
268.839
302.938
519.017
420.454
355.18
549.664
631.673
384.799
328.012
434.134
338.629
384.237
486.066
534.811
426.344
332.579
296.991
355.684
471.979
442.548
458.828
423.834
497.064
515.091
504.943
450.019
470.583
318.009
346.518
565.82
760.632
471.051
264.168
310.307
326.73
464.958
257.51
230.682
270.155
381.537
366.423
475.595
285.646
467.158
396.86
326.84
428.408
707.602
662.106
468.733
427.28
641.167
286.168
224.517
269.069
497.759
760.973
709.116
333.466
735.004
386.55
279.384
312.668
592.037
845.968
798.031
443.96
811.299
532.044
265.138
271.733
466.758
943.426
890.526
560.48
862.771
507.874
338.001
272.102
541.476
933.785
925.6
530.423
983.28
537.194
399.553
443.726
424.159
912.418
1063.47
602.862
463.242
245.684
294.146
321.634
226.916
507.083
521.525
253.698
958.136
527.815
283.953
376.762
340.115
852.24
1042.38
590.665
1033.42
1064.45
449.308
250.704
216.702
491.997
932.831
1151.04
810.697
877.611
367.281
132.642
193.803
429.391
725.693
921.925
861.05
953.053
481.867
367.091
409.707
600.375
784.299
988.523
913.32
819.572
430.853
234.664
329.5
440.234
852.44
882.853
468.181
525.13
318.148
215.422
169.86
220.113
424.102
543.885
714.918
652.046
347.11
255.777
221.212
396.701
672.961
691.737
629.91
700.597
587.635
449
411.412
347.935
577.555
713.393
640.938
817.944
628.901
380.305
364.706
450.154
629.222
816.037
454.398
492.263
349.491
377.965
317.748
286.982
423.989
501.164
361.175
271.678
461.126
517.59
478.976
352.867
371.018
271.071
359.747
250.058
351.02
456.807
512.739
337.413
345.858
269.726
451.623
438.122
381.601
600.598
674.213
533.889
466.593
429.178
260.833
245.25
291.45
495.199
413.729
347.307
285.797
236.127
574.098
487.986
316.29
397.964
447.833
643.738
612.23
512.872
643.715
296.481
270.832
432.981
467.91
596.087
666.289
352.763
826.156
563.98
375.883
478.066
504.967
948.331
895.376
596.243
617.365
382.562
389.979
328.819
525.793
795.877
680.06
400.723
1283.33
559.774
247.647
304.67
362.237
788.513
1330.03
663.564
717.09
466.109
346.562
252.859
305.314
775.497
791.04
499.853
658.328
375.372
233.914
214.219
313.056
634.39
721.901
383.36
688.451
799.605
496.275
318.373
289.299
347.483
612.945
830.009
1040.62
865.87
329.723
238.998
242.967
461.838
968.859
958.271
1020.3
967.884
440.233
150.992
237.648
469.353
941.541
1023.24
941.931
755.132
368.127
286.801
337.822
374.92
879.701
840.137
663.483
502.095
332.915
268.274
226.517
322.216
632.204
560.234
895.373
838.601
374.065
182.488
234.301
486.27
825.709
902.082
786.556
720.347
405.862
430.059
304.336
369.491
722.094
778.809
686.113
575.346
401.324
408.815
362.642
419.836
662.461
604.245
487.021
691.52
523.656
433.323
385.654
435.777
454.93
677.477
343.833
455.746
444.411
770.56
469.244
346.62
331.227
450.982
341.841
234.393
421.183
857.146
417.936
288.523
354.055
239.54
269.936
198.523
392.58
511.984
593.726
427.008
296.622
198.559
695.314
548.787
267.438
324.192
448.358
882.506
766.785
559.793
542.256
333.948
342.748
328.327
533.581
662.018
581.867
359.998
1103.19
423.23
188.067
218.305
377.771
732.584
1126.32
545.101
811.431
427.499
195.38
231.326
248.902
668.537
870.491
478.072
1074.31
551.906
237.754
199.689
278.831
736.015
1109.6
650.448
1118.95
536.946
369.732
225.045
346.15
852.965
1172.99
577.404
886.241
448.556
262.585
179.998
248.317
722.644
955.575
496.351
836.406
488.44
168.997
289.064
216.267
725.092
910.034
543.087
861.905
780.333
371.474
224.655
214.188
369.08
790.224
852.592
958.785
995.071
455.204
190.02
261.039
475.697
871.175
1052.77
956.472
874.77
428.729
297.725
229.391
388.917
878.081
934.472
685.105
781.248
410.553
412.266
370.607
416.046
619.906
814.594
846.719
538.411
339.49
200.107
253.419
390.213
811.832
609.572
904.036
733.789
359.216
356.413
319.937
410.5
843.137
812.169
677.032
748.234
520.456
417.145
362.093
387.925
621.79
762.274
891.937
809.82
487.867
424.008
342.688
340.847
827.487
863.331
467.074
563.156
351.242
375.878
316.503
516.276
482.862
568.357
423.809
473.373
479.522
444.312
308.618
335.84
420.631
466.726
315.551
293.243
274.046
437.184
333.319
196.551
289.611
314.808
637.76
401.067
296.882
508.38
456.606
704.345
693.013
437.875
572.461
369.324
433.863
606.225
538.744
568.674
597.846
393.883
916.57
389.8
174.065
248.584
396.124
626.589
935.355
492.241
644.063
587.759
435.081
447.856
541.047
675.282
684.286
597.575
921.346
507.597
233.203
256.77
423.435
915.139
997.22
571.54
685.037
405.86
202.922
240.488
399.747
742.993
742.108
443.688
1456.19
654.967
260.656
323.758
278.613
688.692
1434.57
811.107
862.313
405.399
219.878
227.451
222.736
607.469
896.343
470.909
1213.78
522.458
253.989
301.178
308.622
864.321
1278.93
607.872
786.749
735.527
364.538
309.96
195.899
340.248
711.834
808.026
1055.7
852.628
422.646
408.287
281.987
473.169
985.637
932.427
1002.51
728.784
349.171
201.805
199.743
378.854
950.009
812.689
738.524
666.173
375.489
446.029
283.341
346.115
685.34
726.212
687.143
529.558
155.58
79.04
100.362
278.448
640.274
600.906
829.856
596.703
325.864
194.256
215.876
403.568
789.377
672.301
811.677
617.099
309.077
304.179
266.79
386.26
776.902
680.862
773.385
617.844
336.574
265.516
228.365
346.241
727.762
672.792
563.916
549.119
308.276
257.013
232.273
235.804
522.216
583.823
444.197
362.237
320.029
473.731
260.837
238.236
425.918
383.386
539.471
441.227
318.535
430.915
357.476
370.022
530.512
466.808
538.167
408.881
327.669
265.196
303.372
620.42
567.849
431.465
676.415
393.036
339.726
443.526
559.979
687.502
721.112
430.607
973.796
372.244
319.738
313.025
269.54
535.607
1004.03
467.778
923.992
403.083
367.413
318.916
326.178
557.077
938.204
484.964
1170.52
603.814
306.953
287.098
253.764
733.352
1203.07
690.989
1016.14
504.279
188.623
222.075
279.291
751.672
1078.63
583.054
953.775
427.553
271.081
524.511
452.408
690.24
1002.62
495.355
978.556
424.744
188.457
202.436
228.936
614.896
1020.86
492.524
906.916
392.102
230.675
237.146
201.022
663.089
963.331
450.876
929.914
752.576
365.449
186.259
170.702
340.59
869.197
834.527
1016.72
800.071
316.982
229.207
160.059
415.98
951.386
893.243
996.116
644.095
236.066
276.575
222.58
424.564
953.934
754.877
999.589
726.417
246.429
223.144
197.676
439.515
930.536
828.881
910.287
641.558
303.467
337.82
252.248
378.779
861.829
713.466
668.513
419.49
292.942
226.969
175.495
339.537
662.457
471.707
715.057
465.539
245.098
239.378
251.685
365.046
689.778
529.952
810.129
680.741
339.491
253.552
192.032
320.027
748.306
749.924
829.478
681.274
314.884
341.123
309.294
402.872
771.289
757.837
604.746
604.028
327.403
437.772
366.087
427.344
568.371
626.141
297.268
250.345
261.565
344.935
336.163
308.353
311.543
250.856
866.591
516.921
234.31
353.788
313.657
447.068
854
603.987
746.493
323.842
262.378
266.984
318.462
513.498
764.43
404.733
835.223
440.401
245.142
251.948
291.846
644.343
863.587
505.694
1063.03
514.716
169.618
92.323
214.98
734.005
1112.38
602.971
1148.18
483.035
323.107
361.151
301.593
657.432
1164.43
605.28
1039.22
490.826
300.922
356.091
345.658
690.194
1057.77
574.57
1279.58
551.608
261.007
303.662
291.646
594.616
1276.5
691.662
1072.98
430.659
172.102
155.053
175.409
507.515
1087.28
539.793
1160.9
564.586
285.84
196.753
277.149
771.962
1205.44
652.086
625.736
614.581
368.913
262.754
166.467
376.981
603.141
647.88
1084.09
770.191
274.204
226.063
168.607
361.691
1016.45
882.561
1205.71
704.616
257.229
259.444
230.952
373.358
1145.41
831.062
952.498
610.69
250.971
262.98
256.028
444.917
918.013
709.257
783.066
576.539
299.066
282.385
221.703
346.226
744.044
646.809
949.243
517.977
268.59
311.023
281.817
299.663
907.29
623.975
998.35
730.973
323.895
307.561
213.533
421.614
945.148
822.453
887.521
529.956
202.383
138.922
149.097
351.223
858.548
621.824
573.108
529.511
291.51
186.497
191.348
357.797
542.107
560.818
712.158
479.72
359.563
385.258
263.317
310.637
689.261
531.034
612.165
283.994
420.025
442.78
391.021
434.478
620.777
326.959
925.481
492.731
169.406
242.574
197.134
474.552
922.513
590.516
887.82
536.349
205.711
208.791
178.611
458.861
876.286
624.687
744.666
412.714
268.527
354.405
298.419
518.396
751.155
482.432
892.328
418.42
250.979
291.033
374.401
640.909
922.468
510.534
1190
538.103
188.398
239.961
242.881
527.995
1179.61
674.072
1125.39
505.468
174.118
186.067
273.029
735.979
1162.75
619.543
1102.62
475.805
163.153
182.739
230.257
539.586
1103.65
604.016
1048.8
535.608
191.636
146.841
211.341
743.931
1108.23
602.645
1212.77
502.416
319.833
270.481
255.736
627.011
1228.75
620.123
970.534
620.072
193.507
214.021
209.085
290.996
898.731
732.896
1152.29
648.002
175.104
153.017
131.878
412.017
1111.17
775.308
990.404
752.668
238.613
165.028
167.868
409.022
931.035
854.684
708.271
530.336
256.875
215.09
219.999
412.325
679.182
582.307
1066.75
605.322
157.682
139.45
180.175
418.969
1026.7
727.206
1094.94
711.891
364.044
425.877
228.486
482.743
1059.52
823.016
851.184
527.608
377.893
398.958
263.412
432.501
833.335
603.433
872.371
413.327
272.426
274.208
249.299
315.032
851.365
513.826
1111.72
670.816
281.971
242.569
240.855
526.087
1083.08
788.24
718.975
516.852
295.695
277.184
256.408
402.283
691.301
574.009
864.617
454.065
252.075
266.017
192.6
474.63
872.685
531.104
816.054
386.893
249.689
415.715
392.218
373.046
800.043
474.105
897.177
421.721
178.303
203.9
276.712
479.698
890.575
524.24
757.151
416.535
285.073
482.486
370.45
445.848
768.375
479.713
1250.12
537.181
181.52
331.13
226.463
453.194
1227.84
694.813
792.356
518.297
340.247
340.738
327.98
599.884
811.342
550.044
1163.96
485.382
207.95
210.102
252.25
621.067
1166.02
620.399
1025.79
557.759
208.858
232.785
268.473
678.105
1045.13
641.448
1044.74
570.793
273.525
268.228
201.143
689.794
1095.51
639.848
977.358
416.066
152.904
140.961
181.759
580.289
1019.16
500.699
960.864
434.132
207.603
237.824
162.391
233.964
910.978
550.077
976.75
685.411
325.805
267.557
279.76
473.009
933.755
775.151
910.807
476.136
257.852
312.358
271.172
369.06
885.586
570.295
944.338
586.344
268.565
299.139
283.18
459.061
929.638
676.243
799.707
357.17
163.743
191.548
172.95
365.08
801.393
436.984
863.584
533.116
314.61
367.018
285.877
425.304
840.769
620.685
882.852
551.698
229.539
201.533
221.31
368.043
854.119
638.179
847.155
535.214
272.098
346.294
328.444
366.296
816.481
615.94
903.644
542.141
399.584
549.809
449.155
498.636
893.416
620.141
1219.37
684.501
517.486
640.423
495.166
452.864
1172.57
804.7
887.202
560.496
215.728
307.97
214.939
378.15
850.874
654.842
1122.53
491.016
248.297
240.498
178.804
431.731
1107.56
620.859
782.978
474.357
336.259
494.68
381.68
389.934
764.751
554.576
1053.52
569.93
312.692
333.413
267.114
543.847
1047.7
680.607
1438.51
689.068
192.237
217.166
178.238
455.683
1389.5
869.824
1200.87
483.407
218.407
164.151
210.524
583.769
1210.24
621.376
1045.92
446.685
225.709
329.58
329.56
584.204
1066.29
550.739
901.523
314.274
238.515
342.195
276.679
489.064
928.588
399.374
817.921
671.086
238.675
360.465
287.016
640.903
832.3
745.884
1411.68
596.719
280.958
219.738
255.606
604.889
1410.27
757.751
1124.3
545.537
131.348
156.019
168.645
378.633
1085.97
689.934
970.94
658.651
277.243
241.187
226.982
401.631
932.656
751.371
549.824
474.275
267.706
254.755
182.064
306.166
515.164
504.541
757.226
537.815
201.839
145.115
122.668
301.518
719.288
610.885
843.233
396.812
211.329
299.078
333.64
414.301
832.53
480.701
987.805
403.846
220.415
320.06
256.504
469.498
993.529
512.183
990.62
550.28
346.313
484.668
336.296
526.379
974.827
642.745
812.051
361.682
207.076
368.363
352.279
469.592
815.661
440.568
835.078
436.125
312.594
320.501
339.935
519.081
850.097
514.654
920.402
454.548
232.919
272.947
264.332
482.535
908.048
548.893
786.576
663.806
301.119
191.993
128.453
278.951
727.604
728.828
848.362
523.068
249.251
164.074
145.253
375.24
827.169
604.802
983.578
645.36
237.528
275.419
229.222
441.326
948.022
748.662
992.868
674.27
309.145
382.045
352.501
456.073
951.665
777.527
884.652
450.162
185.523
238.267
186.685
353.431
864.753
539.316
1074.46
485.294
271.158
230.632
197.394
490.924
1071.24
591.289
1543.15
622.486
186.483
168.624
247.502
749.612
1546.97
803.349
1416.73
559.877
123.354
146.099
205.327
614.825
1409.07
737.643
973.214
435.339
186.396
313.402
296.113
648.693
1027.6
510.386
1395.46
532.463
141.341
141.807
156.503
584.83
1398.95
703.174
1060.6
683.944
225.838
139.966
139.44
452.097
1024.36
793.213
867.524
510.941
196.388
155.307
149.75
317.596
840.335
599.138
830.651
531.187
218.024
342.516
216.852
359.425
806.63
615.908
934.821
552.078
217.38
228.087
146.593
295.289
892.801
647.586
1195.31
591.573
203.692
194.911
128.877
409.833
1150.69
743.24
941.479
442.885
217.867
228.041
262.23
548.734
936.849
538.685
1017.87
470.724
232.079
205.987
238.269
609.76
1034.58
575.97
1063.2
487.642
193.521
361.18
368.162
643.038
1083.14
602.488
815.057
404.193
198.081
318.193
280.123
428.051
805.527
500.33
495.249
439.429
340.253
407.204
276.495
461.92
505.26
456.876
617.293
542.826
324.046
263.196
245.723
362.249
590.844
575.65
696.746
510.069
257.472
190.788
208.354
399.252
673.858
549.358
949.355
567.968
292.056
200.024
189.941
443.296
934.961
658.635
999.368
576.752
180.07
143.999
199.942
482.333
980.854
682.818
863.284
501.301
261.578
263.559
193.232
316.798
837.79
588.168
1041.99
626.519
224.151
196.232
169.055
415.131
1000.09
741.228
996.365
542.827
215.011
359.519
269.013
503.781
991.244
647.571
1233.04
536.831
243.151
259.51
230.814
626.955
1242.97
652.52
1632.37
643.005
295.683
211.222
223.257
801.682
1660.66
812.88
1002.88
392.305
112.429
156.492
217.974
633.738
1037.57
498.222
1026.16
809.766
261.532
172.335
135.003
400.819
950.441
914.772
796.261
411.939
204.089
277.332
217.138
445.998
797.065
489.39
786.229
506.277
221.099
208.836
200.92
344.19
759.022
581.978
861.932
457.212
329.305
341.979
211.536
308.781
831.896
554.113
944.152
527.795
263.508
331.285
263.705
393.05
918.101
630.796
919.85
540.167
247.018
259.757
264.069
443.61
903.64
638.239
698.626
369.017
213.568
289.029
294.142
487.219
708.755
430.117
890.827
426.236
176.448
306.458
373.282
501.855
895.38
520.913
879.186
397.095
218.54
342.354
352.749
728.509
932.257
473.071
636.32
415.147
353.983
327.432
401.162
540.59
654.631
448.987
556.416
504.624
418.653
426.594
327.234
370.952
537.124
520.007
565.667
544.378
409.07
407.685
266.557
187.365
517.205
571.111
475.011
307.637
338.734
418.894
288.747
309.962
467.702
346.799
476.632
352.776
276.272
289.387
200.027
267.492
461.15
395.053
1012.48
463.906
330.552
354.814
327.615
413.384
1000.35
578.489
1165.31
620.744
173.386
140.038
141.86
455.32
1128.47
748.587
889.794
492.712
249.723
295.715
309.325
477.609
882.518
584.004
1066.99
579.17
163.064
163.198
164.119
560.505
1066.51
689.324
1003.38
431.79
201.886
191.384
263.865
668.219
1039.9
519.661
1142.58
459.444
221.272
202.242
271.269
658.62
1175.14
566.265
1115.86
572.015
164.441
183.635
162.082
331.429
1064.43
717.174
975.912
509.21
135.579
103.141
181.929
466.829
965.233
615.145
779.909
443.139
189.961
156.079
188.132
276.918
746.479
526.056
1105.05
576.344
174.704
102.809
173.332
511.06
1083.44
699.482
975.618
492.026
192.624
223.683
199.079
466.473
965.618
597.172
921.461
399.6
162.677
177.473
220.596
536.302
937.758
499.961
976.873
563.754
279.757
215.633
229.534
557.566
965.676
655.456
784.845
430.992
221.078
258.685
362.299
660.621
821.856
475.582
590.07
307.414
312.66
342.01
333.488
450.213
603.995
348.424
310.265
300.888
301.86
548.458
617.851
440.438
321.586
306.582
228.837
307.517
463.552
667.554
453.547
322.468
225.655
278.991
438.474
392.533
339.54
288.452
298.806
361.935
425.79
413.175
965.434
610.196
256.997
303.948
329.071
426.243
931.529
706.31
740.028
509.855
191.221
216.004
184.622
365.025
709.676
583.646
1332.92
713.823
251.295
312.377
238.191
465.443
1280.61
869.267
1310.03
762.791
211.258
178.802
162.382
551.55
1272.64
905.13
1019.9
568.605
208.562
337.656
251.395
484.543
1005.42
676.989
1272.48
633.465
143.992
129.219
186.054
551.333
1259.18
776.981
1475.57
623.769
186.957
209.515
224.172
605.417
1467.78
804.165
1004.33
397.215
153.815
140.165
188.908
579.093
1036.52
493.145
960.177
426.348
134.973
176.862
170.081
339.505
938.117
546.394
1371.33
648.297
193.028
220.844
245.562
475.238
1335.09
817.756
1000.1
463.296
187.827
342.272
318.372
393.99
973.37
587.175
765.354
461.664
207.616
238.925
245.302
383.356
747.16
531.282
785.818
425.582
174.869
246.579
218.809
414.126
781.438
500.873
891.695
356.684
210.195
243.91
277.577
481.364
896.46
456.866
921.115
533.124
213.513
263.043
297.813
537.076
917.589
622.356
1012.63
541.192
215.438
253.406
265.673
522.903
1004.72
649.984
500.889
359.255
196.931
205.646
260.595
473.676
515.52
383.941
558.582
338.367
411.13
723.644
473.561
245.169
531.145
393.333
414.692
335.447
259.573
532.414
493.124
423.51
412.766
360.13
374.689
441.741
298.738
263.731
233.274
268.96
344.81
449.98
870.617
886.802
506.519
338.54
326.156
346.145
793.016
934.853
1115.2
784.274
386.642
246.373
186.084
388.144
1059.47
877.854
1016.46
632.99
230.208
219.407
162.542
397.093
977.988
739.635
1222.76
556.513
176.095
273.372
229.993
479.544
1202.44
705.172
1079.83
562.028
231.389
223.592
260.412
554.459
1071.15
678.051
1206.77
570.327
182.213
92.9308
161.827
438.258
1176.25
713.126
1526.99
662.802
113.743
206.415
152.265
536.962
1493.17
861.535
1393.93
634.112
184.689
137.502
161.002
555.46
1370.53
802.376
