488.484
700.969
577.315
326.93
267.526
405.871
485.707
676.415
576.803
847.402
545.928
411.942
347.509
389.845
509.681
838.954
595.49
689.953
555.84
422.434
328.813
309.727
549.203
695.216
622.729
822.175
653.584
321.444
277.23
282.534
549.201
815.107
417.151
639.488
825.596
608.179
450.7
338.458
371.847
600.189
446.437
579.933
815.64
706.995
454.91
411.402
463.849
525.765
451.024
524.427
530.876
620.609
517.035
336.598
440.534
526.345
139.574
230.145
727.712
1112.38
583.184
179.628
146.437
194.456
94.5267
164.127
585.649
1105.1
644.394
170.818
91.9499
137.782
273.612
280.002
452.123
1119.05
759.65
289.902
253.693
291.659
285.42
256.229
372.005
881.031
716.367
324.846
271.602
271.69
220.199
276.152
396.11
682.795
476.023
243.096
224.951
257.234
278.201
222.895
412.993
1108.19
834.217
362.002
270.788
234.971
271.685
265.748
397.224
959.414
1031.17
620.584
286.291
260.578
368.532
372.184
506.134
694.052
916.138
793.606
410.037
332.489
384.064
423.18
427.849
563.235
930.544
865.017
425.528
375.406
473.206
430.349
446.331
627.913
860.344
852.564
529.6
419.649
553.533
481.529
455.657
571.529
884.204
856.809
608.178
501.364
622.745
419.132
373.019
391.156
783.453
970.618
689.93
438.237
742.987
542.429
346.212
397.458
682.471
1047.79
825.336
559.207
403.589
825.679
843.978
315.709
479.826
574.233
372.102
738.208
650.4
839.071
655.191
343.114
413.714
407.931
585.275
837.29
471.931
672.609
559.493
528.041
298.217
407.673
455.16
656.11
702.777
1018.86
789.878
440.585
361.288
507.867
635.103
1003.59
650.63
844.403
659.267
465.05
319.083
632.42
638.492
839.413
317.08
365.259
722.426
738.832
585.58
213.746
299.893
362.106
443.868
669.116
809.952
695.663
430.363
307.277
400.451
644.575
305.387
411.48
758.965
994.39
486.749
262.631
286.794
383.171
203.58
151.562
385.62
846.315
494.681
223.85
207.884
147.728
311.733
206.769
411.019
891.716
509.597
342.816
330.946
219.349
288.576
277.828
426.418
987.922
829.689
418.374
292.652
270.041
360.819
267.35
329.452
857.352
825.576
440.824
363.909
284.289
295.531
230.568
382.929
794.719
940.22
516.045
301.502
239.003
299.114
269.68
552.428
758.164
1019.26
675.44
335.802
237.346
521.168
393.837
409.979
622.915
792.645
711.712
545.335
388.093
502.792
361.665
407.046
462.262
882.77
987.993
579.945
343.725
507.654
314.508
313.375
342.087
699.139
854.397
573.413
311.443
668.089
482.618
421.709
526.488
854.32
931.067
731.644
503.562
707.341
488.651
441.16
478.86
752.193
959.959
779.316
507.93
965.221
513.406
499.995
238.105
712.835
1126.86
1053.91
534.973
797.855
934.933
549.648
329.371
300.966
582.518
737.836
956.009
491.486
716.642
696.368
506.769
330.677
415.244
472.284
694.761
325.303
517.165
584.991
450.321
433.157
330.116
313.484
485.898
725.298
872.41
749.151
423.355
354.077
366.037
652.271
865.531
539.304
651.911
512.564
351.825
289.346
299.234
491.124
659.606
475.743
676.037
932.836
737.859
462.704
537.29
481.029
612.614
405.345
466.419
960.833
1130.07
623.256
329.961
377.992
441.555
311.208
378.08
675.598
900.667
525.841
471.135
331.482
342.858
240.079
218.367
624.808
1162.82
733.714
287.26
252.267
212.741
173.899
141.466
556.966
1206.09
784.326
216.067
171.65
140.048
286.952
309.554
437.035
946.785
701.777
331.54
274.69
315.739
220.222
237.037
492.327
1199.63
1061.6
463.964
229.334
226.341
332.525
306.125
398.545
886.551
1057.88
741.45
372.723
303.041
455.353
399.731
487.317
620.288
908.988
861.426
506.612
384.79
353.042
428.484
428.408
452.48
815.35
818.893
387.633
377.266
607.641
483.12
395.189
369.089
838.764
1047.22
678.625
499.63
650.501
350.103
334.398
364.485
748.918
940.646
725.043
371.376
540.307
384.682
304.002
357.412
675.516
821.783
594.932
398.785
614.785
389.548
290.671
302.959
530.713
725.928
662.861
427.467
948.28
459.464
375.354
279.492
573.37
1037.99
1022.41
502.325
579.408
723.29
646.894
340.938
291.064
341.188
523.071
713.907
638.34
620.247
556.392
519.521
302.562
349.042
604.705
635.575
617.779
675.73
555.266
470.953
445.227
338.575
582.527
688.689
681.185
899.255
596.847
413.309
270.644
586.943
630.699
900.881
654.343
915.644
763.888
471.09
442.597
353.663
578.784
904.861
508.779
719.889
886.177
614.698
585.083
336.981
462.181
684.363
350.243
598.125
977.938
845.264
544.955
309.522
325.27
540.093
381.473
345.715
553.167
739.917
496.908
485.595
400.445
324.157
154.594
280.334
669.551
1023.3
565.763
210.192
152.427
239.071
369.211
278.489
482.588
784.972
514.907
287.492
370.142
286.01
221.188
349.69
549.063
996.145
721.073
357.412
228.656
324.478
476.666
425.442
511.139
883.209
736.397
479.941
458.581
420.394
387.143
402.308
561.475
567.365
812.637
591.26
405.423
358.167
471.036
446.576
369.43
499.438
862.178
911.459
525.724
450.186
324.945
333.951
385.429
480.805
865.823
873.293
387.555
289.015
669.14
462.189
442.237
490.915
896.012
1056.3
743.355
493.569
659.198
641.17
458.074
776.073
752.904
985.593
725.679
657.456
656.65
586.893
482.188
459.462
668.133
893.293
717.076
599.231
803.361
489.813
357.641
325.001
550.119
827.099
863.066
527.414
653.644
602.007
336.021
236.924
567.983
1001.99
688.905
626.901
599.636
843.463
593.151
353.739
335.598
463.041
560.767
833.568
615.064
791.791
602.454
363.292
249.005
441.641
583.036
783.588
388.252
708.829
690.745
374.851
360.411
325.033
360.108
660.038
501.196
809.121
799.667
354.677
402.546
469.68
462.617
750.406
471.197
730.899
625
519.469
504.986
422.791
442.087
705.762
462.577
682.078
744.492
481.555
390.493
410.362
448.724
650.817
282.258
579.751
852.307
635.762
381.053
353.935
266.874
504.06
462.059
628.549
758.638
856.158
407.238
236.755
413.817
612.815
186.793
243.688
583.938
1144.5
536.585
207.708
190.844
224.328
475.81
335.158
428.493
1016.8
596.814
337.666
477.015
358.72
287.162
265.437
477.444
1053.38
876.128
363.889
282.181
250.151
313.891
387.85
494.531
820.63
725.516
446.466
318.696
369.268
285.209
240.896
450.651
803.215
864.364
494.905
296.319
240.263
523.919
349.47
232.221
370.822
523.456
680.044
572.789
368.563
541.063
480.075
324.438
536.087
748.616
731.324
588.042
497.207
639.736
413.59
390.031
426.556
788.698
997.969
717.408
407.961
728.096
390.707
428.064
486.723
714.558
961.579
795.466
410.114
693.717
400.44
472.221
377.872
771.131
1047.8
777.737
402.111
768.954
365.155
364.308
328.972
448.256
857.288
838.144
379.226
593.874
478.189
291.614
277.486
475.771
913.385
668.139
491.539
760.748
853.434
525.405
242.638
284.792
382.668
690.992
872.663
555.768
690.435
573.072
289.46
251.428
258.935
501.485
686.074
591.957
748.833
524.575
346.303
292.695
444.124
567.958
748.976
623.86
799.77
563.469
264.771
336.629
431.145
576.883
794.358
489.386
799.241
728.956
407.488
315.836
352.186
436.741
759.622
528.238
680.007
748.482
438.725
286.742
415.487
509.27
620.547
534.85
759.441
705.631
513.075
382.834
476.496
512.617
744.786
365.175
399.307
563.46
628.504
445.659
386.236
375.908
380.631
335.001
325.473
584.563
831.675
456.179
301.287
338.338
306.941
288.217
210.627
478.023
899.153
599.34
191.171
281.296
215.958
271.412
251.011
363.016
882.95
562.952
313.188
260.557
261.648
358.73
230.588
434.542
799.544
560.425
380.173
369.727
252.803
375.71
321.589
328.763
454.139
567.921
515.781
395.699
319.033
610.141
375.277
235.505
369.82
676.719
854.852
672.604
410.129
662.204
304.604
209.504
259.767
432.89
666.842
701.305
355.999
687.944
416.557
354.391
400.241
579.039
678.181
722.918
454.687
628.74
441.169
403.35
262.208
662.468
909.848
692.78
455.485
846.562
512.721
298.222
312.299
539.557
970.21
912.205
553.814
952.681
497.788
417.888
227.536
556.043
1007.82
1035.25
550.444
1067.06
483.192
336.585
441.859
425.55
871.16
1136.49
568.982
1049.55
1004.82
511.787
256.729
206.025
444.239
957.681
1085.42
598.053
715.44
499.81
235.145
352.399
573.183
619.493
698.746
602.452
725.495
440.751
247.977
311.451
376.895
545.21
745.211
566.789
796.216
543.516
538.294
502.572
523.133
546.345
788.364
678.339
818.437
536.11
318.459
292.702
385.6
612.022
824.707
566.642
835.702
682.222
449.86
353.259
400.512
508.858
820.375
318.609
490.462
632.447
521.63
406.449
344.437
309.851
449.403
288.374
481.579
587.037
430.623
444.839
437.179
274.598
428.477
511.428
362.179
579.045
701.731
416.582
396.18
521.919
354.037
278.91
263.316
558.176
771.27
393.23
208.988
274.992
246.436
215.193
199.519
396.595
812.806
599.829
274.241
221.862
198.352
373.578
226.768
312.943
548.688
604.771
381.289
387.518
246.615
377.824
349.789
594.192
605.809
634.566
502.955
397.12
330.68
519.174
323.025
264.157
342.269
523.535
674.49
565.501
338.156
689.802
356.824
321.129
431.14
676.216
870.224
755.618
390.892
901.928
428.305
249.576
201.533
355.425
814.978
972.884
492.082
780.424
573.963
370.629
517.69
520.627
756.701
791.038
650.212
702.714
482.397
408.632
190.928
450.078
931.941
780.225
473.153
962.067
482.517
277.841
262.617
403.561
1005.31
1053.61
531.134
1097.69
516.239
238.774
194.108
442.956
985.018
1162.43
579.306
691.737
832.93
433.744
193.521
217.805
496.01
630.496
854.655
574.004
661.167
353.966
526.152
391.391
498.509
557.939
686.09
845.538
781.089
309.939
204.144
212.194
482.224
786.756
845.273
924.911
880.469
571.816
267.784
334.649
431.48
846.569
933.793
492.915
530.264
394.102
473.131
373.031
374.681
497.607
517.171
710.723
577.232
420.575
390.849
296.378
412.094
702.088
620.502
465.126
479.962
353.981
256.167
274.49
320.957
448.159
485.924
463.56
819.378
817.16
555.017
312.184
306.073
405.61
778.021
397.559
518.795
458.11
446.873
386.901
378.533
377.938
508.484
636.352
431.642
403.125
521.107
366.496
639.744
652.106
468.671
287.85
360.941
414.745
561.758
396.812
313.121
274.554
353.986
465.916
257.639
251.422
443.533
418.655
430.01
481.451
289.573
500.305
387.376
354.256
558.716
583.653
600.064
502.325
396.748
554.39
295.944
254.471
295.315
411.412
682.415
608.139
304.077
655.428
413.48
212.228
192.451
355.15
623.88
688.286
440.341
916.838
376.461
243.576
205.867
402.475
756.016
963.152
463.865
879.252
425.497
229.522
228.628
396.26
891.438
939.312
464.78
861.972
579.272
325.756
342.186
438.882
914.925
935.526
603.602
1017.27
583.348
396.383
213.706
312.766
896.92
1089.28
639.312
1164.29
488.434
257.971
171.518
402.35
980.51
1226.34
577.548
761.266
715.656
436.435
247.127
353.015
551.799
728.501
756.394
896.875
673.857
324.395
227.509
241.327
295.823
832.397
745.604
893.736
868.587
440.238
241.931
192.118
373.584
820.097
914.522
805.5
743.745
445.473
359.771
323.946
323.149
736.099
794.709
941.64
969.18
406.496
249.581
186.351
405.26
847.19
1049.19
643.429
719.536
464.442
319.449
240.295
316.512
588.261
736.109
515.99
731.361
570.73
368.263
258.957
310.08
462.544
718.361
555.436
484.318
272.185
248.746
384.933
571.744
565.36
508.557
415.496
665.891
631.982
511.683
315.657
341.823
390.355
638.297
332.829
356.897
688.275
893.773
505.164
210.604
306.77
363.025
411.784
387.987
372.33
771.759
445.102
397.199
429.577
388.187
488.311
367.856
464.057
582.77
587.804
425.104
484.849
407.224
415.525
258.227
327.859
453.082
592.992
589.911
450.381
254.239
462.051
273.475
296.816
311.887
422.411
623.899
511.748
274.554
764.317
423.432
317.701
335.024
450.377
799.394
821.463
451.981
665.41
316.443
222.208
240.634
340.043
644.526
710.93
359.971
887.39
428.621
276.532
198.223
294.471
722.499
933.291
486.691
862.864
411.76
261.721
247.099
426.481
831.697
931.412
472.697
945.445
469.831
293.026
193.074
322.495
838.418
1021.13
528.528
1016.92
437.639
319.122
319.143
430.894
906.969
1095.69
505.18
890.744
928.43
477.318
208.287
293.822
407.151
808.94
982.329
1009.82
718.314
236.824
216.778
154.765
341.989
943.232
827.04
849.348
730.207
425.436
279.649
267.06
336.047
790.494
781.48
1020.81
916.441
443.333
379.067
263.897
411.117
934.515
1000.34
867.169
800.204
344.402
257.625
223.189
413.228
789.31
879.493
816.809
725.45
394.697
276.907
284.827
414.868
773.267
778.533
993.29
804.377
326.86
438.745
295.057
486.481
918.217
914.414
645.228
752.384
435.335
340.1
294.9
372.389
587.413
768.694
482.293
649.256
505.145
387.751
268.253
294.874
455.849
641.14
536.053
439.253
461.919
452.537
493.638
374.515
525.396
454.395
631.065
435.435
457.94
674.301
596.044
455.99
598.151
477.789
267.219
356.11
422.643
445.532
548.244
590.267
294.11
309.518
398.421
329.552
232.573
447.921
451.078
408.796
412.556
338.955
760.99
372.058
208.848
220.157
357.148
695.775
815.314
432.131
804.337
559.208
305.164
142.927
359.393
857.862
867.108
568.89
638.466
397.5
320.835
374.915
512.391
689.908
677.195
426.383
1047.66
438.322
222.892
281.291
315.234
753.091
1088.4
531.586
1079.35
493.748
216.856
194.004
412.071
928.8
1159.95
573.319
1146.27
498.585
240.28
341.029
324.408
773.498
1177.56
608.984
1055.76
523.526
220.007
145.479
360.559
890.042
1125.76
602.589
839.009
666.048
324.812
337.308
276.581
318.655
776.081
741.704
727.356
739.805
394.025
261.312
342.954
470.234
668.268
770.758
837.917
825.324
379.551
282.736
293.797
575.265
777.897
874.053
921.469
871.677
348.843
232.584
308.664
473.11
837.121
953.134
811.709
812.63
416.591
269.85
259.065
523.075
759.498
868.065
962.181
695.59
347.866
310.616
275.625
427.438
919.664
772.821
640.991
520.288
383.122
344.062
373.734
381.578
603.393
559.328
496.711
478.241
298.708
228.448
265.798
382.396
493.504
506.331
750.495
535.542
485.886
405.821
413.94
458.565
749.185
568.516
449.806
573.191
424.516
299.364
358.343
418.564
425.72
580.081
436.704
337.486
386.112
335.791
204.207
340.67
451.288
325.465
458.774
266.047
207.821
255.767
300.919
304.864
458.474
302.57
536.172
384.09
319.29
287.865
442.952
644.014
576.026
399.208
802.815
392.366
239.941
273.452
298.159
559.53
828.032
468.167
746.908
513.658
360.674
495.343
400.331
762.197
798.086
527.631
866.604
416.954
277.589
437.967
358.18
565.155
890.207
500.054
935.361
409.805
211.083
248.459
194.966
411.946
934.889
512.206
975.436
465.977
177.101
223.499
264.931
680.589
1013.15
554.945
933.379
454.878
242.597
211.229
276.345
642.637
965.038
525.876
1154.75
466.869
177.416
254.594
282.402
739.567
1186.14
584.526
1250.37
829.891
287.174
181.297
156.103
420.057
1187.1
953.822
785.227
634.743
306.712
254.387
354.606
457.538
750.673
691.774
912.298
797.182
298.854
255.313
174.346
409.902
842.425
885.144
1022
805.517
403.637
338.639
289.718
402.665
954.989
894.057
813.75
674.774
443.063
322.233
325.032
301.724
754.594
742.343
1005.17
676.114
406.563
375.726
315.12
404.207
955.772
781.208
1035.23
762.627
385.748
377.711
336.615
460.024
983.134
860.179
778.533
604.509
303.387
354.77
256.65
338.05
732.859
680.312
652.1
522.502
372.016
411.955
297.032
269.557
616.63
565.931
467.932
471.641
489.747
364.026
276.368
310.791
451.022
471.296
632.192
504.169
374.874
384.294
358.136
390.541
605.704
542.554
399.205
247.033
233.027
274.399
432.737
434.304
414.3
254.037
562.184
386.903
306.691
307.829
517.86
633.45
573.086
408.796
667.989
323.167
255.531
243.932
488.354
632.847
699.587
365.904
861.851
324.571
213.236
328.16
240.634
515.019
887.118
413.366
938.007
402.128
175.874
219.794
315.715
660.698
966.408
502.599
888.217
384.169
164.902
103.877
227.08
633.774
930.761
462.27
658.58
336.391
203.318
232.682
232.508
426.268
664.498
383.121
986.009
457.518
216.443
221.552
240.446
636.936
1019.75
549.954
881.013
410.668
173.056
157.154
203.615
648.583
930.029
477.047
1351.93
628.779
246.996
266.373
236.076
490.081
1321.29
789.741
1001.14
683.544
259.399
234.862
255.095
480.607
963.26
782.178
946.638
764.002
252.967
174.977
123.936
304.358
865.109
861.959
991.84
586.448
313.898
308.576
411.881
614.222
978.982
676.353
763.236
672.072
357.983
301.043
260.893
272.315
703.38
719.941
678.429
677.117
442.573
347.828
280.157
584.333
674.389
703.399
604.641
399.833
290.73
251.078
292.788
362.364
608.598
446.397
588.538
472.896
225.612
406.031
334.416
452.7
559.645
516.519
562.003
545.208
309.091
191.641
169.851
276.337
517.975
571.314
490.567
640.936
483.376
351.728
537.589
466.609
466.363
632.732
369.912
473.167
548.253
398.33
386.016
241.368
341.425
453.374
565.051
447.716
396.906
451.052
615.387
675.402
574.402
484.666
545.796
306.055
185.55
199.056
343.951
573.198
591.346
332.442
682.801
305.387
182.182
296.371
305.061
571.806
726.046
365.927
777.347
291.413
200.083
238.975
278.839
490.954
808.353
359.915
957.982
390.242
183.657
145.987
267.521
609.031
975.905
492.979
977.285
383.211
189.703
260.322
277.496
575.598
998.681
485.951
976.195
396.559
176.897
295.749
265.682
651.958
1016.61
491.879
665.343
372.633
232.199
238.08
245.508
519.743
714.41
406.068
822.507
488.164
193.193
186.107
256.52
703.001
887.199
540.376
1048.41
686.794
303.794
263.36
244.783
347.082
993.338
797.292
920.804
828.619
321.437
167.37
219.813
479.58
846.353
912.263
1105.76
651.062
213.142
261.754
206.281
443.142
1068.25
774.274
662.978
473.537
293.007
335.717
235.597
260.838
628.626
532.055
806.704
654.408
268.536
173.611
137.868
314.262
750.67
731.867
846.547
678.202
299.153
277.268
300.358
361.738
791.85
756.742
1078.13
534.714
193.549
164.859
124.594
355.035
1040.22
669.383
873.82
601.279
187.101
158.626
207.198
419.619
838.929
689.447
751.423
637.039
377.416
214.847
189.102
343.177
709.974
679.182
519.468
362.955
230.78
348.68
257.232
406.967
540.559
399.208
722.373
545.664
477.32
460.176
473.473
325.582
681.029
583.147
549.761
369.662
355.299
322.331
332.878
434.214
541.154
399.322
722.504
454.723
215.508
334.251
289.06
459.556
715.297
516.966
911.228
399.166
217.686
178.55
254.906
581.262
928.983
490.822
831.068
376.598
242.639
364.54
305.572
554.863
858.833
454.245
899.872
431.693
184.968
143.27
206.403
644.145
944.094
506.262
787.408
422.935
167.677
177.998
150.47
303.041
770.127
501.42
938.134
383.745
162.581
215.727
276.674
585.919
952.447
489.298
850.901
367.849
159.093
175.107
213.061
590.18
894.813
425.316
873.279
718.445
259.225
121.996
258.546
776.576
932.933
776.932
1122.09
818.387
310.702
247.606
305.547
511.862
1056
920.619
841.97
659.016
299.518
322.556
262.939
370.891
789.826
721.633
853.547
660.112
310.259
284.927
240.307
386.734
801.266
742.422
1022.12
549.955
134.368
159.723
108.042
312.376
975.303
675.961
1250.38
603.301
307.828
416.452
347.927
471.062
1213.19
751.865
1066.26
500.671
283.261
427.198
367.073
432.688
1039.12
623.788
916.139
581.308
282.557
329.69
214.359
474.199
902.183
666.141
737.849
450.452
187.611
165.677
137.404
244.011
699.009
525.172
774.012
426.707
303.352
233.576
240.874
439.694
781.205
486.61
373.834
350.765
259.019
279.226
341.53
262.748
353.078
373.126
382.884
424.495
423.334
386.591
306.555
293.729
379.605
421.746
430.542
303.549
280.872
378.48
379.879
427.996
436.079
331.861
702.586
399.862
239.559
312.805
293.064
562.231
735.394
443.624
849.064
394.077
153.735
146.463
215.915
499.201
846.218
485.154
975.569
410.143
238.841
214.656
223.046
474.698
973.867
515.825
992.335
458.886
199.27
231.62
251.808
523.607
1000.26
559.462
1097.78
471.161
115.856
97.161
121.02
404.916
1076.36
611.555
555.383
205.727
130.139
138.464
179.58
376.603
567.886
245.074
872.022
357.749
172.362
139.657
156.853
583.788
918.307
423.903
1211.93
466.16
184.252
204.828
278.004
686.945
1235.94
591.166
833.381
611.418
350.253
473.621
289.155
376.652
781.018
694.413
789.573
585.223
366.983
314.052
348.37
362.771
763
642.699
1095.94
644.107
297.236
220.745
241.578
326.77
1034.76
768.826
975.922
713.525
231.565
167.251
119.114
390.355
920.55
814.284
906.744
626.695
213.454
119.087
151.919
408.835
866.134
718.543
786.223
384.18
252.23
179.288
358.352
480.708
780.69
447.712
915.805
575.628
186.261
167.937
137.456
355.772
882.286
674.204
822.66
481.353
274.491
369.063
305.855
396.534
798.918
567.668
956.971
545.516
208.573
165.973
207.082
483.887
947.826
643.985
676.409
495.731
216.069
289.466
239.033
346.783
645.626
559.971
437.865
416.236
215.516
159.175
213.126
257.135
404.999
443.316
785.384
383.962
119.567
151.525
146.775
501.249
817.779
447.492
749.721
386.586
201.852
259.589
185.793
442.21
763.257
454.629
652.983
386.629
204.612
270.84
251.91
443.753
672.366
429.936
866.851
488.142
150.196
142.688
122.531
439.009
860.448
579.232
914.483
422.105
166.497
198.339
170.743
555.615
942.288
509.98
776.852
355.228
158.268
111.222
140.002
433.34
786.032
430.561
1097.23
425.181
172.231
173.875
224.049
526.765
1105.58
551.734
998.342
382.789
148.615
264.265
158.261
417.263
1007.16
500.353
844.034
386.808
162.169
194.927
193.096
465.261
860.752
468.248
936.125
702.175
277.407
273.577
244.007
412.403
877.485
801.226
911.135
519.355
269.629
338.297
236.099
473.46
884.55
625.597
868.448
484.289
246.994
275.641
245.779
297.434
834.076
581.47
1114.04
670.946
238.29
219.937
171.495
395.813
1072.81
786.559
802.945
546.571
162.189
150.433
153.94
349.038
755.617
636.522
668.233
493.782
266.491
262.946
173.575
312.984
635.188
549.823
580.283
359.98
344.079
374.268
252.399
266.418
563.625
408.902
602.899
372.876
241.842
240.947
281.686
355.521
598.705
421.502
830.833
485.042
234.297
283.155
252.736
429.499
817.756
572.185
715.467
412.319
196.94
275.913
324.932
407.189
705.971
485.407
424.096
290.307
164.148
151.117
127.586
260.324
429.266
315.987
542.737
283.451
181.023
294.268
228.328
459.245
584.945
316.092
884.168
391.238
168.407
165.641
210.674
377.714
871.681
495.853
662.52
390.727
255.999
284.124
250.759
332.271
653.625
452.573
915.967
412.595
161.188
188.928
191.596
408.784
904.155
521.506
858.023
456.95
145.352
102.44
133.79
334.228
827.957
557.599
754.03
350.389
184.402
198.756
196.555
346.56
744.665
430.417
934.353
381.006
217.807
218.655
298.273
491.656
948.416
478.546
803.109
295.903
135.769
94.3279
134.187
354.442
804.474
383.52
1249.19
553.112
109.916
123.483
162.531
449.948
1225.32
708.906
1297.02
771.495
276.167
172.155
148.448
376.14
1231.78
906.777
753.716
477.285
292.571
308.615
192.532
257.946
711.387
557.126
806.016
559.942
171.035
90.5054
120.615
340.218
755.303
650.801
940.219
648.746
353.889
361.736
269.083
311.641
877.124
740.449
1234.09
594.788
184.44
133.31
130.515
407.3
1193.65
748.809
733.032
486.416
206.405
163.753
198.474
449.466
730.711
540.992
949.875
508.448
195.221
159.814
170.63
343.455
919.364
614.329
493.544
311.39
166.826
178.949
213.311
293.392
491.869
358.448
795.292
447.973
183.597
256.499
247.539
389.896
784.999
530.652
875.814
501.167
219.261
293.497
263.581
463.223
864.745
591.381
614.409
353.37
309.103
305.582
216.006
343.777
606.831
399.159
493.004
274.591
244.786
432.452
447.503
537.243
508.845
297.049
583.98
389.377
216.474
223.339
205.244
265.345
561.717
450.581
643.336
404.565
247.205
308.09
258.219
353.755
626.139
468.055
802.993
394.586
109.526
106.06
142.069
360.854
794.115
485.119
942.129
404.778
182.415
163.379
125.542
378.554
930.47
520.684
928.459
398.133
140.443
146.273
168.217
410.244
925.111
507.571
735.471
335.752
165.744
249.316
197.696
459.334
762.415
393.376
1111.59
483.825
90.0697
143.376
155.172
416.812
1096.42
620.574
844.817
332.969
131.889
202.658
251.741
399.927
849.18
418.996
979.481
584.771
168.529
146.534
136.601
474.965
962.902
685.727
1021.65
625.886
301.5
231.576
212.097
300.072
961.594
739.045
1012.17
502.67
156.471
159.603
161.503
354.55
983.736
624.291
913.333
561.226
270.008
344.19
289.684
410.853
887.326
653.577
1009.68
614.025
267.374
338.505
241.047
429.194
950.014
739.197
910.632
401.72
117.763
138.71
167.097
373.723
896.639
513.489
817.274
445.116
254.217
295.926
235.778
383.716
805.221
525.793
380.555
266.568
327.583
331.082
283.077
278.532
383.939
277.277
485.15
298.629
185.373
152.273
135.301
306.745
485.067
341.134
631.089
336.814
140.892
145.109
211.212
400.433
633.523
397.537
318.874
241.119
308.353
323.642
334.32
367.557
338.242
229.733
623.736
353.758
324.186
560.645
425.446
391.547
627.732
407.05
445.835
423.554
253.948
285.28
259.968
329.733
420.252
455.798
441.581
371.395
238.825
292.271
234.683
263.053
421.181
399.895
669.852
359.756
198.431
188.544
156.749
325.648
659.377
429.607
782.45
354.749
243.624
171.991
156.747
320.401
768.033
444.715
1030.78
440.747
144.871
132.892
170.756
406.862
1015.84
570.145
1009.88
570.778
252.638
263.184
218.561
359.018
968.04
685.467
968.829
426.114
196.132
174.21
140.955
375.231
955.63
538.354
1073.95
468.576
173.614
197.473
152.663
454.377
1070.01
593.497
1213.2
634.182
259.294
179.815
155.695
367.897
1166.54
780.384
1099.93
594.444
167.433
100.008
122.069
335.833
1052.41
723.308
1019.65
507.087
182.791
226.221
190.492
394.745
998.288
620.055
867.046
487.263
189.514
139.57
175.567
382.02
830.095
582.704
841.626
429.477
141.6
107.436
107.426
411.135
836.274
521.18
915.605
426.251
130.216
108.379
95.5089
325.787
900.026
533.605
996.861
540.151
170.399
227.8
242.28
452.363
975.241
649.272
400.511
280.929
233.534
254.275
298.123
241.647
387.858
313.414
485.246
245.748
143.11
236.726
250.725
378.409
501.418
287.809
420.247
242.566
120.331
165.667
189.459
318.259
428.727
276.82
815.156
377.138
205.405
223.816
309.356
570.125
833.809
459.616
351.486
328.978
301.147
411.957
324.56
364.696
368.104
320.427
714.211
644.205
447.478
321.757
200.774
295.261
664.438
688.992
641.908
422.015
228.862
372.663
510.767
588.104
640.401
477.923
942.083
622.001
284.94
215.846
186.134
377.368
909.287
712.924
766.657
524.631
200.563
148.211
107.423
257.947
723.815
602.185
1191.31
575.893
169.4
152.841
129.248
375.672
1147.26
730.253
820.735
369.067
111.476
76.6264
115.06
340.174
807.149
469.154
745.625
368.759
220.257
149.496
117.362
282.166
724.822
449.603
1451.96
579.335
158.656
114.363
151.018
597.999
1448.41
758.673
