614.348
934.347
839.601
438.578
315.862
451.106
551.767
898.81
752.04
897.566
521.332
289.471
235.383
466.3
689.7
915.012
509.386
798.665
729.439
508.408
493.257
372.688
454.958
773.926
699.817
877.679
766.872
501.252
495.013
634.396
695.066
863.613
454.198
764.798
880.661
681.302
542.506
454.726
454.712
712.725
288.631
553.15
961.22
787.606
550.981
287.448
263.067
483.633
237.453
407.84
808.554
928.386
554.539
321.344
225.426
367.516
263.999
358.198
690.837
1059.32
583.872
278.172
266.481
343.152
177.534
199.772
476.058
951.336
659.666
220.504
174.299
182.973
251.337
317.455
412.457
916.439
735.921
336.37
243.883
310.645
187.87
171.679
439.161
1091.41
972.586
419.497
207.024
159.066
397.797
317.841
311.288
763.063
818.793
549.963
393.977
333.79
384.936
279.049
307.535
510.013
830.623
818.69
439.892
257.787
429.82
320.941
477.389
505.399
763.269
730.745
481.966
320.354
619.06
558
468.073
464.261
648.517
921.256
683.791
578.054
772.933
517.316
291.518
303.635
604.534
1000.81
852.458
534.408
602.551
472.95
334.594
474.238
777.639
942.475
674.912
486.916
690.803
376.308
396.228
422.871
585.075
877.82
759.109
398.896
604.706
425.809
349.924
322.558
597.582
815.852
663.483
437.117
834.911
573.689
289.556
293.477
576.545
1022.83
911.622
597.215
614.503
730.9
739.177
494.872
422.352
375.07
564.521
714.118
569.093
771.39
703.43
419.883
302.174
439.196
523.234
748.515
526.425
833.43
751.153
336.423
335.177
374.109
459.713
789.417
461.846
852.749
768.067
303.19
413.484
484.785
412.04
792.473
300.446
602.913
715.618
435.266
299.513
383.454
298.976
539.565
506.28
602.856
698.802
560.442
378.181
423.242
509.601
577.417
501.727
481.052
687.023
907.222
492.835
404.078
483.41
492.044
224.925
319.653
527.725
964.36
456.179
194.888
217.392
307.784
411.468
427.594
435.372
951.599
571.863
338.882
391.793
441.196
268.239
284.509
467.659
970.263
798.368
297.816
255.061
288.774
254.988
283.065
575.745
800.163
808.371
397.395
254.555
252.745
392.62
369.766
406.608
725.988
773.099
420.747
368.857
383.78
449.139
323.138
328.18
304.238
561.893
707.788
495.975
334.702
498.923
336.321
248.549
281.037
495.234
560.122
533.552
359.394
633.033
485.777
363.501
406.368
767.017
973.87
705.599
508.692
664.702
629.9
653.743
613.68
735.604
956.972
703.608
634.838
578.578
341.685
467.533
576.52
598.076
680.579
634.765
371.648
622.21
318.614
426.246
327.099
527.261
753.347
684.081
332.328
627.978
413.998
424.676
347.936
465.623
701.739
674.445
432.408
871.095
442.042
364.573
411.431
549.275
931.435
954.264
501.266
793.598
910.766
625.194
348.733
227.019
467.982
728.754
933.688
563.511
737.724
639.135
458.737
312.794
572.31
571.271
727.786
768.74
744.385
691.522
482.869
508.736
420.629
720.861
743.94
412.967
742.185
783.898
429.499
414.848
399.105
366.542
691.501
589.173
667.886
664.585
493.57
258.012
275.922
554.198
651.841
471.628
649.639
826.589
723.835
584.005
404.947
435.202
609.58
557.4
560.99
701.384
879.504
442.29
509.504
529.748
572.831
504.695
371.397
541.349
508.023
355.595
332.246
493.542
382.477
358.053
373.523
495.552
937.906
637.606
270.489
344.48
367.937
239.896
211.224
368.113
778.089
685.189
363.816
252.978
213.625
349.386
307.49
611.735
651.547
640.534
443.486
372.656
274.482
360.514
343.236
388.238
504.071
594.564
518.451
387.567
349.211
427.854
368.876
277.274
393.384
581.456
594.026
452.507
362.369
454.928
352.535
276.942
469.199
704.684
770.192
511.455
358.967
549.171
377.496
346.487
350.032
588.126
741.55
599.455
396.135
791.472
545.79
336.104
214.739
566.88
969.542
859.542
564.676
760.68
513.578
335.982
371.227
624.063
993.31
838.117
538.149
863.32
456.668
428.742
301.065
545.221
887.029
924.757
500.446
805.249
594.415
310.625
279.409
473.54
963.43
879.163
607.22
623.292
364.286
257.726
308.062
410.42
754.615
691.024
379.724
442.661
693.235
612.084
406.178
433.462
439.547
423.189
652.65
580.611
633.534
495.374
538.084
475.964
361.627
532.493
666.867
731.077
719.825
583.34
488.659
459.161
398.338
680.108
727.279
617.936
878.424
563.297
340.018
310.258
503.678
581.724
873.954
514.051
726.738
785.496
541.238
475.418
353.423
465.073
696.963
491.317
533.902
755.475
621.163
441.455
301.11
475.157
517.767
361.954
539.215
897.22
690.584
461.534
299.835
349.862
493.142
410.96
281.995
324.893
506.242
271.425
293.294
409.776
297.539
361.242
272.514
359.379
577.242
416.347
261.272
350.246
292.589
184.556
189.651
310.924
669.563
500.924
269.163
184.393
192.995
281.74
191.8
310.408
446.793
336.959
211.48
290.021
191.468
361.196
271.502
364.774
424.805
696.781
715.809
414.397
237.485
532.531
459.399
395.975
445.807
648.254
567.298
536.967
475.854
617.595
392.752
315.286
390.444
554.058
674.606
663.881
414.051
698.148
383.713
277.227
263.996
328.02
543.219
723.789
443.844
668.142
441.676
360.344
426.561
556.451
808.362
716.539
486.78
708.519
428.872
366.357
356.2
536.725
829.22
771.488
480.249
881.789
559.632
213.237
276.46
444.161
911.877
959.874
616.486
1040.1
593.86
284.959
167.515
379.255
918.992
1094.11
652.129
1017.98
656.263
240.664
269.37
360.223
943.841
1105.12
733.351
644.737
669.704
393.667
428.643
423.958
357.129
578.655
714.203
758.211
881.684
512.586
281.8
284.105
396.933
676.367
909.975
566.895
875.085
733.768
327.226
374.991
389.393
500.725
843.381
540.742
710.619
568.646
383.627
323.556
253.071
480.269
704.491
508.3
502.323
375.833
468.15
378.616
326.828
473.703
532.574
511.134
652.485
458.013
375.522
227.471
242.964
453.726
654.874
437.24
527.666
587.203
463.479
365.055
284.743
410.238
513.542
357.719
526.411
734.559
752.362
392.674
305.456
327.252
503.289
561.829
329.709
372.941
478.234
429.624
516.79
575.034
367.739
363.475
264.849
325.945
456.523
385.018
313.33
364.821
273.163
273.485
253.592
359.76
760.239
651.628
320.244
276.436
267.316
372.263
366.42
424.132
471.391
551.245
551.283
390.704
367.98
489.842
358.285
358.796
267.389
547.52
736.796
539.135
342.071
586.077
342.085
264.445
287.149
410.586
609.526
628.345
360.927
710.531
326.335
161.615
170.664
223.962
565.447
755.365
385.609
723.37
431.471
397.664
389.998
392.481
710.203
781.429
450.503
836.1
403.493
250.719
268.665
391.89
847.277
895.711
432.863
789.567
489.726
288.935
349.11
467.533
921.604
866.423
506.82
730.302
442.608
230.841
192.341
445.419
893.009
802.84
462.134
942.665
487.617
239.119
176.178
392.048
909.803
1025.49
549.371
854.518
842.748
424.682
333.005
328.354
516.137
784.684
893.044
922.065
905.172
429.746
269.152
226.379
406.812
845.375
955.896
792.861
875.056
457.896
422.77
342.651
482.283
728.917
907.858
908.275
886.898
417.383
360.441
280.385
399.025
823.491
962.263
731.465
755.594
485.216
367.816
293.255
398.967
674.006
795.645
608.044
540.79
435.983
448.607
248.974
366.38
583.692
568.069
560.455
726.176
487.951
327.946
387.152
425.893
528.032
720.655
287.68
597.872
791.397
575.27
337.42
307.974
260.483
531.615
243.992
392.657
571.397
797.517
503.066
320.207
237.236
354.026
323.944
348.558
411.451
622.656
534.492
370.932
331.734
329.599
358.298
282.634
393.036
533.726
637.544
474.921
385.007
283.551
417.819
526.812
395.833
381.474
414.424
491.215
423.253
517.527
641.024
330.808
272.333
350.618
416.999
557.388
671.336
375.08
832.671
452.407
294.246
233.62
404.915
593.11
838.146
526.453
911.303
428.69
198.748
180.87
351.129
695.047
947.033
517.367
809.926
343.635
172.7
136.21
293.961
701.663
859.28
397.048
783.539
386.144
312.681
548.627
388.12
585.753
806.862
454.383
854.6
481.301
175.421
250.304
274.157
743.647
923.719
543.452
931.096
480.236
389.468
273.24
409.204
858.781
1000.77
536.968
971.54
601.736
300.183
235.231
316.803
809.591
1035.16
648.166
785.556
902.846
438.995
206.032
352.484
506.906
706.153
934.062
844.962
838.801
456.357
191.17
208.697
448.748
779.472
877.228
825.774
855.238
492.836
454.471
311.644
491.516
767.174
884.84
876.519
924.415
416.36
244.571
278.225
494.48
792.41
964.111
1024.89
871.287
373.37
259.857
234.283
328.047
935.588
968.868
812.659
898.996
646.007
445.698
343.148
446.975
746.964
924.705
692.377
686.842
510.221
431.272
375.764
526.429
654.498
710.873
652.118
516.737
471.889
434.458
272.88
363.05
645.427
538.568
279.542
434.973
660.627
679.769
334.255
247.807
284.882
408.766
406.153
299.492
380.534
577.236
385.596
328.474
418.65
293.866
368.297
330.22
421.152
523.951
445.508
369.864
353.074
340.87
342.073
212.721
307.417
497.916
426.281
526.867
376.869
226.4
526.885
257.929
252.144
246.535
375.171
561.928
573.635
286.432
744.424
316.406
228.613
263.354
393.116
668.892
786.422
381.68
746.7
366.019
176.398
244.944
271.397
543.782
773.864
437.724
906.786
427.078
177.599
128.424
233.057
616.992
934.627
507.579
817.051
382.54
182.668
170.952
317.83
751.137
871.377
432.18
712.784
328.642
228.876
227.978
256.723
564.69
752.689
391.53
851.976
383.72
256.012
392.841
362.686
693.264
910.514
447.675
885.84
472.036
231.193
279.608
345.149
752.188
941.279
540.529
898.717
941.248
343.358
289.782
282.752
501.654
822.484
1015.82
1044.12
889.478
442.588
240.044
208.601
418.146
981.338
954.128
1211.78
853.006
497.196
423.239
447.806
498.797
1143.92
959.653
709.986
803.22
449.812
289.404
361.713
538.127
655.742
822.122
827.303
766.188
520.553
304.616
237.323
378.24
766.274
813.443
976.366
600.543
405.814
448.009
345.661
412.476
950.133
667.954
578.271
590.702
375.022
418.747
413.039
318.476
539.315
609.005
527.4
810.556
572.535
459.796
318.798
440.562
491.408
789.835
362.952
593.631
480.608
377.66
344.375
386.654
333.528
572.706
593.438
281.121
386.75
531.395
539.188
434.14
614.083
315.396
397.689
340.683
267.058
607.38
652.834
575.782
415.448
363.899
364.075
270.524
254.041
345.581
330.94
308.906
359.751
295.246
710.576
415.331
332.985
304.774
551.611
830.935
772.056
448.193
874.843
421.302
217.228
164.831
380.557
713.234
919.586
495.138
719.795
461.367
285.447
413.217
506.841
771.74
766.631
486.502
789.009
304.002
240.165
337.834
335.009
651.627
839.234
375.996
1104.59
452.568
233.805
240.807
339.335
798.519
1138.24
553.874
836.159
402.985
226.748
223.565
241.595
582.124
867.754
475.443
874.439
477.064
286.755
248.343
310.449
665.774
914.458
536.164
900.092
380.898
167.293
137.858
294.814
768.189
955.345
456.245
937.296
592.212
202.827
179.536
231.331
347.664
895.964
690.652
1094.4
754.055
395.632
340.982
252.126
371.1
1026.77
853.79
1298.56
990.655
384.05
313.655
275.423
525.655
1211.36
1111.9
854.628
765.577
354.898
287.828
245.878
440.182
792.694
822.891
949.609
635.556
479.024
547.104
345.772
310.634
893.032
725.095
946.453
755.758
405.153
249.648
287.493
425.424
886.872
829.506
631.244
723.513
395.623
181.107
274.431
412.371
578.239
743.179
512.017
652.348
520.383
497.83
471.823
533.12
503.143
653.101
543.988
288.123
231.553
287.079
244.541
343.287
563.982
328.53
662.822
490.734
389.887
508.148
528.39
470.875
664.464
497.095
393.268
219.896
250.819
281.528
318.254
377.96
408.949
242.496
557.387
291.875
236.276
308.421
366.356
468.194
571.728
335.99
581.299
427.431
248.165
269.097
297.678
571.038
617.628
437.635
702.771
399.195
323.057
573.196
419.265
682.472
762.793
446.295
890.425
371.899
144.482
222.548
278.561
513.573
899.567
474.888
655.783
296.412
240.116
299.883
211.033
351.943
663.836
347.627
844.444
357.534
176.261
349.193
289.2
510.093
860.474
450.472
803.285
410.669
307.154
242.285
305.282
628.073
851.986
462.928
905.425
397.552
186.03
198.22
253.246
655.865
950.38
473.714
876.829
369.113
235.587
243.835
248.183
575.974
906.353
451.109
667.627
744.365
531.646
381.473
426.697
302.897
603.423
762.496
1289.84
890.577
305.968
129.601
142.164
367.68
1199.18
1021.95
965.784
882.993
375.933
259.627
303.152
594.942
889.111
944.994
870.085
695.816
320.455
288.27
301.458
395.266
817.305
775.933
904.34
667.837
329.604
237.42
190.575
388.214
862.537
741.88
787.767
608.252
358.212
260.09
216.945
305.079
740.977
669.573
635.239
610.366
384.49
332.573
254.066
249.812
581.894
635.216
539.117
709.474
490.102
425.157
348.881
326.809
483.556
715.343
568.191
654.772
594.583
291.948
294.414
326.123
537.955
630.749
477.369
355.742
415.748
445.563
442.119
341.276
475.232
375.279
500.124
370.053
287.475
269.092
333.176
403.927
505.028
379.287
534.843
321.881
201.885
281.88
424.86
530.305
562.498
350.437
695.63
347.676
206.924
274.646
379.154
538.135
720.631
413.116
680.379
269.499
206.062
280.675
192.257
363.869
694.953
336.61
784.21
376.312
112.397
101.643
196.415
512.708
804.6
454.372
910.866
411.188
194.859
173.345
243.39
588.108
921.378
496.125
576.454
290.716
124.709
141.936
169.624
393.989
586.399
345.653
935.988
402.61
259.154
243.767
242.396
498.435
946.931
495.862
957.268
461.297
220.455
192.282
170.734
522.044
966.063
547.437
1100.86
502.663
257.52
214.518
246.289
735.022
1139.72
607.683
1009.69
877.813
372.024
157.717
271.263
384.156
916.645
966.915
820.666
689.308
221.202
229.636
203.712
431.01
750.605
768.63
902.138
847.556
388.162
283.042
177.502
368.857
821.653
923.494
847.988
736
363.563
268.274
204.199
303.785
782.556
804.53
924.95
789.445
387.737
350.697
289.182
479.343
857.542
870.034
697.132
643.318
341.797
241.649
205.817
390.628
645.41
682.745
735.89
432.74
284.694
383.955
229.292
386.458
726.68
500.722
773.615
572.354
226.892
189.084
216.359
388.315
734.903
646.419
323.775
283.172
290.543
266.942
460.909
432.459
332.199
278.96
522.029
700.405
576.795
308.68
376.041
364.266
467.172
678.319
802.198
418.931
387.967
524.6
481.001
677.62
828.817
460.31
461.752
285.505
255.276
374.524
286.219
476.499
487.473
308.439
779.445
381.691
178.746
291.874
254.688
478.865
798.953
456.971
848.595
312.414
204.595
301.108
272.828
479.752
863.772
410.706
722.172
346.01
199.512
188.366
222.602
552.494
752.129
381.686
732.315
370.915
186.495
167.193
232.159
494.303
752.776
430.385
1052.55
445.364
128.357
162.979
171.238
484.89
1056.48
568.471
660.337
234.704
173.967
153.438
207.174
383.424
685.348
293.942
981.782
411.132
199.29
244.407
245.478
560.89
993.579
517.146
717.042
296.016
206.368
281.416
395.31
563.999
741.529
366.766
1043.36
761.459
270.844
239.105
230.307
408.191
986.752
866.712
1058.29
628.073
263.569
249.028
321.34
439.216
1024.58
737.786
1050.89
574.761
209.283
239.038
188.267
301.616
1000.67
699.479
968.075
606.97
302.369
414.784
382.68
489.171
924.86
705.762
896.095
747.283
346.439
262.629
274.067
462.006
831.384
814.573
1052.9
751.937
262.438
257.005
195.364
409.337
997.148
861.495
897.469
591.089
277.328
266.855
279.554
323.464
852.586
665.911
642.468
611.357
367.971
268.47
230.689
257.543
590.348
651.827
537.545
503.179
286.441
293.129
249.514
376.815
516.378
528.154
444.534
409.389
321.543
484.481
362.762
299.511
424.336
432.245
354.527
340.598
333.252
296.1
322.291
372.793
370.443
340.094
659.399
427.299
230.323
232.302
212.035
359.664
647.422
487.212
839.633
408.911
241.092
178.325
187.839
493.873
856.123
474.468
739.423
372.093
273.487
330.389
310.961
426.55
753.519
433.263
706.209
316.452
167.582
145.353
153.051
501.805
740.719
374.11
723.806
418.402
202.721
184.84
243.816
340.237
710.348
481.062
652.729
292.43
205.929
199.829
330.434
458.696
660.259
342.017
990.494
389.682
121.918
103.172
130.203
449.748
995.306
505.702
836.09
547.491
146.635
127.384
164.962
553.659
846.367
621.71
1230.72
491.955
306.019
311.882
286.944
554.953
1229.89
639.046
1070.46
775.73
314.219
273.856
259.708
452.774
1017.85
874.073
1128.64
670.273
310.91
266.079
255.213
360.965
1073
790.963
869.237
614.079
201.999
204.068
123.837
324.317
818.453
707.548
903.3
718.863
219.019
260.503
235.006
355.004
833.028
814.12
838.091
711.184
278.152
335.854
268.551
436.042
775.404
793.289
653.029
440.576
288.166
232.659
263.19
361.682
627.218
485.784
822.385
499.674
248.571
202.781
203.956
401.559
808.896
577.531
750.483
461.863
203.555
224.812
193.734
334.321
729.424
539.96
712.54
640.314
226.841
153.514
157.204
347.331
645.391
710.713
875.115
491.883
183.882
163.371
171.048
287.915
835.264
592.057
368.935
235.247
225.204
377.921
368.653
427.491
390.545
253.643
464.698
276.835
203.927
312.945
193.374
338.859
461.487
313.216
757.145
419.915
173.648
155.091
192.841
416.28
754.187
497.176
1062.36
468.282
225.531
245.046
202.394
380.813
1045.77
594.743
1065.45
431.758
127.825
173.361
198.269
488.365
1057.91
563.502
916.83
426.724
143.447
134.865
121.666
306.545
893.943
539.73
693.94
262.036
171.036
133.882
140.246
351.645
709.845
331.606
755.282
289.662
101.036
118.923
109.717
422.556
779.177
358.485
883.881
381.654
145.669
205.252
273.018
598.439
918.176
469.318
1066.02
547.109
188.984
201.554
165.609
415.456
1043.02
663.745
768.996
503.048
312.679
374.316
250.443
435.121
744.578
593.505
1069.02
579.183
249.094
208.668
233.179
404.512
1029.97
696.996
1325.77
686.951
229.268
206.992
144.837
401.225
1276.04
845.827
1275.62
635.566
181.613
175.695
173.575
420.115
1233.81
790.786
724.423
513.432
281.262
228.925
287.712
377.254
691.034
585.681
873.19
515.789
310.776
302.339
233.167
345.772
848.332
585.551
813.521
478.62
295.479
312.849
244.403
496.752
822.948
541.991
758.368
379.322
172.284
176.338
196.664
332.803
748.89
458.897
829.581
504.15
219.899
278.709
211.421
395.586
794.685
589.347
528.162
343.174
186.282
307.883
254.815
262.979
508.603
393.081
608.573
289.019
191.888
335.615
211.321
353.843
611.869
340.627
759.939
377.541
174.688
330.666
264.217
408.615
759.942
457.122
806.892
397.133
224.725
243.574
167.574
314.997
790.213
484.271
713.122
323.088
176.077
130.633
129.134
317.95
707.303
400.806
1034.91
414.059
199.595
205.152
169.577
476.765
1039.45
533.417
842.754
397.703
159.017
219.825
183.424
322.329
823.639
499.639
823.745
371.153
243.315
215.319
236.345
415.292
818.036
450.371
943.128
388.87
150.912
278.128
202.148
378.156
943.025
500.754
939.915
428.79
181.7
239.29
217.629
396.273
925.593
539.392
1010.75
417.537
218.148
211.919
273.077
666.143
1044.87
505.817
953.497
581.264
272.964
263.545
217.695
370.784
895.792
690.815
836.772
556.687
195.727
139.309
151.212
342.041
790.539
644.399
1167.7
795.972
284.858
181.471
184.27
472.7
1106.01
918.591
1241.64
657.89
173.624
101.726
159.741
432.318
1196.83
799.996
554.344
402.367
228.941
269.967
204.106
296.232
528.582
449.78
962.687
629.485
322.701
326.813
261.943
457.585
930.896
727.32
810.191
492.861
228.961
224.503
227.343
458.392
806.273
566.442
610.834
316.77
220.496
313.645
233.286
293.423
598.061
375.308
782.715
400.29
183.651
192.003
245.723
353.804
766.785
483.939
588.45
283.17
196.771
296.777
200.442
360.369
602.657
319.475
791.409
397.154
176.193
358.175
235.351
387.529
784.29
484.332
673.906
423.031
269.067
333.831
274.807
301.804
655.723
485.652
430.576
251.15
177.096
209.258
176.592
185.261
416.296
293.148
741.796
425.699
174.113
223.33
145.608
278.301
712.838
503.78
680.247
363.842
181.153
142.881
113.232
343.925
678.098
427.619
821.152
499.123
200.711
265.316
217.723
298.413
772.806
596.404
1152.88
468.58
164.988
194.023
209.931
507.601
1145.67
607.38
871.451
346.813
120.036
197.649
146.666
387.637
873.705
450.444
1087.93
487.766
157.415
164.592
196.739
378.609
1060.23
627.97
1205.16
511.787
123.067
83.7231
104.322
483.44
1192.21
659.048
1121.57
750.514
315.977
162.993
163.933
343.149
1048.72
864.587
1285.72
649.191
137.003
119.45
121.807
388.561
1236.38
809.698
1036.75
723.178
312.222
298.776
238.91
423.274
984.576
829.452
955.687
681.83
276.437
396.824
284.633
370.489
896.443
783.753
812.191
454.909
216.88
231.199
249.904
378.061
785.118
540.702
918.236
525.573
245.88
255.892
200.029
473.871
906.871
621.954
714.071
418.547
197.762
209.003
213.791
320.44
699.178
490.87
527.161
282.983
151.396
183.513
193.147
291.454
523.33
335.222
645.879
315.43
219.756
197.905
209.171
329.785
646.796
369.426
550.877
328.914
289.543
273.708
181.958
465.168
586.756
340.065
471.316
324.705
169.596
205.145
267.846
431.82
488.968
364.266
428.456
254.976
249.954
285.185
267.923
195.459
415.831
291.536
728.032
388.807
158.214
147.729
134.018
353.987
714.465
468.455
868.785
464.594
144.774
82.2714
101.549
318.953
835.57
560.565
684.076
358.084
159.732
156.206
161.763
357.926
686.55
419.715
745.301
353.895
147.963
124.239
110.208
250.342
720.711
443.748
894.714
338.199
145.457
320.379
190.361
415.029
902.457
446.673
745.068
402.675
219.293
200.019
209.768
321.592
726.376
476.113
986.286
412.019
95.6604
113.153
153.513
403.711
975.156
533.725
804.213
405.564
180.606
215.812
227.446
372.857
795.605
486.262
1011.3
545.63
176.866
207.725
130.326
319.211
963.188
668.181
765.655
592.614
347.787
323.639
260.619
290.892
713.889
656.748
1030.94
545.637
257.302
183.481
154.929
341.019
995.774
661.163
725.188
448.356
238.352
221.503
187.393
273.289
701.625
510.486
911.735
472.249
129.049
112.581
112.973
416.134
899.935
570.725
811.378
464.954
292.102
410.046
277.1
427.998
800.708
550.186
902.072
504.02
242.712
263.363
207.787
505.873
905.946
592.219
657.892
384.93
138.097
168.711
149.054
336.904
651.637
451.091
551.68
304.868
193.039
241.195
244.623
331.399
557.537
349.439
321.279
247.114
170.23
246.414
335.358
341.628
325.156
262.712
625.432
600.548
356.292
315.438
224.077
276.161
573.161
644.927
636.188
586.422
249.19
211.878
157.631
378.278
589.865
641.587
559.389
532.331
252.642
320.921
366.444
270.231
502.592
582.343
949.856
600.554
206.995
167.606
160.009
406.028
912.563
703.436
624.248
399.992
268.944
195.709
224.491
307.869
613.445
453.854
679.476
376.375
160.754
219.266
199.481
405.424
679.604
435.281
763.366
461.443
197.191
128.065
163.084
260.58
724.077
544.176
731.152
345.803
216.142
232.259
150.798
263.101
712.048
433.485
795.26
418.52
138.823
99.4733
115.721
412.187
792.12
498.627
902.515
416.408
163.669
132.572
157.774
482.197
909.042
510.106
1098.72
671.026
191.589
136.952
100.98
324.083
1035.99
793.44
897.774
536.518
215.717
249.463
201.058
418.021
879.172
628.301
907.836
464.42
124.647
167.744
161.095
443.032
899.322
567.132
741.43
337.087
194.512
227.353
177.003
301.647
729.738
418.364
1148.89
582.981
164.754
113.456
126.737
452.392
1120.66
711.899
897.116
471.384
148.358
154.173
177.031
462.592
894.731
567.067
609.519
334.06
261.546
182.831
218.649
416.55
623.765
375.124
651.721
314.34
150.514
177.118
186.702
366.026
650.431
384.629
585.799
357.567
223.945
268.005
259.591
404.014
589.332
404.772
407.673
268.498
277.137
386.217
290.309
392.583
427.186
281.444
388.154
289.721
227.4
389.199
265.835
263.6
378.29
321.716
637.282
488.311
299.611
225.241
206.379
314.549
611.428
537.415
674.015
606.718
371.174
385.677
393.383
522.525
633.717
646.852
812.622
458.435
182.781
120.758
123.713
279.91
782.539
545.083
553.852
376.019
194.888
168.029
137.386
230.35
534.067
418.495
748.059
481.083
148.565
108.164
122.807
312.412
711.816
561.746
869.235
391.624
89.022
153.71
122.95
303.898
848.252
501.806
856.596
387.166
115.961
124.54
86.5405
329.03
840.847
494.602
907.841
447.444
155.733
142.761
120.912
474.559
914.594
537.587
1083.97
456.815
196.85
179.782
149.892
402.438
1065.02
596.354
1049.59
668.615
257.871
226.082
261.801
348.236
990.531
783.409
583.088
423.053
250.378
284.689
210.613
387.399
587.012
466.693
946.901
525.717
206.991
190.541
174.426
385.529
911.456
629.572
629.211
422.702
156.236
104.559
118.383
272.855
598.351
489.8
911.865
506.626
222.05
225.002
179.632
487.826
906.117
592.391
676.183
322.907
175.981
180.508
229.957
432.865
678.916
389.654
683.348
370.145
161.373
176.954
155.498
320.251
667.983
440.625
638.149
354.639
192.887
189.549
223.163
360.629
630.992
407.971
407.373
211.749
166.661
311.379
293.004
412.421
432.023
241.126
311.1
194.997
302.573
640.744
462.293
367.277
327.514
199.259
434.354
320.1
291.091
270.042
182.266
201.871
425.293
327.634
657.227
555.49
351.902
285.013
148.833
217.202
612.852
599.008
624.885
397.762
162.686
156.448
110.584
215.439
595.425
464.43
704.682
497.267
222.711
177.144
144.328
295.178
670.328
567.627
817.084
464.354
285.993
388.153
268.212
276.99
779.978
550.401
728.404
384.676
119.525
104.79
164.249
293.809
699.844
474.563
942.856
451.61
145.407
180.218
173.728
302.192
910.214
569.888
871.953
425.999
131.103
133.365
112.401
287.306
838.635
540.1
1247.85
548.96
140.809
94.0833
102.216
460.118
1228.96
702.529
969.223
429.319
118.625
104.728
160.548
482.836
967.863
539.554
1221.08
796.737
239.37
102.911
146.878
400.233
1147.12
928.848
754.391
344.801
144.761
179.799
164.574
295.062
740.183
427.688
615.338
435.871
168.457
175.961
190.169
512.861
628.464
497.87
630.137
366.161
124.326
82.0446
122.573
334.351
614.5
429.526
790.998
395.376
140.112
160.311
227.09
467.841
802.273
472.269
647.573
344.327
224.384
215.855
202.414
418.311
665.146
394.92
460.36
228.966
176.784
229.258
176.89
276.608
456.969
271.293
357.576
229.97
151.254
214.842
163.692
266.761
366.22
260.575
601.819
282.795
171.006
273.854
251.454
471.894
628.345
334.155
360.905
237.191
270.653
287.13
373.393
424.21
381.141
246.84
290.46
302.483
376.374
480.818
385.027
267.87
292.562
280.837
474.977
472.604
253.856
189.438
174.642
269.865
438.63
499.714
444.618
371.384
223.453
203.139
178.626
202.413
416.647
407.524
473.084
375.658
248.495
241.418
220.07
279.837
452.104
416.684
813.253
533.395
166.133
96.1757
89.6394
278.789
769.79
621.549
795.232
428.936
143.119
146.487
166.341
303.378
763.718
519.068
799.021
439.061
168.132
84.0668
72.2671
264.301
773.635
523.771
851.967
347.968
124.652
196.083
133.429
361.711
849.8
452.441
1134.44
560.82
228.191
158.386
174.525
403.053
1101.3
694.591
847.824
531.809
228.22
156.365
113.644
393.16
827.332
616.707
