305.454
416.866
402.181
246.479
201.007
183.174
275.431
402.561
220.054
473.502
469.082
282.071
258.69
206.833
183.605
440.206
221.262
362.158
331.921
340.781
276.812
271.72
223.515
336.64
284.126
465.111
595.61
408.629
322.919
262.259
289.566
427.182
321.124
378.42
526.522
388.245
254.414
286.718
333.598
343.406
242.294
430.525
537.662
438.114
261.395
302.026
232.402
379.347
183.482
372.075
663.117
660.371
325.466
169.309
167.389
329.637
290.812
526.62
683.166
543.441
289.749
266.027
282.001
480.041
231.663
350.3
602.108
635.282
334.901
238.835
241.021
319.152
171.527
327.672
578.273
612.333
323.782
176.736
154.889
289.318
197.611
262.022
604.476
676.879
398.659
195.402
182.046
238.171
324.225
309.9
475.577
794.376
408.357
241.939
306.218
320.47
248.59
149.027
282.162
580.392
343.787
203.053
258.107
163.103
134.758
126.776
328.502
795.921
422.925
126.703
134.905
121.809
205.566
125.009
312.782
644.086
358.652
204.881
215.174
131.775
175.55
147.223
347.396
863.695
569.573
201.681
177.358
143.797
136.67
202.635
338.788
758.591
388.842
199.974
137.415
187.308
166.442
184.964
304.425
710.097
596.021
214.909
167.938
185.775
234.273
268.328
354.714
598.035
677.784
411.257
242.806
250.24
278.906
259.719
379.619
736.273
859.326
477.297
267.985
268.479
337.55
474.415
312.403
155.519
216.012
296.243
301.608
467.54
328.967
492.466
367.984
211.301
170.389
186.298
297.34
482.574
271.279
403.483
441.838
243.353
230.808
281.168
281.908
369.616
240.974
342.933
491.421
357.212
299.942
248.651
243.185
303.536
294.911
389.698
571.629
386.245
257.196
252.374
284.721
357.915
227.886
311.432
525.073
386.693
331.891
185.87
208.256
285.259
188.384
352.655
604.789
600.369
316.115
236.532
192.482
310.244
158.023
383.79
585.359
559.282
303.524
254.628
153.443
331.173
321.801
331.917
515.319
550.134
290.29
210.044
316.015
313.447
146.925
366.284
629.574
676.65
283.058
155.422
133.479
316.564
203.854
296.127
626.894
819.859
391.03
119.095
189.908
272.579
233.538
183.514
378.213
682.766
439.228
171.682
226.563
192.652
163.576
244.817
473.115
480.12
349.429
193.235
169.091
215.428
170.135
161.197
308.453
616.521
318.934
228.219
172.503
157.957
248.958
229.018
302.716
852.808
584.157
213.017
237.973
233.973
195.364
169.781
296.173
744.953
650.456
292.919
205.19
178.138
87.5736
148.925
375.95
783.862
494.439
207.384
93.592
130.741
218.027
217.244
422.798
702.901
777.702
373.471
218.647
198.712
224.613
253.572
491.997
618.964
695.892
366.734
227.273
215.837
275.712
271.544
478.338
680.666
812.448
451.289
277.839
257.416
240.652
419.278
252.432
187.425
206.936
291.271
227.69
401.17
367.675
459.105
338.568
152.683
184.965
367.147
347.774
456.724
341.101
519.295
475.133
230.864
252.488
274.544
308.288
494.128
185.334
385.466
457.213
341.055
261.834
214.67
177.737
353.497
214.972
298.829
450.634
496.438
228.148
173.918
212.415
278.357
272.772
368.093
473.652
424.563
297.4
252.175
274.389
353.22
317.322
338.008
537.858
610.952
378.688
258.65
311.258
319.798
297.345
424.308
600.084
523.475
258.257
178.122
270.906
387.059
265.706
361.997
492.743
525.203
264.536
240.537
261.154
332.447
258.535
266.894
606.651
851.648
436.324
187.306
250.092
259.996
228.848
251.504
631.684
808.343
401.943
225.353
236.289
219.774
201.787
218.078
420.797
706.633
429.914
161.48
197.598
210.328
225.795
233.351
404.366
620.546
330.993
264.281
231.456
223.859
185.323
188.643
310.571
637.226
520.144
244.443
185.092
175.083
172.601
158.527
362.714
728.782
556.655
220.956
168.305
152.903
107.003
207.873
333.78
797.562
736.252
363.129
117.026
184.982
180.442
149.428
241.595
590.333
572.828
335.095
195.371
149.109
298.386
233.888
343.244
468.577
706.76
555.698
322.028
231.096
412.241
354.111
348.379
412.678
509.804
477.063
418.379
379.714
292.592
215.96
262.732
420.078
442.932
316.491
302.314
228.845
339.52
439.51
249.18
208.363
178.459
234.049
301.247
437.636
223.569
357.433
418.652
256.372
202.62
215.718
224.044
317.787
276.193
435.302
418.091
319.652
254.342
224.352
259.674
417.562
273.78
386.006
506.109
377.827
357.471
212.807
263.153
363.413
282.616
387.978
502.036
344.762
293.47
286.264
263.121
373.266
222.96
354.7
564.829
547.414
307.679
213.543
214.538
323.838
204.155
448.225
602.171
458.454
283.75
309.819
196.278
388.183
212.897
497.268
570.877
404.841
267.937
317.589
197.955
439.706
152.54
402.653
715.278
636.5
335.966
238.888
138.794
343.77
295.128
368.647
590.686
687.265
318.536
144.558
273.714
349.659
219.761
303.469
624.268
769.876
385.601
224.183
216.06
269.331
196.488
149.82
295.793
615.805
367.961
198.508
207.449
153.786
235.786
226.175
493.539
742.679
367.073
180.108
231.942
219.845
193.46
187.408
297.039
529.397
495.698
225.945
185.876
188.16
250.102
172.507
404.327
772.58
516.294
219.977
250.556
171.525
200.037
211.91
338.243
685.384
742.414
423.761
199.245
205.598
233.346
260.603
332.246
673.313
648.296
394.851
241.726
258.291
239.341
218.324
481.927
584.491
852.225
548.755
264.988
187.249
261.07
254.356
306.217
356.957
414.571
305.221
264.242
253.802
208
189.802
263.04
562.339
644.207
459.554
232.423
185.2
333.494
567.534
315.689
124.388
139.575
314.36
296.962
548.612
481.744
576.068
420.777
258.417
230.004
217.433
431.263
584.729
286.973
480.377
370.765
246.942
257.611
240.222
259.006
461.671
350.236
520.288
507.479
368.021
228.267
240.213
317.006
506.295
273.812
427.517
480.99
352.688
212.926
175.51
246.133
397.495
324.594
374.442
467.831
398.125
292.841
260.862
310.431
366.069
420.608
484.912
648.943
425.902
367.103
301.095
408.511
452.886
352.616
394.072
337.045
276.522
190.393
276.354
331.057
397.582
203.863
375.464
767.99
669.644
439.867
249.336
191.828
313.178
175.602
216.806
544.709
876.978
388.167
157.485
167.728
200.109
321.803
295.063
499.243
697.321
391.358
200.466
300.039
313.285
170.523
175.977
413.955
729.26
400.553
196.544
170.134
161.494
117.014
165.58
353.602
657.202
429.775
173.714
112.061
154.611
171.04
170.545
307.992
499.303
392.602
188.264
171.527
166.835
166.351
249.641
395.407
639.768
385.088
198.992
159.16
228.097
247.901
279.738
260.865
365.055
438.847
280.131
235.184
284.665
251.23
202.301
388.586
539.258
510.562
327.151
259.455
203.644
277.936
198.924
386.623
442.291
565.372
453.133
307.456
198.391
218.913
203.569
318.474
714.194
642.009
351.658
217.845
206.199
327.416
236.15
246.961
331.637
336.929
334.689
332.35
249.155
445.498
542.163
305.098
244.014
221.34
282.803
404.383
560.609
412.374
540.493
411.925
191.007
207.113
316.591
394.222
535.47
461.209
569.26
391.862
181.857
185.939
275.94
421.638
570.482
412.276
467.731
396.646
238.858
226.809
197.465
378.379
471.012
407.661
409.133
398.347
280.572
213.21
275.396
409.337
404.069
376.11
429.77
398.15
313.574
167.407
239.064
362.889
421.177
231.404
315.43
403.319
344.363
238.202
241.376
230.871
290.77
256.873
316.727
486.194
483.76
343.497
246.261
250.569
299.86
291.303
313.522
436.311
563.891
279.604
255.601
282.907
306.897
182.608
290.32
599.08
608.436
314.436
249.953
192.373
251.512
174.118
191.92
455.816
829.447
397.258
209.382
183.404
172.065
271.321
220.345
445.178
751.644
444.706
240.315
281.492
218.225
365.781
241.902
315.075
459.598
536.34
332.911
361.303
272.758
172.147
178.309
383.402
736.876
557.718
246.997
177.171
168.521
232.807
248.474
322.816
479.012
515.685
349.227
244.321
249.56
231.831
181.447
277.261
369.128
358.574
238.919
233.769
183.294
214.514
136.057
232.652
470.504
531.409
329.7
224.467
143.03
178.506
225.553
289.195
455.468
416.715
307.054
182.322
207.635
396.684
273.637
203.597
428.082
583.086
616.985
445.503
285.083
262.888
193.054
353.85
521.915
529.446
335.892
275.134
193.466
532.52
596.488
352.884
198.855
183.91
251.188
480.196
615.605
631.005
565.971
292.721
163.986
157.123
285.7
585.749
607.324
417.58
433.846
345.431
222.011
186.142
233.259
394.253
442.986
429.933
490.102
439.005
287.69
219.938
255.586
392.62
497.734
325.822
405.165
441.388
296.923
176.656
247.481
321.441
390.768
285.872
253.867
384.142
367.524
302.472
263.489
295.684
241.265
362.808
405.883
416.427
421.053
268.338
275.088
338.945
407.844
328.15
403.73
524.87
518.749
249.425
295.959
325.725
367.085
225.092
193.755
280.001
411.755
311.962
212.827
225.394
195.904
293.822
258.641
401.196
773.896
500.155
225.389
284.961
266.323
246.629
235.39
498.409
855.414
488.53
200.782
249.559
227.767
126.539
118.919
474.303
929.94
588.315
184.697
130.054
109.825
321.516
156.211
227.654
464.461
525.599
369.517
338.565
177.943
187.748
165.837
380.825
823.849
634.48
218.827
178.604
166.892
172.891
253.067
317.875
372.795
346.162
182.543
160.669
239.43
225.291
142.295
308.152
406.57
567.763
378.963
239.948
148.812
228.462
211.05
252.049
323.613
435.204
382.978
249.46
188.092
276.077
182.578
209.931
321.695
397.973
395.443
303.013
187.942
268.722
201.785
256.584
516.367
467.763
386.476
295.315
201.186
314.3
223.628
241.422
447.996
551.389
550.956
352.358
207.926
475.689
581.113
401.236
210.182
173.326
240.493
425.183
594.469
452.126
566.383
296.479
145.049
150.785
252.068
399.866
579.487
347.079
365.071
271.88
218.929
228.974
254.741
334.493
369.376
369.88
474.863
297.596
231.179
188.777
351.039
344.507
478.792
376.063
330.55
248.483
199.448
196.549
216.46
360.592
345.235
260.532
304.754
285.74
224.923
178.958
234.781
258.344
300.414
356.397
462.324
407.012
327.076
258.834
209.529
325.57
450.579
323.897
274.304
310.093
208.602
240.213
271.781
314.589
262.958
399.526
438.56
658.394
457.426
292.296
314.705
407.939
402.125
148.465
171.877
376.412
760.221
398.673
169.677
152.361
161.3
383.667
435.113
372.007
529.177
477.945
434.602
376.246
432.95
134.325
169.943
452.496
884.122
596.714
223.507
138.454
155.199
307.059
258.611
394.073
363.953
546.409
481.107
336.219
236.747
251.718
270.311
264.987
391.343
545.195
350.318
258.291
263.286
314.174
235.881
293.829
311.746
456.816
427.196
327.363
232.984
356.309
260.635
417.422
432.136
395.849
351.517
364.756
260.556
191.081
214.148
238.035
301.42
376.023
333.03
187.304
204.193
433.091
374.556
249.389
322.008
457.693
527.645
443.645
396.58
346.571
247.472
238.115
302.976
471.729
548.156
382.557
253.424
459.705
286.911
251.703
236.221
283.691
371.984
468.892
311.252
442.285
336.666
190.573
151.695
96.5796
156.944
409.819
379.237
767.309
596.354
257.177
139.609
143.091
300.64
720.636
657.73
354.575
423.116
329.008
214.97
270.904
414.669
365.567
418.877
438.151
522.056
326.844
196.811
280.211
341.023
406.606
530.033
416.203
529.924
320.252
193.563
182.693
246.815
377.408
534.636
307.816
335.473
288.017
348.591
267.013
276.161
313.106
340.906
438.022
304.905
280.944
227.737
315.163
311.179
434.698
310.55
392.724
491.376
326.732
178.486
214.644
356.586
375.261
496.061
281.061
390.831
415.403
360.885
210.947
211.186
252.948
383.345
429.466
295.902
459.269
617.098
495.167
413.086
436.274
304.695
338.523
276.16
229.836
528.187
456.086
335.667
334.254
286.575
241.484
226.734
417.951
784.954
551.172
254.614
239.756
226.155
543.78
358.584
187.006
399.432
544.931
709.884
589.128
381.294
283.171
225.91
284.623
341.008
379.07
413.572
302.865
208.462
250.167
232.851
540.322
533.631
554.472
344.944
256.862
198.148
403.952
268.505
190.583
259.419
251.851
266.007
396.673
305.492
516.337
345.057
236.143
245.525
364.622
622.805
562.522
349.729
474.449
234.696
198.391
189.114
360.435
526.238
513.123
261.922
584.222
310.481
255.96
284.321
243.159
359.035
599.88
341.705
522.947
335.996
369.549
460.65
586.42
432.303
516.057
375.768
585.099
503.965
187.101
83.9122
109.114
236.855
535.61
558.379
489.48
470.022
241.998
153.389
113.953
209.453
452.866
499.981
467.128
453.391
411.083
274.402
249.523
261.615
455.177
452.427
643.183
508.539
322.801
252.492
269.947
251.05
603.235
558.773
519.566
399.146
268.412
167.336
149.979
321.328
509.739
426.74
366.77
314.772
237.253
216.451
205.587
181.057
346.004
338.015
464.133
524.768
357.787
238.103
153.413
198.202
430.74
533.273
448.626
494.224
280.495
170.615
176.318
333.116
428.23
503.3
202.548
291.32
314.191
347.261
280.028
245.266
205.854
273.536
577.23
342.84
444.217
719.95
412.932
300.165
565.278
397.201
337.28
231.984
219.511
292.784
379.017
366.151
337.495
248.944
353.512
219.534
345.842
468.683
659.683
591.18
395.619
230.577
264.708
310.541
353.995
242.938
240.506
329.841
270.925
290.01
720.016
355.101
206.71
169.35
283.934
580.237
745.532
412.952
416.957
218.216
294.384
453.385
563.862
533.656
445.81
240.428
598.377
361.614
277.462
407.226
528.243
722.65
645.657
378.272
410.816
247.397
182.236
200.142
283.071
485.838
450.579
270.19
458.251
333.24
229.432
226.161
271.935
456.928
479.311
347.964
786.925
359.473
138.831
229.489
266.615
573.4
820.41
436.638
865.057
381.617
107.567
104.11
170.92
595.942
905.526
464.6
755.077
608.252
198.217
102.685
99.2507
285.869
694.813
685.149
665.34
424.031
144.688
117.356
108.415
263.896
641.47
490.289
790.447
490.061
191.345
180.708
126.133
290.496
758.758
575.035
704.801
388.163
158.574
202.451
181.229
276.625
672.209
471.147
523.5
425.85
216.87
185.425
147.38
188.873
488.859
461.837
444.445
325.14
160.318
89.8821
75.1364
183.713
418.129
367.598
482.347
327.36
249.873
173.031
184.933
241.488
474.127
357.785
483.199
339.14
198.514
200.465
193.846
390.045
497.763
376.896
491.753
321.688
313.409
340.398
239.363
260.889
486.531
352.55
212.178
198.462
356.664
389.907
273.149
210.355
218.375
191.995
592.882
447.08
213.333
216.382
149.769
289.193
575.222
480.697
366.937
342.737
349.075
393.444
261.378
186.518
348.884
352.442
712.931
339.975
208.759
284.151
364.07
586.938
744.441
400.272
669.175
334.366
206.77
230.268
381.018
650.449
707.081
378.376
484.501
224.884
152.528
266.429
387.142
575.452
531.33
253.815
454.015
274.675
254.804
236.496
340.299
407.199
463.86
298.839
383.666
243.593
220.772
194.172
308.234
408.934
399.616
262.044
591.042
291.537
210.434
213.313
249.355
456.145
608.747
334.772
625.065
327.218
217.118
179.028
289.203
521.645
659.765
366.961
401.735
278.209
157.715
158.676
197.082
379.732
430.316
287.509
762.863
468.43
162.14
189.108
101.337
251.709
728.418
549.243
743.158
536.606
207.566
100.031
118.851
282.098
703.727
605.353
695.581
499.541
192.144
99.5995
100.457
281.473
663.714
566.882
744.022
338.197
222.951
210.592
191.21
390.767
756.352
393.463
677.712
322.544
163.794
153.662
218.415
421.634
691.197
382.202
431.596
240.295
146.421
110.361
209.245
450.87
464.718
252.525
298.626
313.809
269.007
251.715
176.95
233.308
295.875
316.168
365.27
390.608
405.145
337.663
191.71
193.219
343.816
389.399
455.33
480.126
361.701
315.407
238.603
237.031
415.313
498.111
337.711
367.064
286.578
273.341
214.526
238.633
320.789
373.709
652.653
456.094
230.504
262.865
226.899
237.949
622.453
515.033
765.649
401.093
145.2
247.566
223.685
407.871
762.324
485.714
720.24
320.909
156.587
170.754
171.944
333.961
714.881
400.692
893.962
413.106
199.922
222
275.053
412.835
885.408
511.81
432.839
301.341
211.859
268.966
225.944
322.66
433.054
335.637
547.608
230.084
174.148
246.248
195.443
379.867
567.408
282.179
634.701
303.104
234.189
364.086
306.639
496.466
670.152
352.617
536.279
242.643
230.014
277.246
306.114
444.056
561.935
284.024
564.738
504.485
290.769
194.277
161.55
215.223
520.25
544.677
492.145
254.321
207.172
241.821
245.739
340.676
500.77
299.182
815.13
385.209
168.569
159.527
129.111
284.159
797.131
483.84
589.804
416.326
180.575
115.121
121.969
263.369
565.453
470.336
659.229
350.392
141.624
131.88
140.867
393.241
665.905
414.772
599.495
328.022
147.604
121.213
173.164
294.079
591.879
388.391
566.117
281.372
155.119
199.495
211.69
298.524
561.984
338.856
450.069
394.919
304.649
232.661
187.167
267.604
436.752
404.798
135.696
230.541
308.105
621.313
403.024
189.353
126.966
205.609
308.104
304.533
348.675
422.951
232.321
205.49
297.46
306.948
283.953
375.566
473.201
385.097
340.776
204.583
266.232
358.421
365.728
278.816
283.423
285.658
220.559
225.677
356.884
293.344
418.963
402.739
359.432
299.937
180.085
180.616
389.79
413.427
684.362
471.536
169.971
184.323
172.989
271.922
651.306
541.601
478.926
270.019
242.696
225.925
204.186
261.909
469.126
301.702
446.582
265.068
214.502
229.064
188.994
219.683
434.275
286.998
508.877
278.553
166.765
261.697
233.878
232.916
485.709
338.546
699.904
364.169
245.167
319.189
246.217
305.92
687.192
435.13
526.31
349.217
231.748
301.522
228.09
287.59
505.524
400.338
431.322
284.176
190.816
315.768
279.086
279.773
430.837
312.4
791.012
381.037
177.49
267.155
222.878
334.563
777.518
470.252
696.971
319.843
212.422
290.593
253.665
473.262
717.453
381.812
505.124
287.836
216.306
181.837
141.957
261.326
490.182
338.467
660.421
440.516
136.947
126.455
103.805
230.952
625.479
510.706
493.388
300.797
161.44
194.18
177.205
286.073
493.011
344.153
383.518
249.816
157.277
200.092
153.507
228.447
377.362
287.118
446.488
414.602
243.332
224.01
327.462
522.535
476.731
417.354
298.983
200.139
153.777
311.86
433.531
454.41
332.065
210.959
222.957
134.816
178.938
394.76
333.769
205.987
221.925
149.726
206.502
164.143
291.597
379.195
278.824
230.225
210.306
165.388
468.929
305.892
183.933
287.049
323.546
301.762
460.114
349.624
340.1
437.38
394.611
525.765
290.804
231.794
313.41
437.5
312.589
278.514
177.179
245.35
221.338
168.503
290.043
302.191
456.512
332.971
349.124
283.249
352.822
292.785
443.186
341.025
506.81
369.578
187.473
169.833
165.97
217.876
480.649
418.089
327.035
317.456
196.725
283.852
227.404
320.283
320.532
327.911
493.614
291.005
156.542
165.652
181.201
185.884
466.084
350.551
568.576
489.973
391.521
431.751
443.303
352.488
529.105
516.211
534.337
465.744
327.784
436.862
331.266
242.568
492.975
510.797
451.563
381.006
240.043
368.526
251.596
342.89
443.248
406.525
889.195
654.542
230.87
226.961
226.418
391.598
840.413
743.784
802.209
412.539
187.535
221.962
189.917
409.04
800.669
494.352
529.493
292.937
180.643
215.117
155.134
289.368
533.358
339.466
647.36
267.933
97.1412
152.476
145.667
313.215
645.691
343.614
945.389
412.56
191.423
286.036
213.297
406.516
930.121
520.128
603.56
297.404
148.84
174.08
236.364
417.822
608.155
353.443
380.035
301.214
216.646
234.644
384.426
522.128
416.971
310.327
295.138
283.885
225.218
297.432
312.376
314.218
304.991
279.233
309.392
237.304
387.519
455.472
537.058
425.01
336.093
215.274
243.747
250.139
322.886
424.646
380.258
315.223
261.79
234.409
272.721
252.27
321.516
440.986
285.088
271.35
282.467
250.848
308.577
295.789
341.191
296.384
230.038
264.855
302.384
287.418
407.11
244.546
266.285
444.29
355.74
350.723
424.505
264.098
393.878
558.96
392.531
453.606
354.874
400.31
403.478
548.129
352.505
417.519
225.937
147.781
145.397
298.646
324.609
432.78
295.686
276.523
247.441
250.054
231.224
317.409
287.744
281.267
381.054
286.894
201.397
289.817
265.751
269.088
370.034
317.708
443.533
379.273
179.726
218.665
259.755
365.396
422.886
419.879
735.758
389.605
222.576
227.69
180.673
239.816
710.531
470.028
827.097
562.849
203.954
226.95
186.914
367.519
794.614
646.13
632.667
459.069
215.954
275.605
202.927
221.944
588.692
514.554
774.81
390.455
231.403
342.415
267.084
279.493
748.392
481.213
560.967
280.343
137.996
153.323
164.898
214.968
541.91
347.548
518.206
251.986
137.915
160.692
203.166
425.53
547.914
296.377
659.857
287.077
133.847
129.993
175.883
400.098
678.086
352.592
459.33
309.261
181.831
214.474
335.111
544.074
497.103
322.701
252.338
184.884
188.751
239.565
312.227
347.792
258.703
185.274
186.89
167.235
257.923
517.561
382.808
192.77
182.464
175.847
247.343
233.275
236.84
445.294
492.205
336.515
235.331
240.747
144.754
238.588
246.704
304.421
188.33
181.787
133.683
227.525
206.879
271.028
418.331
425.628
259.211
218.184
212.33
245.69
289.342
379.99
409.137
283.734
276.568
284.843
273.656
363.578
519.161
374.003
325.944
358.948
258.424
252.492
493.407
424.917
396.894
410.186
335.92
300.064
260.293
385.188
383.657
418.201
542.313
417.291
180.874
253.601
192.926
419.487
552.461
459.462
452.169
497.293
441.149
364.78
353.69
218.738
410.647
509.065
240.657
324.709
303.348
372.537
276.59
198.482
220.239
316.645
370.402
314.291
213.168
199.347
184.89
267.23
363.497
324.981
557.34
363.554
170.937
174.579
154.421
271.045
543.641
414.314
497.568
437.468
173.148
143.093
97.9751
181.372
454.64
483.334
536.369
467.304
275.842
279.674
240.566
233.973
495.5
513.834
528.95
338.744
213.147
221.248
185.683
250.566
513.722
387.979
574.531
309.221
150.356
117.861
100.587
268.07
565.456
361.197
480.264
221.07
132.256
187.447
266.118
416.276
503.454
263.844
371.218
191.405
148.543
226.952
316.07
410.893
403.5
212.347
212.941
208.111
187.577
233.028
270.094
294.753
223.845
200.335
399.192
322.471
269.127
333.994
391.934
353.046
405.522
323.327
234.966
181.019
197.254
444.752
361.304
205.595
236.7
188.645
214.671
167.479
266.79
585.165
458.252
212.08
209.614
177.611
267.194
211.17
331.632
667.712
346.957
217.589
268.205
221.374
366.005
285.046
418.895
553.439
408.449
286.819
356.264
298.351
202.155
211.614
335.769
376.023
290.98
227.732
198.876
199.378
344.195
351.646
448.65
466.256
201.714
170.192
325.495
342.569
640.443
555.225
304.189
398.644
330.802
300.676
595.127
608.577
645.309
547.298
289.637
152.096
131.15
311.103
609.511
586.875
373.758
424.895
263.253
310.24
238.721
343.191
355.963
436.802
338.494
302.013
224.837
313.29
299.764
280.002
350.096
296.671
396.03
368.962
299.326
251.169
261.949
231.258
373.494
384.373
389.092
443.638
278.86
202.311
263.301
331.958
362.223
451.413
435.078
374.632
309.085
331.458
244.86
235.795
415.213
400.672
427.861
429.357
289.708
257.786
247.876
367.537
424.748
447.432
618.084
598.592
316.394
235.555
204.058
295.498
565.56
639.019
508.588
264.104
110.837
143.599
185.466
365.841
524.679
307.414
360.814
192.699
164.613
147.143
160.302
270.165
374.575
219.407
285.247
170.472
150.893
239.557
216.463
337.904
310.858
171.968
264.046
196.456
217.705
216.607
279.288
346.829
280.667
190.541
199.317
136.257
137.443
221.224
188.242
173.848
204.663
142.324
228.011
185.291
297.08
553.434
585.221
328.325
239.631
183.602
257.26
182.967
255.763
326.643
387.351
232.475
256.75
191.865
149.936
178.515
313.847
409.672
254.26
138.252
142.85
168.804
206.068
218.016
387.993
447.01
238.462
188.476
212.031
199.473
298.853
378.787
384.822
249.54
246.564
240.804
276.938
378.921
256.224
207.268
248.62
337.256
254.926
221.672
262.586
205.066
208.593
214.343
291.328
298.019
295.833
199.82
203.589
215.214
453.737
387.163
316.593
267.313
271.444
269.558
428.588
402.935
353.833
443.067
468.156
425.826
213.393
264.515
331.812
437.903
237.567
241.624
337.897
352.731
197.805
127.174
222.304
239.465
214.853
184.704
248.632
424.498
323.842
238.412
225.691
176.708
182.589
265.89
380.427
462.122
263.075
135.8
167.171
253.827
186.403
220.708
309.893
442.887
298.443
190.497
177.074
209.269
210.114
240.001
355.777
592.663
396.817
182.78
209.634
223.388
393.165
324.481
215.939
328.698
311.603
209.299
368.359
356.918
395.571
197.646
149.59
191.033
252.16
370.777
415.503
231.773
329.714
239.602
161.656
169.785
145.551
238.969
325.982
262.948
266.437
234.785
261.801
326.472
423.253
390.997
285.097
229.125
199.485
168.357
192.022
248.114
380.602
364.761
223.798
165.899
387.606
261.95
202.033
468.593
563.71
469.053
411.912
285.728
100.874
110.571
247.909
416.327
419.137
187.222
100.344
103.72
265.741
232.694
310.06
567.867
344.039
254.489
259.793
235.048
180.649
138.709
297.88
597.217
358.836
138.726
183.412
141.944
223.641
185.034
320.809
575.997
347.514
182.804
227.71
191.631
316.661
440.097
525.498
406.442
270.073
300.057
303.283
400.49
244.454
284.862
345.922
262.525
367.43
346.602
250.957
266.935
424.598
295.63
454.594
499.117
292.203
248.615
424.395
315.003
303.164
379.645
389.756
366.055
251.22
205.108
280.453
375.378
322.896
272.79
288.068
323.92
309.735
266.967
326.762
279.481
318.526
445.845
299.522
144.462
194.256
296.745
310.292
436.555
304.591
377.548
328.887
337.923
198.328
160.093
269.058
380.933
398.796
241.525
211.313
206.038
190.955
282.996
406.19
267.574
319.861
420.161
504.108
429.211
463.144
236.975
286.605
412.027
403.205
482.786
321.754
182.103
145.616
225.792
372.745
487.173
415.273
444.683
327.294
209.57
126.731
239.806
388.3
457.492
421.562
177.158
149.861
150.375
191.323
377.59
452.927
203.911
303.849
187.244
255.539
274.99
353.558
387.751
330.529
202.145
350.023
175.587
168.985
264.035
377.127
419.161
376.785
198.68
371.607
344.774
214.975
359.809
487.333
501.614
398.864
354.705
219.12
217.992
273.805
484.586
510.66
312.103
218.826
219.085
159.277
133.912
279.949
518.018
402.696
200.9
158.913
137.167
175.552
167.453
313.746
597.744
406.398
206.71
176.235
171.095
231.674
149.089
241.173
415.529
318.332
231.995
243.474
156.295
188.971
218.886
398.771
684.783
453.868
213.195
194.977
197.396
207.356
296.451
450.408
470.193
228.512
237.382
204.991
275.895
264.178
415.382
490.351
379.812
221.588
219.492
249.191
390.019
578.263
551.971
605.135
427.236
265.324
341.984
569.11
540.266
325.837
330.345
383.102
453.946
274.042
242.126
316.445
326.809
234.763
463.873
603.161
470.663
297.203
206.689
219.185
413.976
249.231
293.667
307.879
341.271
197.828
221.507
238.619
287.841
300.428
407.548
301.795
349.217
321.47
291.926
284.168
399.165
307.812
212.55
208.374
285.76
213.288
259.314
315.664
230.048
291.874
431.171
460.088
579.048
302.723
249.147
274.086
404.433
383.495
402.536
324.343
224.331
276.204
237.626
357.781
418.39
319.63
478.59
460.818
379.416
200.988
198.78
286.253
453.661
