192.603
492.712
581.636
364.591
307.763
352.244
167.454
432.305
248.114
525.951
595.252
349.529
305.217
305.935
235.882
466.143
197.231
340.217
475.314
533.136
269.104
201.007
201.393
299.927
182.597
437.554
719.705
667.015
340.051
198.532
167.537
382.54
152.769
314.423
703.41
666.431
323.169
193.938
145.739
254.775
198.738
232.285
458.935
701.432
318.991
195.944
198.6
225.824
152.326
150.257
513.871
953.584
459.502
165.716
149.985
145.317
176.993
185.817
599.64
869.118
463.176
146.813
177.156
159.749
119.526
157.702
403.809
798.662
539.172
192.54
125.022
140.098
146.163
155.564
320.038
752.778
670.327
276.408
148.599
145.171
243.879
213.37
361.086
584.4
751.46
476.142
250.632
214.653
303.127
273.345
361.367
585.211
673.182
432.215
315.503
251.508
335.759
374.418
293.822
385.509
686.763
665.217
352.979
375.684
313.894
302.134
279.997
287.053
460.444
430.902
330.112
294.33
550.29
379.273
197.665
188.418
421.659
769.029
611.602
393.493
559.118
346.61
302.634
236.031
513.361
759.755
621.762
373.782
312.209
279.641
288.392
267.684
290.412
399.832
330.067
287.164
556.365
439.986
299.185
309.433
460.859
718.727
593.615
494.84
595.752
394.513
228.131
194.299
419.741
769.444
656.52
436.202
453.039
272.917
229.827
160.925
309.929
537.915
493.536
283.505
184.942
238.583
232.418
210.811
213.596
215.122
182.998
232.77
191.104
454.608
600.816
420.323
277.019
271.727
184.431
404.545
238.179
427.28
628.424
426.938
334.747
301.012
246.638
371.029
202.682
412.478
648.784
429.988
346.203
209.783
183.652
364.704
245.648
341.854
699.562
504.002
335.869
209.875
241.257
284.364
196.522
197.567
554.499
675.59
393.47
170.358
195.842
178.153
192.228
184.83
327.774
669.241
410.555
147.321
185.311
182.224
138.675
165.232
437.849
982.414
464.036
111.006
132.942
158.065
239.316
135.831
339.288
941.04
549.236
199.144
237.116
153.041
108.755
120.182
327.763
787.626
759.245
281.227
120.957
112.395
215.226
173.581
355.331
612.394
797.769
432.77
230.082
158.61
203.861
251.728
247.513
382.43
569.192
442.592
215.069
234.036
365.882
371.85
268.613
373.838
572.898
515.623
374.421
385.276
405.578
353.921
295.975
413.795
659.776
653.216
448.02
368.283
491.142
363.768
248.516
318.662
506.354
693.291
540.778
388.511
586.264
414.726
190.226
192.747
365.61
776.481
645.182
434.82
462.757
369.242
245.264
240.48
312.895
714.991
529.444
362.221
576.63
373.423
179.716
181.907
223.345
576.624
628.52
411.422
630.685
388.542
262.968
205.934
466.516
774.819
692.329
429.848
530.383
292.895
215.736
160.098
215.863
511.123
581.7
314.579
296.87
493.603
358.14
241.413
226.301
279.417
287.092
473.372
267.441
481.261
516.901
274.402
285.867
347.215
265.772
425.977
301.414
421.804
609.937
359.756
317.924
298.866
294.589
376.587
226.201
480.547
668.405
332.269
317.971
246.536
218.935
421.057
231.506
291.752
600.383
467.563
389.272
237.744
226.927
257.086
198.527
300.384
565.889
530.644
298.176
219.768
195.582
258.554
158.164
275.04
569.804
692.917
314.174
228.9
165.117
231.472
77.4025
112.863
442.818
1064.85
567.978
134.338
82.6545
103.185
179.554
166.263
371.43
766.956
515.585
157.551
174.317
169.212
208.304
169.508
303.489
803.443
622.297
290.103
212.665
179.071
281.448
258.404
365.757
677.144
782.135
408.191
285.951
255.014
393.328
409.047
380.54
355.911
617.662
619.266
390.61
384.731
218.707
291.64
372.032
464.44
735.719
562.324
244.448
255.163
579.273
337.45
207.66
256.259
525.382
779.15
645.074
364.427
491.163
383.326
392.139
207.422
522.592
763.043
544.389
387.614
507.997
431.209
234.237
217.75
375.563
735.604
565.231
444.691
458.443
393.693
341.234
255.156
349.225
762.965
532.953
363.797
494.768
335.796
252.791
240.555
274.104
594.359
545.992
376.004
681.853
316.858
211.435
175.877
320.232
750.901
752.616
347.016
637.769
346.909
231.175
246.434
320.757
718.821
707.294
379.375
245.418
428.632
312.401
163.313
150.904
201.47
222.212
411.565
300.334
458.459
500.344
308.348
245.042
272.334
291.16
415.824
229.525
424.263
615.702
453.371
385.073
240.317
222.432
365.186
189.475
347.896
576.31
421.959
294.643
224.628
190.169
297.458
243.18
478.786
672.225
440.256
380.039
253.289
239.942
428.314
176.918
371.399
677.698
701.629
358.581
240.499
176.437
316.037
88.2251
217.168
604.997
592.569
416.343
165.93
86.5419
173.197
172.783
250.021
415.22
477.521
297.163
173.619
171.359
227.358
88.5352
89.1693
369.116
787.369
567.072
172.796
95.2489
77.5463
246.948
197.451
307.439
481.865
491.83
292.492
244.241
204.898
195.202
293.686
307.201
532.64
543.132
362.81
186.153
287.278
225.532
282.078
366.665
513.043
735.651
599.168
253.005
246.514
339.243
258.124
345.989
254.228
564.127
522.239
342.108
268.359
335.195
357.42
359.27
259.665
592.026
694.159
372.069
339.495
512.773
370.382
335.898
222.096
483.165
795.431
577.353
374.597
500.451
377.146
353.361
217.017
543.658
774.322
552.719
388.585
790.69
499.073
234.329
172.84
369.675
807.468
859.768
561.862
662.014
519.759
217.296
275.322
323.016
665.998
699.899
587.169
485.03
321.218
180.625
137.271
188.867
525.173
535.647
356.519
857.611
422.322
251.201
269.866
273.05
730.338
916.499
471.482
335.87
549.889
556.299
335.682
234.26
279.28
307.788
520.318
285.876
367.85
363.494
288.755
227.028
259.432
296.376
347.356
313.855
566.77
549.299
310.502
249.506
279.601
291.168
524.522
305.836
544.206
576.952
324.532
317.282
393.294
288.297
486.365
191.141
548.143
663.659
401.563
274.765
336.278
164.167
476.604
312.879
365.939
490.003
385.276
348.029
315.022
301.701
332.561
119.549
352.522
678.294
615.749
371.62
246.411
108.439
290.563
169.545
259.325
521.895
674.103
399.858
190.887
170.319
228.083
267.843
231.948
458.118
652.55
344.062
241.609
269.809
215.485
160.581
143.697
288.446
624.97
511.148
209.603
155.151
143.085
289.534
281.766
283.13
487.249
498.505
345.934
290.045
290.729
205.417
407.991
385.325
399.49
706.45
625.307
226.625
358.738
328.029
233.704
387.985
241.85
439.438
427.961
337.774
238.484
168.907
314.58
308.937
173.874
338.518
451.426
184.04
292.437
366.624
279.217
307.607
206.313
403.865
603.574
405.049
287.368
500.423
447.568
276.319
328.341
444.987
758.357
546.085
466.529
583.491
351.023
302.291
251.902
343.664
750.627
652.305
345.13
756.415
361.399
207.881
148.826
298.801
741.663
811.477
398.494
375.333
412.496
239.091
208.536
359.064
390.838
364.675
427.698
943.266
424.429
161.564
193.86
266.809
751.751
1006.05
491.116
328.267
449.142
355.993
230.235
232.321
282.15
333.237
436.326
357.543
548.619
404.347
225.452
222.252
318.6
343.058
532.94
346.139
487.251
420.939
279.823
258.068
235.438
310.715
473.137
335.075
480.508
451.334
250.281
182.785
246.997
331.664
462.571
282.254
448.69
455.363
253.465
215.851
210.223
263.259
423.818
260.092
413.976
519.816
435.933
287.904
209.591
248.241
387.922
181.284
276.92
530.425
556.912
294.483
202.286
186.923
249.078
235.597
301.198
447.595
609.818
336.323
205.806
217.459
294.05
324.716
265.367
346.74
653.904
335.991
167.358
309.304
283.846
170.618
137.433
266.867
584.024
384.127
156.944
172.305
137.455
207.636
158.636
300.398
487.948
573.708
391.229
226.394
151.683
347.054
301.818
194.829
347.032
510.733
514.018
365.819
320.904
380.647
356.362
377.958
283.179
559.24
643.493
405.566
339.402
322.622
241.614
300.318
287.917
328.962
474.142
359.031
238.367
358.961
343.714
223.304
147.51
350.186
676.316
421.46
319.854
515.947
318.045
250.074
221.637
315.062
650.854
576.322
345.415
463.316
356.044
245.713
156.574
308.379
687.6
524.419
349.91
632.593
370.271
301.24
200.286
341.4
680.945
695.631
407.316
664.042
320.094
178.549
199.929
259.816
610.691
707.647
380.34
740.407
376.164
190.074
157.375
150.031
488.107
771.683
413.848
318.309
360.701
314.766
203.747
170.871
174.762
290.405
362.787
381.549
374.871
263.93
211.425
152.64
216.294
356.59
389.065
402.852
492.347
399.204
287.344
273.065
282.807
364.489
492.776
274.005
473.407
450.007
255.001
169.564
230.705
255.002
442.5
225.917
404.482
477.352
338.633
254.457
209.797
220.109
366.129
169.822
348.817
435.96
390.341
190.069
190.818
154.858
312.515
263.648
256.987
456.918
571.293
287.271
155.693
259.888
243.871
193.13
194.504
358.401
492.721
312.418
193.406
193.891
183.21
294.969
179.705
350.65
614.959
370.345
217.155
297.594
198.464
245.612
163.549
302.891
587.462
403.392
207.718
252.249
167.684
187.561
148.517
228.884
310.711
310.173
255.94
201.068
148.551
230.535
290.149
314.421
188.56
467.589
545.859
261.177
254.267
397.708
231.22
201.003
234.342
386
478.358
420.327
245.162
534.761
344.252
261.141
141.691
344.646
716.648
596.201
347.17
486.905
237.791
201.62
166.639
207.233
461.482
532.115
255.536
571.405
357.031
213.987
174.901
250.848
598.678
624.781
392.75
454.843
286.99
150.729
94.8245
144.603
470.14
501.043
298.517
529.487
350.451
153.874
171.735
267.124
560.83
569.522
383.099
566.008
274.713
189.403
301.203
259.884
489.482
609.991
302.577
834.177
450.426
220.106
136.137
149.861
461.108
852.59
516.193
288.035
273.675
234.452
213.941
127.436
208.126
301.982
278.273
455.509
521.832
323.239
277.888
214.678
221.923
408.727
546.427
262.623
345.147
349.778
319.54
186.589
157.514
245.501
334.862
313.903
418.555
442.862
371.449
240.186
221.739
297.565
410.782
317.672
391.844
388.638
429.471
238.456
198.078
294.794
388.842
204.66
305.378
365.76
289.225
221.151
177.447
192.088
281.806
348.231
302.142
362.458
360.818
196.94
272.302
362.236
303.702
204.211
241.405
335.779
473.632
324.184
236.933
200.602
229.829
267.035
121.934
183.719
381.652
211.524
190.499
277.179
138.156
364.934
193.365
192.844
311.379
263.223
190.778
367.016
218.259
314.247
158.746
165.493
250.732
216.375
241.97
329.323
169.691
294.215
206.865
167.25
209.748
316.721
333.831
310.901
217.102
572.482
494.794
270.725
131.204
345.167
668.715
602.644
509.757
688.942
381.357
249.803
256.583
268.191
639.278
742.379
419.936
566.339
223.292
141.855
156.033
166.135
429.171
612.455
265.874
503.65
298.681
200.973
198.565
233.395
524.624
552.931
301.589
639.125
354.336
161.986
153.977
229.044
478.537
685.986
389.501
682.22
389.801
368.893
229.019
421.076
786.399
753.227
408.697
573.527
398.51
200.439
209.816
273.837
578.18
610.362
414.769
609.578
357.299
204.494
164.114
153.924
450.462
648.932
390.615
397.326
467.126
337.98
264.286
182.897
219.868
358.044
466.636
387.029
476.594
255.965
253.574
190.168
307.118
368.076
477.934
358.342
351.123
240.778
333.051
262.893
253.536
331.082
374.811
491.922
471.012
327.942
198.486
177.848
216.841
456.834
489.496
352.371
450.559
291.619
230.069
170.975
185.064
319.725
455.247
307.148
439.885
414.657
316.441
198.556
232.339
277.45
425.333
365.519
323.828
394.898
376.646
300.908
271.214
344.08
332.436
248.383
362.751
572.005
497.885
328.624
160.509
224.194
338.413
208.722
227.302
326.259
569.93
405.271
268.016
204.786
230.043
284.263
223.612
159.312
257.325
262.657
275.116
302.011
225.105
592.612
279.563
290.219
334.488
330.479
311.54
588.897
336.483
277.865
228.585
215.988
214.368
298.15
389.473
290.538
236.731
490.821
289.672
144.585
216.509
310.481
525.352
533.957
320.181
577.95
304.324
180.66
156.684
252.952
593.654
633.027
329.896
487.925
417.944
183.397
176.305
216.613
444
507.1
451.645
595.163
330.465
202.398
174.842
221.062
494.023
636.401
370.004
713.742
460.351
221.303
96.5829
251.619
712.203
778.582
511.714
783.023
399.786
228.411
191.954
353.283
810.732
848.616
434.417
874.47
389.566
241.892
141.827
243.049
645.409
908.651
434.579
572.619
496.329
272.974
233.274
243.46
335.786
561.576
527.9
381.516
410.002
183.333
129.89
154.11
238.108
344.48
430.634
432.911
475.329
316.517
246.328
313.523
327.237
402.939
494.942
512.524
442.134
276.835
307.104
234.788
308.774
484.3
472.913
410.832
515.131
328.27
189.292
195.516
325.312
381.899
519.65
413.958
508.537
386.594
277.257
140.201
257.803
376.705
514.089
453.342
443.54
378.661
275.486
166.329
184.454
420.637
454.29
336.115
355.135
356.288
182.712
348.463
323.06
320.013
355.467
213.595
176.184
320.455
448.383
263.987
142.774
211.636
177.166
314.886
287.781
288.456
443.559
443.938
340.02
306.391
289.448
256.097
183.538
217.048
463.853
417.46
235.802
265.851
198.425
227.495
209.059
151.806
204.579
213.956
201.113
215.343
221.709
565.314
337.869
246.566
260.939
303.865
587.753
604.428
354.265
742.53
340.645
141.635
142.848
253.86
602.568
790.886
404.858
796.961
315.542
204.949
128.119
206.071
523.121
821.981
386.899
660.221
285.156
219.083
212.919
148.101
516.428
707.424
325.014
669.815
337.712
133.206
84.2586
181.703
593.484
729.127
380.016
718.266
341.696
190.238
151.649
190.952
548.16
764.976
384.844
952.044
373.265
197.997
144.916
260.916
640.926
997.212
459.042
659.786
359.897
302.491
241.648
276.777
338.154
668.308
402.568
820.81
417.009
154.611
72.2967
163.27
565.71
862.521
468.919
548.911
415.665
199.88
128.469
181.616
222.648
503.125
467.717
521.323
402.217
175.792
152.973
197.029
197.223
479.15
448.848
630.816
554.724
228.289
170.546
146.736
236.946
577.387
609.879
550.394
462.311
266.81
298.85
233.369
242.476
517.437
500.919
487.965
483.292
262.277
196.728
143.903
255.357
452.584
510.327
483.213
509.008
345.534
227.288
225.629
264.743
448.18
525.542
303.154
375.702
412.67
446.713
315.232
326.783
312.493
352.735
331.94
359.188
369.417
551.048
358.379
308.932
326.794
361.814
341.986
319.423
295.84
390.2
345.192
251.395
329.094
327.826
376.168
262.975
188.843
230.024
229.337
341.624
394.776
265.957
431.069
369.189
207.16
158.669
185.696
398.503
448.72
375.733
306.783
222.287
254.318
234.794
222.599
270.398
319.341
238.293
663.043
285.782
137.682
144.888
230.038
494.606
694.904
348.32
795.478
359.545
126.743
157.582
147.348
472.245
818.632
439.842
705.76
349.749
143.418
134.492
151.272
491.761
743.893
398.783
936.187
358.797
148.82
113.605
164.68
574.395
976.369
437.149
699.672
262.305
104.083
102.548
161.565
442.257
744.718
325.056
855.111
370.655
211.813
148.818
185.982
625.982
907.4
428.865
704.671
392.059
207.561
201.359
318.377
625.283
758.528
437.671
894.309
479.746
307.113
171.488
260.079
760.956
959.445
536.777
577.583
517.589
266.13
272.267
203.486
281.959
535.39
546.404
444.522
343.914
198.186
193.183
165.889
186.145
417.188
378.347
554.478
456.619
264.814
249.865
190.994
251.878
524.891
499.647
562.783
420.647
315.518
352.119
298.715
366.37
539.9
467.95
444.033
461.667
430.199
353.173
162.797
211.955
412.307
473.015
397.051
478.492
278.014
218.445
190.762
331.802
368.886
488.918
478.588
592.264
481.624
338.996
277.172
351.642
443.482
591.993
256.657
286.631
510.26
473.142
256.417
241.155
258.827
253.621
346.517
344.684
474.768
297.965
235.428
252.571
361.65
324.145
413.292
349.298
324.632
288.331
232.618
229.529
393.368
359.232
379.367
334.903
181.133
233.891
229.801
270.783
355.502
371.56
658.722
325.046
165.96
156.592
117.665
353.783
661.757
389.631
977.753
386.678
170.249
152.34
150.77
422.895
969.588
512.075
1039.56
429.608
120.369
178.926
212.454
423.582
1029.16
561.595
1168.6
464.859
123.605
137.45
124.464
475.3
1164.21
610.036
830.759
339.207
167.638
231.091
190.735
571.579
878.753
407.441
791.292
287.778
131.3
107.747
133.887
446.687
822.529
364.766
919.689
415.745
244.323
143.524
205.543
633.586
958.554
481.555
898.077
374.345
256.3
167.569
289.08
774.143
953.208
414.051
855.445
365.448
247.763
151.795
262.857
616.33
896.812
424.159
416.467
387.172
190.137
202.37
194.389
232.699
383.823
412.94
363.716
224.384
126.998
126.952
103.495
174.97
344.296
265.683
545.338
438.12
197.835
179.547
138.466
215.176
506.995
487.616
536.851
384.24
246.135
185.616
171.079
236.677
516.692
427.902
664.564
499.632
209.224
240.652
205.109
322.367
632.612
561.481
778.886
524.481
223.473
197.65
189.059
358.473
751.515
600.315
695.021
541.958
228.372
170.983
155.431
255.932
649.805
603.13
570.575
496.653
327.105
209.949
222.991
285.332
534.07
532.597
643.882
525.624
325.532
158.237
108.374
210.634
598.493
572.846
608.116
340.047
179.04
157.319
154.325
335.761
604.877
403.831
440.785
356.494
154.814
226.196
167.354
248.735
430.928
380.639
683.818
349.131
208.449
167.057
170.231
303.119
666.808
423.404
825.449
375.213
136.1
133.257
160.137
439.993
834.262
462.193
767.131
409.825
245.229
215.272
167.127
431.033
776.016
474.293
734.872
327.251
138.815
123.339
121.356
454.782
756.49
395.171
681.558
513.819
288.06
337.442
262.785
566.098
716.816
547.093
734.644
382.219
234.107
126.634
194.33
409.421
753.64
431.855
919.042
388.038
220.428
183.94
207.378
641.344
957.284
467.625
842.136
359.001
286.956
253.799
244.743
621.329
888.099
411.098
809.571
347.747
130.487
205.846
176.405
554.315
856.242
416.918
540.438
387.126
196.186
253.966
169.248
263.184
504.82
443.966
294.168
184.775
179.314
188.891
152.604
193.063
302.191
202.874
527.185
402.274
192.108
165
113.236
197.875
494.579
445.467
803.699
396.252
184.032
132.834
163.729
279.966
775.996
494.257
520.992
388.505
286.995
232.626
242.559
298.995
508.967
408.817
582.83
315.23
184.311
247.522
208.18
314.04
583.539
372.181
552.176
412.719
186.402
246.901
178.279
343.884
528.671
462.704
493.791
591.546
343.295
234.114
323.356
411.461
457.712
601.956
656.934
602.874
332.945
261.326
285.863
249.507
600.283
659.211
522.756
398.736
257.912
274.364
184.634
253.963
497.802
441.26
609.547
451.86
368.935
318.395
361.17
337.86
587.848
492.337
659.519
339.596
228.169
374.032
295.236
255.645
639.849
414.809
670.311
443.439
308.355
231.554
118.014
316.459
656.309
495.736
1043.73
510.055
163.156
192.779
130.622
362.84
1013.7
638.395
784.128
413.918
213.913
165.016
203.315
531.849
806.444
453.716
688.799
358.78
198.03
193.406
271.881
347.278
678.362
428.427
651.658
390.171
302.484
194.653
183.577
363.489
665.626
424.763
722.822
397.342
267.47
176.285
268.866
661.838
766.378
420.215
872.526
325.403
254.882
222.729
274.278
689.54
923.294
383.965
699.122
549.573
194.15
151.889
149.65
466.79
684.025
612.79
626.044
373.083
133.611
112.778
120.908
218.582
594.01
442.786
291.222
230.742
147.737
123.449
168.636
248.219
279.25
256.326
713.41
481.195
153.604
211.676
130.785
306.914
681.901
558.544
611.964
360.001
204.966
254.739
196.825
292.318
597.103
422.474
575.721
365.632
186.274
269.157
214.872
282.798
559.797
422.946
660.89
345.692
258.322
326.058
324.501
428.692
672.481
405.839
330.126
219.824
287.709
277.303
236.08
190.28
324.907
230.741
398.535
367.152
314.907
303.995
185.372
187.651
373.695
394.414
310.587
317.356
190.817
148.659
191.673
203.958
302.341
325.074
509.382
366.727
251.042
333.468
226.083
224.971
488.639
401.16
288.508
296.07
255.877
196.034
160.479
188.885
268.492
303.448
574.032
333.216
163.301
188.835
180.332
238.704
555.191
390.122
575.428
398.468
276.698
304.443
184.754
267.619
554.689
446.457
1084
487.563
133.727
144.239
126.002
400.665
1064.86
620.227
883.579
479.343
282.118
246.046
265.562
458.25
874.318
569.817
695.033
383.481
179.764
144.677
137.953
400.869
704.141
428.017
492.967
414.852
296.534
214.842
280.195
466.523
523.922
427.868
743.134
350.348
223.528
138.116
227.131
645.206
804.558
394.124
1062.32
424.455
207.785
121.15
194.612
624.414
1095.57
516.949
676.464
393.143
331.005
326.172
286.383
590.511
716.488
421.435
402.362
299.877
176.387
241.336
175.242
184.574
375.735
342.436
214.932
238.092
196.942
141.986
146.551
137.001
205.822
240.343
449.133
357.988
194.874
189.163
177.658
255.609
428.655
391.744
391.45
274.462
223.434
341.041
215.694
227.659
383.247
308.956
543.719
305.655
201.827
257.614
202.894
323.69
545.613
358.387
252.075
210.006
217.15
415.3
334.321
328.362
255.612
212.942
293.999
170.43
233.245
416.106
296.938
251.736
301.279
191.49
131.289
133.087
226.359
298.236
360.964
219.723
139.576
129.826
343.822
577.105
516.827
260.845
238.023
296.641
304.162
550.904
397.432
407.272
367.157
287.51
259.661
203.823
370.962
418.119
535.444
453.737
273.525
268.686
184.92
210.227
504.451
491.964
591.705
361.301
198.054
273.653
225.915
184.297
552.623
414.679
737.289
470.088
141.587
158.013
138.614
316.005
710.34
546.51
1006.33
466.356
132.046
208.375
153.977
415.286
988.67
582.419
768.22
410.024
220.552
136.781
161.348
358.25
778.757
444.41
558.347
306.55
167.8
222.089
149.328
198.75
532.809
372.326
624.017
236.49
192.873
232.119
202.57
430.177
659.219
276.789
735.167
449.889
201.722
214.786
251.122
560.548
779.707
499.252
1099.22
400.807
191.905
229.721
202.219
536.47
1114.38
529.828
842.55
404.706
268.962
202.688
381.507
739.166
889.666
462.305
473.158
294.263
267.033
240.938
215.991
205.41
451.167
339.543
416.736
344.933
293.048
246.939
148.328
231.261
402.447
367.712
695.067
341.438
138.793
126.397
167.903
448.833
715.832
402.04
595.99
359.889
194.653
199.039
259.468
523.346
611.81
400.278
384.149
329.569
331.168
343.653
307.974
327.277
383.002
330.416
206.894
163.733
205.552
404.908
351.61
310.106
224.72
165.202
378.608
282.61
187.514
222.973
307.253
309.627
372.654
305.635
315.101
357.305
370.979
312.651
227.555
236.508
289.517
353.928
394.675
530.275
456.724
301.835
241.93
302.338
371.686
522.47
516.277
443.495
317.633
214.096
211.148
216.112
487.108
470.443
474.206
367.645
200.092
209.43
181.624
254.444
448.303
403.442
950.229
754.307
359.017
262.262
209.64
309.984
883.611
826.778
879.875
568.008
161.351
99.797
85.9417
377.729
849.231
660.826
993.603
598.476
173.174
118.12
127.674
373
954.919
707.994
935.153
492.137
195.628
205.954
134.166
377.985
915.706
592.049
673.784
290.154
145.055
204.344
204.443
317.591
684.126
352.93
722.685
312.259
182.905
211.594
140.586
364.9
739.253
377.789
822.591
459.808
197.359
189.824
167.001
492.044
837.802
534.779
1100.93
435.445
262.396
214.056
249.749
665.954
1128.1
540.435
986.91
382.698
184.623
169.686
306.803
669.822
1019.39
480.684
335.72
252.765
140.092
215.33
188.498
183.191
319.768
280.934
593.596
292.958
130.3
198.128
257.158
255.21
580.672
358.245
244.827
197.311
181.813
267.393
189.733
229.075
257.69
201.096
581.146
282.459
159.772
164.823
234.77
526.875
614.134
318.136
280.275
259.758
364.313
571.052
356.374
275.879
288.171
246.098
324.949
275.291
317.388
455.281
328.883
362.686
349.636
282.93
313.087
167.176
204.806
328.141
255.933
194.218
312.552
191.285
254.096
280.339
284.582
342.754
359.922
212.332
241.309
278.558
418.926
324.387
495.064
507.427
261.121
261.143
405.706
323.595
491.311
569.581
400.271
315.221
188.18
426.063
479.103
578.929
525.35
377.91
418.229
326.014
347.672
271.126
510.215
410.601
631.722
407.444
248.93
252.609
161.741
274.744
607.849
464.867
702.274
489.388
250.09
232.002
139.414
326.172
684.655
544.012
1100.27
631.753
165.369
153.467
132.851
372.531
1052.74
755.64
920.563
368.714
92.0869
88.8355
105.3
392.875
918.624
480.217
808.868
343.933
195.716
198.15
126.639
288.684
797.606
438.77
949.742
381.526
192
134.757
140.229
467.808
962.4
482.438
1003.16
395.851
207.769
168.628
117.487
449.954
1012.44
504.897
903.958
452.007
221.763
225.719
187.375
598.684
940.239
520.893
883.816
377.16
229.72
135.825
239.685
656.846
924.611
458.555
547.213
312.171
133.154
151.697
150.232
200.788
521.728
373.226
655.347
274.193
122.475
192.444
172.1
275.923
650.684
352.859
559.263
277.14
184.911
345.863
289.458
320.455
557.996
326.199
402.485
244.635
254.2
225.585
297.925
436.532
432.181
256.144
340.89
199.891
223.441
217.632
282.775
326.911
356.669
208.72
408.836
288.335
244.239
368.776
246.523
300.271
398.044
320.378
376.181
369.487
252.343
277.289
240.48
219.955
356.77
383.986
319.541
192.182
137.368
191.74
224.038
228.922
318.468
219.548
358.431
230.172
242.076
268.841
242.835
220.548
355.378
252.9
504.272
477.819
364.63
344.027
304.46
235.053
460.013
509.109
486.562
628.789
498.807
283.433
250.936
291.217
451.761
626.453
484.229
524.047
342.443
287.67
159.757
276.017
445.23
540.855
550.162
405.255
204.692
169.141
141.492
245.232
524.23
447.94
877.679
580.192
200.576
137.968
116.268
364.517
844.809
671.574
1128.69
514.983
181.201
146.25
144.106
404.321
1107.68
647.086
695.523
281.503
137.072
113.638
131.554
381.507
708.272
348.544
687.42
258.723
207.215
175.56
119.94
384.447
707.25
321.032
846.145
301.95
146.001
242.451
176.711
411.976
865.861
394.818
819.585
500.393
265.984
312.109
358.014
403.748
791.095
589.28
976.219
341.988
205.994
165.278
304.476
659.395
1010.56
444.69
609.238
270.675
126.837
143.171
164.496
235.362
600.04
343.008
566.833
335.877
120.939
142.038
140.345
167.89
536.054
399.584
433.044
240.988
269.565
409.789
293.393
242.944
423.522
284.959
321.575
344.641
325.012
249.128
295.3
329.752
314.421
338.647
244.844
179.132
180.468
376.197
370.367
286.031
241.555
199.072
519.584
276.284
192.226
251.364
302.951
243.155
504.6
331.448
252.538
260.798
243.202
361.581
388.92
261.473
237.124
272.629
392.988
263.839
339.748
302.445
228.951
226.327
395.266
277.644
287.255
279.888
301.498
292.348
146.717
162.977
270.178
293.582
175.229
218.262
259.445
333.394
249.22
190.123
179.199
200.054
242.36
292.126
398.855
417.719
241.427
248.943
245.332
268.352
417.222
490.287
325.133
199.564
237.553
308.346
389.09
504.617
636.79
706.598
373.288
205.48
190.186
375.046
586.646
730.604
806.006
576.507
235.907
148.713
131.742
280.383
761.541
653.294
1007.89
570.439
156.773
136.951
104.98
367.858
972.703
682.592
692.102
363.855
114.577
111.497
122.275
242.057
658.55
439.735
753.754
382.277
124.243
137.06
121.7
385.243
768.758
456.585
1063.52
422.575
169.625
131.858
151.335
447.089
1068.87
544.886
807.391
322.726
180.099
257.719
167.176
490.359
839.398
389.551
556.216
458.797
323.089
210.024
280.089
670.763
601.47
451.153
