321.57
583.728
517.365
235.78
285.382
354.079
316.315
541.162
203.532
436.698
539.762
368.07
245.19
323.324
188.167
380.638
271.808
564.818
555.905
300.081
270.909
256.325
258.414
518.464
268.19
427.276
649.914
526.07
316.942
300.774
267.101
375.203
243.511
464.446
761.763
522.34
371.075
241.766
235.427
410.263
159.41
285.975
718.045
755.412
427.958
222.747
160.316
237.428
233.207
264.613
457.023
757.596
322.133
232.252
231.546
266.795
157.251
156.34
489.66
737.398
364.498
161.338
153.814
139.712
221.638
187.731
371.698
844.995
441.176
191.185
211.375
194.806
99.8569
117.116
372.046
757.932
707.785
245.314
111.133
98.4105
217.258
199.841
372.958
843.943
800.645
383.857
214.231
206.978
302.774
218.621
237.069
589.418
707.249
470.287
299.692
234.228
328.713
354.504
325.37
380.05
666.149
586.619
347.842
354.34
262.163
330.836
351.777
407.652
737.607
700.694
307.686
288.833
464.095
252.921
275.1
284.262
496.802
568.941
504.909
248.7
549.227
361.193
317.764
312.499
547.146
795.944
613.408
365.982
732.157
404.493
216.916
163.208
370.131
759.792
799.803
457.87
352.448
392.615
213.382
181.545
285.013
633.959
404.663
365.616
523.405
352.131
291.724
256.804
490.038
765.218
588.51
354.614
438.445
304.284
238.562
282.193
371.882
658.756
494.718
302.638
236.376
460.398
453.481
255.384
213.751
256.078
231.955
419.41
230.986
286.705
215.952
232.076
131.358
228.152
241.254
284.785
306.316
609.877
674.082
397.419
377.362
429.942
294.05
538.37
308.537
420.656
677.303
473.636
295.413
224.118
307.626
372.338
226.272
455.053
683.194
435.503
316.085
185.576
210.764
406
140.352
297.854
634.88
471.799
281.954
259.291
155.975
239.314
243.978
150.649
366.695
726.21
366.022
130.506
238.729
161.726
244.595
197.938
510.385
816.499
386.611
163.933
239.858
191.602
123.648
171.391
511.882
813.641
443.177
174.6
128.152
151.791
87.8255
104.41
380.989
821.3
739.027
233.406
97.4203
86.7021
166.497
181.962
366.188
787.728
868.837
417.181
181.694
173.048
272.849
326.199
373.797
518.058
725.48
438.835
291.008
304.659
330.852
364.35
369.395
303.668
584.56
631.843
338.992
345.54
275.548
356.523
364.936
450.871
771.845
711.456
309.6
330.5
564.384
344.215
289.99
269.818
503.977
729.614
622.233
373.255
475.923
377.302
258.378
317.53
407.276
617.444
496.454
401.291
670.657
399.277
274.815
198.817
415.388
815.54
736.274
416.266
411.63
325.25
176.487
131.1
273.951
662.914
475.038
317.344
556.161
370.873
320.444
240.751
433.209
741.923
616.918
387.522
757.744
444.093
184.174
233.471
290.016
691.869
820.708
502.491
312.295
469.538
306.083
202.409
166.035
317.342
306.481
442.106
368.096
528.17
461.946
258.229
296.143
313.194
367.99
500.373
210.378
488.854
587.093
294.793
294.647
348.455
203.315
423.937
282.266
418.964
637.193
424.565
337.525
229.629
277.387
366.38
153.224
423.705
670.371
346.466
336.723
190.343
139.205
358.219
347.688
372.676
568.665
480.965
254.171
269.523
333.683
361.845
153.729
267.463
641.139
653.839
357.738
187.046
152.58
217.342
293.001
219.855
536.414
747.94
370.002
212.218
289.716
225.609
196.687
127.33
418.621
837.255
569.365
177.379
196.887
124.017
163.093
149.496
400.011
945.137
624.095
164.655
156.422
146.4
212.323
187.353
397.612
697.059
688.804
228.664
216.002
181.313
166.067
278.891
357.502
550.854
842.754
597.426
192.99
244.162
172.128
247.84
337.201
321.055
654.559
510.541
182.977
227.853
434.775
333.739
269.734
337.506
606.507
808.122
505.741
332.059
455.997
342.798
354.536
386.891
543.427
761.464
515.191
340.53
691.55
383.833
307.203
155.871
448.958
783.423
756.693
429.451
487.269
398.225
236.887
233.389
440.349
750.911
546.866
407.439
504.191
313.856
266.445
166.782
364.219
715.629
564.839
311.474
535.36
387.232
196.75
151.763
345.628
693.401
587.849
432.542
654.938
340.61
190.241
212.644
383.499
807.1
723.499
360.883
287.276
486.708
344.608
197.345
214.883
223.658
248.181
473.789
243.251
381.336
303.303
233.22
194.286
228.262
224.176
371.648
274.095
485.729
617.821
390.602
343.323
234.131
266.005
431.254
329.071
459.5
607.658
367.983
280.697
329.275
323.455
405.085
370.977
472.923
707.71
435.983
395.603
243.803
373.245
421.988
243.708
547.657
757.782
511.511
335.312
295.813
224.051
482.906
277.66
408.94
680.78
467.345
318.027
234.464
275.803
356.084
198.258
338.499
589.126
455.098
276.897
250.49
195.434
291.458
217.902
193.682
444.69
914.25
424.22
231.158
228.246
190.778
147.108
134.08
356.001
997.239
592.778
188.267
144.67
144.232
286.112
227.188
291.74
510.97
365.632
218.364
276.975
245.437
240.002
283.608
360.144
548.678
802.666
577.089
254.589
260.895
349.029
228.867
326.47
458.215
573.447
466.024
344.977
242.15
362.914
336.234
329.235
313.107
459.424
594.794
377.358
333.065
505.822
332.597
322.932
311.568
460.462
725.831
566.219
349.036
612.936
377.15
289.484
196.74
445.661
773.064
680.005
421.203
583.54
362.574
290.977
189.228
473.328
770.13
647.054
375.021
761.764
336.708
259.49
178.611
408.704
783.546
834.08
387.337
429.078
334.358
300.509
288.785
352.105
532.765
462.691
358.09
645.471
423.036
234.979
157.541
233.218
589.805
698.964
446.555
536.649
731.486
396.901
106.574
177.475
320.105
473.496
737.274
334.598
589.078
586.058
333.059
235.018
290.215
305.536
552.04
376.453
553.901
522.865
306.02
247.996
262.916
370.102
521.862
349.356
637.768
641.576
345.246
346.085
407.654
308.5
583.822
249.314
519.814
637.766
399.142
365.572
259.88
236.313
464.081
257.592
557.094
586.535
384.659
269.893
265.869
226.663
512.73
176.023
396.323
709.154
519.512
317.858
172.63
162.958
343.964
199.883
369.435
632.157
597.889
297.734
175.798
193.27
323.575
284.084
217.35
480.266
815.083
352.32
252.03
305.422
229.894
235.158
199.143
333.484
559.503
331.042
253.553
254.869
196.098
181.797
150.534
252.748
702.452
606.15
307.506
180.95
157.589
237.905
260.282
469.802
485.372
711.906
501.579
258.442
244.218
291.925
308.674
349.134
356.15
715.978
721.248
343.156
287.518
376.6
338.969
301.594
142.946
379.644
519.279
367.044
326.764
301.688
330.345
253.183
175.503
332.075
599.383
338.327
317.994
454.81
315.22
225.779
244.322
411.368
667.322
503.254
346.137
676.274
494.161
259.517
274.473
451.951
784.706
733.629
547.601
644.475
377.295
244.608
122.401
310.902
742.188
711.214
401.076
613.826
331.458
200.706
206.507
415.594
801.486
685.645
345.891
619.507
364.585
209.781
207.477
248.391
341.953
603.889
429.386
450.272
656.009
428.326
146.527
223.632
340.74
402.515
643.173
334.728
501.704
464.47
254.021
261.314
282.492
312.498
477.638
389.686
623.838
470.613
256.36
209.495
298.053
349.659
607.921
429.617
629.874
534.858
188.543
288.567
313.43
377.614
605.245
306.731
491.39
436.94
236.682
222.45
216.197
277.012
473.102
384.711
469.886
347.508
278.105
282.246
361.05
363.348
472.986
238.459
392.333
658.293
654.433
290.816
172.8
231.964
344.933
185.315
365.141
446.042
459.994
307.748
246.005
163.658
330.054
286.519
228.179
499.289
701.395
348.666
160.992
276.157
235.587
277.064
179.209
304.078
659.873
452.488
221.126
288.112
194.002
306.675
195.147
253.932
574.546
593.633
293.524
300.081
221.863
276.061
271.073
386.401
464.361
675.308
514.719
296.056
274.903
424.874
360.846
291.289
325.263
563.826
632.487
461.098
363.607
414.26
329.825
242.026
297.714
360.787
610.672
432.113
349.242
403.646
253.291
290.164
252.604
336.333
546.19
420.764
286.165
382.583
307.316
251.009
156.181
287.979
641.693
440.535
299.058
506.544
367.757
382.72
183.912
373.738
668.011
560.722
385.49
392.402
329.57
214.291
215.18
261.828
573.953
439.132
328.037
562.639
401.718
341.918
323.184
417.433
683.111
611.169
437.212
817.866
414.579
268.446
166.809
288.011
660.622
866.036
467.609
372.193
339.48
338.383
316.153
227.152
216.199
367.732
336.389
473.278
480.579
284.427
179.286
183.27
320.238
442.011
499.845
490.301
446.026
296.2
241.491
292.22
321.011
493.974
452.746
427.092
556.269
369.668
351.465
266.955
258.229
379.013
558.524
453.805
594.235
506.296
230.141
232.095
285.916
406.862
583.256
250.726
319.911
379.346
321.137
382.427
218.417
230.747
308.44
217.979
299.633
542.82
615.663
282.583
164.542
209.011
271.563
236.005
242.362
257.421
211.781
155.083
161.553
222.026
243.751
276.488
257.789
367.326
523.703
311.077
211.014
261.008
271.365
243.455
191.218
416.894
744.934
448.918
216.805
257.638
194.643
205.196
207.38
389.526
553.256
699.645
401.96
218.62
195.349
315.906
244.282
225.9
215.277
254.297
260.83
317.431
262.45
415.277
387.485
249.602
178.469
429.544
650.645
456.956
398.453
575.326
341.914
249.643
159.579
313.351
673.17
627.867
354.495
599.908
361.473
151.15
195.09
271.74
652.085
662.53
401.382
556.537
300.306
296.385
219.735
282.011
580.08
610.997
308.841
628.202
414.914
167.632
108.82
262.388
701.612
692.982
458.792
669.437
327.671
256.905
179.108
234.984
591.18
722.955
368.887
706.371
369.487
270.217
232.652
518.669
870.756
783.2
403.479
765.677
390.924
173.03
123.327
210.229
595.194
813.017
438.981
384.758
350.574
192.62
201.19
182.924
233.266
346.393
387.547
312.512
360.467
261.104
202.447
188.084
228.197
294.087
360.499
565.939
568.45
351.266
339.923
281.752
318.241
521.044
601.384
463.6
469.71
244.098
182.388
199.752
263.419
424.573
495.601
403.527
579.453
418.689
317.207
222.113
339.644
380.433
571.374
325.225
376.344
345.754
265.166
212.374
165.311
301.049
381.007
241.715
273.686
420.453
396.328
273.559
195.581
241.986
255.568
395.051
386.223
323.63
255.66
217.482
376.447
413.952
376.391
184.429
167.931
406.62
655.665
312.769
155.402
187.308
154.103
170.278
137.377
257.531
571.452
521.758
235.872
169.371
136.727
514.394
246.094
170.648
347.816
356.127
341.983
524.828
299.786
393.895
245.317
166.213
291.002
280.077
282.876
391.103
282.435
674.917
315.225
211.847
205.902
326.448
551.957
691.608
377.595
606.461
394.364
284.25
284.192
312.743
634.471
658.544
420.145
606.228
244.063
227.834
295.704
240.409
523.287
646.804
287.228
644.184
345.759
175.373
170.428
248.056
643.739
708.742
387.671
742.24
304.407
151.094
173.714
178.68
593.464
797.747
359.52
519.912
315.551
224.457
229.724
272.539
600.863
570.996
323.915
687.149
406.657
252.207
194.279
334.138
812.156
753.925
420.934
499.578
386.903
207.182
185.437
323.336
490.483
500.978
416.398
321.128
371.822
247.214
178.107
200.352
242.181
289.835
381.496
349.318
528.773
325.469
186.564
194.388
263.032
308.195
519.887
468.6
423.773
245.581
211.527
157.734
289.79
428.428
454.67
444.615
512.525
290.082
204.956
214.464
269.017
399.573
531.344
601.373
486.117
327.784
357.947
224.916
300.613
568.902
525.646
397.488
407.677
310.283
300.752
228.499
269.085
382.171
421.269
325.839
369.293
341.909
324.788
214.534
165.481
298.161
374.341
427.897
319.937
461.646
404.849
386.074
288.952
416.263
318.816
157.327
220.625
379.636
480.865
491.51
298.598
157.751
197.193
290.194
175.674
264.166
381.036
431.954
333.788
305.534
190.793
350.354
248.655
214.359
267.94
256.486
251.579
352.447
272.649
389.585
286.798
193.309
272.443
390.386
395.778
388.087
319.265
624.619
384.807
244.349
212.092
360.375
687.044
664.112
414.892
562.318
282.038
257.989
144.803
338.555
587.584
611.378
310.954
749.411
366.978
255.871
255.852
297.175
585.652
791.896
427.332
523.71
282.67
175.552
143.722
167.127
398.39
563.38
318.368
593.228
327.112
248.53
204.548
295.744
524.892
639.493
334.992
727.426
477.413
203.642
193.767
262.296
681.26
790.44
524.665
836.539
365.672
223.735
141.468
362.409
754.093
899.562
418.945
884.674
414.458
308.741
156.332
226.494
436.074
891.15
484.16
340.772
289.187
161.583
157.007
172.622
222.296
336.721
310.534
569.351
553.172
246.545
184.691
236.697
357.262
535.874
597.416
576.518
575.53
191.595
194.048
163.453
368.004
534.495
625.275
656.952
480.733
264.334
263.358
222.048
228.995
612.119
545.579
511.501
595.717
309.071
155.812
136.763
332.39
467.824
612.952
491.752
585.076
381.541
229.972
191.118
323.182
451.757
597.02
455.101
588.557
417.678
358.708
295.226
323.759
411.729
590.11
451.727
411.936
571.185
486.594
435.566
312.168
438.969
408.032
319.876
246.881
347.477
645.842
442.488
234.545
303.595
277.136
179.795
220
216.92
405.755
467.963
318.171
199.258
211.599
558.271
315.695
170.494
291.031
313.912
329.599
539.009
374.489
547.559
361.643
192.076
199.893
244.825
362.811
540.98
400.607
465.21
295.252
182.504
135.177
327.981
540.621
503.76
309.706
783.178
390.764
184.417
138.403
229.336
612.943
832.105
450.71
805.584
366.344
147.667
180.201
181.747
547.291
845.96
429.912
852.085
302.629
136.716
105.359
150.251
498.263
890.219
381.03
732.786
340.704
149.096
118.147
156.394
528.292
778.339
388.268
860.164
343.396
145.173
78.7139
167.934
620.084
913.891
411.123
828.547
364.637
249.106
324.092
231.922
565.442
868.085
427.71
811.216
380.033
284.174
209.241
372.539
526.92
817.116
449.462
531.238
431.887
244.856
184.846
133.633
208.529
483.875
482.035
571.787
549.531
214.771
122.656
186.552
246.179
512.824
600.449
473.16
433.307
158.972
142.954
176.995
239.342
430.357
477.137
786.971
543.533
165.241
77.8591
114.098
321.272
746.71
627.107
653.059
522.56
306.369
295.796
269.165
263.23
610.797
573.816
682.071
632.44
304.18
197.125
255.589
402.175
639.756
668.711
488.463
533.961
372.785
279.046
256.577
343.111
452.989
548.385
422.867
500.473
486.743
332.808
226.517
254.062
390.657
489.8
248.073
230.115
451.779
703.065
407.611
180.316
248.391
216.325
427.666
393.256
323.347
274.348
296.51
437.384
440.814
403.313
490.748
463.573
212.113
200.846
292.024
423.632
474.977
493.46
406.246
279.83
196.195
280.874
269.133
356.515
435.092
303.644
846.965
354.653
177.489
220.767
218.556
494.763
863.799
443.549
756.221
367.87
172.454
176.681
174.236
540.926
796.575
416.812
803.577
347.382
181.007
146.016
211.73
581.632
844.224
415.72
1058.93
396.398
168.588
95.8832
149.118
556.467
1083.51
507.848
816.323
375.693
203.894
116.111
199.662
649.362
874.791
432.287
823.417
370.479
176.636
135.129
141.479
486.722
851.958
440.719
871.109
409.592
231.144
125.656
187.792
650.217
923.575
467.456
719.637
337.972
174.8
161.187
343.169
749.855
775.477
368.096
574.997
410.54
164.133
160.382
133.828
251.809
535.75
469.652
463.284
433.023
252.748
288.719
183.131
224.907
434.655
458.567
402.482
360.073
190.998
213.121
119.449
166.61
365.425
388.227
681.205
459.642
224.984
115.998
205.035
360.829
643.962
519.464
650.494
563.823
327.812
250.259
299.469
337.829
602.862
623.385
673.614
474.767
271.896
241.856
209.807
263.802
637.785
540.994
703.056
625.262
362.456
253.26
266.816
264.908
647.807
675.724
460.035
550.193
496.927
391.096
297.842
198.584
412.85
557.057
539.334
362.249
318.124
356.303
283.623
252.076
519.811
406.346
367.217
314.856
218.328
155.425
178.364
324.066
357.653
345.789
462.302
382.767
250.474
352.099
306.105
436.957
469.196
397.037
434.533
350.161
205.856
215.065
244.575
323.611
451.582
364.073
699.054
372.508
228.853
211.76
168.487
353.412
693.951
446.157
1084.99
447.737
190.94
243.535
162.683
450.919
1080.49
578.306
1075.43
469.497
212.808
192.95
167.172
470.967
1071.12
587.035
959.706
405.895
173.838
158.832
189.964
552.484
981.294
499.856
935.103
414.921
237.922
263.452
270.373
602.45
960.851
501.923
703.306
372.626
210.033
171.617
161.741
508.967
746.092
415.113
939.428
486.28
168.882
168.625
273.59
808.591
1014.73
549.655
878.458
434.171
271.738
143.344
265.759
746.983
942.623
475.013
538.775
477.904
193.013
139.711
171.615
259.476
493.649
529.869
599.432
376.858
163.517
187.57
198.297
227.384
555.402
453.963
348.601
219.458
132.22
129.288
112.792
150.089
328.275
253.829
522.488
546.099
254.183
146.009
100.341
183.306
464.152
573.845
685.297
443.23
213.132
161.009
150.826
346.662
672.665
503.101
720.375
461.836
221.767
210.493
190.097
247.436
686.307
533.712
761.206
557.961
212.066
209.77
160.462
284.339
716.651
634.298
961.784
570.209
241.19
327.661
217.668
304.865
916.076
672.353
713.178
600.125
270.44
229.31
251.38
296.826
659.137
664.148
826.788
483.313
250.28
175.608
126.564
282.361
787.606
571.15
670.995
454.084
258.926
232.41
152.253
302.713
648.581
513.578
645.256
457.991
213.523
199.273
145.694
238.404
611.501
512.968
724.897
448.234
361.363
314.868
166.018
346.168
713.454
507.246
968.357
473.571
215.732
241.265
213.041
455.99
960.8
578.597
941.351
399.343
100.33
38.8455
86.4663
445.104
945.487
501.679
823.853
376.854
193.164
250.731
224.244
527.106
847.344
453.896
887.968
386.655
229.663
224.686
260.596
610.521
917.067
473.55
795.465
323.162
255.531
168.679
199.123
413.525
811.064
384.179
833.95
415.735
221.081
218.56
277.681
667.893
891.432
474.262
772.702
357.284
280.523
129.095
296.754
673.643
826.773
403.249
593.224
418.386
126.769
75.6551
116.565
289.234
560.78
479.344
580.27
366.862
236.341
254.325
239.581
287.553
545.626
429.922
370.159
238.775
200.476
184.521
161.817
242.422
363.855
267.491
806.192
509.621
189.812
208.598
168.06
277.867
755.854
599.602
755.158
413.014
162.16
200.706
176.153
359.977
744.808
492.699
724.107
338.919
215.484
129.003
144.359
406.51
736.952
404.45
717.398
385.774
136.4
195.252
181.181
375.887
714.882
462.191
326.106
387.099
358.192
342.789
312.139
216.345
316.755
384.352
403.134
391.922
253.429
205.812
261.914
281.711
376.845
414.349
456.593
478.869
393.968
273.961
223.266
383.751
446.24
483.649
321.117
308.78
420.05
389.824
281.16
366.525
328.225
279.981
371.871
267.045
272.789
388.218
324.832
270.391
363.56
293.205
699.501
411.454
281.74
275.672
193.005
235.892
673.05
481.357
712.459
396.705
148.917
180.434
141.677
365.791
705.546
470.735
858.402
412.019
229.293
321.064
195.392
464.603
864.695
503.62
759.042
336.099
185.911
181.119
227.758
336.936
750.039
422.543
378.225
387.352
288.472
300.351
212.589
266.927
376.679
378.426
938.837
401.361
184.623
135.71
244.704
600.512
975.302
494
686.547
393.814
219.957
172.452
297.782
667.543
745.65
441.455
942.414
420.376
167.677
145.351
221.754
685.986
1000.74
486.546
774.99
437.632
170.521
115.728
171.275
303.245
736.769
531.378
574.786
460.034
154.859
115.111
128.336
214.151
527.33
518.301
385.223
283.695
179.997
120.89
172.521
266.675
377.605
312.499
884.018
440.771
224.495
209.412
213.383
342.423
862.468
537.267
691.094
383.715
165.748
156.716
167.565
334.908
684.683
453.912
378.283
222.717
216.381
373.802
265.911
261.112
383.718
249.188
409.303
241.917
179.598
291.853
286.951
436.13
440.325
261.77
263.028
178.422
252.733
358.575
293.149
142.534
251.957
191.779
254.995
287.674
286.591
236.428
177.214
142.462
238.04
285.763
334.107
539.187
498.496
274.858
275.966
281.218
293.493
508.736
594.147
331.485
229.612
376.324
231.762
380.083
608.986
372.822
426.385
392.571
244.339
323.037
171.079
270.188
401.564
421.973
559.162
225.567
213.019
277.892
256.213
332.858
566.915
280.259
676.347
474.601
209.22
141.012
137.7
324.763
651.734
537.565
1003.35
513.178
146.806
180.903
144.989
389.152
972.139
630.304
817.561
474.081
154.381
104.04
172.339
611.638
865.5
523.361
497.136
265.867
174.869
196.828
198.159
317.901
518.552
291.415
880.085
399.967
386.165
186.984
329.302
621.518
908.915
444.677
996.931
444.749
195.211
176.995
198.239
698.767
1050.34
523.643
809.144
405.559
327.229
267.595
320.453
653.957
861.365
445.903
536.023
530.555
257.908
96.0293
153.228
257.423
493.906
553.241
505.105
334.126
200.048
190.801
163.888
154.143
467.762
390.889
319.456
198.942
193.93
226.6
160.058
206.266
309.736
219.927
741.38
440.862
214.577
222.11
190.046
226.122
701.812
519.131
516.949
273.79
239.443
244.899
204.617
325.451
516.662
315.968
392.1
305.685
163.116
158.72
214.19
348.93
404.682
317.526
293.53
229.586
197.444
419.914
463.869
426.202
308.73
240.428
397.394
259.427
237.677
323.725
293.913
452.094
428.681
273.988
266.036
400.18
473.736
372.46
318.527
289.39
256.474
368.693
421.724
675.024
557.869
270.12
285.985
345.115
398.761
646.794
379.29
401.907
309.556
187.608
137.306
151.325
346.922
412.549
743.569
526.594
226.712
248.849
180.473
321.868
707.759
599.441
917.207
449.838
180.152
155.596
117.389
340.969
896.738
557.279
882.098
463.96
179.303
185.797
175.738
500.185
886.901
557.553
990.763
568.433
172.141
149.271
121.813
346.914
950.642
678.198
900.55
373.678
150.337
114.875
166.53
456.202
904.546
468.595
450.699
269.546
137.1
267.821
238.662
300.492
453.598
299.543
761.289
315.825
108.874
165.462
199.464
459.764
800.646
382.716
845.017
475.527
180.624
147.78
204.471
613.473
894.894
525.04
828.217
522.292
235.442
209.863
215.469
636.888
870.36
579.087
412.422
211.709
128.688
177.089
226.665
372.113
429.596
249.697
451.687
277.542
222.191
255.24
208.177
239.759
450.645
317.149
633.655
416.166
227.419
117.26
163.93
252.042
600.008
477.065
560.534
275.887
198.315
252.85
298.87
563.927
608.073
315.08
646.791
267.512
172.29
208.043
227.941
450.089
661.066
331.566
274.928
370.93
366.194
318.918
448.944
448.284
283.526
345.06
279.878
174.413
179.194
288.441
392.416
374.453
304.525
186.995
241.03
294.739
295.193
301.415
307.871
228.13
229.272
276.207
504.604
427.286
277.529
251.611
157.372
324.324
511.599
439.7
424.002
588.047
610.955
559.14
293.885
259.157
383.737
578.432
453.635
496.286
355.247
236.739
201.19
314.086
446.196
501.02
786.856
654.375
294.222
314.316
279.061
276.475
720.731
725.096
1223.6
643.113
256.123
146.014
132.233
387.147
1180.83
787.617
957.704
566.694
203.41
248.103
188.997
472.853
943.539
665.736
917.02
415.538
190.912
275.213
216.868
432.432
917.727
513.934
696.828
369.501
198.057
183.706
185.152
287.157
680.048
438.762
620.853
291.354
154.489
185.039
122.093
264.545
616.471
343.901
731.1
353.866
143.253
171.55
152.931
486.856
773.738
397.36
795.057
421.493
169.413
152.82
173.074
573.784
841.343
473.157
848.89
363.236
189.859
235.128
263.457
639.88
888.004
432.616
543.069
380.609
173.428
308.575
205.907
193.73
500.623
437.802
373.903
261.749
177.746
156.719
174.345
216.483
352.398
300.648
571.058
344.742
144.874
181.491
171.067
256.864
553.096
403.74
498.08
235.116
181.437
279.492
246.113
332.028
507.775
276.877
463.105
273.619
187.4
202.572
339.253
586.775
508.057
295.22
338.494
268.077
368.57
421.496
481.199
456.395
367.773
262.083
219.65
190.407
280.961
559.185
326.494
196.204
214.972
200.927
335.456
211.896
262.386
290.706
258.305
205.195
338.175
234.313
395.835
285.019
254.938
293.711
268.9
215.912
382.633
306.772
538.602
307.956
311.317
406.271
298.067
291.352
525.615
343.287
489.037
667.737
547.396
259.565
225.202
241.018
428.286
661.882
452.947
497.611
394.581
284.264
201.583
232.32
430.152
506.487
869.953
590.299
214.989
157.165
147.215
346.036
832.36
679.989
872.153
585.774
204.463
147.01
150.15
371.285
837.227
675.329
1125.16
552.608
164.657
127.912
114.77
428.408
1100.3
680.581
750.443
389.899
281.337
275.144
262.523
307.682
735.622
467.349
756.111
285.229
152.901
139.565
127.735
356.303
770.035
368.088
1005.58
409.229
138.22
150.46
136.893
419.11
1011.91
522.619
984.034
395.984
177.738
221.288
140.347
426.889
982.53
515.916
914.635
567.725
242.666
261.685
317.345
729.179
960.809
620.996
389.665
281.276
135.81
177.864
165.607
225.691
367.09
319.756
683.62
329.121
220.083
240.71
229.061
325.409
678.616
395.598
557.829
262.894
101.945
90.5373
97.9951
249.832
541.321
331.718
363.176
231.136
202.465
355.238
397.669
481.472
398.874
241.817
467.322
284.719
292.743
353.506
344.827
374.822
473.178
319.762
278.105
308.101
235.199
273.977
269.443
337.502
277.184
314.778
397.706
215.971
229.884
390.276
346.696
288.174
403.461
249.981
736.745
474.741
290.466
330.801
279.664
264.332
703.822
538.314
358.792
281.996
311.146
343.334
229.419
225.036
350.959
303.19
410.194
401.192
253.076
306.142
227.545
193.09
381.049
419.699
380.598
482.426
591.08
415.476
365.587
197.862
341.184
475.008
550.839
608.01
463.558
342.615
311.567
271.292
500.824
622.691
397.823
419.712
301.992
243.203
159.55
282.248
371.326
435.082
760.459
598.805
262.506
130.333
170.615
296.847
710.632
657.73
913.338
632.122
169.416
123.226
157.709
376.245
862.21
732.557
1203.57
573.719
113.13
80.5292
108.704
395.403
1168.26
722.229
738.283
291.172
138.101
117.309
163.986
308.778
731.268
367.666
831.484
304.565
120.453
147.967
124.671
414.076
846.055
389.289
1003.15
392.609
173.011
185.627
137.162
488.899
1017.4
500.382
494.258
323.023
299.25
276.123
296.49
412.803
497.37
355.296
366.787
231.451
222.555
233.922
210.69
229.725
352.116
265.186
633.129
276.725
130.724
168.715
140.073
279.196
633.674
345.902
572.209
298.21
148.054
136.577
146.719
262.468
554.675
357.859
372.05
338.439
275.457
314.446
264.452
328.381
366.023
349.546
224.616
173.534
140.983
285.232
342.533
306.013
238.901
172.017
179.538
191.978
309.004
365.33
469.03
289.434
183.002
182.453
386.331
297.301
316.243
467.312
388.504
308.272
397.715
291.3
207.054
216.662
227.206
410.522
338.129
289.457
210.986
210.805
294.89
228.296
289.835
284.701
232.365
219.176
294.154
239.01
212.004
263.677
418.492
596.539
321.609
129.776
190.374
258.315
309.611
214.291
359.55
374.188
287.685
258.291
310.151
228.679
355.677
326.415
439.74
407.122
317.186
223.331
344.126
332.852
562.183
574.09
258.793
231.142
192.318
372.214
516.915
618.453
437.875
398.425
309.057
277.787
227.669
253.408
413.161
421.865
944.121
678.489
259.391
205.639
177.087
378.972
898.954
768.77
1084.55
667.257
190.492
103.858
110.559
352.033
1029.75
785.889
453.683
336.602
202.274
174.597
143.53
233.026
428.777
381.944
654.424
343.05
204.873
205.94
148.36
403.033
684.881
374.345
650.901
504.95
249.498
198.985
192.701
537.61
685.736
552.558
738.619
339.223
246.322
259.736
233.086
573.29
779.745
387.363
