425.986
447.203
307.745
245.739
161.718
179.48
388.862
464.093
264.288
219.229
208.054
203.291
171.346
288.546
283.323
221.051
293.014
580.128
440.43
290.352
247.115
300.563
260.908
545.405
259.005
622.208
644.761
284.006
257.23
316.843
236.049
556.556
382.711
599.943
484.652
362.551
346.342
265.487
336.395
582.314
275.171
506.877
666.896
402.654
328.446
297.56
253.941
460.397
290.164
375.403
612.076
425.762
372.609
290.366
294.325
328.451
286.593
290.441
545.981
508.664
311.098
239.225
287.943
263.655
221.363
369.475
705.727
697.884
386.603
213.287
225.213
320.636
229.919
328.362
590.348
627.976
344.597
219.11
221.614
297.479
252.166
197.108
408.759
861.685
537.097
184.636
247.129
206.781
222.337
259.475
358.983
815.375
613.914
299.03
229.668
249.614
387.709
220.389
387.41
817.037
593.864
251.71
383.026
254.801
321.789
248.751
357.399
504.361
620.91
411.808
325.5
261.518
304.855
241.638
313.093
470.199
633.761
543.281
339.367
236.604
258.92
308.594
529.521
555.156
859.224
640.11
290.814
274.267
302.829
222.133
435.996
537.13
850.175
633.875
345.153
209.923
450.745
461.358
267.776
368.425
551.266
608.768
476.779
476.467
514.559
377.584
313.339
249.16
518.554
828.08
588.431
373.037
533.575
394.477
289.839
209.779
377.86
627.958
568.378
400.158
282.605
401.71
247.361
112.337
185.478
204.46
244.211
397.733
356.543
402.752
247.195
169.004
176.982
262.727
363.161
393.656
444.616
585.656
420.469
194.852
233.447
228.081
390.543
590.236
426.857
545.558
432.059
215.676
234.716
387.336
403.746
544.542
343.211
543.655
512.683
211.797
274.926
314.701
310.661
512.577
353.88
504.477
545.645
316.954
265.017
322.28
353.067
461.828
259.679
484.708
687.246
482.113
378.37
230.046
258.428
422.612
225.958
421.676
726.612
620.442
377.876
234.705
224.47
369.198
222.298
339.8
612.024
699.489
326.489
168.577
207.517
304.831
178.606
292.203
506.295
712.635
360.446
214.393
179.745
267.368
404.466
328.171
447.107
748.973
476.845
210.557
384.234
340.285
218.547
183.029
343.624
796.376
645.657
261.117
218.99
182.263
131.963
146.201
247.372
552.703
413.411
220.555
140.481
142.649
350.687
260.416
299.148
595.774
732.583
503.109
360.492
271.04
280.524
312.802
326.9
464.843
611.51
593.002
303.649
281.019
397.056
424.813
363.678
494.071
713.542
664.614
428.999
430.78
471.292
368.416
416.913
506.66
745.752
667.52
507.87
382.514
516.428
474.732
330.863
353.332
656.131
875.244
581.086
490.155
915.872
447.725
181.765
133.361
311.756
801.934
978.714
513.234
891.292
389.084
260.077
195.163
467.715
836.197
959.483
453.791
456.909
495.409
295.478
137.689
152.497
285.229
449.547
487.135
445.088
381.58
215.664
168.667
214.108
272.617
458.074
389.701
301.887
462.902
483.954
276.96
258.816
250.936
265.852
435.559
409.938
541.022
432.555
219.297
257.338
282.357
369.766
532.674
600.158
478.25
392.72
391.285
242.869
223.933
563.919
523.053
257.125
553.735
606.065
326.531
312.274
301.895
222.821
496.605
337.779
481.865
583.077
365.646
237.499
289.023
341.172
435.566
231.723
359.664
479.561
438.327
259.066
265.19
233.463
332.95
234.426
447.462
530.699
471.127
289.54
278.818
216.626
407.989
246.795
211.613
316.649
549.3
318.658
142.345
232.967
219.779
195.03
187.335
456.358
805.808
463.229
181.281
181.78
182.521
258.629
243.708
367.841
731.709
513.788
212.609
260.002
251.012
263.042
190.71
322.156
597.616
538.416
310.662
269.089
194.958
269.52
287.066
321.165
594.96
713.678
408.507
272.323
282.265
261.288
301.883
304.431
326.666
594.136
622.93
295.443
276.914
338.471
292.764
361.917
403.509
664.468
614.296
379.124
287.804
482.944
341.546
435.257
499.216
749.95
723.601
527.933
357.727
639.752
382.566
339.541
255.564
587.783
901.586
715.3
381.697
947.207
414.001
284.251
169.561
290.462
741.931
996.905
481.443
689.248
549.896
279.754
163.238
250.444
592.148
691.765
582.129
266.278
402.791
257.029
138.298
160.368
162.45
230.807
396.469
369.315
528.521
470.534
225.953
208.617
272.121
344.231
503.707
381.917
676.77
630.044
231.697
335.624
367.133
330.773
626.536
365.881
579.284
500.826
251
293.629
304.028
328.317
553.336
232.825
491.369
525.9
429.116
359.066
207.984
208.544
445.906
343.628
579.041
590.929
287.954
305.858
349.6
329.076
536.796
422.735
583.349
524.544
290.214
242.202
339.443
388.773
563.116
268.095
498.661
671.791
557.234
288.281
236.24
246.491
451.094
328.034
231.799
445.79
626.637
359.607
171.544
315.533
247.374
337.307
285.948
440.423
623.753
379.389
208.483
321.831
301.279
340.929
338.058
479.2
737.975
372.199
236.535
338.501
330.002
200.832
190.433
322.767
787.724
546.515
238.823
200.794
182.118
197.55
266.971
327.02
584.958
520.519
295.315
194.257
263.106
281.082
212.429
364.331
527.583
761.562
531.245
312.18
220.169
346.812
338.041
355.949
295.101
564.283
689.452
391.952
320.257
437.794
328.238
227.539
292.796
610.566
753.96
491.482
344.608
374.755
285.138
233.335
280.738
507.966
619.234
414.848
284.319
596.133
510.444
277.286
165.193
500.501
884.837
658.761
531.111
800.581
623.217
227.282
182.686
290.666
778.297
854.48
692.029
670.164
400.592
188.62
131.709
319.297
774.556
737.363
425.41
490.56
596.918
302.316
159.852
216.926
329.671
455.299
616.076
491.724
521.79
368.466
238.462
209.614
215.515
447.298
539.074
425.641
581.982
335.566
129.148
178.985
298.262
400.894
573.244
466.845
714.275
418.442
245.635
199.866
321.442
406.9
706.858
484.536
589.581
452.333
255.638
257.751
337.927
465.045
579.848
369.394
581.587
507.023
280.644
261.206
248.56
327.315
563.717
631.874
619.925
585.691
288.11
284.946
343.718
591.29
611.803
411.598
500.689
554.78
421.794
312.496
408.249
431.408
483.75
272.365
333.302
513.242
670.571
345.266
204.26
268.887
310.581
311.654
240.391
354.6
557.185
311.472
161.802
302.26
254.241
268.157
255.987
464.841
658.81
329.202
192.241
261.991
250.276
169.939
166.21
360.634
832.959
510.717
191.078
170.539
148.995
367.503
324.904
296.695
451.863
526.725
404.082
370.603
340.768
396.131
284.797
324.385
417.214
659.605
628.641
438.429
308.514
437.923
272.748
245.836
264.46
492.632
693.029
496.009
290.289
615.951
501.566
274.941
248.823
450.026
799.051
677.244
518.893
644.414
352.059
284.776
304.244
497.022
747.158
694.813
392.345
780.499
361.882
183.64
176.15
370.62
714.953
824.807
418.004
716.209
351.148
223.226
134.122
326.156
842.81
797.478
355.057
789.738
381.317
210.882
144.556
286.325
712.862
855.33
440.355
395.507
641.615
331.948
167.829
156.168
284.313
335.425
632.703
562.345
630.549
287.944
175.869
190.9
287.416
502.114
670.192
524.857
674.277
361.361
226.366
199.764
313.708
466.915
688.933
399.925
662.25
462.589
152.3
262.57
347.936
349.695
642.686
325.776
515.64
426.442
229.252
293.722
312.197
298.485
490.233
425.438
642.31
601.223
348.602
240.338
278.79
381.778
614.877
396.022
346.029
348.596
326.653
218.915
322.207
390.422
349.188
469.99
494.161
362.378
223.986
188.211
364.421
458.138
498.503
195.047
273.977
500.435
458.458
302.369
139.443
192.109
245.527
331.675
185.742
248.695
309.876
248.501
250.065
341.556
191.43
214.773
185.709
296.739
473.427
310.03
212.787
223.48
185.528
256.264
181.778
247.479
496.783
501.58
321.407
272.307
194.898
328.929
292.437
269.999
402.686
374.288
351.822
339.66
309.751
276.001
307.102
335.006
335.574
504.737
453.578
292.396
299.616
526.712
359.631
280.194
274.397
522.689
731.998
582.467
371.038
694.552
305.002
216.403
226.308
468.799
747.048
757.374
352.493
538.076
344.418
265.234
243.825
485.802
681.935
588.552
366.59
947.171
574.008
274.187
180.026
350.881
860.556
990.969
629.978
718.092
365.258
221.345
257.919
294.245
622.423
768.454
411.892
933.05
361.379
171.454
126.411
180.817
557.114
958.403
445.68
456.688
599.102
299.987
154.351
194.911
250.785
394.896
607.698
511.12
660.57
383.349
163.956
179.071
312.96
458.206
666.213
653.834
692.153
304.479
153.049
148.502
305.292
583.306
738.513
594.275
631.628
344.644
172.163
138.569
261.535
537.902
661.56
579.907
704.028
372.14
138.113
184.38
395.83
547.108
720.204
582.48
627.577
395.925
229.866
260.977
321.94
530.716
647.14
429.914
524.133
427.211
264.687
237.909
268.825
391.837
527.37
409.034
458.026
412.138
306.117
195.329
307.111
421.769
444.43
170.818
262.54
455.744
361.939
310.532
187.192
162.188
230.17
250.105
278.559
441.729
403.947
208.176
185.274
242.636
262.419
424.712
260.274
347.357
621.459
404.003
215.585
408.673
299.481
169.875
175.997
346.735
612.926
408.305
259.98
175.113
168.522
381.003
223.139
188.299
321.456
417.733
428.496
396.758
249.775
547.026
307.142
202.585
200.356
289.249
463.304
574.311
343.578
514.72
322.512
229.253
223.748
353.57
547.602
546.841
338.808
752.707
434.756
208.01
205.834
410.054
774.715
803.2
471.851
844.822
375.315
221.314
151.155
339.978
721.455
900.851
443.102
724.019
400.83
283.608
309.902
300.866
702.885
773.195
430.032
924.597
428.922
257.599
127.47
338.893
814.226
994.878
498.464
778.676
337.023
182.028
233.468
310.472
708.185
823.411
394.92
558.36
622.264
249.88
106.751
112.199
365.273
516.256
663.378
732.394
811.136
395.414
150.388
205.933
372.747
659.156
858.044
781.696
813.435
377.418
215.502
195.17
360.433
702.323
869.927
495.912
496.014
286.816
136.755
144.764
182.066
446.601
530.429
566.034
674.505
493.976
255.351
265.005
330.7
511.206
680.187
614.959
642.308
430.444
196.704
182.819
217.229
554.679
670.947
356.422
475.462
443.022
217.199
179.682
202.054
317.889
459.276
407.644
445.988
451.841
318.533
290.999
196.523
374.243
443.496
306.599
380.022
419.897
294.386
179.882
233.141
283.841
370.025
296.446
288.318
535.703
642.253
390.393
262.313
283.811
281.811
287.173
342.535
444.747
381.489
364.148
228.535
276.975
341.794
218.253
224.827
302.678
554.829
606.342
422.494
239.412
204.277
365.708
253.658
305.569
353.764
359.065
360.324
384.935
258.748
320.48
203.112
188.087
259.708
337.891
423.166
348.644
217.204
633.54
331.695
264.816
187.11
431.166
726.197
696.684
362.362
775.185
384.87
193.181
189.632
313.439
703.946
826.323
432.521
892.893
465.733
211.09
232.773
308.057
752.803
956.917
535.799
860.701
475.665
233.438
166.613
289.334
627.524
877.874
536.98
831.82
428.278
166.12
179.358
239.286
656.671
889.908
481.271
919.146
397.743
201.534
119.001
211.363
541.195
942.647
478.442
399.304
648.122
454.051
200.501
192.242
267.463
345.84
626.088
608.5
768.582
383.848
187.44
204.448
315.343
533.034
783.236
523.735
605.885
297.703
177.241
191.708
273.716
467.695
625.482
627.569
511.444
281.222
210.673
225.603
317.722
588.515
554.807
288.246
334.275
306.149
191.607
280.275
287.163
281.457
317.477
386.925
513.312
390.205
241.337
179.484
199.5
347.38
508.926
536.372
581.857
409.776
250.476
233.476
268.464
489.742
599.566
506.538
535.044
403.433
233.822
224.376
356.11
488.86
541.601
380.013
455.321
512.885
447.757
253.849
282.311
357.367
428.135
288.82
242.968
319.361
498.596
317.237
179.192
282.973
252.169
183.459
197.481
213.675
273.211
264.651
170.544
172.594
199.528
405.179
262.927
161.768
263.027
382.203
534.548
447.685
273.343
344.205
238.723
322.28
280.639
294.778
318.616
348.576
257.492
506.788
281.383
175.757
300.494
343.543
417.936
523.327
317.713
536.253
337.626
240.039
252.085
378.63
695.11
588.592
348.682
888.285
480.77
232.224
165.208
333.109
745.471
936.739
528.909
758.153
404.181
169.357
256.939
229.963
589.545
812.032
453.806
744.565
460.498
266.855
215.67
409.629
735.417
783.153
489.578
1104.9
438.848
200.712
95.6892
254.872
754.83
1150.67
529.411
927.641
412.111
172.92
139.59
232.221
553.677
941.469
504.615
737.539
849.421
508.614
207.655
274.941
334.472
656.562
885.893
468.577
653.872
451.227
274.699
332.302
391.324
436.575
648.936
756.577
748.016
386.669
191.265
242.804
331.128
683.68
801.88
658.718
537.661
254.201
118.61
124.493
225.372
609.12
585.749
555.32
397.329
223.935
148.559
173.118
265.437
536.727
441.024
693.89
633.819
391.449
269.906
256.745
368.907
651.002
676.662
346.921
457.417
409.906
204.38
271.101
347.948
323.726
440.985
422.58
409.453
274.675
229.738
192.542
467.759
450.866
416.266
439.807
402.047
341.675
272.668
177.716
295.225
430.562
417.015
372.038
293.462
367.771
486.668
260.118
186.633
353.514
313.587
260.167
269.008
240.959
416.859
470.754
407.348
261.372
262.71
534.33
292.971
180.84
262.278
329.181
449.356
551.024
336.939
756.535
388.684
190.313
229.408
275.473
578.032
784.152
444.311
502.139
345.097
265.706
276.106
276.728
505.97
529.892
370.076
549.691
328.846
250.029
173.791
294.372
517.787
578.038
363.55
701.052
371.455
168.129
198.637
284.344
511.099
724.662
424.749
974.022
471.59
169.954
136.099
207.578
649.328
1007.77
556.657
990.079
447.049
188.07
165.25
320.762
598.841
1003.34
548.558
1111.88
424.213
157.093
170.005
205.447
597.816
1124.78
546.926
1156.42
476.894
147.893
150.46
296.388
729.002
1185.92
601.066
629.061
780.183
388.179
103.138
199.072
378.422
555.626
789.269
518.168
803.085
454.181
192.388
186.343
372.479
455.05
792.148
584.713
414.802
150.338
164.451
161.278
301.936
566.768
471.619
886.873
614.554
287.92
259.062
228.195
309.12
831.08
696.161
308.534
213.552
145.037
234.127
270.357
246.467
296.861
236.868
937.643
589.21
227.153
128.456
166.652
346.586
887.496
684.227
651.657
570.874
286.699
153.522
157.908
261.791
602.519
623.791
393.263
426.29
310.012
219.211
191.403
262.163
363.553
434.481
313.5
385.046
339.681
267.617
184.294
301.313
314.954
379.873
188.672
277.283
421.747
697.458
424.56
240.983
184.293
263.293
548.392
274.966
266.531
260.707
457.894
580.302
583.427
306.053
704.703
337.418
205.949
180.291
244.482
543.564
736.664
391.027
854.288
379.451
180.816
183.387
243.427
515.267
862.306
468.602
902.856
393.732
158.139
107.87
168.915
443.481
896.821
498.207
788.037
438.422
241.939
187.722
231.622
503.086
812.005
491.971
872.687
399.544
130.254
131.823
218.584
583.138
899.2
483.809
1176.02
481.938
118.714
119.636
155.926
525.834
1173.46
619.342
997.293
494.314
160.874
101.382
208.618
585.276
1008.65
591.09
567.351
384.098
198.008
139.781
268.112
392.748
562.495
428.594
790.558
424.877
198.466
289.367
251.053
577.551
832.84
477.431
553.868
634.876
365.294
165.679
195.988
269.033
499.527
663.826
582.949
709.86
433.898
170.785
214.284
282.298
517.841
732.89
664.695
483.841
208.295
126.189
142.773
214.313
616.452
541.856
807.314
631.488
342.45
204.02
248.548
289.306
757.547
695.119
547.991
456.88
212.678
174.195
156.635
275.458
513.909
500.11
451.291
372.75
176.391
133.251
197.695
272.301
422.635
408.397
726.03
430.601
194.765
183.446
137.825
228.388
692.608
502.918
598.416
572.448
294.816
124.097
154.168
263.101
551.017
602.918
561.045
472.839
225.984
176.269
151.501
220.773
524.867
512.396
613.595
540.656
329.992
225.395
148.312
215.724
567.606
579.117
903.977
498.958
216.505
268.465
179.704
448.189
895.05
595.633
663.927
277.959
104.528
78.2495
112.661
382.687
680.463
345.161
470.461
380.04
280.232
244.729
186.428
315.987
470.965
395.077
792.307
332.483
99.7113
129.477
169.933
448.932
804.788
420.793
1009.29
395.544
138.93
107.436
167.189
495.577
1016.99
510.134
949.417
562.71
210.427
195.741
186.395
438.318
925.762
665.26
908.033
400.336
194.171
194.09
254.528
601.293
939.929
488.558
981.011
517.902
193.696
106.577
143.022
565.139
994.327
600.102
741.848
331.279
180.228
227.878
177.158
522.233
787.231
376.187
855.252
375.795
175.54
171.948
138.419
376.358
861.047
460.347
834.959
661.859
282.806
149.738
183.37
289.151
765.911
731.147
696.734
654.883
338.287
146.325
178.248
249.133
634.345
692.994
692.932
497.16
219.191
165.01
167.802
277.789
651.241
558.197
722.008
574.491
182.342
83.4163
101.735
293.436
669.7
650.199
712.415
683.951
303.862
140.383
136.183
278.697
646.018
737.226
552.566
458.649
202.443
195.511
191.367
301.48
517.535
510.735
464.606
496.463
250.598
148.657
149.063
247.095
422.84
515.689
674.83
431.72
179.848
121.189
134.475
277.609
648.474
497.252
825.327
549.581
173.505
132.237
119.958
317.636
779.935
640.127
743.818
538.868
290.716
386.73
280.067
349.668
710.738
605.688
664.68
500.045
304.816
258.974
189.229
320.674
641.537
546.326
733.476
482.728
185.186
179.949
172.989
326.221
710.212
550.768
626.388
367.987
189.473
207.772
169.14
314.462
607.191
433.927
858.763
491.378
201.082
118.984
118.055
438.163
852.059
576.507
835.855
447.424
159.808
161.195
135.855
320.33
804.277
544.667
996.907
469.835
136.858
136.487
137.237
472.704
991.045
584.027
832.047
447.049
207.534
162.044
242.956
519.335
839.294
527.072
1280.06
635.918
152.117
122.378
162
458.742
1242.89
790.907
1478.89
601.082
146.137
128.774
149.202
601.125
1476.58
779.848
642.852
316.1
159.435
147.433
196.149
433.234
661.15
372.58
772.243
646.475
208.352
179.442
136.681
328.183
701.845
728.519
639.206
604.468
299.167
151.699
226.483
339.826
585.756
652.147
607.868
639.037
308.572
141.331
144.032
336.928
568.243
660.597
882.24
518.688
168.873
101.009
111.234
237.348
832.263
622.761
739.271
445.701
253.67
229.059
247.97
320.409
704.366
520.766
290.689
206.108
130.06
150.27
102.307
163.98
288.558
226.795
465.822
233.248
154.137
264.59
179.052
200.772
458.267
281.35
429.962
275.938
139.164
160.999
132.326
228.073
424.609
311.863
636.003
361.175
181.613
190.568
129.483
243.734
619.22
421.574
574.785
474.483
261.551
290.724
227.051
240.948
540.348
511.47
486.786
483.908
285.801
194.726
124.467
186.754
447.045
509.608
622.363
514.142
269.17
187.102
135.667
211.468
577.455
565.369
840.174
473.422
153.252
135.194
132.244
419.987
814.381
565.323
945.137
560.792
136.24
83.9682
123.335
442.219
924.289
663.686
992.386
404.606
109.524
105.356
122.239
436.85
992.905
519.369
443.478
294.332
111.869
154.473
176.362
277.526
429.261
347.967
483.376
432.351
364.964
380.527
374.369
463.749
486.951
424.041
1207.46
540.596
158.516
235.654
173.926
429.085
1182.29
692.306
1192.35
532.627
171.233
215.665
180.704
620.54
1197.19
666.056
754.064
329.073
130.908
87.5096
113.906
315.01
754.908
403.609
619.266
640.289
266.694
155.512
203.663
299.389
558.541
690.084
591.719
531.893
199.298
153.71
125.529
285.859
544.558
584.362
438.602
449.583
196.046
251.513
243.626
285.671
401.007
484.231
729.516
521.911
147.964
88.4111
99.1433
254.263
680.125
600.448
721.346
501.677
218.663
219.857
180.641
284.981
684.334
575.778
473.126
311.639
250.657
208.332
235.238
266.1
463.282
348.233
452.732
257.249
149.093
150.879
146.441
236.792
443.665
297.994
398.535
324.488
333.565
365.255
403.696
357.93
394.624
309.089
524.594
387.081
265.55
218.283
240.054
252.675
505.264
425.417
776.007
644.819
251.378
119.526
169.457
377.027
730.929
710.863
425.782
337.24
243.083
270.766
172.149
233.587
408.328
365.826
890.145
628.404
227.476
151.215
176.362
351.614
846.462
717.405
758.741
455.15
227.395
159.139
160.137
235.63
718.918
537.494
774.297
432.611
152.845
98.6767
99.0859
398.058
773.468
506.65
509.789
304.343
163.458
102.899
105.662
210.066
498.077
349.157
770.337
486.968
178.074
165.408
133.644
281.907
737.235
568.125
635.654
292.404
213.78
182.817
243.814
353.232
640.478
352.625
834.208
393.76
273.012
345.269
272.869
438.815
833.394
479.887
996.227
597.049
159.858
183.911
177.941
467.817
972.393
703.488
521.671
254.937
111.121
214.308
223.007
345.23
558.122
300.801
468.28
391.614
184.712
275.351
198.126
330.552
438.183
435.406
725.593
614.693
283.955
190.34
177.081
283.768
668.026
677.445
729.119
620.262
231.686
142.609
169.182
373.412
671.64
683.789
772.097
494.814
198.817
187.952
132.93
263.539
723.171
580.508
489.315
468.788
232.087
140.94
143.196
240.22
445.837
502.707
497.984
346.496
140.243
134.005
131.921
255.984
477.425
392.114
492.081
262.727
274.906
251.386
401.488
599.346
539.008
275.659
287.181
340.218
298.651
239.747
219.7
226.496
264.644
339.023
286.004
250.412
236.715
299.636
255.696
253.026
276.705
267.642
296.882
281.4
350.266
356.639
272.66
184.095
297.944
279.784
528.992
527.451
333.384
205.582
153.207
294.9
501.857
543.75
621.635
504.229
262.785
165.218
124.974
233.918
580.738
547.66
909.458
693.971
314.247
117.854
140.528
287.698
849.563
772.11
431.354
492.489
279.166
182.777
152.236
336.417
399.677
506.212
525.437
283.628
209.117
173.873
207.019
243.934
515.044
334.786
631.842
342.022
208.001
248.721
178.748
332.001
634.262
391.814
778.2
404.389
192.86
147.171
167.942
279.376
751.889
488.692
834.729
495.889
171.006
109.509
138.237
422.5
823.636
576.992
959.139
507.162
154.823
109.195
167.7
353.531
919.709
622.597
890.017
345.691
120.208
149.893
146.458
346.605
878.933
447.384
754.528
476.79
135.241
106.293
146.688
307.488
704.162
569.216
843.751
654.243
249.912
74.0941
135.649
275.459
780.2
718.733
678.996
465.906
221.516
184.986
138.616
217.773
641.206
523.169
748.756
467.883
200.225
203.692
235.93
272.144
698.021
559.248
566.067
342.494
133.982
210.621
177.432
249.22
543.894
402.597
773.852
364.882
101.546
121.527
158.274
484.512
794.508
443.203
513.918
371.131
192.426
284.316
369.801
562.953
549.033
385.558
146.697
161.355
295.087
498.973
334.365
153.833
141.375
158.186
234.04
219.857
354.435
539.917
338.275
179.932
233.346
215.239
417.925
241.078
209.951
205.523
193.848
265.936
405.253
284.667
398.217
398.933
347.642
339.371
239.162
263.989
379.456
410.468
532.301
572.6
460.786
182.252
265.997
324.1
494.7
570.033
638.901
608.321
321.302
151.136
135.29
273.739
587.212
644.136
487.344
379.81
312.72
251.233
183.2
242.545
469.336
407.739
604.692
392.527
218.075
199.295
200.779
293.766
588.464
442.914
522.131
497.102
301.543
183.048
184.634
217.88
490.018
521.3
769.502
489.188
249.591
227.245
210.225
313.558
743.318
567.902
1042.05
594.956
263.356
306.669
254.956
493.254
1022.79
707.039
1161.01
562.156
150.713
115.62
105.968
393.369
1123.48
708.569
1076.71
476.009
157.635
153.455
136.695
400.234
1057.14
609.482
744.812
582.195
175.308
117.95
95.242
249.422
681.03
662.903
1008.08
609.566
177.195
164.499
121.218
319.309
956.174
722.143
854.679
558.886
199.067
133.041
170.729
363.628
821.998
645.108
1132.65
583.819
157.713
139.786
106.774
352.302
1089.83
721.153
670.7
322.418
185.451
212.831
203.186
446.856
695.143
379.024
657.956
290.994
125.57
200.992
150.737
383.873
669.031
361.669
245.556
187.139
264.604
496.352
324.215
199.532
246.178
196.559
86.8138
156.882
327.324
374.761
229.042
127.618
86.1207
138.127
282.102
195.297
313.445
585.777
401.974
213.592
285.678
205.104
494.783
296.775
236.681
396.942
243.959
248.801
488.788
338.887
387.129
379.395
383.715
454.57
275.777
230.831
365.175
388.492
230.344
281.169
340.441
494.143
335.578
166.143
214.62
273.056
351.675
301.853
355.012
224.167
172.09
261.056
351.563
295.419
461.647
482.03
415.538
202.556
165.098
209.346
426.861
484.958
384.521
461.163
337.242
221.865
204.859
288.278
387.584
448.864
452.884
423.429
265.142
154.255
206.009
242.176
426.224
446.269
386.967
379.47
231.066
232.141
193.637
226.052
367.124
402.817
985.791
565.499
204.931
126.739
159.438
304.453
941.034
671.581
1345.39
654.397
124.989
116.904
146.156
435.495
1298
824.974
949.159
392.243
161.229
103.754
126.834
468.315
966.821
457.085
970.729
570.953
157.515
103.927
125.861
287.637
918.351
679.743
1068.96
565.026
190.235
161.358
156.837
339.694
1030.22
686.497
840.384
478.132
145.932
139.911
171.478
436.903
832.912
564.31
553.706
259.5
144.694
160.994
176.908
270.39
539.625
311.221
447.056
352.922
187.469
278.549
303.909
279.963
423.888
397.446
434.843
260.816
121.825
135.12
149.677
305.898
441.879
308.935
166.685
177.614
373.096
559.678
522.933
341.97
179.46
157.675
194.019
130.57
245.418
394.198
376.365
217.406
197.996
133.446
360.364
230.67
235.393
305.221
252.974
226.638
357.257
254.824
257.433
262.632
329.425
420.322
222.43
155.921
244.168
265.583
394.483
292.306
266.805
346.76
242.233
221.717
384.859
310.747
580.589
630.667
467.997
211.942
198.793
280.571
525.987
648.295
374.904
368.71
299.453
219.89
166.71
185.909
347.852
379.215
251.73
369.827
498.291
405.8
316.876
206.341
233.446
349.436
500.39
337.377
272.69
213.251
216.839
308.449
510.626
355.52
542.229
617.997
332.794
298.484
215.361
490.028
532.402
631.444
529.382
295.977
196.675
230.868
194.372
308.701
526.346
337.768
756.874
741.012
402.761
232.915
148.727
296.306
692.301
793.034
990.38
728.891
174.976
125.342
170.493
453.626
932.525
837.076
1214.78
523.883
114.504
163.343
158.981
459.821
1197.62
671.355
716.889
468.681
168.9
128.464
101.266
213.536
673.632
544.409
650.703
363.537
134.839
194.637
191.553
335.301
640.867
432.244
704.428
420.39
206.652
180.007
236.407
474.258
718.854
463.123
828.413
345.721
151.452
103.858
188.082
458.918
842.156
421.851
447.366
271.043
226.253
285.114
324.721
285.485
437.928
311.542
510.661
361.946
171.905
143.086
138.657
343.632
498.587
409.432
270.182
288.762
386.685
506.917
372.924
356.197
267.225
269.27
329.258
263.29
281.597
489.291
560.553
409.622
358.946
257.533
320.707
183.598
289.782
515.479
380.861
289.695
326.222
207.039
539.497
408.265
292.59
270.744
224.09
312.82
520.373
437.35
372.58
382.26
364.75
445.186
236.123
180.041
349.395
387.359
507.085
533.237
308.436
336.93
248.344
256.156
455.794
564.474
543.334
321.209
323.132
342.331
211.766
285.176
534.494
361.362
374.008
432.745
473.693
298.408
212.452
270.231
349.737
408.619
729.448
559.303
225.51
227.963
171.222
254.611
672.945
628.3
435.939
354.898
323.927
228.044
198.473
243.131
421.117
376.401
488.298
439.086
455.255
358.071
212.421
252.934
469.237
443.135
543.419
644.963
460.545
295.591
243.368
287.183
495.63
655.357
463.252
594.569
328.159
207.788
189.788
366.432
421.852
603.968
820.566
422.136
132.085
158.57
223
453.556
823.073
510.52
