281.222
231.226
232.039
305.008
219.774
244.489
284.449
232.795
233.569
380.537
611.519
536.323
272.861
191.319
221.493
339.28
331.457
464.171
635.472
547.901
239.141
167.201
304.435
449.49
212.666
519.809
897.705
751.382
432.942
416.35
217.673
433.19
209.67
487.272
909.486
703.069
438.744
269.178
184.263
412.568
177.703
355.59
938.589
1025.04
525.84
288.591
183.59
290.964
263.546
344.964
824.624
1060.08
529.906
274.214
267.683
303.892
184.599
339.248
970.536
1257.2
596.875
177.372
179.79
286.26
245.192
361.823
888.713
1529.71
667.769
188.658
243.386
309.919
199.237
246.758
809.093
1412.54
839.355
215.54
186.135
225.654
165.946
203.371
609.845
1242.08
831.42
283.417
167.692
190.286
133.761
160.962
665.656
1399.21
1014.74
303.592
143.933
133.25
204.84
186.493
577.45
1465.67
913.491
278.933
208.45
183.712
207.854
217.565
458.906
969.088
1034.55
530.348
229.923
210.196
292.731
325.101
608.594
1212.02
1114.68
552.622
282.215
311.529
249.747
287.317
506.783
843.909
940.7
546.962
261.242
273.584
320.857
330.256
662.078
806.663
1007.95
604.53
329.273
316.156
345.523
334.055
460.881
813.337
935.252
579.084
347.326
349.977
283.386
248.623
428.697
761.101
971.937
655.491
320.488
224.084
284.779
269.571
455.846
601.829
917.823
696.532
330.193
239.93
232.907
281.414
328.961
168.159
219.617
286.42
244.63
249.918
286.146
484.219
621.354
377.486
306.893
285.348
286.428
435.296
312.375
462.256
755.485
513.656
290.906
261.67
318.077
403.277
325.488
459.287
781.775
723.187
391.696
292.37
326.071
408.036
257.701
515.225
960.894
805.929
444.475
298.338
250.893
441.604
371.134
484.123
877.628
820.744
445.355
237.194
345.695
442.668
281.825
400.445
733.283
825.135
485.552
273.895
266.723
381.3
289.437
414.656
658.466
1136.04
584.631
279.053
266.522
398.385
197.591
244.478
778.951
1377.61
768.884
210.986
200.776
221.877
136.827
217.019
586.18
1359.26
668.653
191.552
136.847
196.849
168.674
179.508
435.708
1125.75
650.37
205.212
155.782
181.858
209.85
213.175
538.081
1291.31
859.667
310.983
215.749
199.822
227.321
205.741
630.007
1352.22
1014.59
347.509
231.155
206.005
189.05
242.797
516.956
1157.33
956.308
435.324
200.274
210.831
226.378
322.648
608.357
1011.18
1085.91
633.399
255.931
271.191
300.997
283.157
572.657
824.677
1074.91
623.531
324.788
259.656
345.523
323.724
461.027
969.213
975.862
589.307
363.196
334.803
405.723
280.738
369.84
546.177
761.872
630.496
444.908
309.45
378.956
284.526
362.422
641.928
770.881
686.753
422.739
274.387
376.878
412.594
437.592
537.505
784.395
649.557
408.866
408.566
223.002
519.262
566.417
340.92
335.724
258.512
208.424
467.59
231.546
469.098
611.569
406.58
320.011
276.284
208.874
415.827
277.734
532.812
683.725
444.32
305.01
271.017
249.765
482.326
247.613
306.512
579.445
616.542
389.787
241.675
256.935
277.079
220.423
500.253
744.646
644.269
353.494
345.007
205.136
427.874
271.592
448.748
748.522
782.961
381.027
273.015
264.663
404.427
213.649
372.308
794.74
1107.05
494.316
212.983
212.17
324.302
245.781
231.45
744.905
1188.49
669.821
255.54
250.943
212.436
159.18
250.594
719.964
1114.67
551.198
222.986
155.303
211.861
325.143
307.76
603.762
1049.07
736.31
362.022
314.455
307.808
152.543
195.873
498.922
914.629
569.09
179.068
145.837
173.064
168.786
183.518
452.635
1033.59
743.334
286.811
172.772
181.578
200.712
218.188
475.359
1085.51
855.844
350.545
195.682
199.332
140.953
205.661
432.681
772.177
802.366
413.057
157.024
169.581
244.226
293.6
540.727
787.801
838.34
506.406
263.925
269.932
373.043
257.797
386.707
710.128
931.46
644.211
410.723
271.544
364.474
269.864
523.268
623.395
882.302
669.786
411.627
265.337
351.906
363.788
329.728
607.749
757.724
653.334
382.796
358.6
404.093
338.881
421.547
533.708
791.971
829.61
457.703
329.245
359.481
385.68
589.629
1260.82
999.02
464.27
376.306
373.082
315.805
572.35
568.631
288.741
276.32
279.927
285.516
534.002
367.601
496.089
676.963
393.031
366.977
286.413
360.449
459.565
352.746
609.325
622.146
552.324
286.28
307.28
319.903
577.901
353.447
390.255
561.807
459.308
291.988
300.969
363.866
357.642
341.781
513.171
807.282
590.972
436.099
333.873
346.034
452.893
247.201
456.31
900.546
977.39
487.16
230.982
235.117
397.415
296.632
491.607
905.711
983.572
523.777
333.759
309.836
437.163
248.593
371.929
712.511
806.21
427.35
216.849
226.565
339.224
159.14
298.721
845.023
1263.6
674.585
188.955
150.495
262.039
144.847
199.671
698.424
1320.92
852.339
226.553
142.661
174.876
161.519
193.086
741.431
1133.95
627.209
207.567
166.554
152.6
143.054
157.996
534.588
1076.72
761.063
311.183
156.197
131.429
242.069
283.792
406.238
732.49
706.43
364.824
249.37
260.651
267.849
237.134
329.664
547.065
557.449
387.462
286.585
242.954
266.719
392.912
387.508
608.561
790.163
574.512
281.064
349.372
468.074
345.385
359.659
598.381
829.17
645.039
488.875
372.866
445.835
341.149
536.714
582.339
878.494
760.449
497.81
344.449
338.167
402.238
370.89
590.447
625.22
595.374
347.813
380.799
529.667
533.509
402.929
484.893
699.66
747.03
564.718
547.947
618.028
295.363
370.903
437.32
568.779
699.036
671.986
327.312
500.787
798.147
534.563
231.629
199.994
313.44
434.076
779.072
392.645
652.303
605.194
308.816
284.639
322.716
377.807
609.623
368.456
616.216
594.828
312.318
229.303
325.595
348.269
575.024
659.648
828.462
792.585
506.999
333.651
341.017
597.756
825.175
516.491
736.164
674.01
463.4
397.361
448.157
498.787
717.847
396.382
577.631
865.166
910.632
513.395
246.062
358.949
547.698
355.651
507.701
731.7
752.953
418.458
347.707
348.97
463.111
201.712
432.579
881.862
1104.73
533.865
221.75
194.149
371.516
203.44
398.8
903.264
1147.95
570.054
235.225
186.189
342.299
147.738
209.55
542.138
1340.65
745.549
205.641
150.412
185.996
231.861
193.921
379.177
720.827
500.998
243.087
239.109
193.897
211.473
180.554
311.958
719.491
472.722
242.843
209.517
188.407
234.557
240.385
383.044
818.701
716.189
356.179
245.745
237.661
332.211
262.99
440.122
619.793
765.749
598.847
367.783
248.154
374.488
325.167
363.394
766.054
712.416
465.042
392.68
331.17
348.973
364.418
494.506
542.295
679.257
643.311
384.224
336.175
300.772
301.861
359.494
532.893
672.564
677.401
336.575
281.143
495.867
540.088
330.995
388.539
551.902
612.598
503.585
552.548
456.159
342.22
258.019
281.823
431.674
492.458
479.798
344.721
518.747
317.872
491.011
469.721
605.081
715.539
572.784
327.089
382.956
537.156
455.892
231.208
236.459
302.957
376.878
511.828
448.083
705.694
620.398
317.076
274.441
324.238
404.144
675.401
662.082
911.787
700.452
422.815
327.377
480.685
611.202
902.936
613.813
771.97
662.163
570.645
324.439
430.125
566.8
772.376
465.993
720.661
665.215
456.244
249.634
285.493
418.985
695.603
258.98
438.935
595.078
472.942
300.255
187.632
241.885
399.643
242.112
394.404
631.086
837.757
497.541
252.146
237.44
355.879
228.976
348.381
662.909
947.391
473.029
182.087
212.599
317.594
241.494
442.662
892.375
1106.41
514.431
248.763
233.119
387.49
193.213
255.581
593.299
977.724
580.095
222.525
196.988
234.568
175.441
199.585
365.185
822.9
676.287
295.315
173.067
196.145
154.117
116.435
336.234
977.151
740.574
275.273
168.767
113.266
256.828
263.688
408.404
708.478
852.728
411.051
255.644
245.212
249.384
346.283
458.755
616.493
753.575
612.262
277.915
303.482
304.028
251.716
379.977
688.495
728.063
536.792
321.181
241.474
446.474
400.939
381.125
455.698
586.263
535.954
466.219
409.735
438.516
292.775
494.219
491.237
689.291
598.098
453.428
299.612
346.774
308.414
353.501
350.291
539.44
645.767
384.113
291.184
525.55
280.707
179.615
248.568
383.38
606.902
567.772
308.106
572.213
444.174
292.59
304.67
480.443
552.406
593.185
460.671
629.753
802.637
481.374
175.681
283.744
400.454
573.072
807.233
537.318
716.195
493.657
236.126
248.547
427.807
539.59
692.034
542.226
598.666
509.122
376.84
304.694
271.764
492.653
610.08
725.473
760.082
601.972
352.688
293.869
340.551
669.456
772.868
547.997
742.258
525.792
324.701
239.511
386.681
498.07
741.51
469.281
544.884
576.566
476.458
309.805
254.356
433.702
547.497
301.746
468.31
520.13
471.398
518.217
316.777
278.993
443.392
293.944
378.926
597.616
591.811
319.513
248.426
277.123
357.354
311.303
377.049
640.866
846.696
493.903
357.868
316.152
361.217
202.883
192.567
348.201
552.081
444.757
234.451
199.245
195.384
218.535
128
380.267
910.273
612.092
271.054
234.52
127.287
273.834
203.129
316.304
599.389
493.503
404.531
296.994
206.207
229.26
254.456
387.999
873.362
911.739
422.696
233.553
235.32
249.29
292.476
273.848
586.359
599.079
417.422
264.377
287.931
403.852
341.475
349.18
495.889
514.459
499.498
432.148
346.956
331.895
272.469
305.41
483.843
568.327
493.189
357.261
288.924
484.824
325.203
330.551
471.644
581.504
492.902
507.529
348.752
471.916
407.409
386.542
286.532
397.059
421.755
465.408
410.021
570.952
285.76
338.889
333.515
392.336
463.088
584.338
339.586
505.534
321.467
265.201
327.222
452.735
595.471
535.294
340.886
618.679
881.103
441.215
134.77
227.644
476.989
561.458
884.066
914.665
1029.23
509.217
279.717
269.078
488.51
816.375
1066.27
725.976
854.944
670.383
292.428
335.837
370.781
651.085
863.491
547.501
628.187
504.344
296.677
210.22
230.783
501.58
632.049
464.092
522.816
414.932
334.268
305.156
298.023
426.858
531.961
680.789
698.329
492.44
340.757
312.42
301.579
631.98
724.537
357.655
654.37
888.972
771.698
428.874
326.979
319.08
591.131
444.784
475.97
585.639
684.652
360.531
273.409
432.75
463.38
210.322
435.969
723.813
917.74
528.217
282.108
191.187
378.684
319.047
446.445
665.045
826.895
436.274
437.769
311.274
419.869
341.688
223.764
391.326
775.819
524.334
320.032
330.985
248.826
339.937
230.22
316.729
670.242
661.874
369.165
348.309
234.707
427.034
367.07
537.862
542.697
711.058
570.762
449.745
365.337
443.966
339.836
419.847
537.043
525.799
506.22
452.811
352.606
437.306
284.843
307.85
550.79
600.674
572.205
469.64
300.138
441.043
247.711
461.154
455.546
481.703
494.721
471.425
253.588
571.947
287.599
216.531
333.114
448.092
581.649
604.602
326.683
686.913
342.617
200.429
205.031
245.77
418.932
687.091
416.466
551.159
355.837
184.886
249.48
360.425
601.698
593.22
375.476
723.482
323.913
290.976
298.244
349.048
626.417
757.135
385.93
787.408
1015.44
714.365
293.073
392.155
477.466
708.828
1029.18
905.259
948.001
479.136
254.821
257.232
510.685
830.845
988.914
894.84
965.537
541.005
235.938
266.723
509.786
815.595
999.05
773.215
708.241
439.873
313.225
304.099
299.261
717.359
748.348
434.282
546.53
472.398
301.564
283.726
377.478
419.923
525.162
566.106
507.296
400.531
255.617
275.313
281.852
531.493
532.044
467.169
619.542
578.087
462.07
402.755
377.631
436.62
607.265
518.558
603.102
549.799
516.255
488.252
401.977
502.062
604.485
637.618
560.919
538.571
482.727
301.73
372.383
603.014
594.948
271.38
403.841
441.613
371.594
408.924
337.057
263.697
374.221
344.687
280.253
410.52
643.269
404.483
195.799
325.362
289.685
309.875
215.112
369.35
513.187
616.831
406.575
328.803
200.783
493.425
289.744
426.602
665.816
485.681
412.55
502.863
320.191
497.992
386.386
420.499
470.135
513.63
475.534
494.048
424.076
506.89
348.788
391.736
356.128
443.391
480.558
513.316
376.274
405.152
249.087
212.432
267.394
343.493
376.108
418.193
278.839
466.456
324.436
327.444
434.05
365.387
517.327
499.746
333.604
617.128
328.991
247.772
470.759
426.178
660.711
661.408
357.309
652.105
359.217
340.963
563.824
376.218
405.123
658.749
414.969
414.28
323.313
278.6
273.956
349.024
479.641
433.566
328.899
1054.4
1024.06
454.915
212.919
199.722
460.031
957.75
1100.8
886.927
733.017
486.44
337.698
332.728
338.64
831.919
794.454
832.451
654.803
328.018
235.117
212.109
326.805
782.623
727.103
803.135
578.11
305.87
245.06
199.869
315.999
768.696
644.374
650.196
491.072
343.378
419.002
261.394
340.795
637.211
538.29
571.482
653.533
553.161
463.296
357.879
424.376
543.76
665.839
796.604
819.857
433.229
323.428
294.739
387.397
736.082
853.676
561.271
745.716
444.302
285.717
215.056
381.857
506.257
750.854
725.038
715.884
492.939
360.588
280.699
324.137
674.319
753.724
472.924
502.435
443.093
308.342
285.597
329.636
440.731
512.531
409.081
396.381
408.28
603.861
367.819
298.288
416.35
413.149
285.422
298.209
397.691
750.7
558.638
385.383
304.862
291.34
429.916
293.541
255.127
389.001
596.178
619.654
461.214
299.93
232.564
243.602
262.836
390.097
451.952
377.476
243.148
233.372
572.636
408.388
261.109
309.587
332.773
533.521
601.821
416.23
514.905
426.806
243.955
230.59
264.525
417.944
521.119
434.432
609.547
367.987
155.389
155.508
227.364
441.494
614.599
425.747
708.096
369.69
203.516
346.123
244.72
292.917
687.659
445.745
469.153
287.551
254.212
335.666
301.932
423.739
493.461
309.144
784.939
409.136
129.126
173.717
168.188
413.934
784.166
493.377
955.496
921.702
423.225
299.04
217.519
342.151
866.476
979.538
805.64
571.944
299.29
216.541
234.345
334.033
764.512
640.079
759.611
588.638
303.385
239.822
234.259
347.841
725.967
643.564
814.569
631.415
534.123
363.226
413.016
397.454
773.828
681.166
659.151
735.102
572.82
400.854
391.653
360.352
608.35
752.611
412.114
346.465
292.485
275.861
204.177
325.583
421.819
373.787
452.043
529.612
539.17
421.468
521.495
447.262
418.342
528.718
557.322
381.297
262.551
496.604
466.363
387.34
541.369
435.513
662.375
520.426
314.123
324.206
290.131
308.071
622.662
574.679
864.835
632.862
315.816
194.526
231.798
428.007
822.577
707.886
870.367
505.196
261.234
236.687
219.272
507.815
872.586
582.772
430.541
466.971
346.456
637.193
638.156
515.871
418.693
482.949
403.635
205.998
321.918
647.861
672.742
510.507
435.6
226.164
568.041
291.306
313.2
327.225
473.111
636.797
609.986
323.039
653.946
349.625
361.678
567.846
489.75
597.01
690.498
391.409
682.533
353.24
213.593
263.356
275.656
499.019
693.871
419.436
581.958
348.704
249.383
292.854
314.83
484.248
597.676
386.121
394.771
269.946
233.482
323.825
231.518
328.112
400.805
298.826
916.281
420.147
197.669
188.705
200.88
347.385
892.177
532.989
882.481
498.296
197.877
244.771
195.761
440.827
873.992
588.735
1400.8
981.831
374.364
240.766
231.686
487.142
1300.35
1124.07
1006.99
646.523
316.409
237.5
234.508
407.671
970.952
732.695
1092.73
711.295
215.991
179.99
140.152
461.592
1053.89
825.653
887.035
615.254
426.036
363.541
312.36
433.482
858.012
688.457
962.798
557.896
343.734
453.931
351.642
577.186
966.684
635.805
910.368
562.386
335.33
365.526
344.241
345.801
873.346
649.485
412.295
321.196
291.989
231.167
206.14
311.929
406.482
334.625
391.444
291.491
181.944
250.706
286.316
297.441
378.281
320.806
755.469
477.341
368.595
273.369
295.22
382.536
735.598
536.896
847.737
553.038
337.862
455.583
340.65
444.696
819.826
636.192
507.044
314.568
380.077
349.099
378.441
590.292
546.844
330.808
489.378
308.836
277.726
366.431
334.992
458.018
514.376
329.301
537.792
290.711
267.496
363.341
494.959
553.678
560.299
334.22
400.96
385.347
404.729
730.077
860.461
691.033
436.593
391.399
307.036
242.382
333.936
479.615
554.608
486.08
334.289
257.217
613.708
303.535
180.225
258.382
303.501
474.766
629.202
356.987
683.445
387.813
252.954
237.805
250.891
485.181
699.736
431.083
440.453
266.458
224.729
421.148
393.549
253.657
432.944
306.075
761.964
374.703
257.873
347.704
218.553
289.67
743.471
455.689
787.883
529.109
249.583
276.294
347.812
385.835
760.643
608.283
1162.1
945.251
302.307
283.995
198.302
412.554
1067.65
1064.35
954.306
680.096
324.797
269.755
152.22
361.63
907.543
770.414
905.502
521.638
173.545
198.525
209.254
418.743
885.995
615.261
975.011
651.435
343.113
386.676
223.489
415.643
937.203
725.866
418.357
271.958
157.589
176.101
154.173
208.017
407.975
304.279
761.511
436.325
184.497
197.289
213.808
350.028
744.096
519.363
893.854
483.512
174.336
183.272
198.052
405.37
879.442
578.473
790.262
462.228
163.225
143.332
114.901
342.74
772.426
542.081
417.48
272.11
209.485
336.865
281.019
331.358
445.582
274.018
642.146
421.01
276.927
299.144
240.749
539.732
669.745
450.491
638.483
359.275
426.214
390.397
299.849
397.316
636.938
379.832
537.607
397.443
485.74
401.542
438.638
427.139
537.13
398.733
453.907
461.274
402.259
508.857
408.904
497.832
467.062
469.518
265.58
180.711
301.504
434.111
550.699
338.463
272.908
182.942
237.481
195.398
302.856
713.702
836.443
530.675
267.3
180.665
455.176
456.248
294.599
300.21
401.718
513.829
471.453
468.2
760.247
434.068
220.339
245.457
318.455
520.657
762.298
497.057
811.057
714.069
385.99
220.941
218.115
329.24
750.296
763.37
725.056
483.034
190.329
204.173
255.254
437.242
708.355
551.743
754.808
465.121
216.68
270.976
260.327
397.188
745.871
536.174
1410.37
660.581
254.773
435.091
272.906
470.86
1377.64
832.784
1173.79
674.313
195.486
221.46
241.611
557.201
1149.03
801.854
1197.58
624.985
214.923
231.451
176.823
382.183
1152.52
766.93
266.616
182.671
197.444
225.21
224.68
218.861
271.31
199.465
538.478
265.753
220.195
314.37
235.517
358.114
542.207
314.491
623.941
371.166
244.141
278.662
247.371
327.023
615.739
430.143
494.001
324.386
198.874
174.358
221.18
336.665
497.005
360.499
527.973
320.799
202.972
180.851
192.024
358.42
532.913
356.829
961.032
453.208
280.106
381.443
278.651
595.246
980.997
539.214
614.8
383.798
268.664
359.421
293.018
498.839
639.699
410.679
688.277
432.782
319.534
289.855
320.704
369.192
674.322
500.171
373.521
269.512
219.355
280.871
286.844
415.303
405.101
280.561
490.378
304.028
356.662
536.905
564.711
494.914
520.633
337.452
292.485
302.286
417.241
503.907
375.218
197.742
274.575
309.331
216.838
243.898
310.745
477.804
533.845
355.942
217.484
245.213
505.612
378.134
283.623
407.791
256.411
326.967
499.005
402.93
472.842
589.717
755.964
817.602
362.739
356.836
444.567
580.031
535.491
495.533
323.518
288.415
201.382
342.83
516.1
520.525
575.832
475.197
310.886
245.574
172.451
338.549
563.839
505.871
614.206
451.695
215.107
144.405
166.453
308.216
584.719
512.361
1417.24
654.216
219.976
349.347
254.866
489.161
1383.02
825.807
1236.46
666.822
255.918
189.821
215.37
651.694
1239.45
791.127
993.558
482.779
186.882
219.657
262.854
371.008
966.034
603.311
828.143
515.677
290.285
328.738
243.784
378.239
802.213
595.079
756.066
355.464
166.458
270.647
169.897
297.408
746.848
431.762
682.828
301.002
139.94
223.381
190.898
329.185
678.971
375.209
869.215
384.976
235.67
232.736
228.888
444.486
868.859
475.973
617.941
371.703
216.307
178.348
196.367
445.856
627.31
413.256
982.483
416.012
213.404
205.974
270.081
607.518
992.308
512.289
578.657
335.258
317.779
265.68
396.619
600.156
615.697
366.958
539.594
467.593
272.527
372.435
423.331
541.604
557.601
489.228
412.154
330.232
531.005
453.812
604.246
636.114
460.491
299.96
458.792
335.039
275.997
340.285
629.83
777.553
519.408
328.832
432.896
225.676
365.563
480.436
458.883
526.646
470.666
238.973
278.121
250.093
477.461
665.991
520.4
294.143
271.828
250.681
366.345
355.788
409.223
388.894
301.25
236.219
349.057
366.97
393.207
469.439
580.054
678.442
424.862
326.318
377.531
456.503
373.418
586.25
687.49
491.59
299.301
258.064
332.459
545.009
715.511
485.587
312.913
242.584
170.527
327.802
693.755
546.613
494.287
538.924
326.367
225.241
189.021
365.385
465.358
554.098
1043.91
721.015
260.843
205.993
154.848
401.239
993.613
826.367
860.383
419.055
112.995
116.533
170.554
544.38
882.635
504.015
808.541
418.466
201.195
230.964
229.256
493.243
818.295
491.88
657.052
442.796
305.525
255.056
236.628
420.823
640.141
498.911
1168.63
550.282
328.891
516.333
423.523
659.941
1176.16
675.016
1045.09
474.775
268.003
236.46
353.825
835.337
1103.16
565.098
1293.81
540.217
199.615
161.82
344.911
908.059
1347.79
672.811
1000.7
576.668
298.929
225.035
234.446
703.315
1039.41
637.14
885.596
392.27
219.072
144.776
307.483
666.871
926.03
470.816
770.353
375.473
201.35
241.947
252.135
463.601
776.526
456.479
605.548
293.835
340.088
381.818
544.762
669.242
653.321
333.203
480.97
319.18
268.001
334.577
498.241
575.99
506.169
333.177
349.915
300.122
262.628
417.484
503.385
499.113
371.429
292.373
482.682
477.07
323.938
503.432
498.652
363.545
447.908
493.343
293.702
293.182
255.697
366.2
382.213
403.045
304.713
298.723
403.659
324.925
253.394
295.76
231.586
405.334
426.941
348.199
225.107
219.604
299.995
341.946
196.07
190.052
225.939
214.899
315.335
487.739
606.615
391.404
335.402
285.182
288.483
456.559
332.581
390.517
465.146
457.817
307.026
274.53
322.085
380.409
512.542
511.82
307.367
201.492
253.473
263.411
481.912
527.197
1276.69
643.785
237.32
187.687
208.98
450.163
1236.35
796.771
1101.61
441.723
182.176
349.514
263.865
469.121
1093.71
581.622
792.695
523.155
208.324
219.952
356.442
578.808
793.068
598.676
954.103
514.534
234.916
270.334
184.817
518.569
956.018
612.23
984.038
477.995
179.774
226.93
260.606
607.762
1006.9
577.737
551.479
302.645
281.435
351.128
295.185
552.528
591.305
322.53
569.862
309.18
270.568
339.307
325.39
412.174
580.917
360.783
539.643
372.439
229.125
262.614
285.186
489.788
578.413
393.263
884.665
568.509
263.721
278.231
448.64
629.961
878.891
638.557
587.177
306.546
232.945
359.196
336.245
412.32
590.941
361.784
397.283
286.142
374.071
408.472
530.068
554.725
433.102
287.625
403.523
229.294
190.722
389.485
596.261
468.027
407.921
257.763
345.655
317.787
311.08
361.769
605.067
616.167
378.782
305.187
415.015
295.029
274.265
412.995
481.641
470.502
422.457
304.407
358.163
224.344
333.498
600.873
493.439
358.103
372.012
241.365
568.544
380.417
309.918
345.869
304.542
335.39
559.749
419.13
590.303
350.725
339.075
426.621
405.515
254.508
579.064
386.225
533.506
481.595
417.232
500.757
303.044
287.569
497.459
512.205
218.943
329.115
577.713
678
344.571
226.932
215.312
292.367
439.814
504.175
463.379
485.752
267.865
272.583
418.904
504.549
1243.36
552.224
176.554
225.554
192.58
555.649
1232.39
696.664
646.425
309.449
145.135
138.331
215.587
399.719
659.159
371.471
778.357
311.835
201.193
217.08
319.957
544.764
809.205
386.422
1118.98
471.516
157.883
125.787
232.207
638.86
1139.84
594.201
512.91
334.24
410.2
558.428
311.508
327.604
526.927
331.747
737.676
435.428
323.564
326.086
494.948
737.649
780.287
475.754
739.466
377.587
200.815
209.082
288.337
555.651
763.042
439.024
694.74
390.774
224.483
325.244
352.759
578.418
723.572
440.809
448.32
423.139
368.69
274.27
352.236
541.603
481.458
430.928
540.984
258.236
316.504
561.22
440.979
375.188
551.862
307.127
560.7
349.543
322.973
434.202
311.491
499.912
586.43
374.644
478.352
408.129
279.16
392.912
283.036
393.409
478.555
424.457
397.171
255.038
254.699
529.518
512.164
475.126
429.108
274.932
384.965
326.352
261.347
356.896
448.002
559.59
420.084
327.16
228.539
238.252
249.431
479.302
306.417
177.349
228.581
229.311
345.406
300.487
236.593
257.895
312.936
273.226
333.336
307.536
697.945
590.634
350.508
352.494
253.171
398.557
659.011
634.767
124.339
148.904
315.274
564.886
432.182
203.368
121.071
143.312
400.481
489.382
503.279
617.281
465.546
352.334
369.863
478.107
354.65
477.54
442.586
378.501
281.915
214.907
323.481
466.794
934.352
515.949
257.344
276.667
241.938
540.143
935.589
608.015
731.139
307.002
177.505
291.228
219.437
361.945
737.025
385.092
820.542
413.2
233.059
329.631
254.649
497.495
833.1
494.643
742.448
402.838
261.835
326.765
271.204
508.553
755.622
462.824
716.428
372.907
191.024
237.593
304.175
517.227
733.685
442.857
934.754
619.46
359.749
251.587
355.516
852.883
989.666
638.275
769.438
327.302
215.312
201.213
293.079
669.844
824.289
391.282
625.934
320.533
247.015
206.991
369.331
732.837
678.113
344.194
469.361
409.594
339.552
325.969
402.948
500.442
459.38
433.804
639.748
321.265
189.906
244.896
315.839
540.742
663.079
376.132
581.028
430.236
348.528
423.169
585.112
748.538
634.348
443.135
755.375
400.439
191.568
199.278
268.237
589.56
781.4
459.726
617.142
310.277
235.149
289.685
349.892
532.128
642.116
347.442
213.964
217.196
334.769
707.8
685.506
352.141
211.949
212.662
338.661
272.434
397.093
742.846
524.252
276.165
330.998
280.244
176.696
196.331
248.308
406.887
463.545
291.651
175.212
196.566
372.297
279.039
250.132
377.477
303.454
261.921
369.271
294.539
216.475
201.431
362.968
690.542
483.373
219.949
209.517
203.238
175.073
178.451
494.801
831.014
514.128
236.832
183.166
165.973
489.88
340.937
447.632
418.988
314.402
283.845
481.796
365.948
686.973
335.454
140.515
80.4912
170.494
428.619
698.803
400.691
736.145
347.945
172.116
183.544
222.641
472.039
749.682
424.518
892.292
452.933
230.058
310.533
336.434
624.785
919.998
523.588
675.54
317.685
274.008
303.536
254.129
457.046
695.436
373.055
632.364
400.628
210.654
220.786
325.525
641.127
677.618
430.672
909.65
413.375
240.225
301.549
399.197
671.753
928.285
498.073
658.362
334.017
251.498
252.421
350.992
568.987
686.983
383.03
640.429
434.206
219.298
283.883
388.398
515.242
640.199
483.75
435.761
343.464
257.157
482.71
402.281
541.901
474.742
362.631
610.944
281.268
252.635
326.103
585.471
718.461
651.606
321.639
436.943
374.59
256.655
322.029
393.28
461.65
457.746
386.946
527.922
317.143
241.729
322.214
366.07
385.97
504.207
374.527
917.413
431.303
373.529
325.325
466.224
759.556
963.305
497.026
471.339
387.807
311.298
484.638
580.839
654.106
485.996
398.459
260.747
196.126
252.801
419.689
440.227
271.539
257.42
208.297
283.965
291.992
310.501
596.559
569.717
294.543
285.357
292.298
324.902
263.66
364.817
645.44
477.204
294.318
316.258
260.669
263.797
261.447
442.047
689.08
414.59
180.25
254.78
259.404
343.469
407.027
580.96
572.843
314.116
255.179
344.508
385.118
498.065
523.266
334.226
192.388
180.18
326.414
459.816
551.829
