526.887
430.569
541.321
642.85
423.195
266.336
515.309
437.574
283.109
444.785
626.278
476.79
323.05
273.088
282.842
393.217
425.687
463.318
800.908
729.15
449.538
329.389
397.802
437.33
258.144
403.299
857.347
1012.26
492.354
274.938
259.279
343.048
272.756
535.127
941.73
835.479
484.59
328.5
266.648
473.221
315.573
370.543
849.135
1177.25
528.068
246.897
308.821
323.543
166.709
299.947
808.234
1276.11
665.32
212.259
161.913
253.144
166.443
387.904
981.815
1355.52
654.155
216.682
154.381
331.008
273.926
368.589
756.493
1181.47
540.975
238.372
255.225
340.84
244.136
334.832
819.479
1230.35
666.041
204.439
233.318
302.791
162.081
236.053
813.574
1445.08
889.401
221.393
152.974
205.323
126.38
175.707
539.088
1231.18
892.486
260.935
129.63
161.346
191.187
147.513
443.189
1178.13
762.546
326.472
208.154
131.163
150.47
175.204
658.623
1335.95
861.52
241.994
144.953
162.34
250.021
326.025
591.108
888.922
1111.46
639.648
256.332
290.768
214.199
314.805
454.474
988.097
960.795
513.203
220.737
300.226
318.281
274.449
402.314
734.167
782.103
628.836
348.116
253.093
290.624
247.384
345.776
807.502
856.923
547.983
319.109
256.006
243.228
304.966
542.332
756.351
807.552
548.97
276.035
269.316
434.07
353.177
481.113
781.446
1054.98
786.594
485.245
361.939
164.988
433.811
661.25
411.841
334.546
228.752
156.289
372.975
305.802
538.96
825.389
644.19
444.178
331.602
283.638
478.782
177.51
363.031
655.885
622.604
415.627
250.266
164.828
316.204
209.518
337.289
716.529
715.541
407.048
284.591
215.071
286.36
220.921
531.411
882.378
995.036
458.095
316.615
193.586
460.692
259.793
413.627
765.912
891.414
422.153
204.712
243.874
369.222
283.761
314.018
689.061
873.985
454.078
245.833
279.335
294.007
219.932
332.674
671.311
1009.12
500.431
281.119
213.856
303.841
222.6
371.75
884.229
1281.66
670.669
283.884
213.602
331.525
241.92
288.262
775.74
1267.67
746.377
280.301
239.562
263.539
93.8038
168.099
653.613
1258.58
714.449
194.513
97.9221
132.302
72.3377
148.944
581.508
1208.24
864.133
233.669
72.5202
120.021
219.963
208.502
451.504
1032.2
823.289
327.923
212.982
212.472
232.775
227.207
450.212
1132.23
1001.96
473.381
251.22
227.261
270.577
266.468
345.65
848.726
774.114
430.075
273.217
268.116
218.862
238.389
456.066
958.7
1050.15
568.272
231.32
223.4
318.126
284.808
411.086
805.789
915.308
585.374
339.451
282.705
262.691
207.474
387.433
838.368
910.549
563.337
293.002
207.144
377.568
340.117
502.815
836.946
797.787
577.141
409.115
338.159
388.186
263.499
423.657
649.171
885.494
722.038
441.015
269.945
336.173
720.388
793.344
432.397
331.045
395.217
323.537
641.892
301.539
333.077
528.226
527.841
290.425
259.006
309.497
315.312
284.361
557.813
703.223
584.842
347.525
264.01
256.286
506.419
200.932
288.031
517.822
579.98
297.287
188.959
203.383
255.929
241.28
526.91
705.811
650.764
329.092
304.72
230.105
464.625
287.529
370.907
565.445
739.973
380.142
247.775
272.306
355.475
283.134
417.458
841.09
1039.01
486.028
195.283
260.141
380.355
147.618
386.086
832.476
1170.45
599.36
359.384
150.993
322.31
200.215
279.42
796.477
1308.4
750.242
234.154
192.774
259.582
264.636
232.534
625.32
1296.08
641.678
243.751
262.36
227.567
243.367
253.074
482.969
922.178
588.62
219.998
233.559
257.299
105.254
168.117
533.153
971.927
630.646
223.55
110.97
143.186
198.102
169.853
468.469
1019.84
797.059
330.05
201.041
167.597
183.738
167.614
363.924
877.909
790.204
404.222
201.889
161.35
193.572
276.342
479.796
852.132
804.595
459.771
213.915
248.398
310.573
299.036
381.432
847.944
874.863
566.768
338.377
293.456
353.855
386.807
352.555
558.486
702.451
603.647
381.975
386.986
416.828
313.538
274.115
564.687
776.657
642.759
453.586
335.445
380.66
297.639
418.466
650.222
858.89
670.359
426.597
307.139
331.93
273.296
359.274
582.647
786.278
732.829
374.773
253.933
359.174
679.678
733.741
455.18
290.665
361.103
333.731
619.183
377.786
442.393
720.735
604.091
352.129
288.461
369.965
407.099
346.907
562.795
715.257
588.328
430.938
264.517
310.756
534.966
229.136
347.144
502.614
458.301
270.632
253.668
236.696
318.697
258.772
428.807
693.666
555.738
509.386
352.037
250.005
379.669
280.855
449.317
815.174
922.205
478.323
336.549
288.315
390.857
178.809
405.551
991.21
1257.42
624.407
234.604
163.708
345.57
282.632
328.354
835.404
1243.48
707.729
334.491
296.36
296.267
264.136
261.211
601.427
945.612
563.797
244.611
257.213
246.97
154.556
174.863
430.081
896.943
640.773
228.292
155.551
168.821
288.438
191.78
394.959
837.548
667.308
234.032
276.634
209.701
187.106
204.727
577.59
957.142
590.564
263.941
197.397
190.126
184.851
223.472
499.346
986.326
716.056
269.527
181.685
218.703
236.208
169.113
324.004
587.346
626.694
382.164
251.878
167.538
182.28
198.636
437.469
754.254
802.493
420.027
192.828
177.918
307.225
220.126
370.803
717.752
839.483
502.709
326.543
211.979
412.926
312.862
562.119
732.912
971.976
710.195
453.57
306.333
407.214
336.295
479.914
614.792
920.212
788.163
454.115
319.112
379.597
307.022
279.013
568.959
733.902
634.208
399.526
307.997
600.535
370.582
502.354
636.888
846.459
807.495
654.659
387.227
476.488
736.856
716.61
367.308
340.67
323.077
417.949
693.421
307.685
617.672
663.509
388.752
365.094
396.908
292.855
559.973
372.522
564.288
689.772
521.07
434.184
284.977
336.785
533.2
557.731
635.444
693.152
620.966
415.892
272.759
507.899
633.755
425.47
662.617
732.104
722.239
359.647
380.718
399.6
623.142
324.447
470.827
639.983
683.057
374.004
285.738
304.346
441.896
356.037
623.279
898.304
932.492
479.518
257.178
314.065
570.252
244.903
315.443
815.43
1309.83
751.419
267.534
256.023
276.955
320.465
308.921
724.618
1135.76
632.43
295.529
311.02
307.071
152.466
196.088
472.189
1042.14
638.638
256.035
154.526
177.204
147.226
153.131
454.107
1061.75
707.977
220.371
144.926
154.885
183.326
243.729
422.27
698.033
544.029
356.593
201.98
216.781
233.052
159.454
228.305
514.883
639.731
435.162
257.36
166.219
422.024
295.028
365.4
516.367
569.776
337.488
422.724
286.526
164.072
203.311
293.449
565.874
622.995
404.402
179.667
190.839
377.336
292.607
361.806
610.613
673.545
629.166
420.227
305.303
480.426
298.235
286.489
559.917
656.895
597.103
514.462
319.917
371.034
292.903
284.433
474.817
654.447
650.256
407.933
294.6
506.226
467.601
277.622
483.821
742.811
733.281
531.312
493.426
519.765
323.273
198.187
314.718
533.216
618.706
540.412
362.145
597.365
878.324
734.785
321.775
359.738
520.832
560.363
848.484
460.333
706.517
715.036
487.456
308.56
312.119
410.925
681.517
582.579
716.923
672.648
549.086
389.086
388.868
539.111
708.312
481.18
628.493
625.672
604.392
446.633
302.678
434.45
616.125
497.979
737.822
743.076
538.924
381.893
331.902
459.628
715.088
201.56
483.164
687.607
811.2
456.603
371.442
189.478
420.139
180.459
360.423
725.837
810.019
384.233
203.921
171.777
310.246
273.09
432.467
830.502
1142.05
586.19
269.941
273.219
391.203
200.574
372.824
791.536
1160.74
583.441
246.052
191.959
327.32
182.55
252.134
585.382
871.306
470.247
178.468
182.545
217.789
313.742
258.982
472.594
637.634
464.001
315.544
316.443
260.074
397.54
280.147
356.239
697.569
580.355
408.3
399.034
306.187
225.149
171.511
338.672
867.134
627.539
253.365
232.274
167.844
233.23
192.276
331.327
752.667
737.442
417.248
246.364
193.39
316.468
255.333
278.907
623.276
738.28
560.809
345.87
254.51
266.449
200.782
365.228
675.132
614.625
424.613
282.797
196.119
392.253
256.945
424.542
565.099
639.804
624.016
438.285
250.993
443.043
247.788
242.559
358.346
463.066
511.668
474.335
271.266
444.051
264.002
294.829
598.882
667.823
543.397
468.354
284.553
510.972
326.97
356.516
410.34
625.723
751.752
572.932
335.17
719.174
1034.05
906.83
452.633
396.871
494.629
663.326
1009.78
494.886
692.198
693.59
621.82
356.344
496.622
500.992
646.309
424.621
427.028
369.713
364.602
380.879
310.241
397.125
440.84
646.667
755.389
515.449
374.338
250.684
295.714
590.524
768.791
542.272
554.796
557.293
638.932
492.207
320.896
510.67
560.865
525.096
705.415
514.885
566.84
343.531
379.132
479.447
706.229
422.786
594.244
776.993
670.43
518.089
322.045
416.019
562.18
205.777
220.727
546.889
649.134
488.485
323.892
218.855
192.797
308.554
335.659
621.41
775.643
387.782
242.576
306.644
308.126
257.781
241.58
375.993
420.225
337.573
230.04
254.534
244.019
366.886
330.654
416.666
761.761
457.097
352.668
375.43
313.404
172.563
185.675
372.925
892.115
839.526
343.406
174.223
187.535
216.76
198.054
339.721
730.542
603.943
312.862
220.236
198.273
158.478
216.897
439.916
706.541
916.122
489.644
171.146
183.384
263.843
208.958
450.276
686.61
673.061
433.887
289.968
209.211
341.677
258.384
353.63
517.862
647.051
498.132
368.785
264.672
463.872
273.693
252.222
407.519
576.108
551.195
486.922
305.249
515.188
308.134
321.698
352.235
592.124
799.104
581.071
315.391
428.801
244.878
211.586
289.769
369.415
467.468
449.435
276.359
588.99
323.943
243.438
329.167
480.41
584.268
624.594
357.341
832.551
1153.01
635.994
260.155
299.439
707.471
772.775
1151.9
929.933
1057.67
748.372
474.436
431.183
424.873
825.469
1095.59
766.073
774.675
533.571
422.524
317.781
411.481
709.318
808.518
595.553
673.191
656.816
483.716
363.726
379.418
565.123
668.845
598.251
743.589
595.311
418.921
291.449
413.89
567.313
733.178
610.374
738
622.472
511.226
431.397
318.942
557.675
742.2
417.667
590.566
659.671
554.17
424.277
381.483
389.772
566.652
459.937
579.206
733.896
576.797
344.423
462.265
475.818
531.41
268.184
339.534
431.015
577.014
322.614
276.402
257.065
326.333
193.951
201.567
462.533
764.719
449.922
240.348
212.056
182.258
310.524
244.978
498.645
867.438
543.901
246.485
304.807
245.829
311.087
266.295
430.424
720.67
539.248
250.785
305.147
277.933
378.809
236.605
342.053
680.639
627.932
566.418
421.451
239.696
226.986
221.235
377.75
751.941
892.175
532.882
245.986
211.015
424.491
245.117
253.674
469.596
623.921
585.694
461.788
270.712
418.895
305.322
282.169
364.687
410.921
407.561
426.53
329.186
413.706
309.583
239.546
314.384
417.084
511.524
447.532
318.365
526.665
300.842
242.181
399.762
595.735
571.27
545.63
335.529
574.441
403.031
351.016
298.413
401.472
606.059
611.64
404.322
483.433
293.921
227.186
278.642
380.238
505.207
515.389
313.435
1071.39
1180.14
828.163
362.89
339.973
435.872
960.964
1218.54
951.48
977.724
589.691
288.949
300.653
379.885
864.194
1020.29
992.008
1094.72
626.351
343.153
344.185
442.782
898.311
1124.22
589.495
690.013
558.038
549
456.707
406.354
560.168
681.905
678.727
639.234
582.73
512.241
406.766
457.903
673.387
646.775
534.823
652.019
501.184
442.986
342.778
412.246
494.344
665.312
396.785
658.84
905.088
706.699
650.941
397.815
357.41
607.473
463.518
640.615
656.396
472.762
383.495
319.248
431.109
615.724
320.834
389.617
531.988
624.031
303.247
442.823
340.768
368.895
279.589
302.146
516.819
753.554
503.128
260.954
261.146
303.581
360.669
302.97
373.314
589.711
612.672
554.134
391.408
308.4
469.754
292.762
263.017
503.432
439.217
335.774
468.409
330.735
394.012
346.591
403.445
509.444
566.752
323.36
382.286
371.503
443.009
460.462
406.157
452.637
635.495
492.405
424.876
478.277
518.312
418.945
349.437
492.327
600.153
668.349
508.458
443.869
640.848
373.254
220.981
391.83
540.726
678.868
668.172
418.214
406.8
254.482
202.825
296.978
376.031
463.792
432.965
274.438
665.933
329.349
285.222
296.616
382.737
550.532
686.746
384.114
646.351
278.864
209.06
234.856
337.998
479.698
675.947
340.406
657.071
421.512
199.33
237.136
373.436
683.678
705.705
440.872
971.829
981.505
637.528
329.939
262.815
314.597
878.326
1031.78
931.96
951.919
593.625
437.746
327.967
378.246
845.214
1006.01
890.313
770.736
554.282
388.728
336.822
413.633
846.446
817.22
840.652
747.744
583.504
489.88
323.305
418.54
793.329
784.641
643.537
670.245
557.782
670.569
453.717
473.251
613.926
671.41
809.747
936.871
717.243
507.337
333.126
384.944
742.223
949.375
430.382
530.093
548.566
529.161
296.605
301.533
403.192
516.813
570.73
656.098
520.333
423.91
438.71
380.032
519.626
661.491
657.689
772.299
535.764
446.448
308.724
274.045
593.577
783.851
448.244
576.684
407.482
394.176
423.575
375.267
441.698
558.546
343.619
404.421
537.235
607.27
298.39
291.242
336.745
390.56
327.019
254.539
424.352
914.067
603.009
235.75
328.675
262.136
320.646
298.572
292.862
598.026
704.638
532.067
318.751
308.969
454.102
272.62
369.214
437.507
486.889
365.803
457.657
303.382
352.758
272.838
276.267
452.324
511.585
548.3
387.85
272.487
561.791
423.974
236.005
190.242
312.446
505.117
575.671
438.195
531.296
324.286
222.552
316.371
350.461
532.044
566.118
350.399
645.09
321.485
182.736
348.158
422.419
587.238
682.66
366.295
700.082
383.944
285.478
357.742
386.406
651.229
740.59
423.003
564.497
370.682
418.612
579.149
503.326
407.901
554.8
414.753
785.15
740.782
500.294
377.982
233.165
299.04
721.312
790.087
848.273
802.832
488.622
320.487
217.041
550.101
822.962
832.29
811.729
766.246
489.733
324.274
336.225
454.291
758.545
803.119
799.587
679.893
498.473
492.625
388.831
511.546
753.385
753.957
727.343
858.431
626.544
417.548
340.184
334.138
647.728
887.254
603.092
507.557
360.785
484.601
409.057
383.098
574.821
544.149
574.831
758.892
475.125
272.554
302.747
306.812
508.079
766.282
495.597
471.207
430.682
339.337
409.866
422.5
480.144
489.099
593.032
520.027
401.311
434.444
326.915
360.66
568.986
537.048
542.947
625.807
611.369
434.421
293.629
316.187
502.954
624.821
559.967
387.299
359.085
349.191
387.867
390.37
553.763
418.561
327.449
335.542
454.327
583.817
348.676
264.247
322.438
330.123
333.402
225.121
224.174
502.488
551.116
451.448
359.282
242.784
336.372
318.696
370.554
419.305
609.326
518.862
359.311
322.163
378.942
292.212
264.337
532.427
493.313
395.557
373.682
316.128
501.721
290.2
338.236
644.605
622.422
471.696
512.541
317.128
684.19
430.807
198.446
306.908
360.842
495.481
685.068
478.564
583.589
342.634
208.577
229.977
296.322
529.819
604.378
387.921
868.828
390.775
163.688
274.231
200.696
372.373
857.442
487.62
757.246
390.434
292.522
385.731
326.844
508.363
774.441
430.68
1199.97
812.191
414.301
469.073
321.925
390.961
1122.67
927.658
1031.34
703.497
326.874
272.465
191.341
421.114
986.323
805.943
627.4
434.843
565.31
620.176
404.879
344.693
626.217
466.199
613.014
712.286
509.668
352.898
322.403
316.955
553.423
734.26
1018.47
806.369
431.999
429.411
378.516
494.776
954.631
905.182
829.352
514.576
279.032
234.942
198.701
364.488
798.133
596.197
956.668
661.756
312.569
452.91
417.775
394.419
905.26
758.058
842.929
477.504
274.354
505.747
388.512
374.052
819.794
558.211
1002.97
547.065
250.057
255.153
206.161
433.597
961.727
666.764
762.341
473.408
325.433
293.364
251.67
483.645
764.108
537.226
729
454.554
195.944
148.292
205.116
354.471
711.419
525.716
507.484
319.868
177.609
223.855
205.662
315.969
503.99
360.095
405.597
300.152
319.811
395.226
547.088
526.983
430.484
315.474
489.346
469.752
258.53
376.259
577.028
656.619
526.044
484.399
594.697
335.487
319.304
445.513
613.985
606.647
609.667
378.121
656.033
381.17
239.113
280.071
409.249
744.324
713.227
410.95
791.398
439.039
206.711
185.411
258.341
458.911
783.685
522.974
747.502
397.964
200.848
239.005
246.632
485.955
756.196
471.865
590.322
333.102
266.667
356.669
259.167
439.076
598.536
383.011
811.802
450.036
251.703
189.335
188.874
352.062
793.128
536.419
1176.65
839.171
263.178
167.337
192.101
439.957
1111.28
960.814
601.503
394.69
186.929
155.498
166.136
282.262
578.965
448.174
653.15
594.23
316.293
210.055
223.372
375.143
622.969
632.578
778.532
655.102
235.831
262.861
309.873
499.962
746.626
728.093
523.132
428.823
364.745
431.697
468.833
435.978
506.291
460.627
664.567
408.363
344.179
364.219
421.705
350.028
641.385
458.368
972.25
592.655
343.319
415.52
289.369
382.716
925.232
690.901
1009.43
691.727
295.21
242.276
236.495
436.258
970.381
788.744
608.01
596.904
387.11
319.294
239.849
377.373
577.447
620.292
779.459
413.796
222.87
231.533
289.396
470.025
775.297
485.345
850.057
421.769
197.321
345.666
247.981
398.57
835.306
512.78
659.826
323.071
254.067
256.742
374.555
528.915
677.867
382.312
547.864
410.549
268.33
320.839
234.474
320.994
519.923
466.533
544.414
357.717
323.872
426.572
429.092
458.088
549.414
393.424
340.354
294.468
260.595
501.672
676.111
545.669
370.158
309.935
468.419
370.415
380.601
307.292
376.186
474.916
477.025
370.589
646.386
280.537
183.687
314.793
299.069
484.242
668.019
340
607.98
323.163
219.362
158.869
242.734
472.122
631.152
356.573
703.695
400.034
324.086
376.402
415.713
345.001
686.008
462.066
645.998
346.811
263.379
318.793
258.734
344.929
649.322
406.39
1132.3
743.226
322.475
175.132
168.002
361.205
1081
853.039
995.835
607.47
267.88
204.779
258.594
502.116
981.33
689.927
1068.42
644.842
303.809
184.343
194.257
462.6
1043.1
749.117
552.337
411.643
312.847
454.649
377.394
363.681
538.958
452.003
559.007
364.463
196.467
173.144
254.375
426.454
565.702
404.417
577.699
382.269
305.645
381.293
263.019
294.576
565.863
428.051
918.089
449.47
309.353
379.958
253.194
435.344
908.033
540.146
1124.1
592.419
150.963
120.749
186.816
566.772
1116.24
714.731
765.549
566.835
329.475
440.771
312.459
355.738
745.002
603.972
723.04
351.119
303.225
289.653
274.699
419.151
745.185
400.864
646.252
289.076
291.503
410.165
384.282
564.345
677.128
337.383
381.931
328.758
294.675
312.847
358.072
342.159
381.851
318.156
285.285
342.849
423.234
410.567
461.734
505.887
321.643
314.757
299.548
312.816
232.781
243.666
382.754
422.119
300.569
315.04
263.764
220.156
224.454
463.416
506.589
343.591
266.195
238.988
250.758
239.322
257.425
568.413
663.363
557.665
280.235
221.944
418.74
435.571
246.809
348.519
493.208
486.179
419.966
458.608
860.333
446.095
194.778
200.984
304.709
512.749
865.855
535.356
731.946
489.961
242.601
305.895
203.527
323.873
699.35
562.839
518.379
439.043
215.018
196.98
186.04
273.985
492.568
483.534
1044.3
478.23
193.794
256.003
220.009
493.768
1040.49
595.897
1234.46
688.636
251.313
177.253
229.482
629.495
1221.64
817.012
1052.65
537.087
189.834
193.402
203.762
604.493
1066.08
642.824
471.444
236.178
201.335
232.135
217.269
399.329
501.646
273.13
767.758
486.349
324.017
280.969
256.461
284.593
741.546
549.824
912.249
390.999
182.126
277.982
301.864
600.8
926.096
487.486
1142.96
540.993
191.651
244.143
235.75
681.709
1160.51
660.61
1000.02
581.137
319.395
353.72
280.766
558.193
993.827
677.026
1167.73
511.171
192.197
199.318
239.33
747.005
1204.89
628.013
824.892
482.976
299.561
315.837
358.864
796.334
878.443
501.702
1140.93
523.747
357.212
456.856
451.143
723.854
1157.18
638.902
363.783
301.659
271.423
395.088
257.207
339.702
364.457
308.632
478.106
257.749
378.752
505.07
523.14
676.603
527.869
258.991
447.514
350.628
263.433
540.561
522.975
479.705
470.39
369.709
485.427
409.932
432.904
474.063
363.765
227.456
455.382
434.743
315.681
250.667
347.807
493.287
468.105
281.847
307.289
268.418
542.545
423.58
248.667
439.192
296.619
358.385
536.827
462.309
317.543
291.703
419.367
727.257
429.472
281.463
317.151
292.256
427.489
507.208
387.049
273.536
233.371
334.84
398.85
515.725
722.519
457.587
234.66
208.283
212.784
394.458
714.6
520.811
657.857
495.081
294.084
306.697
329.917
310.175
620.81
550.464
1074.01
527.935
203.099
192.6
166.844
387.985
1042.62
656.464
941.216
500.57
298.26
278.747
326.185
520.497
935.252
598.757
552.665
408.86
200.048
220.2
256.358
358.854
538.768
460.441
1201.7
493.781
170.998
234.644
200.391
497.516
1190.78
641.25
1104.4
554.279
187.474
204.287
232.516
659.668
1119.32
667.84
1090.31
493.817
254.954
262.642
334.07
794.344
1129.76
600.402
848.819
404.134
177.918
238.964
269.793
597.8
882.354
476.639
864.019
398.367
208.335
157.654
210.676
555.778
878.788
474.236
771.586
418.363
166.28
247.464
439.329
803.946
826.063
478.484
699.483
380.715
311.536
405.908
359.92
573.823
720.234
429.471
479.545
331.498
454.326
432.689
649.575
668.435
527.37
332.948
448.598
335.662
284.993
534.143
552.165
549.276
473.897
345.871
569.264
550.365
494.934
344.19
565.332
792.317
618.09
526.768
383.473
233.475
323.071
372.823
496.808
484.865
419.853
239.147
234.567
214.399
353.114
513.499
412.449
257.803
232.646
215.063
340.918
367.803
433.375
447.868
273.005
217.375
327.595
375.921
238.504
319.112
327.527
354.135
247.624
213.503
230.535
308.934
299.34
393.174
485.901
447.279
286.332
277.274
294.679
380.862
642.223
555.244
380.701
263.002
255.422
316.994
615.152
587.531
685.409
501.979
243.544
284.039
231.759
359.201
651.158
569.926
1041.48
408.872
193.135
256.835
355.579
600.278
1047.67
530.188
597.857
314.544
177.1
227.048
267.764
464.943
611.076
368.25
602.957
267.684
138.418
212.716
245.813
410.97
617.852
328.394
894.558
556.705
217.411
281.346
201.002
377.394
865.074
651.555
618.51
389.896
387.111
526.012
492.873
417.957
621.77
409.051
606.906
325.513
216.759
265.4
339.217
491.022
627.378
377.534
930.711
474.622
229.51
229.755
324.697
577.017
939.267
572.268
977.632
524.168
268.245
225.619
405.587
627.466
977.917
620.771
711.76
388.907
222.494
217.042
227.798
471.755
725.136
449.376
556.105
337.995
248.747
398.527
275.186
361.651
568.34
371.81
961.137
376.527
210.005
252.077
524.4
899.07
1028.25
469.712
644.269
452.355
218.769
277.092
534.096
854.602
693.367
493.256
349.365
350.937
468.287
492.373
646.756
640.878
386.113
331.392
317.039
224.618
331.544
655.7
601.211
372.298
316.67
237.154
356.266
310.315
236.749
275.223
304.162
384.032
347.577
329.455
399.224
230.519
267.888
367.68
330.461
313.581
407.793
255.02
223.665
263.378
490.772
725.477
396.942
186.409
225.01
237.889
357.809
375.224
399.702
404.733
281.575
203.016
330.746
385.516
306.636
379.258
381.25
298.664
336.393
366.137
294.167
362.649
899.371
427.252
238.666
286.904
236.594
359.751
888.6
507.749
1258
646.721
168.749
210.235
234.749
702.684
1264.85
780.488
580.046
338.543
350.752
428.949
483.735
450.814
592.416
382.143
1049.06
497.621
196.273
178.535
262.3
757.958
1098.95
585.989
1026.9
434.449
192.411
312.139
332.054
611.325
1047.42
545.222
550.054
318.451
188.504
258.283
361.197
534.416
580.919
357.869
624.924
347.693
209.217
188.066
251.948
440.083
637.531
402.743
461.144
233.701
240.811
379.065
299.032
368.303
482.338
270.688
911.641
600.978
373.749
344.854
342.745
765.173
950.074
628.251
604.539
379.805
346.392
335.747
523.885
709.98
647.632
390.504
509.376
369.409
247.885
349.319
431.537
535.089
540.983
404.573
530.638
335.82
240.639
319.899
452.75
525.983
550.595
356.121
265.815
321.291
462.309
584.292
767.118
640.686
307.758
287.282
373.532
299.641
367.968
471.794
762.284
729.332
420.902
299.159
439.955
303.56
280.857
396.344
383.771
377.269
438.005
333.149
337.317
270.306
259.171
563.447
496.241
299.45
335.102
288.953
676.038
530.453
277.01
209.407
198.905
323.427
637.945
586.306
283.069
306.082
529.138
678.509
319.267
206.727
276.666
291.602
409.139
469.182
514.537
507.815
272.74
238.252
378.82
468.402
307.191
338.908
503.94
755.597
434.778
249.133
292.769
326.251
1265.45
472.19
140.148
163.457
203.496
567.458
1275.66
625.059
948.858
453.638
176.844
193.968
216.422
455.166
942.97
554.706
839.973
385.286
162.499
232.279
274.796
643.832
879.646
463.161
1083.52
436.608
218.397
179.575
300.646
716.27
1107.65
541.703
442.339
298.162
299.421
280.919
277.636
381.824
453.28
319.791
872.31
445.526
301.28
288.036
393.502
807.677
947.306
508.497
867.38
361.889
153.585
180.804
345.38
764.392
928.859
439.584
777.974
318.681
232.769
293.648
485.7
714.286
821.449
394.068
598.744
598.057
426.181
349.468
311.176
673.1
628.171
608.629
403.677
275.266
249.613
359.046
309.522
334.711
415.013
292.051
276.691
186.597
346.846
544.82
561.462
408.373
295.174
181.234
801.229
414.042
211.489
186.692
256.101
472.248
803.903
495.239
886.694
382.111
311.997
406.115
368.08
444.786
887.617
471.587
334.196
272.356
347.766
544.435
449.273
358.673
336.224
279.788
425.33
366.365
381.919
229.468
567.015
688.695
456.857
350.985
388.545
288.185
316.689
451.168
287.956
329.081
400.228
320.886
319.328
188.981
201.067
467.83
440.916
266.35
319.255
216.313
407.528
345.861
523.059
649.846
386.629
262.447
398.925
361.613
239.421
219.601
385.898
788.246
523.39
301.727
254.938
224.887
583.076
434.494
320.269
286.572
327.388
400.122
572.147
470.854
1017.8
509.332
175.511
185.999
223.63
601.939
1033.93
615.761
893.066
382.079
185.396
223.807
207.035
563.998
921.634
469.264
967.388
477.821
227.71
250.412
207.114
442.815
952.769
581.687
788.155
447.595
232.437
262.644
295.783
497.537
795.902
522.551
866.035
505.402
202.427
199.9
270.919
483.584
852.006
591.147
879.366
435.764
292.545
264.503
442.502
789.239
936.176
507.932
660.062
521.25
292.378
322.921
290.049
606.6
692.644
549.24
608.174
445.607
242.855
235.661
281.383
462.777
604.481
495.765
683.985
373.524
308.311
288.908
408.475
556.273
704.053
423.959
612.012
406.779
312.731
516.171
627.966
697.935
649.998
437.36
470.899
333.004
328.757
346.193
498.099
503.045
489.987
334.993
356.979
273.6
272.743
404.07
424.186
436.535
377.67
279.187
640.381
362.424
211.867
238.495
220.405
326.995
622.244
416.251
341.943
360.545
375.097
409.691
685.746
585.506
370.812
338.909
468.066
343.192
247.341
496.55
537.265
429.041
459.187
383.635
409.902
364.469
296.723
416.727
325.166
248.314
395.699
376.36
428.435
389.926
293.082
493.29
275.53
238.597
400.284
419.504
342.707
228.813
318.045
455.278
317.129
303
343.985
233.277
198.154
164.761
311.172
594.213
411.762
197.724
198.346
165.162
128.588
187.988
304.617
574.929
464.763
200.977
129.664
168.608
