214.615
302.252
196.451
158.998
231.701
209.258
191.836
301.193
245.639
334.827
232.852
169.312
161.016
174.936
228.025
333.582
207.537
309.793
220.377
203.609
178.998
201.296
188.179
300.264
141.686
177.271
169.106
87.6545
159.611
199.107
145.166
163.361
393.6
400.498
427.32
354.781
270.736
338.026
387.522
408.494
295.887
409.161
385.798
286.839
228.843
270.73
289.776
391.621
466.362
551.918
574.286
422.39
410.732
290.147
438.476
542.66
488.567
567.913
832.737
565.035
519.919
337.793
482.16
519.177
254.675
470.404
911.382
811.49
456.651
417.941
258.507
390.71
126.011
206.513
711.593
889.102
501.063
196.604
125.802
177.616
390.891
336.698
950.235
995.973
733.189
270.768
382.971
319.74
134.979
256.595
868.528
1190.94
500.28
219.875
141.903
198.741
181.06
208.928
697.934
1390.41
733.903
231.356
175.004
184.922
228.587
260.412
625.227
1523.24
903.743
368.975
231.997
249.585
130.005
147.862
499.14
1414.73
951.045
332.417
137.286
129.827
299.535
246.458
457.491
1124.43
1001.12
463.859
309.445
234.091
678.131
496.829
449.13
1022.82
975.731
610.847
684.558
520.156
229.557
210.731
438.948
1099.41
1126.79
570.801
255.631
203.199
443.346
390.519
391.2
650.507
885.593
705.959
473.547
378.458
410.534
348.732
424.495
779.137
858.442
616.296
441.96
356.461
238.334
355.856
320.775
177.694
147.766
168.684
214.232
346.95
172.399
317.849
321.435
146.827
147.943
159.104
150.11
291.031
269.988
432.73
315.211
277.086
216.33
222.841
245.208
420.871
368.54
514.071
372.264
254.955
180.618
211.6
334.954
511.848
285.757
394.232
462.568
352.297
342.674
289.388
273.806
367.731
290.988
506.278
603.653
474.112
345.883
283.362
253.816
476.409
428.032
685.721
678.592
302.646
367.434
501.07
444.807
619.921
258.751
660.419
751.575
378.994
430.624
442.058
229.581
577.135
218.528
555.405
925.334
655.137
499.685
254.758
197.893
480.74
328.831
566.831
960.62
927.56
475.583
375.315
324.4
497.396
262.481
495.129
919.569
935.108
500.384
427.146
258.796
415.855
233.346
236.016
705.268
1249.76
602.212
240.129
235.673
223.727
167.796
211.921
475.075
1097.76
687.229
233.49
167.663
201.551
129.314
169.297
596.86
1245.32
888.932
247.369
128.777
152.881
372.767
309.102
541.851
1008.39
768.497
442.879
373.565
312.942
260.596
180.889
497.958
1350.62
1046.88
430.355
269.361
180.746
348.665
427.942
357.436
870.149
825.183
541.709
348.971
429.713
362.383
260.02
499.499
989.492
1032.97
585.185
382.892
253.695
354.843
299.663
323.058
562.786
798.451
728.508
389.909
288.138
440.004
393.182
471.775
766.44
1055.83
824.542
480.96
379.81
224.319
220.387
187.137
250.324
196.025
169.736
233.373
218.715
240.94
341.132
346.569
224.306
205.625
218.102
230.77
325.857
258.154
387.785
296.551
228.855
254.689
233.311
231.808
377.574
337.868
431.881
345.421
333.305
258.596
289.9
328.917
426.121
572.221
442.362
287.658
286.672
282.556
237.186
533.288
486.234
435.222
705.396
654.061
391.383
343.45
358.938
405.986
656.468
247.464
429.966
773.598
459.125
423.134
256.532
227.757
370.138
298.75
627.928
739.286
463.752
416.029
327.25
260.238
561.6
446.474
733.837
887.691
498.614
430.892
441.266
421.274
654.495
293.528
558.943
1040.54
912.879
552.075
323.513
289.345
480.306
171.841
270.483
694.282
939.125
537.102
214.933
165.212
226.745
200.412
222.56
468.778
872.631
497.46
177.43
189.521
221.63
267.877
207.278
401.603
874.074
518.862
249.539
271.965
209.441
254.212
189.165
410.935
946.395
764.245
314.241
251.406
191.921
210.003
296.517
402.847
827.279
924.228
497.971
216.474
276.254
367.65
313.763
414.444
918.449
1070.83
673.375
373.79
320.053
237.345
278.297
455.349
951.051
1128.75
652.767
259.479
255.295
425.944
373.7
505.213
685.755
1039.72
779.795
469.201
383.759
309.863
337.449
444.072
803.715
978.087
686.189
326.807
337.125
407.392
444.543
480.116
719.617
1100.61
969.968
464.515
406.523
160.226
269.813
257.794
275.035
203.534
157.429
144.982
252.558
374.791
511.873
320.245
169.675
198.675
298.074
338.215
509.743
304.729
345.485
232.891
222.629
167.641
134.144
271.329
354.76
272.2
385.914
346.531
198.712
227.896
203.729
260.068
372.551
262.561
395.307
252.561
289.508
254.799
259.471
254.924
383.222
508.212
628.67
456.126
258.503
254.968
304.489
473.431
629.103
414.763
560.156
455.327
199.907
304.222
394.992
399.76
534.493
362.782
758.477
793.683
444.569
411.796
505.826
316.408
680.497
383.918
544.035
588.28
733.366
427.454
326.764
354.277
537.764
167.175
405.42
717.432
722.034
369.997
229.624
156.36
347.335
167.653
288.276
642.465
986.208
539.139
204.957
169.113
253.548
164.863
249.583
641.716
1088.24
538.244
195.093
158.034
221.973
184.354
211.846
470.755
1063.04
552.817
178.333
183.545
201.969
154.956
188.523
438.667
892.692
703.178
288.991
160.185
169.051
251.043
195.922
396.192
688.046
856.548
538.107
282.569
187.067
241.42
260.632
462.184
681.909
801.447
518.005
266.006
253.416
413.817
298.242
302.087
634.319
778.745
665.845
440.573
303.339
472.496
418.799
463.444
705.111
1037.53
870.384
527.024
420.703
463.711
308.239
336.244
600.984
917.162
825.206
514.06
319.598
570.989
443.332
426.766
584.058
874.003
862.912
630.063
456.02
396.293
536.657
314.256
185.232
189.908
248.078
353.865
536.54
336.202
386.145
284.115
255.868
166.203
174.805
302.918
402.715
319.287
432.916
345.497
192.204
205.377
243.212
290.305
427.817
199.444
339.384
242.188
289.434
240.481
264.853
188.305
324.699
337.36
276.545
315.281
346.971
257.11
303.051
356.674
281.189
374.286
456.504
382.891
303.762
248.599
214.896
337.361
470.411
445.541
477.389
457.888
316.33
215.867
257.432
446.458
462.228
513.656
732.935
523.94
321.828
240.279
462.54
493.481
719.995
355.186
399.754
498.353
478.307
252.496
193.244
329.662
391.425
258.42
423.002
712.798
677.816
359.268
245.462
251.345
373.387
197.336
264.557
571.335
812.334
456.211
220.596
188.547
244.196
183.55
250.845
505.689
648.495
419.612
229.242
174.955
224.432
113.683
175.338
440.471
971.37
667.592
265.334
122.597
156.358
247.232
225.36
327.94
781.154
749.388
435.93
257.712
217.051
194.309
167.884
293.588
651.102
622.382
383.492
207.329
168.531
255.747
254.495
300.575
663.113
762.104
561.179
281.779
236.66
344.083
263.466
336.37
602.551
710.902
507.036
354.328
272.056
347.644
324.293
412.482
688.9
969.341
677.686
383.551
332.3
424.049
312.253
367.261
563.486
900.36
829.47
478.891
310.514
610.916
464.162
503.092
626.281
909.492
841.318
665.143
480.781
367.861
511.932
434.709
195.438
205.604
229.595
322.099
500.042
381.546
463.646
300.947
221.402
124.807
264.294
367.518
466.846
343.197
440.342
310.618
194.473
245.404
269.324
308.004
439.933
292.189
341.29
267.601
219.633
189.126
174.757
264.09
347.586
426.686
556.468
465.229
390.509
289.456
235.019
379.364
559.97
297.255
430.957
507.078
384.743
399.627
444.933
309.675
395.496
455.977
578.646
386.114
304.419
259.027
441.497
465.14
577.577
377.144
619.366
598.339
286.651
285.952
315.454
346.869
585.562
182.086
232.688
360.912
332.406
231.075
182.488
180.456
218.763
273.005
312.718
595.664
713.091
411.406
302.766
284.014
286.591
193.244
304.971
482.263
596.521
327.683
194.773
195.167
277.757
282.061
270.581
469.929
850.601
543.258
267.112
282.507
270.195
225.878
249.84
368.301
974.831
802.542
408.465
236.18
231.818
190.471
243.73
349.419
589.213
785.428
418.043
186.106
222.7
249.212
196.624
316.16
712.606
754.8
413.996
261.514
203.756
478.382
273.871
312.964
419.928
628.427
661.127
525.112
292.688
364.394
261.723
361.522
532.567
448.711
463.861
380.59
264.612
399.294
291.037
473.596
594.043
882.634
673.668
444.383
288.873
377.302
309.883
297.587
512.443
826.986
816.3
426.264
288.412
558.475
415.622
367.458
528.707
868.224
911.696
620.771
425.719
507.004
486.121
244.155
148.073
111.757
240.235
467.79
518.864
378.296
430.714
253.811
211.424
161.544
184.982
340.397
432.907
344.05
393.08
366.386
287.851
235.626
227.359
315.156
396.262
418.965
305.087
186.664
194.688
196.659
123.105
384.652
348.586
433.907
523.182
267.39
117.161
132.931
250.853
391.852
534.511
386.412
499.428
370.835
266.283
307.702
385.066
375.925
497.185
392.501
503.611
437.846
197.235
257.782
324.142
370.335
486.798
437.008
544.428
460.391
315.452
252.367
369.172
428.757
540.867
281.345
353.944
576.545
484.795
568.46
373.367
299.165
315.543
430.68
435.086
574.328
619.411
298.776
271.503
427.802
421.513
247.906
354.972
523.624
460.79
365.084
248.646
255.428
328.404
618.148
362.931
354.075
742.046
561.302
448.562
629.403
404.435
355.127
195.875
399.947
474.152
646.092
565.47
395.722
194.841
269.809
237.654
264.863
427.863
492.065
432.971
283.141
233.221
437.066
344.765
374.585
322.384
703.572
823.93
494.798
323.322
492.803
270.206
167.931
281.436
449.911
674.848
538.936
292.682
573.003
558.392
344.076
419.409
490.586
682.275
598.115
572.179
707.273
418.536
473.477
515.76
740.244
895.679
772.419
447.602
592.978
339.707
375.282
523.431
765.271
823.287
653.551
366.061
546.021
318.008
301.15
405.461
686.084
848.862
611.704
326.927
315.566
433.334
244.824
212.669
181.596
229.062
279.765
437.232
346.942
533.598
360.687
276.673
229.054
273.458
323.322
521.571
483.991
505.522
286.45
214.825
219.716
270.243
437.723
540.657
255.772
316.59
348.39
317.06
256.189
232.335
239.951
318.549
352.055
303.699
198.235
182.287
152.036
140.54
325.354
322.153
561.81
506.522
249.443
219.003
231.154
342.914
530.562
552.871
438.084
374.945
221.872
312.684
307.017
299.029
415.393
406.869
654.455
568.955
254.225
311.564
263.142
372.529
605.202
631.577
439.646
503.549
344.001
213.002
217.38
335.06
426.071
507.256
384.644
393.476
432.327
301.23
167.434
252.763
374.538
370.832
234.007
245.751
560.423
852.468
514.487
289.111
232.117
230.337
299.82
293.425
416.455
594.879
798.712
525.824
315.704
282.378
347.787
389.759
405.183
334.878
614.32
725.82
374.607
357.697
360.104
269.936
351.425
453.996
528.218
472.776
381.211
271.062
501.752
311.687
252.058
410.505
515.64
517.589
522.138
332.625
509.114
209.334
263.961
286.454
457.488
624.52
557.354
241.108
461.343
262.843
320.523
424.932
623.132
705.842
514.882
263.152
604.557
425.884
234.673
240.824
403.565
626.522
642.304
439.161
352.788
393.782
362.376
456.398
548.671
545.243
357.988
392.568
797.095
497.021
326.209
362.978
556.26
903.611
860.294
515.529
256.938
340.413
253.762
179.927
183.626
212.32
233.576
335.386
455.708
444.563
361.413
246.695
243.924
259.11
433.938
448.255
571.15
534.966
305.807
276.701
218.093
162.45
515.762
577.718
451.331
422.121
305.184
363.894
241.604
382.875
429.316
458.576
589.506
483.93
249.364
178.53
172.181
347.608
568.36
528.188
547.965
544.659
253.617
285.572
241.657
302.312
502.109
589.831
462.138
382.774
313.06
237.355
300.297
281.854
443.977
405.942
502.855
388.26
323.657
226.653
204.857
270.261
488.238
414.613
351.225
341.306
254.537
299.536
243.455
219.527
324.787
364.635
347.597
452.659
470.653
333.364
244.383
292.957
323.791
441.992
412.211
473.601
548.47
403.665
238.023
324.938
406.775
448.597
414.025
330.96
332.826
691.565
608.982
367.945
400.211
361.184
373.16
359.221
392.64
559.781
469.887
361.524
364.584
363.522
679.919
518.961
342.841
405.017
539.583
837.753
733.404
536.474
521.574
278.014
346.146
419.246
337.457
420.829
537.879
300.083
460.923
272.855
428.932
465.675
595.817
548.344
492.318
297.094
657.846
374.054
222.225
231.476
387.667
572.773
676.817
419.701
589.078
283.718
276.078
341.23
424.355
510.251
613.939
330.88
520.261
458.683
277.919
431.881
531.082
610.574
557.775
463.661
656.419
349.309
267.491
236.479
405.208
713.053
706.668
380.391
346.486
395.894
399.71
340.821
312.737
249.314
319.554
384.651
399.99
545.45
362.657
180.746
155.804
248.937
358.888
540.81
409.304
427.152
332.958
251.837
308.983
297.387
390.607
434.105
270.886
284.693
233.482
218.286
203.639
198.534
270.807
280.683
296.242
397.512
334.472
341.653
237.873
218.312
294.446
390.721
357.461
472.418
400.028
254.559
333.173
359.907
330.512
453.635
605.162
443.572
184.404
220.101
187.748
310.538
580.693
499.68
516.754
485.083
275.952
264.374
237.638
259.13
484.101
522.296
435.264
412.021
359.744
238.618
249.559
219.632
410.078
419.248
485.35
566.169
481.06
289.585
337.305
458.117
482.854
552.897
221.162
304.08
394.063
552.361
348.066
294.708
235.126
288.54
289.82
252.941
274.47
433.194
312.601
273.117
286.03
267.241
593.994
269.828
297.715
372.669
588.723
660.803
637.918
314.8
589.869
353.391
249.671
260.689
312.823
579.288
633.9
384.834
811.579
456.547
234.436
158.936
207.654
467.332
807.543
536.96
489.302
342.559
229.649
255.872
425.243
654.194
525.906
371.285
734.823
341.633
199.581
239.686
400.98
664.179
769.483
402.169
974.826
489.796
158.084
315.977
299.624
607.743
991.292
591.339
662.75
318.299
256.716
351.575
491.578
669.613
707.988
362.912
610.831
324.451
176.406
201.093
269.546
535.998
641.142
371.808
389.628
584.211
409.973
274.246
251.835
313.258
358.375
573.074
452.693
526.997
359.519
213.416
247.806
262.118
411.289
524.317
322.761
437.626
321.356
301.453
261.67
223.407
293.074
433.734
435.228
573.874
345.733
271.566
228.377
330.378
399.574
579.684
533.865
422.577
232.481
291.794
287.02
207.567
493.184
473.711
519.233
407.217
305.761
381.393
317.224
273.222
490.68
448.208
454.386
340.353
270.699
243.24
218.12
281.864
446.316
356.348
407.058
424.371
331.884
308.619
339.667
192.041
362.337
446.012
388.391
366.039
243.601
286.25
285.574
270.144
375.381
393.251
478.583
383.925
276.836
323.176
237.639
276.456
463.067
411.118
561.044
370.134
293.347
245.987
243.157
340.037
551.092
409.038
637.261
349.889
251.962
308.506
400.603
739.733
697.277
372.004
527.986
284.232
235.735
248.029
346.248
482.285
553.198
321.31
637.6
325.315
227.067
308.444
293.169
513.246
666.407
363.224
580.32
293.258
341.88
451.469
340.242
402.846
588.586
346.688
883.701
436.529
333.989
252.718
398.05
716.596
922.294
502.85
484.547
391.798
295.022
318.955
321.126
517.638
513.145
401.108
825.403
377.956
134.428
158.44
212.424
491.228
825.516
464.265
689.38
420.555
179.46
222.065
393.122
712.818
731.083
464.09
571.293
574.906
320.865
331.31
345.554
668.878
609.058
579.708
433.258
472.095
389.17
316.176
258.447
274.81
402.204
479.089
575.6
529.446
411.471
233.44
215.179
249.777
536.98
556.854
388.262
342.815
252.458
209.124
230.081
232.569
372.9
357.898
419.271
471.134
276.017
462.098
281.039
254.72
383.741
488.816
660.322
580.748
270.624
192.708
122.19
237.377
605.106
638.527
531.174
537.497
343.867
279.376
390.399
440.074
487.918
552.779
558.493
459.904
154.871
203.968
280.954
385.665
522.521
515.374
554.655
506.305
272.69
218.291
146.213
193.676
508.41
552.25
473.897
402.224
336.333
389.566
350.298
298.973
459.565
414.095
501.917
435.247
311.002
249.065
319.15
340.582
494.513
449.418
652.414
446.407
265.826
485.528
387.088
430.544
638.17
494.722
763.346
421.88
261.697
456.649
354.869
416.31
756.831
502.915
776.916
420.397
134.392
164.635
126.102
356.59
762.862
508.808
708.545
343.904
263.93
293.409
219.227
388.839
715.043
397.447
793.841
408.306
260.678
443.107
335.571
376.722
777.045
497.34
819.969
368.827
159.153
146.671
252.043
483.084
815.042
457.191
553.864
287.133
248.419
540.669
322.861
477.313
587.419
317.966
598.397
325.919
288.19
410.843
310.459
497.979
637.422
360.019
757.535
402.832
368.815
421.545
399.855
556.853
775.089
451.04
858.11
485.364
263.529
308.651
268.419
532.921
866.82
544.754
315.906
359.683
350.363
279.049
218.86
380.189
338.265
354.432
366.223
486.263
334.427
312.535
335.607
280.588
335.529
485.007
444.036
560.083
358.15
213.943
195.129
262.29
410.241
559.175
610.724
692.142
337.636
281.274
242.881
470.671
575.541
713.629
305.995
283.326
374.775
446.851
370.3
243.607
298.828
287.547
624.989
458.523
212.837
270.973
180.248
316.782
616.061
508.906
398.006
332.616
190.605
186.917
197.931
229.197
381.293
362.04
430.477
368.202
327.581
309.682
259.848
244.294
410.139
389.278
466.853
478.229
392.168
476.511
370.457
312.076
435.673
500.181
433.101
397.986
255.035
269.243
269.41
334.073
426.444
425.792
518.688
493.657
391.526
325.575
295.528
284.721
483.764
519.782
352.299
374.158
239.753
224.127
181.804
309.384
345.172
384.377
554.016
360.104
226.466
252.111
218.649
332.429
546.2
409.727
742.789
432.445
215.411
321.241
326.89
319.585
711.635
512.103
725.963
364.225
235.147
261.17
256.91
435.951
734.038
440.268
776.983
415.386
197.912
181.11
244.619
415.097
768.5
499.779
736.956
380.01
403.23
453.813
388.915
370.839
734.061
445.97
805.052
365.925
205.114
313.737
254.724
346.317
781.819
468.618
577.014
339.087
240.315
265.118
237.928
421.78
600.186
376.153
789.306
349.008
249.143
250.718
217.596
405.966
792.203
432.071
379.467
375.158
239.079
334.973
301.495
206.417
347.454
397.115
391.263
567.07
489.633
338.332
215.27
201.116
342.16
554.6
416.5
570.797
370.44
287.73
267.337
307.619
371.875
572.75
380.41
607.565
319.803
256.172
224.869
312.317
341.273
598.898
633.477
684.602
413.793
226.236
195.707
309.597
573.364
706.345
414.506
511.259
356.438
594.376
354.268
278.575
381.157
520.065
582.674
549.362
298.979
189.609
223.932
234.449
528.245
579.8
727.802
711.584
439.685
475.643
473.819
392.423
682.04
746.16
564.326
562.381
311.22
231.657
255.614
294.627
516.853
598.172
459.211
388.802
156.078
219.653
239.008
350.314
457.729
430.09
531.179
429.616
263.703
336.291
366.543
373.645
520.176
469.3
454.414
310.63
230.449
468.575
258.597
232.351
432.221
354.189
391.309
413.865
289.511
247.329
327.511
431.908
373.662
428.68
617.495
376.109
259.654
241.119
265.168
358.88
613.624
422.147
705.637
499.17
275.127
292.541
253.547
361.646
679.393
567.857
751.806
405.048
127.253
215.723
176.937
416.616
751.486
482.907
691.495
370.478
182.583
230.111
233.092
396.146
692.73
443.044
972.03
454.002
217.313
252.274
215.053
382.085
953.193
567.958
673.039
390.006
358.062
559.266
367.962
345.784
662.411
442.803
593.573
411.714
279.327
378.074
323.968
420.562
578.121
465.614
381.635
389.149
344.55
405.383
277.103
205.784
351.272
399.658
372.941
298.7
329.583
405.721
223.223
194.206
365.854
315.333
422.65
434.246
326.605
228.516
234.966
383.728
415.405
440.09
497.165
484.461
326.657
252.738
247.553
296.862
468.309
507.204
340.036
491.52
407.402
281.096
245.235
401.045
326.383
473.135
435.053
392.036
232.958
224.626
288.163
302.369
432.306
407.528
498.905
442.274
312.439
401.198
308.944
386.709
473.44
465.145
386.398
419.48
324.703
310.847
265.335
285.906
373.934
428.975
461.575
563.516
319.401
243.521
229.288
380.465
426.225
578.411
638.805
596.405
251.118
239.809
178.466
376.671
603.994
654.497
499.21
602.198
435.688
520.252
353.421
306.443
458.707
605.347
455.925
331.037
261.272
463.143
284.914
242.032
438.064
387.024
480.875
327.062
297.423
381.05
295.069
325.832
473.379
363.552
240.517
277.986
524.894
571.07
426.123
199.678
231.978
266.282
679.545
447.833
238.652
363.106
354.648
367.807
655.842
519.111
700.2
429.476
169.187
306.966
245.515
352.778
685.155
497.336
666.357
375.618
348.666
363.809
324.396
344.52
656.305
441.036
600.432
321.011
420.669
478.008
531.285
374.971
586.551
368.623
478.417
448.054
449.153
607.971
352.761
373.326
441.824
488.15
302.895
249.837
219.262
402.882
285.886
170.76
283.509
271.19
293.619
382.734
291.555
310.364
256.018
233.989
282.87
373.78
336.645
415.612
372.721
346.507
319.012
362.036
326.383
393.644
326.167
364.496
316.443
244.291
224.51
334.485
326.108
355.734
510.505
646.146
463.04
218.383
286.235
250.323
452.688
653.74
443.227
640.325
438.737
228.023
205.446
286.26
408.52
632.437
396.144
579.232
346.645
289.552
267.411
291.502
358.708
577.191
431.365
549.075
387.131
349.474
347.743
292.017
386.78
552.008
508.071
485.751
241.553
263.413
201.533
327.59
467.003
526.384
396.182
335.231
199.289
168.248
227.786
310.403
385.054
353.461
518.299
296.54
160.476
239.4
169.903
248.357
509.534
346.248
329.29
280.042
440.195
419.013
441.618
304.577
339.008
271.007
416.63
389.796
428.569
601.167
365.36
180.793
390.179
401.111
182.34
236.029
386.561
494.379
362.264
212.691
180.267
222.432
289.034
258.475
267.646
254.529
328.91
261.853
286.828
261.963
442.989
328.681
176.41
240.145
233.658
232.328
422.416
370.829
527.125
311.653
279.574
453.353
334.067
351.816
538.13
343.598
571.847
285.816
222.23
308.122
319.543
424.6
585.663
338.393
528.179
263.748
253.593
376.791
350.856
397.675
537.365
297.043
583.055
279.089
233.043
315.815
313.892
433.882
599.45
328.471
642.838
264.106
268.355
490.243
378.48
520.924
682.024
321.037
268.699
386.835
323.018
283.149
325.191
262.065
246.356
373.324
385.411
525.18
436.539
301.669
301.27
262.901
371.211
509.001
462.152
565.427
414.216
195.159
158.331
281.311
437.78
555.964
360.748
385.876
431.306
285.448
224.51
291.259
354.728
364.75
348.055
430.061
419.621
306.75
228.674
230.452
332.265
425.604
272.43
393.946
414.429
303.964
388.418
357.459
259.671
376.462
433.21
518.957
270.542
280.594
350.108
366.521
397.737
541.39
590.546
479.531
464.305
386.033
346.146
332.785
562.273
514.38
551.831
583.054
379.053
433.576
382.021
312.426
491.05
627.082
341.701
310.688
246.269
344.277
240.802
261.416
332.234
321.906
480.301
643.954
436.947
245.748
239.583
338.612
446.166
636.861
423.416
280.969
300.666
457.061
433.913
307.438
400.104
313.995
391.898
353.34
305.821
575.16
304.866
308.608
371.552
377.978
480.164
437.184
325.832
478.539
433.9
320.441
471.735
448.795
257.286
238.392
300.611
657.547
352.231
163.9
234.655
258.41
330.636
270.168
238.115
440.384
272.236
261.914
328.962
293.807
485.17
419.633
379.813
588.09
363.598
388.376
481.573
429.643
329.122
181.435
201.926
509.37
284.55
193.736
327.639
207.373
322.449
290.557
297.809
369.357
232.739
219.072
309.834
300.425
442.005
272.041
194.143
241.761
232.372
280.888
441.944
309.458
236.134
389.211
407.609
211.976
193.52
212.275
214.891
353.567
301.055
451.944
514.029
352.213
312.972
232.759
276.866
421.294
288.837
468.076
512.302
384.966
242.547
293.662
278.989
436.152
494.609
470.292
371.534
332.94
287.022
362.51
471.419
475.432
252.036
495.384
406.337
320.059
208.192
288.165
235.527
464.802
406.801
559.738
501.161
336.522
229.807
286.747
387.783
538.117
516.081
692.996
552.382
334.838
290.6
387.501
486.352
687.07
473.154
489.849
345.603
224.002
206.278
282.58
458.154
492.474
366.295
502.125
428.989
379.117
245.121
315.538
339.504
483.025
466.214
576.932
484.115
369.65
370.378
351.249
438.002
564.711
559.361
652.242
402.631
337.248
289.569
442.685
521.66
667.815
264.153
261.484
346.929
483.164
364.458
280.842
272.082
253.66
284.066
292.248
206.59
202.76
215.261
251.857
281.629
296.147
463.282
594.641
390.489
397.47
245.354
300.444
417.509
604.898
557.014
624.628
389.126
288.034
269.965
314.917
503.943
645.329
635.049
442.494
349.03
267.7
273.196
408.509
633.715
482.803
670.844
422.234
233.198
251.28
226.329
374.993
655.072
480.036
441.203
398.2
318.576
470.188
388.958
220.919
415.416
424.624
630.81
590.254
419.638
389.481
358.079
291.634
581.957
629.273
455.705
424.734
355.832
294.834
358.241
297.63
426.947
438.449
228.947
266.356
407.013
350.4
352.015
250.609
230.107
242.356
509.075
585.864
494.214
376.175
374.092
444.254
530.648
555.899
367.372
417.475
382.087
317.398
254.782
354.239
376.241
415.284
284.387
447.24
519.082
302.001
236.217
220.791
265.805
417.407
426.723
654.32
548.831
357.394
244.518
313.05
394.529
631.041
393.804
450.526
421.103
345.799
320.791
377.996
389.336
436.819
413.45
408.629
435.385
454.314
392.949
289.901
402.421
409.918
508.203
622.056
616.68
474.452
422.051
366.888
498.924
600.386
592.809
715.821
527.813
382.893
392.237
437.025
564.728
727.673
573.569
389.143
291.344
325.106
299.615
437.042
580.56
422.519
344.379
325.027
272.348
356.003
389.19
430.283
355.924
317.922
464.1
579.496
450.114
301.485
313.367
396.4
431.544
585.441
494.877
506.385
270.564
279.878
302.667
328.561
461.309
512.361
550.35
674.051
423.622
268.31
220.509
305.227
503.652
688.643
886.648
874.808
524.656
370.962
261.116
422.812
811.018
929.138
704.542
802.348
406.795
165.599
150.782
313.034
632.976
831.153
550.466
530.343
272.552
363.949
229.142
230.261
501.678
571.869
485.951
430.09
286.26
306.844
301.06
289.626
449.909
468.389
706.07
687.223
365.589
239.361
193.782
311.55
648.335
721.575
1004.35
681.71
227.71
168.582
221.118
372.809
949.613
784.682
246.948
260.715
241.121
292.633
212.544
290.897
248.913
262.744
425.384
359.15
493.768
480.162
364.384
307.054
438.613
344.181
184.309
334.727
444.131
265.889
365.529
366.992
198.682
298.222
328.71
377.408
539.041
448.199
252.547
205.042
313.848
360.249
408.193
359.241
316.765
370.757
264.961
247.303
394.599
372.976
342.038
417.71
400.941
400.757
298.986
268.429
334.167
412.656
296.033
500.162
610.48
466.669
379.074
251.069
271.01
460.944
490.188
690.279
659.47
481.546
335.607
344.795
474.483
671.114
329.125
354.079
459.507
629.424
397.42
248.503
330.237
332.934
650.374
396.154
400.764
531.981
353.652
342.11
637.349
435.423
587.296
611.394
354.624
202.239
159.928
220.36
534.857
639.085
288.507
469.156
530.797
457.067
354.12
290.006
271.093
424.571
757.825
691.72
412.366
283.549
270.026
270.789
700.151
739.609
443.718
525.839
349.39
208.369
179.97
251.036
407.164
538.841
589.147
530.935
287.524
346.727
255.614
412.917
594.908
562.887
462.319
507.81
267.195
360.974
237.06
348.58
444.833
533.716
611.731
610.857
501.359
390.514
255.998
337.991
571.462
622.708
750.199
479.202
215.945
191.113
249.07
282.93
713.182
557.263
454.574
544.313
395.42
229.208
191.074
195.734
413.372
552.802
596.562
744.887
489.059
264.134
204.869
291.394
534.445
753.401
