241.074
314.215
246.159
149.446
136.002
169.527
234.515
311.516
225.57
277.696
235.256
278.782
200.428
152.344
202.39
277.678
223.11
200.111
208.598
240.236
206.243
244.93
237.44
194.435
383.412
437.222
429.573
284.583
257.487
379.799
383.289
430.151
330.842
413.504
357.213
268.591
243.513
255.483
316.771
405.035
443.818
583.119
552.312
379.588
309.822
322.783
411.858
570.162
354.544
577.902
833.635
556.453
510.433
312.109
332.966
521.166
249.964
439.5
861.458
768.25
383.071
364.692
254.823
367.695
222.554
292.146
752.703
900.032
565.773
265.17
211.437
276.27
509.59
404.379
870.706
849.471
533.247
277.566
496.463
389.757
143.672
275.482
844.99
1353.35
533.449
206.563
146.445
219.016
220.956
270.411
746.931
1202.96
694.339
251.519
216.456
243.905
156.562
227.424
649.153
1342.98
879.866
330.53
157.902
206.977
247.42
184.757
524.813
1375.82
894.428
309.721
250.536
175.424
279.03
199.336
488.994
1204.52
1060.17
410.752
286.786
206.624
701.582
528.005
541.335
1160.78
1028.97
618.889
700.776
555.303
244.897
209.086
429.389
990.329
1083.09
600.122
274.226
208.192
396.42
351.414
475.779
709.336
896.064
679.364
420.972
324.345
391.442
266.755
373.3
843.6
885.242
649.323
427.942
277.602
462.653
371.155
415.7
597.407
932.653
755.51
488.121
393.519
189.281
355.593
357.159
154.982
177.812
221.871
170.862
326.721
265.694
420.434
343.792
235.152
213.045
202.752
243.063
404.285
339.07
515.221
445.481
267.004
231.992
203.674
300.922
499.607
222.272
392.206
447.477
250.352
310.074
295.956
207.971
357.122
299.429
495.521
546.873
403.442
276.544
277.615
263.797
466.437
438.026
681.117
606.453
202.078
327.439
486.639
456.43
626.878
290.676
651.099
743.892
371.143
437.051
445.347
274.907
567.321
263.566
602.438
907.485
612.614
439.529
303.965
243.251
524.186
322.639
585.951
954.3
933.035
433.702
341.642
311.497
517.345
272.166
447.305
863.635
1044.73
495.577
379.943
273.826
381.926
253.214
293.291
696.076
1187.47
530.516
248.038
260.52
269.486
198.181
223.025
413.943
1040.17
616.953
244.231
197.431
220.662
175.198
193.833
531.259
1148.86
787.971
248.643
171.552
185.565
372.459
295.733
585.552
1053.09
772.388
483.46
378.98
302.585
371.902
230.993
488.201
1301.16
1050.22
462.099
381.707
240.135
330.877
389.892
398.074
973.822
834.222
506.171
332.046
396.591
260.421
203.634
480.072
870.687
1002.93
567.95
283.114
176.694
325.1
277.158
441.27
708.59
881.14
645.289
361.672
269.535
360.935
383.025
410.053
733.439
989.438
791.675
391.437
341.327
484.516
437.697
505.079
699.466
1094.62
854.408
534.54
450.585
292.342
371.396
325.328
282.194
202.658
235.854
288.613
362.84
260.446
361.581
241.403
194.561
232.273
234.62
237.277
356.919
379.885
426.224
350.1
407.165
288.238
278.474
376.255
432.004
412.146
409.714
308.235
290.117
239.438
219.526
387.901
424.625
404.72
746.933
716.064
363.846
343.429
334.971
365.393
688.09
224.174
458.6
741.651
503.934
448.91
334.483
211.187
393.795
318.422
675.585
712.334
388.339
335.442
323.713
274.574
608.211
458.563
773.151
826.925
458.473
377.267
455.437
422.536
716.616
310.394
567.444
1055.06
919.503
514.978
353.839
310.638
486.637
247.09
322.051
697.271
936.686
506.709
218.708
234.456
295.01
172.391
228.021
446.41
929.436
463.315
179.368
163.292
217.784
288.22
243.158
370.136
698.826
411.322
250.513
292.681
245.41
218.088
178.712
366.469
920.322
799.338
332.926
218.352
175.605
199.282
291.797
470.435
927.499
1017.35
543.796
210.836
265.961
262.321
265.136
488.165
900.786
1073.44
632.216
274.373
251.204
217.466
241.992
423.137
1002.46
1142.73
634.891
247.159
225.593
415.935
431.473
465.484
647.171
1010.3
820.795
459.603
424.106
344.367
397.721
588.851
878.251
1056.54
682.453
349.297
394.271
352.506
456.368
483.35
668.979
1055.44
999.447
413.575
394.848
616.426
447.46
430.956
498.033
902.377
1012.14
691.272
452.188
370.346
491.604
301.797
184.548
197.17
295.472
339.362
494.197
260.062
413.279
239.109
213.308
177.44
227.951
228.397
406.516
304.061
381.396
312.354
161.909
189.055
184.989
283.113
382.002
209.254
343.375
272.766
238.863
317.869
259.55
205.716
324.936
459.937
619
472.55
258.848
288.999
356.581
431.68
605.682
338.856
535.645
380.394
214.481
255.994
296.964
304.333
517.554
299.113
732.589
809.801
469.079
484.763
489.445
258.358
648.041
308.917
482.54
601.827
655.918
480.092
291.667
278.148
464.164
150.996
374.452
706.636
742.255
428.111
255.017
139.886
316.836
196.082
324.979
615.33
951.626
552.922
223.181
193.695
287.113
172.022
241.794
577.56
1135.52
521.575
174.566
165.05
215.577
133.091
177.52
487.676
979.198
572.085
166.853
130.504
163.989
111.982
167.58
414.018
862.827
756.691
338.282
122.339
146.185
232.267
238.527
391.54
672.784
826.274
518.683
258.881
227.077
248.604
279.674
465.863
660.272
804.229
510.346
271.618
270.979
488.794
310.239
329.117
557.715
774.732
666.401
524.388
318.315
426.425
399.261
410.596
605.344
957.442
928.072
490.958
373.274
537.528
424.391
454.109
659.96
985.949
819.902
585.502
437.424
485.475
299.805
312.664
548.171
807.92
831.512
539.791
299.816
490.913
435.203
467.678
396.359
847.413
973.844
558.84
402.577
359.419
420.325
280.011
202.597
185.909
222.319
324.349
433.836
307.703
463.386
412.236
199.841
265.277
276.656
280.032
446.033
180.447
252.672
214.269
383.551
211.298
129.01
161.428
251.029
321.762
302.68
328.853
392.57
236.739
302.122
338.062
299.402
440.072
491.634
366.548
310.667
253.627
266.931
404.195
515.094
436.284
495.415
487.984
327.225
257.975
285.049
434.164
479.092
491.445
680.525
526.533
357.155
230.911
408.599
467.078
671.244
321.864
389.053
529.446
533.407
316.915
189.992
299.613
376.239
310.631
410.669
716.209
614.216
396.618
245.818
302.176
362.62
205.302
273.391
564.861
919.27
565.716
276.93
201.316
252.965
144.435
247.057
487.733
660.835
442.573
185.506
141.982
217.395
132.395
142.553
509.749
1053.88
729.115
223.911
138.137
125.922
290.535
227.061
309.499
769.418
765.222
434.848
298.418
229.934
186.656
200.115
313.769
618.383
632.866
374.136
200.535
196.522
226.436
202.847
356.53
717.123
827.338
528.34
258.87
188.699
375.807
250.455
323.721
629.113
713.13
507.189
387.536
267.69
350.906
371.741
332.28
676.281
866.058
719.24
390.397
368.378
536.246
383.332
454.606
610.061
929.941
819.036
586.687
408.824
569.64
406.454
394.605
573.719
859.885
860.66
630.717
420.395
390.051
360.124
343.053
493.983
864.886
895.784
452.393
335.318
335.02
424.112
335.071
309.178
172.481
186.791
306.621
423.653
314.079
472.867
308.208
183.686
242.421
299.081
279.783
463.225
254.081
330.847
224.352
129.845
194.181
200.555
235.9
325.401
409.716
619.799
435.815
318.171
244.826
274.536
362.754
612.344
386.301
474.158
460.781
405.677
338.827
382.11
388.202
473.181
394.405
502.009
357.322
261.54
198.172
305.373
391.632
501.944
404.752
635.805
586.728
308.242
263.733
333.126
373.28
610.062
287.543
339.365
343.74
335.913
198.076
261.645
281.197
340.781
292.959
364.917
607.197
689.581
338.516
258.203
293.508
335.311
167.612
289.864
481.592
581.83
326.91
217.222
169.29
260.777
352.794
319.557
498.626
832.758
492.589
253.56
345.487
320.989
268.329
242.097
420.065
1002.79
820.085
421.418
282.683
235.524
205.357
274.281
373.989
625.093
762.717
401.08
204.927
250.553
272.143
234.567
373.36
639.978
728.663
471.5
294.702
231.947
440.149
217.62
248.066
355.149
621.19
665.579
487.406
233.482
388.812
278.657
402.929
455.343
448.176
474.379
415.531
268.793
336.982
190.833
422.115
575.964
828.701
602.495
377.21
194.229
389.347
308.936
349.131
550.115
840.319
772.26
435.433
306.506
643.243
484.879
395.213
548.962
865.779
943.567
708.956
515.978
571.731
455.982
399.994
435.675
689.507
844.957
632.453
471.27
371.999
503.132
275.349
190.766
172.876
256.585
337.18
499.849
354.216
394.411
333.267
246.04
209.235
230.644
326.401
401.767
398.357
337.173
193.88
191.922
187.193
150.121
362.955
373.54
413.638
485.209
271.287
205.432
200.027
212.809
372.271
497.697
369.931
450.72
454.669
394.513
445.644
339.19
358.58
444.803
346.112
491.038
439.096
242.645
272.719
306.56
330.322
473.434
360.366
483.563
489.06
339.869
292.743
356.984
357.546
468.764
315.346
358.95
572.371
490.086
560.952
316.8
321.041
331.851
529.049
499.199
623.061
642.688
301.671
356.09
532.118
491.139
253.159
319.388
502.839
480.909
354.392
217.741
258.422
301.025
679.459
368.253
321.589
660.674
526.455
514.358
684.961
411.921
412.985
279.786
411.909
463.023
650.541
596.376
451.667
289.791
274.062
240.425
327.981
464.873
529.681
434.115
292.809
228.658
408.996
371.983
383.134
310.366
709.605
856.168
464.577
323.928
500.701
336.598
254.672
287.262
438.319
654.662
548.659
346.098
628.386
566.224
296.722
320.257
474.923
768.28
677.971
577.87
714.86
397.57
469.746
503.453
779.997
918.433
782.698
415.077
537.434
309.084
372.012
476.475
690.719
778.442
586.864
314.645
530.684
306.453
311.067
424.133
672.183
837.249
598.205
315.885
633.918
417.307
254.222
356.396
620.917
821.855
695.068
442.335
387.832
585.845
367.33
245.942
166.163
299.554
360.224
575.047
472.358
514.401
334.993
340.982
254.368
272.195
424.942
541.012
220.24
325.352
313.619
275.591
277.496
239.079
203.844
313.803
366.642
354.479
196.82
151.037
177.653
170.889
337.134
370.465
616.202
545.585
230.493
212.61
257.318
414.066
580.53
598.816
378.66
351.021
291.834
303.042
296.644
255.492
356.655
367.567
569.179
531.716
353.826
378.816
366.014
373.295
525.724
572.331
428.667
524.631
375.922
212.159
259.798
327.382
407.786
521.534
340.556
394.408
412.864
305.886
149.611
200.03
326.03
378.701
194.548
253.427
604.444
915.386
516.498
249.885
182.843
232.984
316.424
340.897
343.631
586.747
780.886
583.393
334.089
325.532
478.466
421.853
430.293
481.484
626.885
729.519
504.851
430.95
345.468
310.382
396.748
500.503
493.085
430.41
356.223
304.065
503.763
343.613
298.704
400.932
555.886
579.176
531.069
361.097
524.391
251.529
218.993
318.864
449.112
675.524
581.115
274.189
527.417
271.315
310.706
348.315
588.648
719.008
574.018
266.935
687.938
320.462
209.997
265.306
422.423
613.068
723.834
375.535
507.69
542.351
370.264
447.955
579.044
604.865
496.686
554.018
730.209
454.797
254.04
344.219
529.4
879.795
796.996
473.217
854.601
493.38
260.384
240.576
437.611
878.138
914.948
524.753
386.632
422.913
346.257
218.83
255.301
248.766
362.803
418.291
548.751
538.207
270.86
268.738
204.423
178.817
493.782
576.322
439.035
413.697
306.142
354.461
302.109
388.267
416.022
448.079
627.207
497.391
233.171
204.236
199.341
406.489
609.792
548.468
496.493
469.017
256.495
235.327
187.504
279.649
459.881
509.608
439.183
390.442
334.488
230.708
360.529
325.353
424.402
403.751
549.075
431.36
307.094
253.931
193.259
268.876
529.801
461.741
358.286
314.67
243.037
311.663
258.449
267.375
337.278
345.248
348.822
463.058
476.608
361.624
268.859
312.708
325.836
452.946
380.741
491.285
512.248
358.901
226.702
306.188
375.705
469.131
411.028
283.624
303.99
780.278
607.012
365.243
407.095
313.14
367.911
308.995
385.845
576.745
538.382
330.904
351.016
329.536
786.056
442.852
385.005
415.263
507.866
812.85
838.073
473.336
380.462
283.333
404.378
381.95
326.265
423.17
405.807
267.436
518.609
301.339
377.626
427.479
544.836
515.52
540.956
331.425
628.442
321.608
246.109
263.026
414.659
559.379
652.114
364.45
583.624
308.846
298.021
302.277
444.387
576.803
617.247
349.096
585.918
534.129
274.136
364.787
488.551
660.842
624.467
538.468
711.499
367.794
277.681
227.126
412.465
700.429
754.169
412.119
863.446
596.667
396.016
370.763
578.67
963.128
927.366
623.044
403.997
557.655
370.087
202.528
154.044
245.733
364.33
553.837
436.03
417.494
340.285
270.088
304.748
290.196
420.112
427.61
310.673
283.003
226.806
234.685
195.559
188.972
296.941
294.266
294.073
405.357
319.656
279.123
194.183
254.734
284.081
398.4
373.558
441.49
395.985
290.209
345.257
342.346
351.156
426.703
599.492
516.126
211.057
254.232
175.754
302.816
565.292
571.394
452.339
428.857
236.593
186.053
184.185
218.443
414.795
457.74
479.57
400.381
309.6
259.547
244.551
181.21
449.12
431.282
435.428
530.227
526.189
264.844
377.992
491.765
438.025
493.925
255.832
284.572
384.95
592.824
367.261
270.739
268.865
274.476
379.922
273.098
291.974
392.09
294.562
283.343
369.771
302.601
529.125
317.192
351.585
412.568
603.094
638.247
571.927
335.367
553.858
323.114
238.193
284.456
282.787
460.365
579.278
359.668
991.485
576.229
292.642
225.516
259.806
496.513
974.32
681.595
523.308
417.572
297.129
260.103
436.116
634.258
544.544
445.923
694.268
291.282
200.084
265.793
385.676
603.32
729.328
359.324
903.654
464.487
173.374
374.936
313.064
541.451
911.98
557.042
573.683
316.482
289.41
371.208
512.745
647.275
619.908
344.901
675.648
323.543
158.875
217.449
257.192
522.108
700.829
380.191
907.087
438.619
316.769
355.337
355.595
757.176
952.761
501.131
431.729
480.944
426.749
274.603
289.509
206.951
390.952
485.35
317.371
411.328
327.97
369.043
290.811
225.291
296.894
412.537
422.361
548.473
353.735
281.155
198.997
282.282
390.474
555.761
587.489
465.705
244.905
254.857
271.735
248.637
545.648
516.33
452.894
406.232
387.363
431.089
312.811
270.523
424.954
431.737
467.563
375.25
280.506
197.909
192.4
294.345
454.869
395.193
405.842
443.987
365.413
261.852
339.654
244.602
367.613
458.382
312.043
265.361
237.994
281.406
284.601
234.987
306.716
275.644
502.927
365.699
296.253
395.819
288.061
310.714
504.578
395.839
594.877
418.368
294.393
236.422
227.043
368.792
580.907
461.129
663.454
374.637
227.622
393.437
379.574
718.798
718.443
389.894
482.257
239.49
216.653
248.232
368.486
486.897
514.674
276.642
693.642
324.44
237.257
287.223
326.212
518.243
713.489
374.921
477.949
242.63
299.513
418.994
332.204
388.651
492.373
274.953
861.388
431.232
355.828
319.206
405.95
699.067
895.962
495.18
557.726
324.505
254.822
304.374
296.316
449.653
576.189
357.6
833.79
415.047
164.347
128.438
212.188
534.182
844.949
495.847
674.845
408.674
217.441
243.637
372.312
750.94
725.422
443.197
552.288
512.828
345.673
408.995
379.388
637.928
590.82
520.584
837.071
406.913
236.931
207.885
298.285
701.283
875.119
461.068
547.445
500.781
391.624
223.335
225.753
236.963
511.004
528.824
402.732
354.028
232.645
191.331
232.903
287.562
389.23
373.881
461.307
550.133
294.999
453.568
311.821
336.783
423.385
566.413
606.503
551.549
296.553
239.828
158.326
208.742
553.233
597.356
576.721
576.143
330.113
275.73
357.552
408.636
527.925
599.932
525.851
437.965
145.907
175.716
279.088
365.063
490.516
489.921
557.207
546.651
268.097
227.823
138.496
228.114
506.317
591.6
459.213
383.233
304.655
386.509
314.881
263.38
440.101
408.956
531.674
472.16
311.69
270.041
355.94
350.464
517.65
484.812
626.403
413.279
297.991
440.669
396.48
381.76
615.169
457.992
713.655
418.927
275.579
454.864
340.61
397.609
704.709
491.516
842.482
491.028
124.866
133.715
126.998
399.018
824.98
583.788
758.205
392.472
232.5
281.282
231.654
488.623
777.289
447.623
873.458
506.315
241.824
372.644
309.391
403.989
851.665
600.603
844.119
391.533
192.974
137.327
254.202
460.768
840.177
481.975
610.733
301.102
229.908
435.916
274.024
510.906
641.851
341.444
555.04
306.542
269.625
346.481
332.898
469.641
582.305
345.89
717.174
378.892
356.934
429.649
417.635
498.4
737.189
431.393
753.617
457.102
291.16
416.01
307.012
532.668
763.556
488.731
837.089
461.509
157.011
180.307
179.377
442.075
828.732
552.382
359.172
461.716
305.577
286.077
298.639
237.681
326.22
464.213
426.603
551.802
343.705
237.531
169.03
272.556
397.169
551.162
530.73
631.917
327.331
294.692
262.031
423.909
496.128
646.843
237.871
244.981
355.237
442.604
324.188
203.513
226.682
248.048
600.737
465.642
240.404
277.04
210.748
308.947
588.564
510.823
371.694
394.348
230.83
195.372
164.055
315.611
352.304
415.196
514.946
412.24
326.7
285.13
243.269
287.654
491.599
441.603
430.405
498.829
400.895
435.33
345.121
339.774
395.257
513.068
394.308
377.419
285.17
297.299
298.49
330.841
390.848
396.685
533.871
556.444
365.28
273.601
273.848
309.078
496.021
577.293
418.258
407.748
242.586
195.257
185.515
267.385
396.382
428.952
598.414
403.593
244.03
313.862
221.589
345.955
580.088
461.059
732.963
417.403
227.233
301.583
300.748
325.373
706.71
486.015
685.206
343.481
254.58
267.102
243.745
432.744
701.781
405.586
815.675
452.723
173.451
173.861
228.656
434.66
805.865
537.9
829.898
444.707
361.57
416.443
351.388
425.887
827.817
516.231
706.706
350.241
231.649
383.104
287.05
391.493
695.026
431.25
638.409
398.799
269.165
276.386
216.11
448.74
660.694
437.924
711.385
366.284
283.808
295.428
243.529
431.522
722.264
427.511
516.432
348.481
215.754
199.327
297.699
426.432
528.032
365.919
399.986
565.909
462.234
289.254
190.561
180.773
347.668
554.311
418.433
550.04
349.787
301.022
242.956
280.766
375.391
554.558
394.409
610.193
318.648
238.55
211.94
313.827
362.955
599.449
639.721
703.528
467.104
259.48
179.398
308.992
580.721
721.432
415.035
544.949
366.657
566.757
342.37
265.021
375.146
548.874
600.64
602.07
289.961
131.676
214.466
251.479
540.663
633.184
685.87
668.752
494.454
488.459
478.146
296.51
633.285
698.99
533.064
557.857
288.315
184.983
268.775
282.647
483.263
593.711
402.336
286.315
161.232
238.388
259.025
297.609
405.22
325.228
521.173
409.147
267.305
319.434
353.899
353.258
508.556
444.278
429.59
309.672
246.094
439.826
260.268
245.028
408.447
347.809
403.574
406.901
285.766
249.187
333.072
423.046
381.651
424.174
654.896
402.998
267.983
290.738
281.927
370.858
648.068
459.211
692.847
497.77
298.894
254.143
256.949
367.061
664.432
560.655
783.576
432.55
138.275
202.618
181.274
433.959
782.668
511.7
683.651
364.223
179.763
218.426
213.118
402.538
687.713
431.656
910.855
430.305
227.872
250.026
222.406
367.707
892.789
536.036
720.964
384.426
295.371
460.522
315.839
336.652
709.981
446.542
565.858
403.375
282.152
400.945
302.114
400.72
554.179
440.439
512.136
296.958
244.728
275.131
180.574
299.37
511.076
339.058
371.538
295.28
317.754
406.788
247.657
197.87
364.05
307.62
379.242
420.886
334.566
251.955
267.865
387.665
375.42
418.932
431.934
431.863
293.702
248.238
252.053
327.514
406.596
452.053
352.194
502.293
426.014
280.109
312.106
397.389
336.319
484.699
358.3
357.869
237.561
171.791
239.132
266.704
353.23
366.263
494.901
454.12
338.126
331.73
350.288
405.291
476.162
462.749
385.12
445.759
312.084
290.292
276.517
262.701
365.571
453.304
512.827
549.376
324.006
322.18
271.977
357.281
475.985
583.53
604.215
565.336
207.146
256.895
191.456
411.506
568.527
625.526
519.407
602.156
433.341
508.348
340.029
294.166
476.305
608.625
488.665
372.284
302.076
492.26
319.332
299.15
481.741
421.452
514.322
360.921
335.896
422.809
308.707
327.994
504.32
399.332
248.535
293.345
497.433
566.383
412.005
252.568
250.696
279.515
680.755
458.115
261.751
402.526
367.087
365.256
658.621
526.053
696.657
429.055
184.621
336.023
270.264
363.291
686.379
495.747
665.018
371.639
339.966
386.68
332.428
345.867
658.849
434.522
682.023
320.882
403.92
457.759
472.985
342.275
670.127
399.053
476.12
451.704
457.821
604.298
352.932
361.387
438.639
489.076
327.017
256.949
210.072
464.443
322.398
195.808
307.734
287.508
304.197
253.444
226.425
438.25
283.905
203.111
290.718
271.105
310.086
428.926
383.363
353.073
341.414
390.517
307.047
396.172
355.927
381.062
317.467
244.918
229.289
340.379
345.536
374.209
531.22
674.974
485.695
201.429
273.308
246.207
471.951
682.172
468.015
635.624
401.986
167.392
158.885
281.731
434.605
635.941
407.935
584.229
358.664
295.796
282.303
274.579
360.642
585.339
500.289
589.852
393.686
344.481
364.771
350.606
455.746
600.273
486.223
453.248
248.419
261.145
186.947
295.731
451.305
489.871
332.403
310.153
221.887
169.767
272.491
333.848
330.022
318.741
617.893
343.091
174.881
302.156
196.011
305.778
614.35
402.141
345.413
301.309
388.035
401.305
395.048
313.063
354.318
301.155
394.356
424.982
446.671
638.123
408.976
248.375
367.423
424.108
211.017
272.52
364.145
436.89
350.961
225.471
203.623
260.522
300.753
270.946
285.771
271.265
330.111
247.098
295.254
275.737
532.292
403.696
207.934
222.074
226.575
307.085
510.925
453.542
527.216
351.296
325.226
449.678
347.975
376.93
542.69
373.838
595.26
305.756
240.713
352.758
352.649
444.799
606.791
360.737
509.71
274.159
251.285
337.33
336.316
406.681
522.342
297.884
622.354
280.628
250.204
356.077
337.16
430.639
632.975
344.681
665.25
297.497
294.001
517.132
406.253
551.118
707.174
348.597
440.971
214.556
198.187
323.215
347.453
360.745
448.186
250.12
414.966
523.095
433.648
303.469
295.624
254.79
404.31
512.054
423.993
582.66
419.877
225.513
139.205
256.164
396.932
569.826
325.066
403.693
451.451
272.522
225.859
326.585
317.971
376.72
372.96
451.729
420.489
301.367
256.413
260.064
356.569
446.417
274.122
400.619
407.814
341.476
383.429
270.344
244.927
389.889
463.053
543.35
291.374
317.687
345.332
321.721
422.112
567.042
592.344
524.996
497.259
372.732
313.353
337.563
557.476
556.557
579.06
638.688
374.237
398.579
305.732
341.821
511.004
679.47
358.422
347.021
295.167
406.976
308.365
253.149
340.965
358.308
536.067
669.334
447.683
262.623
236.617
361.158
507.355
664.729
387.373
288.881
307.791
408.127
435.073
304.332
363.023
318.674
353.169
314.695
298.96
566.686
307.637
295.761
342.647
336.32
476.571
424.308
314.148
461.968
433.109
328.874
473.773
436.6
314.938
274.259
276.32
613.433
334.538
174.299
287.199
300.611
359.327
267.767
247.185
463.948
287.882
276.818
362.524
294.656
543.348
428.884
376.631
582.524
349.596
388.011
536.476
446.498
317.336
175.609
196.138
486.169
291.401
182.935
315.238
202.83
336.938
301.634
323.562
396.853
258.482
198.629
318.907
312.523
477.714
273.876
204.808
258.923
259.142
286.042
471.28
317.952
724.319
431.637
279.682
283.12
209.416
349.213
708.761
496.03
293.086
444.47
513.104
387.424
315.564
239.606
270.677
412.147
353.519
503.088
507.043
402.432
251.615
309.838
339.739
476.144
486.643
506.04
401.918
343.958
391.673
452.351
476.675
503.255
241.681
487.572
396.506
320.071
187.747
262.428
221.06
455.945
376.401
527.016
520.204
376.105
266.698
234.365
356.071
508.091
540.228
716.418
560.414
312.823
277.295
386.485
501.149
714.236
451.637
472.195
336.531
243.967
223.78
287.693
438.182
475.385
382.682
542.024
475.47
381.259
258.322
327.77
351.442
519.028
515.003
596.599
483.748
395.537
347.326
352.9
481.009
590.735
581.973
655.85
379.084
349.42
271.946
410.227
540.501
675.515
287.051
290.633
354.485
458.574
306.072
299.793
296.376
280.54
295.072
273.689
236.672
266.901
216.436
206.82
285.223
287.422
483.815
655.272
419.988
399.877
278.94
356.319
433.778
661.958
543.228
589.415
366.738
277.688
257.523
302.449
496.088
613.545
639.189
446.493
344.815
264.695
264.364
419.373
638.882
486.163
669.19
431.535
218.231
194.82
187.592
370.94
653.208
492.091
450.81
397.497
333.897
440.603
394.93
242.38
429.378
422.454
632.916
602.887
430.605
396.622
348.629
308.855
585.811
636.544
506.717
423.243
338.044
325.995
360.626
294.83
477.872
448.301
491.561
390.326
279.256
216.826
275.218
332.845
476.194
416.525
550.295
627.175
503.118
438.202
388.979
467.183
573.665
596.27
385.915
398.249
358.757
302.703
222.102
357.298
387.774
402.999
272.618
444.966
551.305
345.699
296.648
223.977
258.392
411.399
465.799
687.519
553.425
345.997
215.135
330.023
436.601
664.625
434.72
445.488
411.428
383.621
347.249
390.777
433.025
437.779
462.485
418.458
423.435
491.233
357.38
336.027
449.502
432.632
486.423
644.293
660.953
556.426
476.009
377.1
481.056
617.907
590.645
721.728
541.121
362.082
352.228
475.845
571.273
729.966
604.29
403.308
294.07
318.758
284.234
457.031
616.504
438.799
344.514
343.971
251.473
371.407
381.417
458.421
357.351
330.655
499.423
611.658
453.264
326.06
351.833
430.602
475.877
618.192
534.467
558.3
287.439
231.91
309.867
352.114
495.006
570.749
543.541
690.301
450.339
300.357
251.889
290.336
490.707
698.333
917.683
909.928
545.246
393.164
290.808
416.896
837.583
967.531
712.635
808.609
411.828
173.216
160.515
311.736
640.145
836.952
573.246
512.704
243.384
289.014
200.801
224.847
523.548
563.954
486.956
413.747
276.62
326.871
319.898
304.463
450.079
456.968
675.359
682.587
384.63
325.628
242.718
312.391
621.293
712.641
989.633
668.566
231.499
155.625
195.395
359.163
936.972
766.765
778.071
453.001
321.351
371.875
240.385
340.367
761.512
531.802
438.58
347.989
464.834
485.293
351.454
311.28
458.743
345.509
179.693
343.313
487.767
263.955
412.711
323.354
177.811
296.68
355.009
413.055
559.664
480.344
257.414
218.634
334.933
388.187
414.204
357.41
325.771
353.639
240.271
257.315
406.347
367.578
343.862
417.179
387.064
405.372
260.241
249.539
341.383
412.593
302.255
523.376
661.416
475.162
393.485
283.5
276.378
476.368
487.623
708.001
638.614
446.069
333.806
340.603
462.423
689.058
348.933
398.585
484.803
646.474
412.278
295.222
352.535
374.344
740.636
438.859
364.836
454.755
325.121
362.846
720.457
493.508
591.309
610.464
356.658
228.873
186.284
227.835
539.792
639.01
277.221
471.661
533.76
489.026
344.769
299.881
260.128
424.078
748.3
712.224
412.368
290.593
269.264
294.229
688.609
752.092
425.324
477.796
337.403
217.752
184.571
248.19
392.267
485.617
593.345
544.479
301.401
341.932
242.876
415.794
599.892
576.358
456.006
528.062
281.288
324.467
230.947
310.032
421.09
550.47
625.431
622.225
505.313
385.681
249.287
307.165
579.679
638.661
740.194
472.256
239.065
248.788
271.122
285.227
703.439
547.437
461.166
576.327
385.743
236.936
172.982
202.964
416.921
585.095
593.972
760.961
497.544
287.583
226.269
331.767
531.725
767.289
1001.71
661.676
236.106
205.324
145.449
396.328
961.465
764.011
