118.699
222.178
217.235
282.434
223.301
151.626
104.366
208.608
275.327
302.418
265.687
177.448
150.281
152.122
263.763
307.83
244.407
307.247
243.442
187.62
147.334
228.573
241.929
307.285
285.805
327.341
211.072
178.441
189.883
242.177
278.437
335.609
312.317
452.119
436.489
332.873
204.225
260.664
293.724
440.95
333.782
483.646
504.924
278.801
277.149
206.307
296.891
472.154
367.116
639.841
756.472
493.043
448.762
263.842
330.96
603.943
440.616
583.124
838.585
553.675
391.367
330.608
414.709
543.844
263.141
448.983
835.106
762.624
367.38
270.398
259.351
392.508
155.409
251.908
830.644
1031.49
460.991
237.092
148.3
202.827
437.987
379.333
942.673
1041.33
732.982
271.922
428.831
363.913
299.111
277.097
851.129
1209.32
577.974
216.648
293.81
250.674
174.48
196.781
555.752
1350.74
902.167
279.191
177.151
187.904
227.589
203.737
666.507
1351.83
950.346
265.765
224.358
184.953
152.46
287.764
525.435
1376.48
1054.65
433.202
166.787
251.72
175.206
186.927
486.124
1127.2
1075.23
444.087
192.764
174.594
697.843
543.274
525.322
1175.81
1064.51
614.104
704.712
558.932
217.654
198.253
414.237
1000.17
1063.87
593.605
249.963
190.161
296.184
310.027
355.442
750.553
865.884
703.447
329.474
279.875
392.118
323.456
488.172
707.858
871.757
686.685
433.531
310.908
184.107
295.309
225.937
130.942
133.638
125.797
158.818
286.078
188.186
336.014
302.873
189.194
147.238
139.01
161.803
318.346
257.838
422.974
453.933
253.969
268.658
198.91
228.47
396.746
307.277
505.165
400.811
271.087
345.488
336.961
274.094
484.086
333.778
404.309
326.949
278.147
243.461
238.105
320.203
395.68
331.639
551.32
524.519
313.286
289.64
230.147
296.31
528.626
461.713
539.856
645.472
497.984
349.556
332.291
475.527
501.364
322.433
558.918
647.818
346.746
321.769
346.727
317.79
495.313
328.149
691.97
872.526
550.228
450.006
469.501
311.797
620.802
198.539
495.325
927.49
908.021
503.034
207.187
182.384
424.027
261.54
466.913
830.51
892.804
376.823
251.091
254.908
409.034
153.157
189.037
512.519
822.916
510.766
260.702
157.744
163.365
132.6
146.475
388.233
903.59
635.419
249.234
133.952
144.039
229.182
204.772
363.95
910.785
625.773
331.092
229.522
204.28
322.476
254.784
440.02
1227.74
921.761
426.707
329.014
254.715
313.244
302.268
491.803
944.583
954.88
528.507
329.563
292.117
217.281
296.499
603.908
937.709
958.398
505.494
226.089
253.44
433.66
415.462
443.218
734.255
989.6
736.235
464.377
433.346
313.349
304.425
366.495
639.961
887.163
724.331
341.956
306.087
446.954
356.021
574.586
826.307
1056.34
783.779
491.741
355.077
311.521
339.714
223.664
249.821
227.5
207.346
292.023
356.841
327.857
299.116
285.761
283.449
230.902
240.697
339.299
296.051
303.278
394.356
348.877
251.005
201.847
272.809
305.096
388.375
398.542
479.524
342.718
276.931
146.672
226.996
372.836
491.348
317.987
495.752
400.299
284.702
190.43
229.227
285.895
481.304
361.255
710.018
646.293
260.096
360.287
393.493
313.409
649.241
360.009
595.088
703.38
467.81
362.495
367.11
359.191
550.864
473.692
729.208
688.149
381.177
278.783
398.136
434.813
697.322
449.147
845.852
840.696
579.25
509.656
436.972
405.291
790.53
286.373
527.469
974.683
930.094
491.165
300.667
286.308
462.447
144.631
264.729
624.509
794.525
340.109
145.327
138.18
222.182
162.464
180.488
438.216
712.336
403.071
171.768
164.902
161.383
206.44
229.972
461.821
874.375
583.043
235.353
209.594
210.98
195.271
237.937
469.31
891.672
850.286
396.258
196.997
226.895
211.719
247.43
493.408
1021.81
991.945
492.094
225.494
224.711
303.935
348.752
438.53
935.011
1033.34
584.02
310.045
321.032
240.79
279.066
394.03
866.872
1059.17
689.821
278.29
247.209
319.759
268.826
567.055
753.705
1098.18
729.629
363.747
265.668
288.153
262.99
368.186
864.213
949.492
649.567
314.408
268.341
489.508
412.766
545.666
731.772
1103.46
977.093
557.746
414.021
282.922
401.12
283.337
145.164
189.634
252.959
268.715
394.692
265.14
437.002
272.391
226.493
213.246
235.073
230.564
427.047
288.265
418.713
270.718
223.179
197.158
277.349
278.323
409.777
261.415
348.166
300.818
186.193
172.824
218.285
255.903
338.902
264.467
311.968
275.385
462.79
288.873
245.504
264.684
296.044
439.814
601.72
437.146
262.474
257.922
390.738
433.428
589.492
353.96
425.805
426.355
385.306
311.962
250.893
334.423
419.643
321.48
464.422
684.749
613.07
379.974
262.397
306.066
440.995
242.909
323.387
633.53
818.775
407.746
174.078
234.64
292.446
152.939
391.804
709.301
728.076
453.642
246.331
132.259
337.939
165.133
298.176
647.806
900.034
446.173
218.457
168.331
252.358
170.02
222.291
641.298
961.072
488.535
165.05
165.774
190.367
113.719
226.826
584.471
1052.96
681.224
256.947
116.479
191.427
159.352
200.957
322.407
745.99
667.609
346.969
168.578
189.641
264.239
233.063
328.095
605.002
737.879
492.246
289.27
241.292
362.487
332.362
403.12
600.015
734.748
557.359
380.375
340.352
352.335
293.873
280.25
558.747
705.137
620.08
371.285
293.656
445.588
315.895
464.277
673.629
984.659
766.337
497.12
331.549
423.332
337.541
391.092
529.995
845.846
823.041
467.752
312.856
586.303
413.196
554.819
675.031
938.376
877.553
647.918
428.133
369.893
450.382
305.176
198.148
182.309
234.106
333.997
454.814
267.935
307.566
195.037
148.956
147.937
180.929
251.546
320.628
346.809
421.031
287.907
281.294
232.744
277.583
323.816
422.45
172.317
172.453
226.924
251.405
212.328
177.215
179.315
172.612
273.5
392.712
345.209
295.795
241.569
361.503
273.788
360.514
452.824
452.446
404.342
247.959
282.323
273.722
418.07
463.002
362.306
421.541
505.862
360.996
391.745
337.292
364.667
398.464
313.489
507.198
604.718
407.766
373.363
290.967
291.12
474.543
278.116
393.22
670.559
667.839
401.802
234.809
257.936
361.14
166.058
321.088
603.198
619.072
381.533
204.4
155.829
278.392
230.029
287.926
601.628
762.917
389.318
190.646
222.789
264.276
253.77
286.689
419.585
618.74
610.867
415.389
264.482
264.831
140.955
143.396
465.076
955.239
684.866
262.29
149.315
125.482
332.96
247.895
341.332
746.544
763.153
475.197
347.27
255.467
234.878
268.728
350.5
494.781
639.276
423.616
240.819
265.881
389.967
294.125
261.732
496.845
668.03
579.245
419.6
297.418
291.145
288.686
330.082
602.536
669.6
551.504
311.337
275.91
409.832
373.166
486.221
676.725
990.505
707.412
443.981
387.414
432.88
385.269
382.886
522.008
885.517
969.684
503.422
357.245
615.986
446.969
448.123
536.301
831.911
833.077
665.161
471.868
453.39
496.767
312.015
152.305
178.704
234.895
409.487
520.575
225.158
307.547
359.444
342.372
279.306
209.383
207.172
293.738
271.267
397.758
306.389
238.56
227.739
239.753
241.792
394.714
372.454
397.928
342.482
187.792
270.678
210.536
338.399
408.857
337.944
559.545
444.701
267.192
326.513
365.531
317.805
535.948
372.17
455.221
333.271
207.844
218.685
277.359
367.819
457.003
273.888
479.438
481.331
378.337
338.641
345.745
273.972
437.233
317.935
462.881
454.246
265.235
232.191
193.2
292.991
435.749
395.094
502.425
533.905
355.696
351.382
323.218
381.968
484.729
305.35
369.496
468.762
465.925
273.638
328.779
320.895
354.419
215.173
232.964
471.432
703.63
392.022
187.034
212.235
221.703
169.769
248.763
333.717
662.814
548.799
280.711
174.912
222.844
174.131
191.462
372.324
836.358
694.773
370.377
191.563
176.825
201.676
239.035
374.841
632.62
766.22
462.577
216.848
233.521
231.595
202.429
277.579
686.057
691.002
471.236
255.972
199.898
562.858
526.474
265.491
296.968
508.041
739.424
609.461
542.335
348.886
332.003
399.262
480.758
585.599
565.541
385.654
292.069
531.367
393.816
354.871
534.887
790.667
799.645
588.99
412.262
431.083
434.91
377.262
509.814
871.506
901.031
482.667
431.486
424.125
333.887
328.908
402.643
788.438
885.072
486.133
318.013
355.352
422.891
220.902
151.639
172.111
209.486
311.249
438.779
380.102
486.861
286.25
184.029
184.503
297.171
365.505
487.725
293.968
423.186
334.173
334.791
201.35
275.621
272.662
417.237
416.288
417.333
247.417
182.507
235.699
271.29
381.207
437.647
425.817
435.171
373.816
275.412
327.008
278.396
396.251
445.457
458.063
578.454
369.017
224.577
239.426
254.305
412.047
583.096
435.482
509.951
374.646
301.791
330.656
242.735
394.507
519.641
436.787
586.87
478.812
366.483
359.339
365.089
424.671
577.289
269.143
449.235
468.654
260.243
257.759
352.955
260.442
403.184
264.649
292.89
536.008
552.778
278.497
263.507
271.798
262.517
311.993
363.437
366.803
357.353
292.119
258.417
291.552
358.488
542.386
390.311
409.505
542.682
721.749
658.032
555.499
380.561
296.565
202.535
347.466
537.902
584.002
482.061
324.7
199.345
365.834
308.889
302.764
500.23
437.265
406.586
368.67
326.152
474.155
288.378
248.482
362.606
618.855
760.364
538.318
305.866
534.145
234.782
262.03
221.398
479.507
619.507
575.772
270.193
363.333
308.647
373.108
405.517
563.046
650.791
390.76
294.237
466.544
482.081
489.414
407.926
723.31
857.217
518.524
441.45
580.079
479.639
329.067
433.416
752.506
847.528
638.699
500.406
648.53
522.731
360.506
417.112
591.324
930.488
718.193
540.629
271.9
361.082
300.957
233.686
244.276
196.685
249.436
356.261
350.572
465.897
265.316
275.55
173.707
294.949
329.174
467.373
306.154
357.949
392.699
320.364
341.78
197.036
277.367
353.442
334.81
396.067
278.398
318.703
297.496
265.297
300.706
405.577
573.89
520.179
241.196
119.69
168.403
332.498
543.729
548.637
487.931
522.984
323.848
233.72
289.704
377.554
481.125
537.836
453.479
493.309
360.744
436.199
448.26
341.54
427.595
501.006
292.741
401.438
414.551
392.26
425.452
326.478
274.904
380.926
273.293
358.847
432.712
362.785
428.777
302.294
277.909
336.322
355.414
419.393
529.544
454.651
293.528
191.452
325.535
407.082
264.691
262.586
258.852
514.032
444.971
270.038
251.695
268.056
369.773
303.145
351.291
717.687
870.417
604.473
394.681
321.556
440.326
296.283
235.234
305.175
583.149
669.111
457.486
321.87
526.659
261.607
246.454
335.429
508.411
619.107
567.171
295.065
496.163
283.204
271.024
340.502
412.046
490.945
515.188
314.06
459.266
282.758
239.816
253.312
352.813
443.37
476.127
296.004
611.172
494.029
294.746
315.927
487.99
743.829
660.648
503.961
541.817
428.471
485.226
436.213
599.46
717.932
590.69
438.388
581.073
483.145
335.397
303.257
478.035
668.034
596.47
501.98
704.852
318.101
263.885
335.717
490.918
721.824
756.88
372.299
275.404
361.152
309.486
424.426
320.053
212.7
260.721
355.602
372.77
429.454
268.273
275.032
221.828
211.794
343.087
438.145
600.236
579.366
312.348
200.44
196.375
333.829
551.952
612.165
333.787
363.759
255.634
387.907
251.574
272.622
320.251
379.811
623.045
559.125
295.706
229.28
174.756
234.399
572.852
602.17
511.667
507.953
275.187
248.196
224.731
328.273
469.933
541.192
380.051
523.378
418.206
222.383
283.481
251.869
340.65
507.965
474.182
465.718
245.988
211.172
161.324
212.365
438.09
490.365
349.576
394.699
287.831
191.878
251.633
347.41
336.57
405.696
295.926
347.189
328.209
398.314
310.753
287.81
286.152
347.116
392.407
355.064
522.382
743.841
515.604
443.465
413.041
357.614
242.036
250.912
419.761
1048.86
782.93
403.42
238.678
239.116
544.046
350.013
261.441
319.14
327.449
361.914
535.23
390.777
504.796
261.559
351.787
510.767
495.792
603.543
547.184
283.6
686.523
330.403
309.503
382.927
506.264
537.068
707.032
394.243
513.903
332.376
227.989
470.395
565.09
699.004
565.791
352.326
531.66
354.791
265.656
245.616
377.011
587.017
569.747
365.209
535.767
281.656
272.231
357.992
411.65
535.797
565.983
321.242
660.377
373.275
239.234
238.123
378.677
534.325
668.551
427.047
805.909
440.718
306.928
276.038
503.173
819.54
857.019
483.123
300.079
489.669
493.822
314.372
220.58
269.067
271.294
456.747
449.028
416.546
294.01
226.175
222.678
191.522
417.942
438.579
578.005
497.658
213.867
222.64
202.469
249.821
530.175
539.857
218.93
348.414
350.006
210.242
223.18
209.305
200.877
326.271
416.916
361.709
250.774
230.762
258.114
395.995
410.665
388.863
354.119
394.09
389.679
411.345
311.279
240.707
320.643
396.587
449.543
375.569
247.94
287.573
191.847
239.376
435.403
403.013
495.06
430.882
308.976
254.34
200.568
225.203
466.944
455.519
434.918
381.93
281.906
330.254
271.654
222.017
409.922
407.246
234.71
293.89
485.293
413.904
482.283
284.695
244.61
261.129
352.449
244.153
341.838
456.724
306.187
250.075
350.171
261.736
475.024
327.726
226.232
421.24
435.736
408.701
482.523
360.09
760.811
338.171
266.197
212.193
398.952
674.023
807.22
387.456
796.905
425.215
341.992
476.339
347.342
665.809
840.861
463.767
823.466
401.824
231.636
207.618
167.687
474.035
838.66
475.665
731.794
560.011
300.075
182.553
324.589
763.873
781.993
572.089
546.987
319.793
244.609
275.897
314.429
518.212
569.731
357.048
791.053
356.03
207.262
283.039
290.276
529.723
809.174
434.285
735.94
434.514
374.172
322.311
515.57
694.37
749.323
477.381
737.405
380.741
219.98
220.675
252.159
508.33
756.773
445.304
287.925
411.071
427.266
335.736
397.28
254.69
264.6
397.835
508.451
503.845
383.743
258.2
240.455
349.086
483.997
521.45
353.719
403.822
243.278
222.3
177.319
277.354
340.071
412.149
502.742
638.389
438.735
285.022
412.872
394.58
460.662
643.337
585.697
501.415
297.421
330.805
274.9
269.078
538.189
553.597
586.957
544.454
263.023
321.417
234.753
260.64
531.307
595.987
288.821
401.961
269.853
193.789
219.929
231.473
260.513
399.704
526.083
438.922
301.424
289.274
272.772
217.064
485.144
475.512
525.013
405.627
369.101
671.072
420.657
381.11
526.726
437.525
484.749
501.059
299.972
265.552
294.519
380.718
447.814
525.245
593.807
378.01
290.285
468.057
375.103
396.105
596.289
416.312
804.384
386.004
173.323
194.409
308.07
586.724
826.007
464.78
762.201
427.596
210.1
164.275
241.746
424.139
757.45
503.035
749.006
413.28
240.912
292.611
295.312
446.563
746.692
492.21
744.452
359.873
233.797
307.989
322.343
477.527
758.467
434.708
873.921
400.606
212.858
214.467
319.546
691.66
913.556
459.755
607.625
301.659
251.146
340.878
277.925
517.025
637.831
334.392
857.027
460.05
143.765
134.452
123.493
412.941
849.116
551.806
513.924
257.72
221.394
308.595
492.792
619.161
556.266
281.08
623.753
359.698
291.089
379.247
349.417
566.782
666.988
395.702
396.19
497.664
391.777
172.533
155.598
174.269
359.161
495.291
465.69
529.631
396.599
207.308
208.942
207.98
420.461
538.934
389.734
398.284
320.463
284.013
226.773
183.817
359.387
413.116
341.179
430.21
298.228
422.167
329.002
341.192
328.401
434.791
557.747
501.148
372.579
278.058
227.152
400.618
536.568
516.049
426.19
260.084
212.414
346.16
340.539
275.947
426.086
299.958
393.71
414.205
313.492
325.149
358.825
353.804
373.011
421.676
508.046
418.138
274.376
198.283
233.374
294.424
482.975
454.357
435.879
322.473
286.382
291.842
246.331
263.673
428.058
346.961
294.411
291.423
243.843
260.675
260.233
241.679
289.392
297.069
647.705
380.918
293.016
466.024
382.368
402.771
641.368
415.797
666.943
366.278
183.659
163.303
214.335
346.391
661.6
430.033
588.335
375.423
201.687
175.471
189.667
341.172
577.976
426.144
715.442
442.755
246.752
257.353
228.842
405.697
718.827
501.727
749.226
441.164
273.142
241.544
257.301
439.627
745.512
506.506
913.695
516.54
283.314
234.723
304.173
489.271
909.775
602.259
511.6
359.059
192.266
358.35
430.753
448.986
514.551
386.622
691.922
245.102
216.043
514.41
321.35
410.661
704
325.952
768.327
492.656
430.975
552.894
324.18
509.697
790.523
522.959
1024.01
502.647
282.477
278.601
215.7
607.716
1048.35
586.177
335.482
344.871
421.519
392.924
278.757
165.795
309.131
350.13
534.392
510.086
309.709
241.171
175.718
215.923
490.638
547.355
418.805
418.176
349.76
248.13
243.983
186.675
387.836
431.37
462.049
545.991
334.185
324.487
292.256
254.525
414.669
560.339
349.155
475.189
286.126
264.798
222.443
272.795
311.036
478.771
569.723
544.76
282.571
206.036
237.834
255.278
519.918
575.593
419.177
583.667
312.985
334.587
247.391
354.026
386.851
584.861
606.619
543.444
296.394
392.723
315.063
442.213
569.069
580.751
574.6
449.219
365.307
386.464
478.164
323.849
538.709
481.071
500.302
397.844
248.772
218.198
251.24
245.415
473.488
441.537
556.084
515.376
412.627
320.099
322.378
305.177
520.197
541.028
540.725
345.247
156.044
194.085
124.326
238.724
524.873
399.487
550.994
361.514
296.363
376.785
315.799
341.92
535.689
408.163
506.977
374.136
305.303
369.803
274.893
297.357
490.29
392.147
670.637
367.356
242.713
291.583
257.686
358.224
665.586
425.596
731.841
440.954
323.257
372.033
379.91
390.838
725.56
508.202
698.111
400.574
250.652
312.401
304.451
449.185
708.385
460.01
790.413
432.325
279.613
274.941
260.98
430.455
792.897
503.956
515.503
415.76
377.863
269.55
231.739
450.599
533.563
424.23
883.183
462.986
247.543
248.605
159.256
513.645
892.305
547.014
384.675
389.845
302.905
359.62
248.708
293.416
368.506
402.481
359.686
408.946
367.155
417.845
222.319
255.966
340.889
415.643
453.732
522.741
323.783
265.301
273.647
405.641
426.602
534.574
385.773
374.882
371.478
268.93
274.188
280.689
382.129
382.423
453.995
446.315
302.962
260.852
194.237
227.26
423.907
467.413
225.835
349.042
465.51
505.206
331.548
237.425
206.115
328.04
495.308
577.136
365.852
291.536
250.154
308.816
461.544
586.88
585.527
529.601
353.99
457.11
305.505
455.538
582.187
554.32
705.055
660.538
347.865
175.686
229.329
268.244
641.85
705.929
541.312
471.404
189.074
246.745
299.95
484.878
548.98
523.223
498.093
450.988
236.943
295.018
311.103
394.314
472.695
480.65
299.095
273.37
275.442
553.035
473.621
259.378
279.524
282.616
502.261
326.505
249.44
199.152
302.963
310.348
486.342
373.488
546.675
301.248
176.736
218.521
137.169
302.23
550.429
349.829
640.203
399.373
189.312
178.263
214.961
339.521
619.484
468.112
479.697
249.442
140.891
172.992
155.448
304.075
484.798
291.592
589.419
334.391
247.38
288.139
277.037
315.822
581.998
394.931
629.151
399.918
322.78
362.967
336.67
403.985
618.106
450.915
726
408.749
307.096
425.059
312.028
401.763
715.1
456.432
479.569
276.927
142.017
138.429
145.829
319.626
480.239
324.239
373.076
502.38
363.546
327.674
304.811
230.539
332.389
496.205
462.165
535.5
342.693
303.06
228.693
182.203
412.789
548.997
442.704
599.699
361.963
226.76
135.065
207.739
385.863
605.079
466.358
616.141
346.519
247.82
200.944
208.8
410.045
623.103
431.239
586.597
360.771
152.529
119.006
244.155
387.409
584.979
387.268
413.409
290.754
239.853
247.313
231.06
352.885
423.685
611.587
524.787
324.714
364.263
265.448
212.874
565.181
573.9
410.941
487.568
437.26
327.152
406.291
360.561
373.977
481.683
320.164
351.073
241.86
249.636
218.961
242.924
295.837
365.94
352.153
371.37
301.105
256.907
315.833
281.961
336.236
372.947
419.733
464.571
554.794
551.557
376.437
221.955
392.128
465.607
508.504
385.037
333.216
466.892
323.284
281.685
482.47
426.125
240.437
253.563
274.692
404.142
366.802
306.378
245.76
262.077
363.432
376.466
370.561
443.211
324.208
276.508
347.707
374.363
505.152
358.595
309.919
314.832
424.979
369.059
499.195
375.965
399.184
224.684
232.745
312.778
260.834
249.427
401.503
258.921
676.616
399.028
376.731
465.398
410.455
459.281
676.107
450.444
562.257
328.394
363.561
411.038
437.015
371.189
554.83
373.736
529.212
462.873
318.245
280.815
280.57
461.736
510.629
490.912
310.655
249.638
153.002
343.681
184.66
189.255
300.011
269.717
316.279
312.753
212.972
241.534
239.639
208.067
314.451
326.814
423.592
438.526
406.895
231.044
240.908
313.111
399.646
435.807
389.298
476.915
402.627
292.909
296.584
352.342
366.519
464.504
428.532
380.715
301.042
223.275
254.718
240.521
413.631
392.31
265.342
355.292
330.416
221.929
265.41
295.969
271.385
337.486
308.958
375.648
308.033
370.944
308.217
273.405
302.402
375.707
379.352
503.772
284.423
306.31
271.312
288.352
353.67
508.115
584.36
591.157
419.512
297.392
341.829
299.763
536.613
611.357
541.54
414.779
243.143
203.276
228.035
343.637
535.55
460.214
420.488
391.264
241.566
295.459
332.728
323.243
399.347
414.866
450.292
395.796
311.964
320.288
289.454
304.876
426.499
424.711
259.116
318.456
307.992
408.44
303.643
229.211
247.804
316.85
334.276
216.54
332.624
627.711
333.333
225.535
331.039
233.528
268.917
247.572
282.341
293.372
327.733
271.705
261.115
255.869
303.449
289.76
191.401
184.13
281.01
287.382
299.808
287.107
489.336
303.689
214.378
220.689
215.864
348.564
503.164
332.536
561.92
338.899
270.464
337.946
302.577
389.897
558.616
389.425
590.705
337.491
287.643
310.21
330.618
437.728
600.2
380.608
576.588
283.365
181.581
185.892
315.42
476.925
602.212
326.986
656.336
243.715
199.815
412.86
323.741
554.831
700.552
304.411
464.152
454.61
361.682
289.325
227.137
328.566
436.899
474.415
392.953
487.891
470.163
321.461
272.744
403.76
407.618
473.91
315.131
406.031
335.508
324.611
221.086
276.406
291.959
406.369
538.991
557.246
628.126
420.367
308.845
410.288
528.795
508.708
471.224
679.366
536.3
285.8
207.145
272.215
436.778
664.94
529.568
602.376
426.582
262.463
275.097
264.505
482.045
618.722
389.071
530.511
450.408
303.906
269.268
239.892
352.592
523.027
445.425
390.43
426.218
376.678
305.219
242.605
428.335
404.741
437.462
509.377
460.949
392.801
286.426
488.968
415.608
521.995
578.986
395.573
319.668
291.959
273.274
348.557
571.471
434.833
404.067
462.173
350.392
276.067
269.538
276.96
374.965
465.026
381.292
258.854
291.005
413.104
351.879
307.238
377.286
281.792
389.375
276.82
232.743
317.189
259.803
306.789
387.261
304.725
345.807
349.28
407.034
593.214
339.218
215.795
324.6
356.984
435.966
418.884
272.515
378.794
387.197
265.662
404.992
454.248
515.973
317.407
197.002
293.82
305.575
274.783
502.242
373.621
466.492
372.78
287.348
500.032
248.196
320.145
464.109
405.343
372.418
262.53
215.022
482.348
293.222
193.094
358.635
292.819
487.699
393.21
300.373
489.174
372.649
235.607
449.5
442.454
417.452
297.704
182.619
224.226
187.404
259.194
398.273
338.047
393.966
487.317
392.723
242.813
287.467
290.884
362.119
482.818
308.632
482.339
424.432
266.565
238.837
291.205
293.273
456.014
408.049
558.67
541.258
435.329
275.885
237.983
362.648
540.415
368.164
498.781
439.238
277.572
233.187
266.452
351.665
484.338
291.91
388.475
386.373
349.049
243.492
252.146
276.655
372.492
400.802
406.818
392.256
401.673
210.617
374.256
403.651
403.788
404.967
551.065
528.328
427.962
366.587
287.419
368.058
541.025
540.066
812.469
661.783
271.38
274.789
322.388
474.356
786.732
490.598
558.353
380.492
301.851
285.741
285.445
446.639
568.839
450.334
343.704
308.686
296.697
204.892
246.986
444.54
364.458
506.377
462.712
438.995
399.655
378.762
276.221
464.282
502.105
434.146
420.359
417.576
338.556
313.158
342.265
425.412
416.78
427.627
474.575
304.942
286.191
278.114
353.605
410.653
491.451
421.716
462.828
304.065
246.76
236.121
315.166
412.053
477.69
781.42
714.376
459.015
392.107
263.495
264.87
720.858
765.558
841.553
755.664
360.466
217.672
165.593
404.03
781.055
814.24
540.255
608.337
363.949
291.348
314.203
251.188
481.702
626.87
655.355
537.358
282.33
419.282
273.967
331.837
618.216
590.307
842.474
648.248
324.944
191.484
211.893
414.925
784.033
723.979
769.543
555.134
217.712
188.704
195.441
358.876
732.457
633.285
329.241
410.445
497.886
420.624
359.366
487.734
350.15
365.757
188.889
324.205
567.311
441.64
301.896
177.231
182.839
290.292
286.041
452.796
648.931
412.779
321.858
282.553
267.172
405.142
290.018
323.127
398.797
351.482
252.366
222.313
290.659
307.109
322.322
433.058
440.889
340.789
326.432
273.862
311.368
416.815
280.213
504.189
557.231
320.781
281.061
241.558
269.968
449.9
526.528
693.868
656.986
447.26
331.674
206.643
466.082
687.67
319.892
442.068
402.814
339.389
294.718
411.288
313.476
416.954
409.553
599.253
541.828
345.651
392.842
506.59
395.456
570.002
571.635
648.034
487.419
301.454
337.31
388.353
536.848
656.278
504.035
473.33
424.89
249.667
202.276
319.329
488.147
472.294
411.364
547.047
363.392
339.116
289.204
359.117
382.67
547.12
657.429
720.883
368.729
355.683
233.67
404.963
603.139
748.863
464.497
527.618
305.848
345.924
261.582
285.261
431.469
538.694
396.389
449.465
339.325
347.951
257.971
307.5
375.49
445.283
567.05
662.248
370.431
211.067
181.266
327.364
517.965
682.63
757.831
613.938
260.717
244.378
229.194
438.465
719.509
687.437
761.085
687.398
315.652
356.036
436.807
434.642
695.115
756.066
689.384
623.043
343.596
178.396
224.386
296.049
637.86
664.158
628.023
516.389
248.777
217.159
195.747
247.922
587.841
561.159
353.43
473.154
402.677
258.494
256.845
345.464
351.47
455.866
374.831
298.314
511.983
410.623
221.704
226.998
372.492
293.426
269.594
301.675
471.671
399.854
362.049
308.919
273.866
268.303
344.449
389.878
467.029
502.578
257.563
239.069
336.139
377.984
373.135
491.863
431.106
267.953
271.862
275.62
345.097
478.542
307.093
438.64
544.642
361.066
282.969
343.048
299.896
394.668
395.596
313.946
313.452
280.365
333.415
276.084
387.636
331.062
462.798
675.061
641.516
398.712
393.897
450.221
444.5
639.729
481.153
522.973
367.137
235.302
212.06
406.902
488.447
523.265
497.281
375.671
351.42
524.783
409.072
426.363
499.688
389.153
499.64
564.057
532.759
467.528
266.398
326.454
467.704
553.626
350.835
436.908
521.101
324.999
271.97
320.274
345.849
398.837
454.234
541.691
412.378
364.024
222.467
245.854
415.777
553.149
716.489
861.966
584.406
249.881
306.781
339.069
636.192
882.707
616.16
723.286
349.792
252.192
261.777
406.326
563.557
746.658
567.744
537.009
284.456
337.231
264.458
305.663
524.692
574.447
389.647
395.146
310.428
364.694
262.081
224.229
365.832
415.559
713.761
405.584
304.46
278.656
294.626
408.435
724.258
460.041
578.166
561.15
384.342
297.211
254.653
294.728
539.345
589.424
485.835
465.689
364.596
288.552
181.298
258.302
463.267
473.914
