435.753
587.84
479.767
212.546
202.476
271.521
392.889
577.989
288.979
477.992
514.883
350.708
230.226
264.596
288.967
450.517
273.926
451.03
566.412
366.971
249.807
233.237
265.062
420.575
392.005
398.705
596.185
621.547
365.495
256.221
375.435
378.568
263.468
258.569
480.949
644.28
283.936
178.137
261.082
249.305
173.322
361.077
682.395
737.15
361.667
202.471
165.368
311.141
132.954
252.623
693.198
908.724
462.93
233.91
136.754
211.938
119.752
148.64
536.23
1045.81
533.375
144.789
122.884
131.619
188.286
182.168
513.447
899.122
507.397
236.037
184.258
183.035
105.37
163.008
315.373
736.358
692.182
238.057
110.012
146.691
223.67
198.456
346.846
766.294
663.061
259.855
222.573
203.134
180.313
202.377
433.978
861.747
837.59
381.868
182.182
179
315.514
280.944
316.291
478.124
532.526
428.116
339.51
285.553
369.723
317.148
319.327
476.344
737.493
701.142
413.77
313.447
331.283
421.383
405.685
339.783
738.524
821.967
372.703
383.982
328.716
276.998
261.268
208.882
538.362
648.484
370.923
271.504
343.769
309.637
269.427
299.788
362.733
572.926
373.541
312.458
396.353
216.863
189.647
159.425
308.615
532.792
434.37
236.665
327.939
309.787
188.228
227.839
280.857
358.849
322.268
329.36
271.819
196.766
134.295
143.822
145.344
236.351
282.515
208.274
238.962
494.763
514.118
249.41
255.647
294.612
214.848
448.127
280.775
466.37
415.147
207.149
199.276
260.384
262.804
441.882
261.81
489.626
548.547
371.912
215.915
255.271
252.546
443.6
320.801
282.725
571.79
612.336
324.531
156.396
310.928
266.997
190.358
254.912
528.073
695.166
327.194
127.588
183.374
232.201
237.521
331.909
601.447
570.403
321.186
244.078
243.568
292.665
188.599
272.418
687.803
885.329
590.781
352.568
202.596
226.568
125.878
140.311
513.183
948.232
545.083
163.496
127.945
118.037
135.547
111.618
330.029
873.665
600.368
198.851
141.308
106.184
180.79
165.195
302.838
844.165
672.067
277.512
179.808
155.508
225.615
229.15
341.154
861.095
710.043
312.363
225.284
212.377
373.634
308.904
328.764
571.382
721.099
489.163
373.984
315.754
174.803
215.498
492.262
686.012
894.621
517.236
199.526
178.902
378.198
398.527
361.383
526.895
784.162
727.714
394.552
386.836
386.991
382.684
386.416
382.765
746.706
829.324
437.104
372.122
313.184
392.489
432.316
348.163
707.001
767.348
359.574
336.637
326.417
231.24
149.785
194.161
336.911
478.128
359.78
234.773
345.883
278.54
269.605
159.504
340.201
567.115
390.844
266.991
450.999
321.674
193.523
174.105
268.566
511.132
487.579
349.719
292.15
218.101
166.776
142.797
140.712
242.076
300.421
225.611
416.321
559.745
413.765
144.128
198.713
284.446
378.876
551.489
395.619
533.086
399.075
217.124
260.875
271.849
353.852
532.579
314.256
456.69
514.461
367.416
276.406
215.206
311.328
430.365
214.159
504.195
503.671
246.58
297.76
352.533
196.966
448.471
292.945
399.273
492.483
430.238
299.363
214.768
268.859
378.049
227.042
424.77
599.91
553.395
305.486
233.339
209.664
381.481
181.716
347.04
622.299
820.454
414.366
206.737
172.238
309.304
312.768
264.419
649.347
890.48
478.279
212.797
294.892
267.363
165.952
186.472
457.77
929.068
640.228
223.176
167.98
183.42
141.366
157.093
349.848
953.7
697.732
228.554
142.54
150.962
328.615
227.71
390.246
573.862
767.208
434.117
333.235
236.531
337.243
226.682
319.988
682.713
508.225
320.128
333.694
255.463
289.041
329.236
367.619
595.079
813.347
654.712
322.745
320.474
279.704
247.56
405.597
596.442
875.885
678.153
325.04
220.009
239.451
227.56
470.139
534.962
888.814
613.41
273.281
214.648
324.049
331.601
309.793
288.919
576.714
617.285
343.286
324.925
474.718
418.098
238.446
300.874
390.87
698.857
516.24
433.214
677.435
341.471
251.385
267.878
436.385
747.363
741.557
387.2
628.337
391.438
204.159
284.508
335.874
644.896
684.544
442.301
309.019
210.416
124.562
152.728
221.062
292.75
325.443
221.53
425.725
538.515
420.985
177.004
215.868
250.121
385.347
531.955
385.733
521.349
368.527
183.186
254.578
284.978
353.629
523.802
327.265
554.248
439.013
213.821
226.972
276.807
298.592
531.253
435.689
531.02
332.741
186.67
190.409
246.258
393.632
541.801
301.408
400.976
446.452
344.989
268.303
150.727
272.785
393.529
283.418
496.402
538.996
276.791
214.978
263.507
258.498
450.573
284.862
436.366
559.486
559.49
283.097
265.476
278.139
412.107
238.011
270.561
633.277
877.806
392.728
180.078
239.906
237.392
83.8622
151.301
473.55
964.402
579.038
145.079
79.5092
130.315
207.552
159.676
403.401
1007.62
596.814
148.647
200.161
173.46
167.804
146.544
336.359
597.147
374.482
271.055
186.542
131.008
196.225
226.972
278.177
567.821
701.635
500.469
222.097
207.303
226.397
247.672
471.316
561.844
745.625
506.354
243.499
230.104
477.953
361.467
269.057
473.094
643.658
696.655
523.974
369.309
508.32
386.293
385.248
747.39
646.933
426.991
525.638
408.468
425.131
325.737
260.115
334.381
602.354
640.836
424.303
341.003
384.359
295.185
205.357
150.551
342.269
495.917
376.179
326.747
505.341
370.198
290.389
251.837
407.033
735.831
568.839
366.963
553.996
285.122
203.48
199.193
417.767
739.969
620.546
308.258
337.337
229.774
157.698
171.941
250.311
335.544
357.942
240.337
334.443
444.563
369.321
206.257
203.72
241
324.577
432.84
465.221
525.765
270.056
136.166
151.432
268.692
419.027
547.609
434.84
561.058
347.45
187.661
146.047
228.213
387.531
567.846
342.499
505.106
471.779
303.61
216.981
187.695
303.366
493.269
317.137
491.484
485.593
297.145
194.801
247.414
282.935
471.019
276.273
482.955
557.087
384.613
245.705
269.366
277.478
434.94
273.866
363.087
482.418
378.528
406.434
247.2
269.776
340.314
187.922
291.277
575.713
715.854
417.683
212.122
176.892
265.005
144.097
194.656
499.196
881.478
404.691
198.09
151.987
165.91
198.423
164.59
364.482
942.768
572.318
291.011
212.98
166.276
269.517
225.291
337.667
631.088
508.943
260.762
259.279
237.479
236.017
207.926
247.581
581.628
580.624
420.528
249.252
211.389
408.857
306.523
439.533
510.452
719.162
628.933
448.407
313.549
284.124
309.268
317.342
330.11
657.577
708.938
330.531
283.428
506.305
361.788
348.064
273
658.302
844.507
567.752
362.625
534.877
432.144
312.469
280.01
557.527
625.752
534.37
447.893
594.919
407.588
250.169
273.442
357.447
716.773
656.473
449.019
658.682
336.24
306.77
202.962
357.568
656.544
705.282
372.168
365.96
254.053
196.831
267.382
312.743
610.679
422.398
245.969
473.084
330.92
189.775
188.843
374.211
590.889
515.97
341.227
415.094
478.282
288.549
157.19
152.009
155.984
370.956
492.195
360.182
521.302
405.39
226.591
203.203
330.182
346.124
510.638
321.485
419.252
312.336
168.453
156.832
251.787
302.937
416.342
245.146
360.134
355.491
226.331
163.986
208.194
236.08
338.541
379.291
475.356
400.921
271.276
222.758
353.143
369.037
471.605
460.409
520.214
450.717
352.153
248.691
364.34
438.312
521.411
367.068
520.823
486.366
409.169
333.289
296.227
343.604
510.129
218.522
375.093
583.34
654.36
314.948
234.559
211.337
336.839
123.916
188.252
425.974
765.556
356.757
155.181
126.325
171.233
240.974
184.516
306.119
605.714
386.566
168.63
235.68
203.481
333.686
196.009
174.878
235.365
307.409
321.314
333.296
217.267
200.295
185.453
238.988
518.237
633.358
405.262
219.855
176.154
415.428
309.81
448.37
457.388
668.998
597.712
438.901
319.207
458.539
309.835
326.745
450.813
607.106
544.765
463.009
323.844
416.38
366.516
413.074
274.707
652.94
787.956
470.746
322.465
420.983
331.124
341.643
336.549
650.658
773.289
481.24
323.075
617.33
513.377
258.762
248.854
470.958
880.401
689.902
525.674
653.652
365.685
253.08
172.64
309.466
736.375
718.562
382.012
503.344
318.643
165.932
133.365
206.418
517.765
550.601
343.587
436.329
269.76
253.31
204.783
191.939
375.453
460.132
303.812
553.284
632.362
404.14
153.42
231.889
266.601
493.955
655.993
526.21
512.445
236.43
143.935
135.322
247.973
479.951
550.995
432.766
504.149
338.46
241.602
189.017
208.54
387.34
525.987
478.869
534.126
348.34
174.743
184.569
271.789
436.575
543.746
388.242
484.08
395.706
195.254
175.088
199.548
349.65
482.96
272.779
458.226
493.64
339.362
197.169
228.75
247.764
422.584
434.743
521.477
384.178
308.976
275.88
267.489
401.681
530.353
457.449
395.149
475.916
373.004
420.258
256.641
433.206
400.682
231.453
249.817
453.405
580.389
327.485
180.581
224.392
238.982
178.235
191.342
429.23
582.981
319.65
162.889
183.203
172.027
301.849
247.905
259.087
439.521
478.543
347.695
304.977
261.642
549.215
289.738
331.794
395.618
554.174
498.908
571.641
323.745
279.18
246.485
211.573
278.412
449.668
539.496
316.249
234.615
637.93
386.658
254.197
325.78
494.944
571.348
652.657
427.969
503.036
434.297
411.803
405.432
596.042
731.114
553.957
445.734
616.838
488.342
291.364
349.154
585.468
843.975
680.437
507.362
759.959
385.214
271.727
299.256
437.43
807.612
824.358
435.036
700.475
368.03
196.402
165.81
228.895
582.162
740.149
410.426
831.999
451.58
188.116
324.286
278.583
602.661
866.882
515.849
541.83
209.847
160.003
184.281
217.815
505.75
583.509
249.799
668.604
665.006
328.35
129.472
148.282
340.73
616.877
701.332
597.456
520.327
248.666
120.122
143.168
300.947
560.187
557.414
633.309
527.98
223.88
88.3128
84.546
221.15
586.297
581.889
416.107
571.246
378.88
255.333
286.853
273.815
370.857
570.51
452.194
502.655
267.125
157.28
155.352
214.42
411.652
521.359
531.114
659.824
415.944
297.416
183.279
409.301
510.506
665.151
455.782
629.691
463.114
313.409
269.956
270.176
407.123
625.425
625.356
479.272
499.81
380.22
296.953
384.478
595.353
518.221
247.585
329.501
401.141
304.733
192.813
242.487
252.354
313.706
221.861
291.717
432.062
747.996
465.926
213.486
207.789
290.16
178.329
180.017
309.608
691.574
664.449
363.469
203.813
167.714
274.456
248.344
295.61
359.602
419.235
330.351
283.932
248.047
499.814
324.338
290.783
338.442
544.899
641.408
542.866
340.853
446.118
212.381
210.585
197.388
408.134
562.553
482.232
245.932
715.185
331.534
205.916
164.729
363.977
697.036
774.403
386.13
801.666
387.557
282.94
280.635
442.729
785.134
861.074
446.353
651.427
447.031
265.11
252.581
457.301
822.611
716.815
457.451
727.667
357.515
276.465
174.601
396.407
775.831
787.422
381.232
553.422
276.489
241.486
172.267
236.211
566.814
604.394
290.052
653.184
391.071
212.949
146.142
195.295
578.667
699.391
433.353
631.917
537.205
261.536
125.561
83.6553
200.991
581.553
587.662
657.755
595.074
246.951
79.1191
98.1333
250.407
601.316
650.288
321.879
401.488
296.249
157.83
172.753
230.048
295.222
400.824
528.529
555.134
342.821
184.09
165.482
331.504
489.418
576.056
472.859
487.488
297.94
181.696
159.36
333.559
454.057
504.115
409.325
436.905
175.083
166.616
257.569
427.198
380.013
463.806
541.465
591.228
320.249
225.705
208.741
382.974
514.293
612.96
614.474
416.89
345.238
337.025
299.036
294.204
585.889
462.532
355.774
475.254
430.959
430.861
344.66
303.448
353.018
466.231
253.074
302.855
434.659
606.789
350.55
216.121
248.361
292.645
213.37
183.673
299.962
594.746
387.871
213.405
215.906
184.652
604.086
286.609
210.704
357.086
491.333
574.283
626.736
342.207
391.149
263.373
311.687
405.57
505.018
383.863
395.679
282.492
546.888
297.692
209.418
291.587
353.497
501.173
564.153
342.636
651.522
310.875
231.445
222.675
432.74
651.794
694.711
361.208
758.644
359.194
286.597
203.696
443.138
693.188
792.128
413.536
879.61
399.838
188.035
160.184
381.955
785.966
930.367
469.711
784.863
385.379
213.353
196.655
276.828
678.561
844.63
446.492
657.595
413.403
168.802
163.965
241.879
504.391
687.794
459.459
692.58
352.605
124.112
130.323
152.982
477.473
723.983
403.872
545.857
609.088
334.235
166.524
161.723
315.924
498.462
627.163
652.203
475.974
267.483
191.189
188.186
240.131
615.559
531.039
536.704
463.225
231.219
157.313
113.696
193.466
498.194
501.856
389.869
448.53
264.476
166.225
116.512
207.333
355.683
460.543
362.777
427.108
262.616
173.774
163.754
200.742
335.553
434.295
544.454
449.506
171.887
281.736
198.475
274.363
502.191
510.256
454.971
431.459
263.04
188.518
183.212
187.503
415.743
460.117
598.704
497.294
495.56
358.95
331.701
290.025
558.123
530.363
446.253
520.644
394.33
302.764
221.833
230.514
405.886
530.014
344.08
355.945
528.254
431.378
313.172
212.94
327.007
341.684
136.157
137.748
329.422
585.226
396.135
149.775
130.295
129.018
513.214
371.012
308.79
389.118
505.703
437.016
492.723
419.893
612.573
265.492
133.78
176.517
337.103
593.207
654.7
315.9
675.28
283.592
149.174
182.413
326.562
569.91
711.849
350.359
764.462
342.001
156.165
192.827
303.011
597.1
798.732
417.967
923.052
409.183
191.279
200.944
276.931
682.711
965.947
495.343
960.137
427.406
202.465
231.892
357.518
789.563
1010.43
513.924
771.889
422.232
300.58
251.757
350.887
768.948
830.641
453.915
529.436
379.611
220.941
254.194
302.164
537.14
567.975
420.425
629.527
305.634
162.18
235.358
266.9
594.84
682.09
338.876
453.989
481.081
249.508
139.775
148.689
200.555
409.889
503.977
469.673
517.513
296.948
163.103
151.354
227.475
428.319
536.276
608.758
542.707
238.196
122.19
118.13
198.106
551.148
598.903
549.181
446.127
211.016
147.434
133.095
230.119
511.572
485.224
444.884
425.096
245.631
205.687
200.56
251.286
412.357
461.726
318.588
190.848
296.122
599.43
476.679
252.772
327.293
218.066
499.046
432.156
369.504
440.894
265.606
303.399
469.537
477.794
682.041
586.004
246.121
172.332
161.497
254.392
625.376
649.97
701.727
565.315
336.451
218.796
275.337
305.231
655.375
605.991
463.628
438.088
298.364
290.369
243.327
260.743
425.89
466.739
353.787
367.38
350.542
632.41
495.954
363.504
347.661
376.809
465.012
451.373
267.141
272.733
431.427
584.049
498.695
468.789
494.961
301.667
260.677
312.755
442.557
462.209
509.412
344.29
600.232
346.787
288.424
271.551
262.678
492.136
614.48
392.137
794.739
426.123
202.712
199.256
280.107
566.29
801.821
500.674
687.016
372.127
237.141
169.245
370.233
659.038
726.308
410.93
753.462
461.089
222.417
181.933
398.354
784.294
807.459
487.534
709.812
381.081
217.242
143.991
344.127
705.854
757.565
417.688
728.285
312.569
221.499
116.053
303.937
636.223
770.958
362.904
599.137
488.679
205.402
276.616
227.778
539.472
620.816
538.998
573.338
529.353
271.403
202.375
149.419
235.521
524.22
569.484
530.091
493.02
276.667
266.233
153.053
277.724
498.31
518.87
637.699
454.957
322.432
202.712
219.412
230.106
599.538
497.94
448.143
366.758
178.825
169.592
148.311
281.612
433.468
396.974
554.15
419.697
182.126
221.152
168.048
203.81
514.599
475.531
516.396
466.11
238.947
153.575
141.66
229.588
470.635
509.163
672.222
389.589
149.611
158.463
107.879
230.122
639.326
461.548
873.459
465.297
163.761
109.974
106.302
261.967
834.939
571.743
689.834
561.967
275.6
268.519
232.399
275.753
641.743
623.08
858.299
565.586
192.412
177.355
106.755
357.521
824.919
655.547
390.5
226.806
174.23
348.174
405.167
348.375
387.764
265.944
862.679
408.183
166.672
91.5537
218.203
626.213
901.538
477.228
750.746
299.835
157.463
140.122
266.158
607.011
788.461
367.104
689.328
295.29
203.971
198.747
296.598
654.568
738.92
340.662
856.078
371.785
180.294
157.068
298.789
757.8
916.253
432.149
852.754
371.124
213.678
160.495
339.01
746.592
908.271
443.22
766.66
534.486
322.501
201.021
359.53
791.933
820.387
543.195
802.589
530.694
260.707
210.872
234.146
593.12
837.429
560.223
748.295
351.809
268.583
189.303
270.669
613.311
786.026
406.369
431.004
332.235
198.365
236.046
281.7
304.629
417.324
361.969
445.537
423.815
252.922
159.514
142.617
211.489
410.535
449.037
554.449
488.909
358.885
322.073
272.466
229.5
516.366
525.276
664.936
433.461
191.829
239.677
187.415
250.204
634.589
486.708
458.81
458.798
271.75
196.098
182.546
194.433
412.397
489.035
723.36
457.872
233.177
280.137
206.179
261.033
677.899
539.585
510.301
332.061
151.522
138.361
136.436
216.68
483.815
372.729
640.767
434.051
171.767
150.439
88.4237
238.509
608.34
498.519
736.346
477.357
206.244
198.804
220.32
365.308
712.385
553.397
740.132
375.661
139.128
142.661
140.756
310.695
722.947
455.786
864.811
446.298
135.658
140.868
159.986
472.517
864.802
540.994
563.209
375.077
200.341
249.957
121.933
236.26
539.693
430.72
710.574
368.367
143.233
169.011
235.238
491.774
717.665
439.469
619.576
425.192
232.273
164.498
290.846
553.533
647.258
450.337
566.172
354.516
188.814
142.265
277.034
552.907
597.125
383.937
586.192
379.105
263.841
255.262
377.078
566.7
615.257
407.876
708.455
426.735
282.441
254.917
455.898
733.947
753.89
463.436
859.014
480.277
231.013
159.759
380.302
833.633
912.423
519.721
873.512
426.709
156.332
149.529
268.182
748
941.714
497.508
499.742
285.829
160.363
209.562
217.957
471.469
541.246
307.271
500.855
377.958
133.979
135.519
187.323
338.891
495.651
420.771
472.764
394.702
217.738
122.334
123.817
224.009
447.483
423.781
492.108
401.571
296.554
234.149
121.833
208.234
466.319
432.849
446.651
376.012
191.074
187.463
201.912
286.66
430.574
400.482
514.811
488.593
237.775
245.659
231.789
384.367
489.48
530.978
438.714
337.198
225.921
293.103
222.575
200
406.942
383.792
349.971
252.576
173.998
234.012
158.244
171.254
330.042
285.857
661.196
382.084
188.787
160.816
188.028
229.46
628.467
454.39
716.112
432.666
198.114
211.475
194.642
342.376
703.119
501.618
652.239
274.027
146.463
189.936
191.753
383.868
657.928
345.956
927.58
522.218
196.377
158.94
170.986
485.946
919.834
619.922
823.599
488.226
151.281
141.406
174.288
393.994
801.338
576.78
779.956
407.008
237.946
292.696
291.885
479.306
780.536
490.719
784.062
406.231
175.978
191.104
220.883
490.834
793.791
481.565
698.213
349.625
210.664
169.711
283.47
533.425
727.357
404.118
813.849
372.216
191.939
167.844
334.234
736.111
866.526
432.368
588.676
379.37
210.036
360.387
370.178
440.762
578.161
431.824
772.213
445.182
260.337
160.85
407.395
829.839
833.417
464.954
896.658
439.29
190.392
199.843
289.791
748.247
961.31
510.295
686.532
522.593
203.678
191.133
337.648
664.921
720.434
591.023
381.22
346.073
211.294
265.114
189.225
366.721
398.279
368.877
684.159
564.688
199.966
148.905
205.688
388.615
642.165
626.043
488.46
429.774
243.789
272.999
234.776
247.92
454.167
471.175
471.592
457.238
303.346
191.83
173.531
174.48
432.726
484.884
306.876
183.575
113.588
145.323
186.38
209.27
308.049
204.435
436.394
349.161
292.361
309.607
181.565
190.472
406.781
387.24
585.812
384.429
162.587
143.704
124.112
161.333
547.65
446.764
445.062
295.439
111.9
167.359
120.805
191.12
428.192
337.78
595.563
339.363
152.764
161.712
125.2
315.626
591.339
397.962
603.15
374.435
164.633
242.99
201.685
254.359
580.875
435.918
774.647
352.989
157.737
196.895
186.481
440.08
781.467
437.169
643.351
313.791
187.885
149.737
271.91
575.274
680.372
355.367
573.363
242.04
207.033
259.158
363.634
648.575
623.524
282.742
719.419
335.58
219.57
230.129
380.389
729.239
776.592
384.85
512.515
264.744
247.859
260.664
265.258
445.702
546.176
303.303
842.566
402.035
251.913
234.344
274.393
601.322
874.296
474.618
851.04
476.848
241.127
160.592
304.825
715.376
901.277
538.136
879.787
413.716
202.207
123.142
239.933
729.187
944.768
476.523
749.535
351.351
190.047
194.786
386.125
693.981
805.966
408.061
670.927
436.74
258.66
212.661
328.728
775.229
731.439
447.693
502.757
292.501
193.639
205
295.457
681.053
566.643
294.085
417.159
470.295
273.263
209.127
194.591
218.938
381.057
483.686
279.241
224.357
150.989
187.897
152.36
148.914
254.472
248.915
464.637
492.554
325.822
193.965
164.765
176.601
420.734
515.69
538.86
376.486
218.731
109.666
102.111
226.391
517.856
419.96
414.226
260.601
191.216
229.953
196.26
269.462
409.367
288.88
569.43
427.56
225.779
175.072
161.662
244.6
541.191
475.326
574.988
364.638
198.259
259.547
207.152
321.517
573.444
411.9
895.953
480.521
157.829
136.76
138.428
457.321
891.319
574.813
894.206
500.49
148.988
182.518
168.735
392.359
876.884
599.049
841.105
392.721
137.428
187.629
211.092
479.298
851.702
483.664
758.667
353.684
174.933
221.794
273.079
532.975
781.556
432.393
622.99
357.366
171.821
203.8
259.259
459.411
632.632
415.021
409.531
287.153
274.558
277.827
358.55
430.752
430.69
308.611
505.406
293.246
230.144
250.321
259.047
448.923
518.143
331.725
776.707
356.496
235.679
288.794
361.659
569.456
798.702
435.542
751.138
358.287
264.303
187.906
418.604
746.199
803.826
399.446
833.275
451.995
184.118
126.388
244.355
738.077
900.872
507.775
847.598
401.066
188.703
156.662
361.831
784.029
907.462
462.059
730.713
310.656
230.904
287.666
337.581
674.838
777.011
365.088
696.311
351.314
226.996
185.513
310.427
662.13
750.83
397.096
313.184
304.305
217.738
222.817
229.638
207.267
293.385
318.885
257.831
239.307
165.014
119.809
152.06
166.99
243.846
246.047
693.058
658.159
280.606
140.191
136.815
263.43
628.161
717.919
478.111
408.156
236.317
190.134
212.304
223.866
444.603
449.125
336.892
217.71
233.543
261.828
207.886
170.944
327.903
234.756
470.171
339.346
225.43
159.008
151.79
235.931
452.955
375.382
916.172
363.857
112.865
194.999
159.783
399.077
912.843
476.91
844.787
443.695
134.42
132.904
170.685
461.647
845.719
532.185
673.016
306.989
112.748
132.916
258.613
556.573
704.399
373.431
771.678
363.716
198.607
262.755
287.457
609.371
799.254
418.762
448.161
216.74
151.509
198.468
303.674
409.759
465.863
255.174
553.572
325.131
244.812
273.8
296.677
346.662
551.012
374.377
727.678
330.03
139.148
172.894
343.94
689.063
773.489
390.485
488.118
225.514
268.654
245.493
406.843
551.265
528.869
253.89
775.896
315.992
208.002
248.43
413.928
723.779
827.162
388.694
826.999
357.297
288.651
214.379
479.518
772.951
879.831
420.725
710.977
356.166
172.123
126.364
248.162
623.242
754.056
380.712
636.411
402.881
197.397
194.098
384.157
723.796
690.323
417.097
646.553
334.312
173.699
185.61
391.723
655.297
698.181
384.834
639.438
321.354
223.881
147.837
283.308
632.944
694.266
334.44
372.303
475.112
316.327
164.126
163.701
216.484
332.965
474.06
397.559
393.213
200.802
126.524
93.7968
191.071
368.474
416.637
748.652
518.508
238.624
134.301
151.161
254.339
705.506
578.944
314.981
306.279
209.736
163.893
159.891
174.173
293.829
323.806
570.465
393.471
295.471
343.316
278.592
251.832
541.52
449.569
663.089
480.247
269.234
186.099
190.353
213.755
621.588
534.424
703.357
324.958
143.765
101.431
133.988
300.742
695.156
404.435
722.803
401.214
175.362
214.179
213.216
386.921
723.105
471.869
712.99
336.124
168.331
195.656
317.639
555.32
734.425
406.853
584.916
349.208
203.529
249.733
244.495
339.51
573.248
411.273
537.488
277.826
162.615
172.632
247.667
446.684
556.626
325.739
585.77
240.54
162.031
196.834
335.159
546.176
626.783
293.51
486.654
325.539
273.582
260.921
303.539
419.926
497.901
344.837
450.128
318.63
182.962
229.876
288.425
453.994
473.576
338.713
682.935
347.165
284.91
285.266
358.476
504.181
690.21
410.15
663.706
358.014
348.952
355.016
549.272
692.396
702.096
402.531
421.572
292.368
274.223
328.135
543.736
611.248
465.641
301.515
718.706
354.669
237.88
242.438
409.026
755.286
771.031
390.585
627.778
319.583
304.231
238.316
396.308
706.445
686.174
346.353
516.194
244.272
168.91
159.14
255.493
566.695
560.402
266.615
315.54
313.705
274.094
329.491
203.897
177.201
302.015
323.889
443.562
381.864
234.509
175.551
202.361
181.568
412.107
414.393
536.097
491.18
233.465
135.644
163.809
306.805
498.748
527.171
386.361
325.47
271.511
226.486
224.319
275.322
379.041
334.052
383.056
223.794
192.325
250.464
194.87
202.238
378.733
258.658
637.524
335.477
104.244
70.0622
80.3949
260.247
625.209
400.356
818.081
393.042
158.844
94.4377
120.638
425.533
820.138
472.314
956.959
377.072
110.997
151.684
140.669
463.64
967.886
487.646
755.554
374.153
244.653
234.259
285.465
590.608
788.794
427.071
435.333
246.326
226.876
218.473
319.111
457.403
465.488
266.997
481.51
322.526
261.718
301.566
374.126
586.64
520.77
337.208
315.553
189.38
179.949
280.097
343.584
356.645
337.692
203.809
498.699
257.544
157.446
193.416
308.836
481.979
530.903
298.198
470.771
206.78
237.606
224.599
358.789
534.792
518.615
231.885
560.068
290.995
167.028
220.777
393.093
621.51
594.703
331.052
614.144
384.667
197.395
239.535
407.775
644.745
657.118
412.99
503.063
328.294
259.772
289.626
516.166
658.914
550.025
339.668
731.075
426.409
248.312
279.176
398.355
798.404
790.056
453.857
587.47
294.548
237.082
242.228
423.853
646.295
630.207
330.36
575.828
326.248
218.674
175.842
324.077
562.074
606.486
366.427
333.892
331.169
187.241
163.892
187.296
324.057
329.603
345.243
478.785
487.444
333.116
199.819
211.469
216.404
437.646
509.514
526.761
406.971
223.13
202.533
135.024
196.069
498.354
443.934
285.428
292.438
204.57
200.037
191.491
187.927
268.778
302.698
428.319
310.392
203.558
157.696
142.037
161.921
405.261
344.313
465.784
268.711
183.586
175.656
204.087
342.134
469.683
305.77
892.955
484.192
141.071
113.53
203.302
493.571
887.215
582.561
887.398
414.957
165.935
155.496
215.699
569.463
903.361
505.213
558.735
343.903
210.094
213.142
338.339
580.133
597.772
370.721
538.065
290.686
188.871
183.071
269.22
504.234
568.759
330.458
355.22
214.963
185.989
287.616
287.152
301.238
355.242
245.135
563.644
288.193
141.753
198.321
341.548
582.421
602.098
333.568
361.393
262.206
268.876
303.032
374.021
458.186
386.174
269.959
392.466
222.177
246.494
305.425
335.092
389.837
408.58
251.837
445.528
363.809
215.028
243.864
346.188
479.011
468.243
376.763
447.586
265.435
270.863
289.231
403.969
608.07
499.752
273.195
547.316
265.664
203.509
267.451
489.03
647.997
598.577
305.427
718.085
470.141
356.263
294.674
491.547
794.11
772.848
488.436
550.876
417.566
239.62
223.604
462.396
677.224
590.981
430.286
472.343
345.592
226.72
245.459
268.423
546.386
511.516
352.864
