411.62
595.429
513.631
242.607
241.5
303.736
381.772
575.865
339.565
515.022
534.423
353.306
222.886
255.304
315.998
496.7
262.436
510.61
619.636
384.241
292.885
294.766
258.707
454.754
224.777
336.401
592.944
527.629
379.63
243.105
229.061
298.491
208.262
205.768
392.144
546.423
292.635
166.779
208.52
194.885
164.953
296.54
602.745
732.076
351.998
174.239
158.519
258.102
144.95
268.807
674.058
893.535
431.395
204.739
150.042
221.553
159.133
194.751
396.879
894.293
482.317
199.25
157.244
185.882
158.012
165.475
434.362
832.727
591.969
241.028
169.244
147.078
149.441
181.576
324.789
775.801
764.916
329.349
164.552
160.848
195.348
180.277
342.705
958.88
765.259
342.653
213.525
174.542
285.434
296.025
297.983
671.137
757.17
475.114
293.106
304.478
396.49
214.559
379.057
706.094
686.678
359.445
400.496
239.303
326.735
292.243
415.042
538.727
827.282
748.317
375.873
261.651
384.09
412.755
428.535
285.526
730.154
884.748
441.821
369.021
364.886
348.431
354.366
369.435
744.986
789.003
410.445
334.961
267.77
262.362
276.817
153.774
376.621
508.987
288.145
242.672
381.768
365.749
266.443
171.275
306.394
649.771
436.191
345.001
410.37
292.818
210.753
197.613
336.489
591.296
450.869
295.491
312.189
208.794
175.737
121.365
181.011
291.937
322.765
220.362
349.537
528.936
477.173
205.89
230.964
261.9
310.392
502.495
322.541
460.554
481.346
249.173
284.799
311.429
331.819
434.273
254.975
458.508
582.979
338.953
292.077
207.18
239.257
421.626
232.555
289.456
403.25
371.361
233.242
228.149
221.349
281.816
218.711
325.519
586.163
531.369
332.502
218.053
220.75
284.05
195.036
300.641
564.766
556.174
365.84
184.625
191.679
267.305
235.064
306.973
582.325
759.375
392.991
299.181
251.499
277.898
229.112
228.078
512.542
899.49
533.975
208.18
225.455
240.166
167.646
162.16
403.837
917.773
695.294
226.658
166.174
166.43
214.313
171.03
402.09
930.27
804.925
327.492
210.022
172.981
223.712
218.336
409.605
801.959
796.703
341.466
239.688
196.397
252.413
326.352
394.564
457.462
752.93
584.15
273.492
286.563
451.718
422.202
314.489
626.261
787.457
634.09
449.373
448.473
390.45
427.579
296.201
482.948
757.558
726.249
411.943
433.715
392.189
403.374
408.869
336.206
739.31
847.402
446.227
368.224
361.129
317.663
347.092
368.927
741.817
813.317
417.15
292.363
427.815
373.837
201.407
184.145
410.169
635.667
457.922
387.497
458.01
302.578
266.481
320.786
332.773
536.676
499.213
330.47
469.304
375.972
292.503
206.04
363.416
720.988
529.328
374.203
423.533
347.247
164.777
191.85
171.011
365.16
444.023
375.123
354.795
502.081
421.726
183.882
193.128
250.207
336.529
488.232
404.044
577.243
392.454
165.568
240.848
326.904
373.167
568.071
321.119
555.985
524.891
300.608
310.327
297.618
294.817
514.717
281.316
544.609
543.676
289.623
331.497
337.721
248.882
497.049
319.784
377.62
439.629
386.35
253.014
339.377
336.251
361.171
262.104
352.724
514.225
586.441
283.735
184.347
248.608
331.734
214.732
283.512
655.908
824.986
370.857
229.609
213.236
247.936
208.455
335.673
591.223
713.628
381.864
207.865
195.287
305.655
200.284
237.21
370.326
906.905
564.889
198.77
193.802
235.494
105.022
123.61
313.752
905.636
700.59
243.966
111.38
113.226
420.689
243.219
283.711
535.82
699.591
419.019
414.907
279.795
276.793
242.957
319.699
663.306
583.645
316.86
267.721
253.233
312.795
221.713
381.125
592.055
767.754
587.41
353.402
213.852
265.636
316.753
353.036
533.736
827.61
726.512
311.183
276.732
374.322
348.369
295.022
475.736
786.292
740.605
414.725
355.049
362.316
278.839
476.98
504.293
778.022
699.607
403.047
258.809
413.215
379.215
225.51
252.827
437.884
695.938
447.354
397.493
581.397
378.441
318.024
231.234
456.858
776.13
641.948
381.774
612.704
431.09
391.328
255.303
449.909
778.2
675.65
462.524
360.061
237.001
205.936
147.979
247.446
410.13
379.115
253.357
387.242
561.647
447.993
224.675
238.051
268.735
343.178
549.937
404.959
607.732
448.314
243.136
191.989
315.577
367.43
597.915
266.43
429.698
478.403
350.537
274.381
217.561
263.265
397.507
381.28
530.881
475.419
293.096
295.889
273.354
341.319
516.458
237.933
317.752
470.055
413.532
350.651
254.208
245.9
287.129
386.408
517.936
492.585
350.188
295.756
216.809
346.923
511.654
195.231
436.213
592.49
512.498
226.109
178.671
169.255
390.737
166.215
303.507
612.296
813.671
393.878
167.404
161.168
271.13
84.1597
133.005
512.134
957.844
530.81
158.999
88.9184
112.777
172.979
202.527
392.662
969.432
581.314
166.089
163.593
203.959
254.593
158.841
348.653
647.087
419.158
282.167
272.851
165.669
205.645
197.223
260.194
486.473
694.748
462.032
221.067
195.102
310.693
331.697
257.191
534.271
652.035
524.943
314.972
330.76
525.614
449.923
298.926
448.107
704.915
774.886
576.128
473.836
475.923
363.999
391.404
643.748
502.409
543.68
505.843
367.886
380.461
447.973
446.151
302.472
685.93
750.531
391.959
406.057
484.298
364.024
291.689
213.438
496.031
688.984
503.78
403.039
497.678
309.068
235.904
213.041
407.882
769.608
567.3
296.782
625.221
394.239
230.536
172.54
367.598
815.437
692.792
400.183
461.9
250.444
141.149
134.893
281.248
556.736
505.488
280.722
371.807
569.755
392.129
201.802
101.421
237.316
328.153
558.331
564.887
584.718
321.143
233.721
210.422
249.347
509.934
617.785
512.726
604.548
363.573
174.007
180.001
315.393
467.411
616.62
472.864
580.792
463.707
303.042
191.54
278.709
431.587
581.347
324.196
483.626
450.086
305.125
209.223
214.961
294.047
462.774
358.895
478.417
491.546
362.962
269.137
225.803
329.462
469.361
274.379
518.46
631.834
428.85
351.786
332.973
249.94
468.805
172.402
234.844
527.282
745.861
403.128
175.82
164.522
219.959
185.419
184.453
442.032
720.204
342.972
150.275
190.613
181.318
135.45
136.062
328.29
830.577
516.055
222.57
146.204
131.656
257.524
227.922
328.052
671.636
529.24
208.869
245.122
238.171
280.673
216.003
286.567
492.759
486.322
328.749
286.004
225.358
381.55
244.019
240.319
454.525
619.933
626.14
418.163
254.889
467.762
324.977
276.013
393.317
660.936
707.557
515.109
348.608
570.477
445.742
339.122
384.932
685.675
913.904
644.178
460.504
433.982
453.399
473.802
291.093
613.419
724.666
447.73
415.905
545.633
461.941
275.625
253.629
330.183
630.734
593.958
483.596
660.567
361.544
183.214
113.15
341.659
798.365
733.42
379.61
507.124
359.321
220.288
271.856
294.201
640.49
566.376
369.99
612.418
391.467
190.749
201.518
354.1
657.814
671.217
435.735
504.579
554.583
290.549
149.737
180.079
231.587
451.524
587.744
424.905
578.229
338.475
153.594
157.098
318.742
393.59
575.83
500.7
604.729
361.87
140.322
149.72
308.283
452.652
615.392
367.247
527.358
390.407
284.326
244.413
221.964
330.055
518.747
374.622
464.424
370.207
254.709
185.428
193.681
339.705
467.245
408.082
505.426
430.766
330.318
218.961
267.47
375.146
501.504
263.063
380.792
460.972
485.313
349.157
204.546
238.656
363.811
163.11
365.896
534.216
641.986
325.135
221.896
159.784
319.194
97.0799
155.43
452.069
708.558
381.24
139.397
98.7117
129.036
252.386
166.626
305.576
638.192
414.811
140.964
242.281
188.107
384.033
249.087
219.254
249.865
283.186
315.351
374.769
276.009
264.033
244.595
225.289
541.052
602.469
424.742
277.064
249.818
519.113
302.158
485.992
454.141
607.181
534.519
532.048
312.459
356.601
410.175
352.532
327.363
563.886
581.37
350.827
385.684
602.681
356.215
350.324
307.187
626.557
839.981
658.991
369.412
485.865
445.966
444.034
308.189
700.974
861.292
545.624
427.85
642.483
448.245
328.301
241.414
513.092
819.766
703.537
488.263
734.268
390.855
194.038
181.571
348.148
815.639
809.904
433.454
605.02
333.915
274.14
262.548
307.789
603.575
661.76
364.172
606.621
332.605
169.857
187.606
229.768
436.891
625.761
377.137
441.881
578.304
342.643
199.188
193.679
338.064
401.652
583.493
340.874
417.988
331.176
229.448
187.524
238.11
314.232
420.926
392.561
461.19
396.507
273.258
205.764
213.023
356.939
459.858
465.084
468.48
374.571
218.087
130.62
205.489
431.652
478.854
409.396
479.449
415.495
327.261
274.68
314.342
384.035
478.903
312.495
418.863
517.225
439.121
327.177
338.342
309.873
402.71
452.155
543.476
402.723
473.194
373.888
487.827
444.625
550.22
508.698
372.39
371.758
291.347
339.48
251.176
486.153
398.534
234.608
242.193
420.864
596.874
368.873
174.19
226.296
231.77
264.071
199.185
378.84
470.125
263.347
180.638
265.948
197.605
255.817
252.885
238.133
383.001
433.387
337.294
267.525
258.58
591.928
307.021
352.556
391.258
541.736
462.257
608.871
351.283
422.502
291.566
218.144
312.454
388.07
547.54
449.721
307.375
702.395
508.175
277.001
295.236
441.81
565.616
701.284
537.242
469.022
414.964
296.702
340.523
571.974
734.56
518.339
418.662
626.592
479.795
305.799
278.294
587.366
840.688
683.922
495.253
740.535
460.675
230.887
247.921
434.747
873.279
810.831
473.578
768.198
383.009
243.007
175.762
313.809
705.452
830.717
435.078
626.613
302.826
227.2
269.075
274.593
517.608
668.352
332.34
728.722
376.672
126.009
185.083
214.911
629.156
790.714
427.88
593.633
650.619
375.504
181.131
174.061
280.297
542.36
667.139
654.517
562.117
253.335
124.254
113.62
204.451
601.484
616.522
513.536
486.918
260.336
150.572
172.128
223.725
468.281
522.631
448.282
601.572
360.142
164.011
188.22
321.501
402.118
603.546
641.362
508.168
310.25
212.146
185.547
224.224
599.053
557.375
483.125
570.411
528.012
331.044
282.146
414.535
478.07
557.93
485.975
589.137
438.829
308.824
284.739
404.078
451.905
596.121
615.526
499.929
500.38
488.683
362.657
399.122
589.588
549.072
291.352
327.556
423.66
326.335
213.28
251.787
299.316
311.87
210.954
283.964
418.259
747.512
484.754
203.985
197.561
281.154
169.299
175.711
306.992
643.864
605.005
347.077
190.558
157.43
317.917
216.044
264.221
372.239
381.892
352.068
329.747
227.089
454.223
281.478
284.303
297.837
463.854
576.181
494.543
295.311
417.954
247.882
218.572
240.172
425.436
551.037
443.391
259.809
747.915
330.464
201.072
172.376
334.272
688.242
802.632
392.282
828.499
366.519
233.274
236.184
387.067
714.734
872.826
441.4
845.898
535.505
288.901
155.467
458.965
904.283
909.661
573.855
866.729
419.26
328.621
219.226
410.679
852.339
929.845
471.352
523.658
297.342
234.416
315.72
262.66
553.399
576.737
323.087
435.516
234.232
165.97
210.848
238.908
489.171
484.52
255.326
552.24
484.731
289.638
197.869
160.029
234.212
517.233
514.832
589.262
627.332
387.582
173.337
192.8
249.177
530.819
651.764
459.44
486.168
228.744
147.337
150.75
293.957
423.266
515.257
359.859
395.889
275.269
189.32
153.733
200.413
331.757
408.816
462.982
476.063
308.335
172.252
158.25
200.679
426.926
496.702
450.472
451.836
246.766
223.695
285.439
331.813
411.407
481.62
366.221
394.608
255.861
193.663
220.407
190.379
338.113
406.017
522.802
421.859
255.782
301.731
243.209
283.561
498.727
446.252
268.42
409.919
442.691
450.929
378.606
213.668
247.223
386.583
240.907
336.668
470.243
659.382
372.771
204.47
239.382
314.995
254.732
188.888
289.6
567.747
423.354
176.422
243.726
207.012
551.925
259.613
196.517
253.467
444.376
620.138
587.775
301.504
329.736
244.379
245.906
429.605
455.683
316.363
329.243
262.353
546.165
308.547
235.489
370.281
359.255
446.937
563.083
337.248
685.528
390.94
249.038
222.039
422.99
684.212
735.353
424.304
822.704
394.002
324.589
252.339
449.213
743.444
872.006
457.057
887.513
392.51
266.935
212.604
417.217
780.126
943.199
464.159
898.251
354.156
174.907
196.832
321.393
726.274
943.335
429.482
706.127
422.471
261.578
163.766
283.343
666.916
763.796
448.479
792.782
325.853
203.921
161.156
229.889
534.266
825.07
394.914
500.86
500.276
268.446
144.879
141.557
166.466
455.699
526.614
685.14
493.263
199.71
201.478
125.495
233.47
636.997
565.698
811.172
697.278
279.307
106.03
116.446
304.138
747.822
772.342
501.079
528.874
296.646
131.496
209.061
235.582
453.888
552.489
393.56
429.138
297.233
246.68
276.767
347.579
397.223
429.366
490.926
430.917
214.869
289.519
240.229
247.911
452.007
470.463
513.165
398.418
241.752
145.774
172.182
245.163
478.686
436.573
795.684
684.984
438.11
355.997
305.103
286.473
731.94
740.937
457.987
560.732
462.476
347.211
302.625
295.813
421.157
560.157
302.136
324.687
545.177
452.592
322.321
239.871
300.234
296.982
151.185
153.027
352.287
690.229
450.814
158.688
150.421
151.296
581.211
420.199
265.325
364.237
414.716
366.69
554.335
467.441
632.283
285.155
139.095
181.467
279.331
562.103
671.738
334.844
601.253
264.718
234.967
241.123
343.184
549.403
637.288
316.389
706.662
324.323
183.72
198.028
311.159
561.005
731.698
389.352
922.621
411.609
168.322
221.616
283.688
655.672
958.639
505.253
908.169
451.29
259.864
247.473
345.656
722.673
957.146
520.467
924.437
409.069
263.899
279.88
346.484
732.617
963.161
468.77
466.191
319.277
342.95
277.996
310.983
544.622
511.841
310.282
754.896
437.196
210.591
184.468
214.414
660.911
817.311
486.296
486.66
487.111
274.453
182.796
176.781
368.789
461.996
507.39
530.931
465.765
226.097
181.358
176.23
259.105
498.4
499.136
554.79
452.943
258.29
257.167
200.007
242.865
520.045
497.574
558.021
468.114
233.187
200.481
158.754
235.097
520.384
512.165
463.614
491.168
282.406
245.66
163.46
215.865
421.06
512.314
352.577
353.476
275.528
479.846
466.931
409.406
376.551
355.528
736.301
622.42
352.865
350.609
333.409
491.479
703.209
672.715
795.678
682.096
259.696
222.567
194.484
325.893
732.853
757.192
646.028
565.637
299.931
212.896
258.819
309.763
612.482
609.963
499.219
373.46
279.79
337.336
222.454
261.884
477.419
414.043
342.907
365.919
341.91
571.343
465.548
413.949
350.165
358.865
463.849
437.463
362.571
363.98
519.948
532.267
479.252
462.115
474.758
326.476
216.366
337.538
367.039
370.218
478.665
367.027
640.454
355.356
264.56
239.448
254.996
459.295
645.068
413.334
802.57
409.878
237.667
259.262
336.329
607.62
817.811
483.129
751.005
353.708
213.125
192.268
332.452
646.582
799.004
416.541
645.233
308.548
166.303
208.438
448.687
732.341
700.255
351.161
788.451
369.784
205.304
197.225
382.552
712.951
826.08
438.581
764.427
377.1
135.897
128.828
263.027
665.846
825.511
435.344
520.728
411.714
183.425
273.664
255.492
452.809
542.169
459.412
486.1
464.369
271.539
303.11
224.94
214.777
450.821
492.89
406.753
406.105
327.15
219.438
231.953
218.429
386.086
413.027
639.445
571.133
345.726
177.999
166.948
193.758
581.997
614.427
400.785
359.197
171.415
283.673
195.222
304.935
379.55
392.898
985.54
610.163
183.412
178.957
178.175
316.917
924.623
725.317
801.781
600.421
226.822
91.9628
192.709
391.641
750.475
668.131
661.868
425.985
160.611
151.117
126.575
263.755
626.434
495.969
766.024
565.324
211.798
128.815
131.815
336.613
724.015
642.423
815.036
639.568
332.926
306.749
218.541
276.099
763.069
700.389
930.397
647.391
244.969
149.374
131.994
385.325
889.391
738.828
394.041
297.16
274.309
362.799
367.705
435.506
397.012
323.434
846.134
351.288
169.206
138.868
252.229
636.141
884.028
423.717
732.582
311.664
158.513
143.993
233.416
566.708
761.972
377.183
767.879
353.912
166.517
235.916
278.856
653.604
809.785
406.193
793.195
338.76
160.186
184.005
320.311
728.844
852.986
397.45
880.097
348.018
146.903
169.267
358.808
729.219
932.489
428.702
931.51
514.065
246.125
186.746
314.253
769.061
981.605
575.637
973.136
504.333
238.51
176.846
314.265
724.975
1015.63
572.544
734.082
385.49
255.149
264.526
282.035
662.824
779.432
434.334
511.415
379.968
226.321
287.986
294.497
365.185
495.268
434.984
294.266
263.602
311.074
287.797
249.71
161.27
280.209
270.609
380.332
339.985
337.93
351.048
235.498
170.496
355.191
357.819
517.577
302.934
214.544
178.274
192.811
199.768
496.432
346.81
611.494
483.697
201.584
145.786
130.462
231.943
572.169
538.288
666.557
506.975
220.62
216.916
187.373
222.074
621.245
569.754
640.643
436.751
115.511
83.2444
130.323
330.551
613.065
503.969
856.569
464.845
264.416
244.807
188.286
292.144
824.053
555.943
729.003
449.818
219.198
280.777
242.272
330.647
700.83
525.131
980.277
600.482
176.393
111.666
118.07
450.013
956.12
704.02
658.07
375.699
221.066
191.676
242.781
365.846
652.317
439.8
373.881
269.926
244.388
194.266
228.38
256.592
362.088
293.149
880.165
424.314
183.915
138.09
235.304
507.244
884.021
518.08
790.993
426.242
180.77
193.127
253.532
523.056
792.882
504.958
666.086
376.1
156.916
176.724
257.229
516.346
676.004
437.159
567.535
325.779
215.321
215.878
299.766
507.415
590.199
365.275
728.496
440.844
274.837
265.126
418.684
700.491
766.01
486.02
814.827
454.97
256.877
211.136
400.354
808.556
867.175
500.216
880.036
454.797
247.104
133.606
258.195
711.625
937.991
512.107
528.447
272.878
212.145
314.445
284.212
492.602
571.432
307.358
566.382
488.739
169.085
166.118
255.646
384.53
555.98
539.305
363.749
393.608
300.403
168.64
126.934
141.636
332.461
404.835
468.821
431.644
264.029
295.779
205.495
241.883
433.473
466.784
401.418
311.37
192.893
280.379
220.877
298.467
386.502
344.078
485.943
415.065
190.879
190.462
164.254
296.179
472.662
462.073
518.687
405.544
204.732
284.32
189.181
254.988
485.667
458.02
696.691
387.127
156.8
216.414
182.052
247.026
660.69
472.532
694.773
424.275
142.532
121.064
122.24
268.97
658.023
501.696
542.118
359.706
198.971
204.883
136.973
295.055
539.676
399.111
774.753
399.558
138.076
117.301
171.811
460.444
783.441
479.749
968.61
512.481
169.213
145.308
151.217
532.928
972.349
612.198
520.039
336.553
154.844
95.1689
167.847
377.608
524.214
370.246
562.884
334.756
174.188
222.846
231.842
429.355
571.316
389.281
851.242
501.656
157.365
214.911
214.772
428.903
831.585
597.468
680.831
335.351
224.293
213.58
276.559
454.997
687.966
406.949
851.485
386.135
191.085
193.395
338.878
688.638
893.923
461.338
663.126
383.797
242.972
457.577
505.025
492.056
652.395
448.021
797.544
520.161
257.004
211.182
379.206
834.314
859.598
535.776
1030.65
480.884
176.859
155.252
298.251
789.787
1087.8
572.529
701.572
595.621
204.625
169.594
287.992
661.257
743.981
657.337
345.685
303.115
238.747
252.552
274.695
443.921
376.48
300.231
524.78
411.956
232.589
203.854
152.377
223.678
494.317
458.193
423.433
430.204
227.588
133.184
110.043
162.766
382.769
457.861
595.635
573.691
275.837
140.938
167.8
264.194
540.083
621.202
355.41
222.046
133.469
156.657
189.34
260.498
344.23
256.398
619.388
366.442
317.516
312.274
254.162
234.093
595.661
419.721
556.217
366.439
149.054
148.993
117.319
247.172
535.734
421.67
522.836
361.927
178.588
151.116
113.539
226.319
502.9
408.326
348.854
331.367
180.518
144.367
155.127
212.22
333.595
349.291
555.562
378.306
152.28
188.894
221.357
306.287
538.989
431.874
896.48
486.929
190.353
204.611
155.56
471.907
892.342
582.11
806.287
384.634
156.811
261.378
226.278
492.395
819.537
471.722
552.714
370.958
253.79
226.9
336.734
598.34
598.065
389.982
678.183
309.159
156.994
193.049
305.733
643.722
722.454
355.607
630.363
298.055
158.829
114.254
228.855
520.813
669.89
352.231
831.235
361.938
192.777
209.83
313.895
641.763
871.442
444.946
949.98
431.449
206.699
252.371
298.538
718.72
993.144
512.289
826.569
388.831
194.442
141.918
284.883
746.173
893.673
446.465
780.464
481.43
222.324
146.835
380.622
793.326
847.617
538.219
774.724
541.572
265.738
192.379
369.014
866.451
846.078
555.97
631.518
257.443
263.202
312.292
425.44
689.756
688.301
292.747
374.534
323.87
234.401
201.83
166.818
203.691
353.891
343.946
281.17
251.548
228.642
244.697
222.542
229.305
278.225
255.516
428.11
406.425
246.643
201.937
206.563
229.04
397.443
429.834
499.27
323.533
121.517
124.713
145.164
247.983
482.89
373.346
390.264
313.351
219.509
259.056
262.271
260.139
379.031
331.154
540.406
437.609
214.757
172.821
157.609
262.771
511.454
478.877
394.413
236.251
138.418
166.543
170.576
269.851
398.167
265.677
394.85
293.876
200.823
172.641
140.423
262.134
389.85
315.648
460.459
313.809
173.955
129.78
180.257
332.503
467.845
342.798
606.278
296.568
216.731
226.379
257.122
504.585
630.217
347.251
698.343
275.7
143.079
181.199
341.939
591.128
731.657
342.653
796.245
365.869
142.649
178.323
257.114
541.932
816.983
449.286
575.453
376.666
201.919
243.592
308.556
540.279
590.478
422.417
394.22
262.16
278.39
276.921
318.444
366.441
409.847
278.684
764.584
372.086
204.798
248.671
395.366
662.783
800.283
430.433
688.753
401.369
209.43
217.645
371.567
695.155
734.444
437.074
810.911
438.918
339.374
188.665
395.632
806.652
879.115
468.772
886.195
397.599
185.748
155.102
346.594
769.044
947.924
474.876
792.386
393.889
244.869
210.628
387.712
775.068
842.35
436.332
798.786
361.462
247.887
138.633
288.145
721.717
856.671
404.702
428.782
332.637
265.744
174.547
173.49
197.337
394.856
363.569
484.055
406.191
203.071
127.098
116.293
192.451
451.703
445.415
525.574
557.409
298.587
246.516
185.375
251.911
479.194
580.881
355.644
331.741
176.817
163.497
132.101
236.784
355.143
352.851
233.933
153.967
272.451
276.702
266.673
225.392
243.562
155.586
354.966
273.632
147.027
121.063
107.865
179.805
337.999
306.854
793.889
430.56
146.847
232.625
203.436
432.502
791.141
515.943
608.961
336.445
195.023
127.784
182.752
350.096
602.579
388.124
660.461
298.707
187.449
253.567
243.188
473.924
685.377
361.738
814.998
350.885
191.718
178.888
280.283
643.723
858.502
427.923
510.128
342.652
171.939
198.855
335.478
563.308
545.134
363.028
428.415
328.296
201.385
286.026
383.919
424.325
438.532
350.896
748.464
355.402
209.283
247.253
321.106
538.18
765.772
433.851
550.25
301.347
138.29
177.633
336.731
635.585
600.193
322.05
661.199
383.64
320.585
285.733
509.26
848.319
728.432
396.213
956.586
523.805
252.503
132.492
285.658
767.124
1001.01
584.45
857.266
423.732
192.72
125.015
280.674
764.361
927.734
479.549
725.513
343.759
186.972
142.142
369.087
741.269
782.883
391.806
682.26
356.859
226.777
188.885
375.627
703.387
735.695
394.421
714.125
374.138
217.12
93.8028
236.814
628.315
768.64
423.676
328.934
308.231
236.222
182.862
180.981
226.167
308.707
326.542
588.695
469.431
241.153
150.241
132.077
228.46
555.064
517.39
673.978
533.524
262.69
154.45
227.799
296.239
633.272
586.222
360.389
260.847
165.857
289.512
257.987
221.418
347.591
293.618
801.76
518.674
390.347
352.406
236.621
293.998
771.009
590.151
741.55
430.634
164.918
113.585
130.249
241.513
701.736
507.393
905.006
497.209
167.958
143.925
155.563
430.342
897.039
588.666
630.3
346.137
112.781
190.995
169.853
324.137
622.875
412.828
641.551
316.87
128.564
121.128
167.576
377.547
645.469
382.91
446.823
240.58
213.483
263.351
345.873
473.377
474.786
265.695
643.154
359.384
147.24
134.083
172.506
370.817
642.833
424.376
516.872
239.863
122.731
148.939
234.596
492.502
554.692
274.899
628.167
288.068
233.033
204.95
367.213
619.854
673.799
337.218
418.391
272.865
216.253
246.975
368.276
419.383
432.718
302.232
565.633
375.309
345.749
359.472
434.86
595.187
600.814
398.077
515.355
353.052
313.014
287.601
483.331
649.06
558.021
366.504
350.175
294.687
199.506
278.903
443.664
517.407
377.921
307.879
838.569
369.536
173.835
137.928
316.195
641.306
873.596
451.826
598.472
269.918
238.288
234.586
402.058
675.532
654.241
305.32
660.287
273.978
166.018
208.209
270.314
583.973
702.323
324.534
160.288
193.594
241.692
242.012
148.266
110.867
148.022
186.98
604.31
483.379
239.979
159.336
170.888
228.687
557.426
527.984
467.908
408.005
210.352
193.455
182.186
250.076
433.922
445.115
600.079
490.107
200.533
168.475
256.617
438.361
576.987
530.845
737.628
464.128
155.209
177.12
146.736
355.883
721.942
538.257
1091.38
494.979
83.3024
112.978
88.0026
377.647
1063.91
632.046
903.823
423.324
137.809
156.856
159.833
389.568
888.352
528.793
931.268
444.006
177.979
272.121
283.148
500.917
935.417
541.419
612.117
377.004
219.935
194.11
258.519
484.451
640.222
413.636
462.351
261.654
198.989
273.316
287.009
296.532
466.744
292.646
401.353
207.019
204.736
216.579
382.073
525.771
439.772
225.424
475.758
258.052
140.179
197.585
245.605
440.805
495.811
296.889
387.677
270.364
203.613
222.181
213.758
283.04
382.511
298.46
450.307
301.383
182.052
303.318
488.604
630.936
498.206
318.539
536.849
432.853
214.773
193.414
404.994
708.888
569.352
452.722
684.277
297.174
210.774
241.647
425.572
621.674
720.44
359.005
524.674
256.719
200.039
271.462
501.801
681.247
576.081
287.571
744.769
307.594
211.928
213.912
383.616
655.203
785.828
375.042
570.132
269.892
174.09
171.002
349.075
572.248
610.513
309.725
679.473
329.562
186.823
143.372
216.668
526.481
703.073
366.569
560.856
320.24
205.587
131.716
218.307
372.762
564.423
373.93
650.017
556.742
260.639
153.241
148.379
224.789
601.602
609.22
323.178
356.671
247.062
209.505
173.294
179.867
294.6
366.897
614.995
513.272
228.85
187.162
167.455
246.83
574
560.033
675.347
377.17
162.212
120.701
122.79
298.808
655.75
448.288
807.976
330.866
80.308
93.8695
81.1425
295.327
796.413
429.321
956.204
417.567
141.24
134.438
226.805
461.163
949.986
528.055
980.868
441.299
130.143
187.848
163.844
577.915
1004.75
538.519
749.906
383.092
180.508
174.768
325.46
609.915
785.957
448.541
623.404
259.441
262.372
257.602
350.712
561.27
662.384
316.174
520.731
250.298
180.603
262.167
326.094
342.607
522.979
302.43
559.035
274.692
282.348
246.982
314.046
443.751
573.021
320.051
426.137
283.486
269.413
239.738
355.588
594.597
475.501
290.088
432.436
265.031
189.653
258.008
289.562
357.765
442.33
299.196
510.295
300.322
199.289
356.584
312.911
431.022
526.025
338.311
584.477
322.269
219.528
276.014
314.505
479.228
607.2
356.739
532.584
354.251
252.311
280.3
371.798
654.134
584.97
365.034
715.103
503.303
339.72
230.238
430.496
845.88
773.878
506.238
558.444
364.053
261.013
226.158
451.6
674.879
603.495
384.917
456.748
258.596
267.088
209.55
351.65
537.145
497.985
268.739
