370.479
636.634
502.912
256.444
218.288
281.661
338.596
610.244
342.402
572.766
551.787
272.44
244.359
267.884
308.91
536.67
299.47
595.178
666.932
358.189
271.232
338.189
286.199
529.252
286.87
381.255
709.961
629.121
471.369
274.819
288.436
338.836
174.615
306.937
575.708
632.391
307.665
176.514
170.397
270.419
166.253
334.155
724.241
842.865
482.737
294.614
163.341
283.171
146.69
331.417
852.925
1082.33
526.506
266.201
146.305
261.999
206.355
216.351
527.144
958.101
620.186
189.297
193.777
222.382
235.517
195.243
373.739
881.73
548.106
187.741
236.516
190.1
201.434
134.154
312.61
898.084
659.775
213.478
204.115
143.866
222.059
262.757
318.932
755.466
752.904
384.36
231.809
245.037
178.648
233.223
444.729
839.618
905.846
504.512
204.101
205.971
301.436
339.095
341.096
730.485
830.182
531.293
318.317
339.712
384.613
319.514
339.725
552.61
849.539
724.478
404.188
328.892
504.741
390.839
334.613
437.135
747.242
825.617
567.372
408.763
392.615
292.868
393.156
444.887
777.78
710.082
437.232
298.38
392.723
358.72
246.799
171.612
410.438
559.596
403.228
361.044
417.429
322.785
250.013
247.191
358.265
621.007
469.844
329.143
487.009
334.903
251.362
186.2
386.566
680.389
539.77
335.038
393.174
305.623
153.845
165.08
198.524
364.466
393.401
326.49
389.998
635.934
442.156
224.907
175.068
258.702
340.145
618.225
310.839
572.205
555.242
290.023
257.21
291.415
294.005
529.305
290.094
535.675
633.461
341.093
277.318
236.38
269.606
496.173
187.644
322.167
559.107
331.724
290.531
238.547
182.422
278.065
173.34
376.073
607.999
538.498
279.255
164.729
160.87
330.03
262.823
446.032
650.473
577.917
366.402
250.141
263.033
398.902
176.544
248.662
697.456
997.49
543.754
202.148
173.418
211.479
202.929
214.396
597.295
1067.65
513.768
195.952
216.635
196.187
126.703
145.224
431.072
1232.9
742.145
208.521
125.608
143.363
247.413
170.056
409.199
819.968
861.689
367.247
254.583
173.167
292.571
206.094
395.332
776.517
845.793
372.144
301.309
201.377
364.336
300.065
280.064
402.238
613.451
662.079
404.324
310.784
287.302
276.271
459.137
688.113
923.801
615.708
310.922
252.824
365.623
333.949
377.143
570.345
853.351
712.429
405.871
331.668
344.907
337.788
522.476
561.843
784.142
699.944
393.591
329.039
409.357
245.6
347.268
424.73
726.337
715.029
462.164
260.131
498.698
384.826
346.97
262.498
494.255
685.735
525.463
407.037
669.28
349.243
270.32
274.309
456.3
741.755
726.308
389.698
727.517
391.026
363.168
266.658
451.327
802.977
797.483
422.899
482.202
283.06
142.739
97.9435
213.852
516.835
525.913
312.612
376.188
652.833
448.899
196.675
175.088
273.463
329.104
629.68
436.667
642.382
422.777
196.245
180.737
345.879
406.223
630.518
409.656
634.915
544.633
316.459
298.073
257.662
362.476
612.819
277.159
609.797
599.932
220.402
323.75
378.817
237.881
549.164
301.127
433.395
559.756
461.101
298.014
304.109
311.06
402.578
296.665
428.1
548.027
557.389
305.272
274.278
280.808
391.748
146.612
361.622
754.628
904.597
419.066
216.338
139.998
309.062
125.252
235.62
592.646
794.397
404.119
179.395
127.105
200.684
193.22
211.998
485.284
948.751
627.613
185.417
184.058
198.527
115.693
125.566
323.562
819.36
654.378
221.666
115.656
120.131
194.476
256.336
386.257
586.55
780.47
420.952
199.116
232.821
231.144
267.827
294.241
565.946
617.483
393.173
229.392
269.104
312.039
290.425
381.996
577.805
786.196
591.288
344.389
290.636
335.986
264.159
343.859
566.512
786.648
667.547
380.307
264.794
295.959
317.402
435.776
771.072
847.526
594.4
318.911
291.409
295.231
336.028
341.604
455.48
799.838
773.018
335.433
300.538
355.042
228.871
223.671
279.864
482.011
615.14
395.693
243.714
456.008
376.285
248.625
249.852
467.992
773.678
520.415
377.7
635.757
404.735
351.021
274.697
458.505
858.463
710.609
398.795
428.93
295.038
223.27
190.242
353.46
513.221
457.964
318.667
409.353
637.444
498.426
246.933
227.912
254.792
359.082
622.527
537.659
659.369
414.61
194.113
227.378
305.873
484.969
678.248
398.35
583.009
502.749
319.664
272.658
332.6
384.605
567.378
479.834
567.283
407.93
273.19
250.718
264.931
435.849
572.946
280.296
441.636
562.665
451.693
375.326
326.951
284.814
407.439
344.394
511.411
578.486
403.075
276.238
256.943
314.645
485.737
235.026
440.139
643.228
478.35
333.238
222.462
210.703
395.976
170.429
316.715
662.476
786.29
405.266
200.577
162.76
274.023
138.937
190.46
535.966
950.304
478.623
185.117
147.19
171.797
166.4
186.133
413.48
911.358
617.781
214.11
164.888
178.24
148.222
151.433
305.933
777.612
591.585
336.645
167.377
138.323
190.069
244.626
446.156
807.849
836.049
521.417
217.501
218.255
332.229
272.061
569.603
636.981
917.895
633.542
364.275
257.369
339.397
251.202
282.68
424.042
746.171
752.338
389.384
222.272
507.863
341.056
371.799
464.878
605.724
705.641
557.501
364.949
450.871
403.699
241.369
355.875
661.021
687.8
483.797
398.343
608.807
344.659
202.484
150.738
432.232
869.133
686.766
346.44
503.717
449.943
252.431
281.489
476.828
781.612
532.096
470.637
470.72
347.817
223.799
210.708
390.443
785.255
542.659
335.359
669.981
315.186
255.706
197.65
361.57
656.52
721.036
352.814
406.126
590.947
453.977
209.897
247.956
271.909
357.865
580.311
605.247
636.097
340.246
185.574
140.739
236.434
546.635
668.941
537.069
574.87
363.424
182.571
160.787
254.59
488.884
600.048
431.965
460.5
410.264
283.672
162.782
193.991
394.919
471.254
350.784
487.727
501.866
368.295
191.317
201.342
315.589
468.151
426.612
587.078
545.599
379.008
320.701
278.594
385.441
578.02
318.312
543.049
669.207
422.39
384.023
258.386
289.835
509.14
240.243
418.172
680.073
626.315
330.275
261.185
232.478
375.296
183.98
215.296
491.981
788.638
436.944
210.299
188.859
208.24
203.761
135.636
343.426
830.507
633.423
256.591
210.003
136.456
228.753
231.731
330.079
589.006
739.301
441.962
241.32
222.688
327.123
302.362
364.725
476.387
618.224
478.865
353.625
305.582
429.312
284.553
331.76
476.141
730.766
734.795
476.681
285.289
395.665
277.768
351.597
448.236
724.134
719.179
441.381
272.58
460.701
325.131
344.398
279.369
668.777
825.412
514.298
304.923
362.089
337.381
353.45
340.543
686.885
781.53
413.872
313.153
796.242
368.795
314.503
254.749
433.372
647.066
831.886
431.728
767.254
480.336
297.666
137.658
417.21
920.997
845.942
500.156
594.896
341.021
237.927
315.343
327.731
618.412
653.864
376.397
547.315
477.987
228.291
306.062
315.253
510.881
586.826
503.799
547.036
633.303
316.307
149.471
203.589
405.68
501.205
650.26
506.074
596.044
403.975
193.34
190.578
235.455
455.913
607.076
456.136
611.252
357.591
213.54
165.863
355.235
420.865
612.114
374.611
512.983
361.492
246.408
219.629
222.725
338.27
510.33
404.272
533.628
374.905
231.224
190.844
188.272
361.137
532.31
476.114
671.187
550.551
244.926
218.457
261.629
425.009
657.795
345.817
505.889
479.683
293.732
203.054
210.035
309.534
483.595
239.987
378.582
624.438
595.722
313.556
217.004
235.704
344.275
159.517
202.363
428.662
687.063
358.643
163.409
160.599
181.027
188.432
221.813
355.321
614.755
383.487
152.325
179.071
213.249
238.949
211.02
244.522
523.565
448.504
340.655
243.35
216.805
310.054
240.929
252.778
401.447
542.132
497.467
345.281
240.535
369.573
253.233
222.248
416.115
523.99
503.744
389.679
270.552
416.423
290.586
274.204
418.511
614.154
598.065
436.355
316.647
576.578
441.843
328.962
350.591
612.589
773.805
627.034
460.771
488.388
416.609
384.455
357.943
646.336
797.754
542.746
416.429
665.572
459.605
269.193
276.103
509.014
846.743
724.679
485.003
678.333
475.842
296.624
301.612
427.017
779.705
735.961
534.903
684.868
379.966
327.144
256.926
307.225
667.89
740.432
405.092
462.155
296.62
212.253
163.024
287.988
624.755
516.253
304.701
656.941
774.185
459.812
238.505
217.469
381.62
596.341
790.923
499.931
544.44
330.015
190.653
160.907
268.907
460.472
559.57
436.376
489.204
519.875
384.381
433.186
370.622
420.964
472.953
465.277
566.134
436.189
216.738
187.114
295.943
433.546
566.278
436.986
591.51
504.267
316.308
234.924
275.979
394.432
578.416
467.448
599.853
457.916
366.398
237.277
404.204
448.735
598.685
485.855
651.963
478.357
436.23
402.24
509.667
480.956
642.271
558.501
478.059
281.041
222.918
254.182
349.859
527.723
510.232
200.272
287.667
439.681
461.71
285.461
178.72
190.594
266.157
130.195
212.723
337.521
550.494
366.201
246.118
144.197
180.824
265.45
204.845
209.654
363.911
287.667
202.323
265.545
220.453
414.493
286.313
248.15
386.767
628.823
644.195
456.633
284.56
403.548
296.932
293.66
355.305
484.985
517.717
438.604
307.703
426.992
311.531
236.99
358.526
420.864
466.353
447.731
340.717
670.173
352.617
286.572
212.116
460.035
666.935
702.826
392.7
816.164
426.144
293.496
269.854
563.611
813.32
863.969
480.567
777.544
342.102
282.7
272.666
414.189
729.318
834.436
397.79
637.295
443.071
259.481
181.078
378.321
815.037
706.358
446.897
537.106
328.915
241.054
202.754
294.712
583.658
589.343
355.97
758.845
371.21
175.141
218.889
291.808
696.149
824.845
424.856
735.334
661.375
356.172
197.167
238.622
279.35
679.21
719.38
618.429
590.091
301.699
123.852
164.526
238.848
563.899
626.133
541.579
486.39
221.587
102.383
119.536
188.797
496.407
526.66
470.489
541.388
343.886
204.982
163.796
208.368
422.484
556.475
653.406
540.138
298.148
201.33
147.797
261.546
610.453
593.449
564.207
503.768
498.456
354.747
294.302
394.969
555.133
505.231
499.662
535.008
443.648
200.357
206.622
290.415
468.483
543.053
584.646
494.345
265.207
354.644
254.381
341.714
559.266
535.633
245.757
311.946
406.576
376.897
292.461
268.077
249.823
294.644
193.827
277.589
394.585
574.785
287.807
157.606
179.342
268.496
199.654
201.492
296.83
610.641
643.879
388.547
213.256
204.728
409.739
268.546
208.265
259.794
433.208
487.847
418.022
292.113
407.058
291.764
232.97
344.01
580.234
694.419
460.262
303.188
486.773
289.697
220.587
227.107
354.073
590.693
527.65
307.088
600.311
310.424
248.049
254.286
386.31
673.56
644.471
349.008
599.449
344.31
256.149
304.691
471.881
692.42
643.906
376.666
795.949
381.34
201.987
205.022
421.986
786.695
856.077
441.97
805.668
439.584
243.495
233.5
433.991
778.787
856.412
480.324
762.399
328.438
203.234
214.201
288.435
701.853
815.541
366.146
635.69
313.325
192.993
198.189
275.749
550.496
669.936
341.481
690.877
660.835
350.564
132.066
170.006
266.991
629.14
707.699
767.35
674.37
285.388
122.43
180.242
361.246
711.073
728.436
468.323
498.803
318.601
208.637
221.315
229.285
420.859
525.961
428.262
382.499
264.643
159.222
120.817
187.654
404.276
406.267
558.862
585.008
349.501
181.099
169.182
270.602
507.844
615.572
548.647
546.493
381.942
475.738
392.07
338.501
499.502
570.521
438.983
552.996
339.818
169.993
161.234
212.587
393.136
560.518
552.349
467.914
259.395
224.35
187.802
267.989
503.264
516.034
338.19
535.404
564.786
383.033
192.205
279.207
313.8
507.799
228.882
289.839
494.796
548.995
360.186
257.933
221.347
269.928
271.145
220.571
395.906
698.63
431.496
187.157
271.184
230.212
644.603
357.772
389.864
397.38
541.664
474.106
647.101
414.746
472.802
355.625
325.839
345.917
403.15
503.065
498.053
362.849
534.41
266.368
260.582
242.209
430.397
610.933
575.45
298.267
646.382
414.125
200.225
192.771
382.873
782.732
710.65
434.901
681.266
386.174
227.293
220.038
388.316
781.777
744.027
413.136
859.72
412.543
194.387
226.156
342.697
754.76
917.27
479.36
825.723
349.288
156.871
173.42
341.2
730.222
885.179
418.347
656.49
373.943
309.431
184.766
237.726
569.453
705.354
402.737
639.102
344.276
225.922
176.834
263.32
646.851
690.975
365.528
681.938
586.275
252.668
159.825
121.349
257.955
627.397
646.361
682.012
582.173
284.231
123.864
92.8668
225.067
627.903
638.925
736.32
600.36
232.878
94.3421
103.594
242.329
680.894
668.093
446.794
474.107
280.097
169.488
139.767
167.398
404.925
494.593
454.967
569.566
307.117
242.139
229.597
403.837
433.456
575.985
525.253
352.751
254.519
245.44
251.867
202.56
498.459
391.31
490.395
534.875
363.501
366.582
227.127
354.567
458.71
544.145
728.768
546.956
395.604
283.103
247.565
325.055
697.059
603.419
408.308
519.733
375.246
287.786
172.405
281.326
371.34
525.573
371.759
328.693
391.437
444.286
230.82
206.51
359.452
337.941
172.028
145.922
265.002
533.451
455.997
251.798
176.084
144.916
539.052
281.816
263.894
374.106
505.83
513.398
557.25
318.772
554.725
268.709
252.874
202.487
400.995
623.82
595.601
305.535
571.868
296.838
194.086
188.617
305.449
549.619
599.454
341.536
527.839
322.115
155.132
232.285
317.985
564.061
562.558
349.65
819.126
382.157
214.938
202.46
358.085
638.368
838.493
457.067
823.153
364.525
164.515
173.278
341.888
675.26
857.698
442.452
749.872
429.696
236.123
222.862
332.666
640.61
790.82
486.632
642.932
397.665
191.784
181.916
311.836
701.95
697.531
435.003
639.799
279.63
225.717
364.778
298.752
472.105
667.824
328.145
506.155
500.55
243.737
151.993
148.108
274.022
461.741
540.597
654.696
556.011
306.029
169.089
155.63
246.315
609.989
609.857
694.462
480.22
285.469
220.69
207.047
262.754
667.205
533.767
494.444
405.415
251.511
224.92
169.76
188.411
461.855
443.731
474.777
516.112
321.356
256.035
276.033
270.962
434.897
534.557
367.336
346.382
231.628
301.593
380.175
355.221
368.124
368.661
669.336
518.02
340.495
413.208
257.993
252.85
618.04
571.509
808.507
609.041
280.592
190.921
190.743
301.935
754.757
682.136
754.381
678.996
322.243
220.294
179.712
351.68
689.256
745.306
566.958
513.865
373.36
373.71
317.462
400.757
527.692
553.007
384.797
388.291
361.764
547.382
466.023
419.934
396.981
387.632
517.128
391.178
291.863
246.604
358.059
530.118
537.018
410.615
508.925
266.566
217.283
314.179
417.94
483.398
527.837
304.767
716.009
354.296
270.489
334.54
360.568
576.139
730.827
417.434
846.638
381.814
229.053
229.537
347.369
626.529
876.646
465.846
793.677
351.742
212.934
195.246
307.94
637.272
836.041
425.189
902.305
384.502
248.806
250.658
319.072
646.504
936.738
477.374
893.081
380.6
167.9
156.813
371.337
741.955
941.275
464.066
495.761
358.556
250.239
179.847
386.192
691
548.763
377.033
456.355
311.926
189.34
211.078
180.501
410.587
471.104
339.724
660.869
576.314
328.229
291.278
271.498
282.103
614.403
626.879
564.357
528.861
263.785
196.141
170.023
276.269
520.852
575.769
567.094
501.389
301.545
202.286
207.627
254.957
529.738
534.033
389.07
336.14
152.029
133.81
106.77
150.715
352.843
373.046
559.055
387.402
208.524
190.458
137.354
191.285
519.952
445.063
706.066
482.905
177.026
126.739
111.252
243.965
660.208
549.719
519.863
390.079
174.297
157.078
140.728
204.162
482.269
442.086
710.805
458.996
224.952
202.132
156.724
313.579
686.624
531.514
721.59
571.272
295.993
206.957
226
253.349
672.907
628.4
776.859
472.689
182.921
145.078
123.661
326.261
754.938
552.308
517.523
276.328
187.983
380.572
344.847
430.014
524.292
328.892
914.21
386.207
101.532
122.395
225.443
630.257
954.454
471.029
830.274
329.109
123.164
167.392
300.297
667.115
876.719
405.831
761.394
338.986
135.346
149.646
293.101
655.959
811.605
403.807
857.06
357.938
171.272
194.529
312.747
691.619
908.612
438.909
767.395
329.593
164.759
191.525
377.316
672.356
807.896
397.664
789.379
326.163
158.906
185.031
363.869
645.464
828.071
404.223
918.028
476.311
222.628
137.155
162.339
562.201
938.002
545.544
593.882
269.418
228.425
225.396
309.906
623.891
652.962
303.864
703.147
418.925
182.587
160.368
224.73
427.88
714.483
481.735
433.935
398.4
198.538
90.2484
106.338
265.692
410.094
424.648
487.195
473.023
337.141
251.69
215.645
189.96
450.512
496.501
567.622
434.737
196.526
193.542
208.775
244.142
520.623
487.637
443.393
496.552
257.658
128.202
124.977
246.801
402.063
516.125
498.346
444.563
235.502
207.262
132.124
207.745
455.988
486.962
449.739
323.881
116.982
106.304
99.3117
218.197
422.662
374.03
962.049
554.627
267.588
362.077
266.664
458.882
940.509
649.095
826.177
498.374
222.874
220.267
231.529
379.896
802.16
582.512
827.318
490.921
147.364
90.6577
123.558
395.907
811.588
578.201
743.936
395.009
155.998
180.123
161.957
391.22
740.362
473.193
589.835
311.956
262.54
275.037
196.938
271.831
580.049
368.927
648.994
372.562
143.077
148.296
249.861
522.61
660.72
425.747
524.147
413.083
214.354
239.904
314.227
544.324
563.503
428.057
409.272
268.467
162.566
184.112
276.229
443.24
438.812
283.276
565.498
338.207
219.204
181.953
302.578
559.003
594.12
373.153
762.846
345.091
253.542
398.9
531.711
633.669
784.394
417.488
915.79
420.209
232.436
202.055
388.136
707.174
952.448
507.126
1007.95
422.21
205.648
179.356
353.819
813.424
1054.14
511.163
726.806
302.538
208.964
251.058
239.637
413.62
740.542
368.249
483.107
286.121
212.877
217.588
239.414
469.487
524.715
298.269
606.919
543.84
228.174
177.978
228.786
406.204
562.23
594.109
489.069
570.591
362.991
219.501
160.965
254.436
442.2
586.718
406.157
398.323
196.21
168.941
193.287
232.939
375.215
422.071
629.456
382.442
192.454
208.646
210.641
341.085
602.223
432.402
547.542
320.88
198.949
157.602
180.663
291.086
529.369
369.386
397.512
271.414
152.749
146.978
151.882
161.905
374.126
306.203
625.923
366.186
227.527
210.395
129.318
227.631
606.91
425.172
601.061
339.876
160.205
171.343
150.271
311.893
594.568
397.087
644.447
324.234
183.278
214.204
176.314
368.321
649.54
389.927
929.887
519.001
180.29
146.841
147.157
479.249
922.296
618.571
593.033
367.357
198.594
186.25
221.819
362.789
581.631
421.186
721.41
386.352
248.91
219.545
240.491
448.625
725.728
458.646
754.539
371.068
209.283
170.498
205.291
535.863
783.363
439.075
738.45
406.601
181.897
130.535
219.569
549.617
766.42
460.678
721.535
314.887
151.616
158.205
345.241
736.885
776.244
366.223
806.606
348.27
257.511
283.688
307.421
509.458
827.875
414.918
754.078
387.545
254.08
196.588
456.481
786.489
815.636
429.299
935.227
446.825
248.091
171.762
280.752
749.789
977.046
502.615
863.122
390.803
291.155
183.068
390.884
778.318
927.483
445.078
621.596
307.731
230.846
224.269
296.798
564.403
666.247
355.275
605.338
504.976
248.156
164.099
190.357
256.601
563.647
561.454
474.227
474.859
238.816
157.482
175.682
277.314
437.207
497.1
676.91
531.795
264.637
137.714
134.041
222.995
628.932
581.973
239.592
203.789
176.61
141.418
201.832
245.478
238.49
211.54
429.839
296.007
316.535
315.231
201.547
229.669
416.829
331.974
638.575
455.373
249.646
214.855
261.328
337.456
611.364
502.358
633.493
379.643
138.743
107.151
105.799
257.161
612.17
445.953
453.414
263.003
155.086
164.735
137.249
290.625
452.861
302.521
374.719
290.909
185.27
204.594
217.485
283.663
371.301
309.571
691.775
362.231
149.672
205.682
215.834
410.93
692.863
436.483
581.031
280.842
153.388
206.819
236.616
484.699
610.701
323.566
590.904
269.664
162.557
222.774
323.909
622.579
638.687
307.797
683.333
324.709
213.429
238.323
370.603
644.722
730.641
377.242
417.726
248.92
271.081
231.624
269.736
398.212
433.974
270.568
775.457
345.308
188.659
194.916
357.797
596.356
796.462
417.443
582.735
288.621
209.147
153.674
343.444
617.319
626.305
324.41
967.329
410.752
245.333
145.472
316.13
756.008
1013.98
480.091
870.516
406.87
165.893
155.704
313.142
717.148
908.06
479.597
739.836
371.481
217.477
200.442
447.276
769.011
793.584
409.124
607.988
421.314
226.603
176.708
304.064
743.916
665.883
427.846
504.391
416.975
248.462
212.73
160.414
200.344
473.844
455.201
339.763
257.456
206.696
225.007
175.762
197.891
327.231
274.737
579.307
544.19
317.279
212.162
165.049
255.932
533.745
584.16
577.088
451.039
256.396
153.342
118.129
198.179
542.564
490.458
275.875
244.496
217.802
263.229
194.27
252.808
276.393
257.069
755.114
470.923
172.84
139.536
167.775
317.537
728.645
549.598
594.662
341.762
209.17
194.485
242.691
297.336
590.592
398.323
709.968
416.85
133.658
90.7539
120.062
342.741
696.263
491.867
653.578
374.94
183.641
220.71
202.796
333.526
641.696
438.194
736.01
358.56
151.93
177.365
216.424
433.767
741.256
431.478
705.742
347.406
183.667
189.824
214.313
479.252
725.092
416.596
495.541
309.294
171.802
166.667
236.848
445.543
514.608
338.29
389.514
248.896
244.295
228.378
291.54
373.134
405.287
266.675
542.358
293.484
205.206
211.111
246.954
440.199
552.145
340.312
675.306
379.889
323.08
306.813
393.509
630.761
711.163
408.048
887.103
446.401
211.442
188.305
398.768
737.174
934
523.846
699.539
342.274
212.981
174.602
289.469
734.936
757.88
364.921
819.875
385.055
218.209
156.87
364.781
745.682
870.873
449.679
756.922
426.893
251.801
256.558
294.127
701.867
808.552
469.184
657.654
461.744
224.506
157.714
317.12
718.602
716.289
503.24
536.462
463.001
257.905
191.745
155.223
215.428
496.868
508.67
649.491
380.593
148.716
138.664
144.053
234.292
620.935
451.876
729.098
640.771
270.257
141.649
123.31
268.406
667.909
703.602
548.585
533.034
290.107
156.918
182.335
308.385
507.508
558.003
167.304
262.416
312.34
282.732
252.35
229.129
168.918
233.728
429.173
294.562
195.234
131.795
116.909
203.514
422.145
322.91
672.001
285.15
144.289
181.942
137.165
319.927
666.131
362.264
714.753
355.308
114.475
170.329
210.88
402.474
712.823
434.487
595.051
269.95
117.813
132.447
217.37
492.672
630.955
321.891
616.322
304.021
160.595
187.958
279.941
584.22
653.638
343.107
546.854
276.642
138.339
164.863
283.023
441.136
563.599
321.669
480.009
304.882
181.674
235.317
252.538
300.677
472.739
348.994
647.836
309.497
163.04
216.065
378.707
686.093
696.948
357.538
510.439
226.09
197.453
209.808
333.384
451.4
536.236
271.771
664.273
314.405
224.504
307.894
362.473
660.661
702.788
365.51
671.737
390.378
200.789
241.324
450.83
763.391
723.15
418.37
665.84
326.062
216.205
136.338
280.958
562.077
697.169
377.154
700.392
342.098
193.106
155.293
296.111
569.141
733.851
402.384
627.367
312.745
227.204
256.216
412.581
691.288
676.691
345.907
692.242
382.292
192.089
129.445
295.89
680.325
752.547
427.621
531.729
444.757
279.971
157.407
169.488
203.884
499.39
480.857
460.827
470.028
261.901
136.424
131.903
214.824
424.928
491.918
805.683
621.834
231.272
98.0054
111.077
289.584
756.104
699.968
359.084
359.262
302.685
250.474
301.647
328.421
340.263
371.812
520.601
391.743
322.716
243.53
241.092
244.73
497.401
429.503
617.879
486.984
260.52
202.179
194.061
248.855
572.721
540.113
910.671
416.92
146.103
100.301
103.278
318.233
890.787
526.724
718.875
412.038
165.57
180.424
189.586
371.106
712.102
484.993
642.211
299.127
138.391
198.206
303.419
520.768
667.627
355.448
490.103
298.127
175.245
315.911
259.877
321.545
489.004
344.526
458.83
269.488
154.517
176.752
226.207
389.839
472.964
300.602
475.038
221.881
149.654
184.859
298.993
445.628
506.362
260.394
420.882
248.174
221.538
305.916
349.182
394.549
434.075
275.905
424.855
289.261
208.511
253.536
290.891
429.691
441.605
315.257
605.286
359.69
259.771
273.463
375.342
514.431
620.026
398.901
583.868
353.546
286.444
346.529
546.818
705.313
632.455
383.128
516.1
373.285
280.293
299.345
492.638
743.5
573.787
384.076
691.695
308.781
146.323
177.438
345.04
631.721
741.796
368.33
652.146
307.849
176.083
165.992
347.908
608.849
691.313
367.874
598.075
428.653
205.703
153.589
253.56
587.387
637.778
448.957
479.186
442.125
294.193
269.816
199.715
198.325
444.91
474.365
478.001
556.664
296.461
134.029
180.907
304.131
437.699
570.965
556.987
533.909
281.888
151.08
157.286
303.041
518.053
563.134
378.009
302.498
287.761
250.091
260.476
213.723
367.35
316.625
409.378
232.619
178.832
206.49
188.083
189.583
399.199
272.245
641.092
311.9
116.082
109.487
117.274
327.292
638.5
378.664
1143.74
481.815
140.909
117.131
157.702
491.816
1138.68
619.798
752.635
351.692
133.011
184.255
177.135
452.259
765.845
430.104
629.485
295.647
126.73
177.2
223.429
481.196
646.978
348.66
384.796
285.384
256.359
219.197
339.435
438.748
414.013
291.241
453.343
293.609
214.138
282.358
350.277
523.783
488.154
311.26
361.661
225.858
160.485
236.131
277.893
372.317
381.643
242.829
447.417
269.503
222.628
215.877
295.951
466.084
475.707
303.553
470.649
209.709
186.141
224.745
299.776
486.5
513.425
245.606
516.304
312.413
171.472
240.99
362.828
585.906
551.2
345.6
546.565
354.658
204.691
253.878
399.837
591.64
584.677
372.672
432.908
274.617
270.139
220.012
463.2
590.67
469.784
275.267
787.07
392.988
220.591
291.16
366.397
730.832
848.596
453.629
526.046
244.145
159.46
193.6
392.056
582.405
563.075
287.485
464.476
260.291
183.075
198.67
372.865
624.312
516.009
276.918
336.041
301.473
260.013
202.06
207.517
297.12
327.423
317.977
508.132
627.327
383.305
213.428
165.279
293.035
463.598
638.567
367.11
325.487
181.966
255.508
156.42
154.463
343.742
348.659
541.629
401.792
259.702
260.289
288.64
288.092
520.102
445.22
606.513
415.753
189.853
192.848
159.992
245.248
572.211
478.108
623.401
330.668
210.407
119.13
184.328
335.262
619.059
371.576
866.412
415.759
151.265
116.444
186.703
543.763
886.689
503.156
1009.91
409.706
157.991
163.185
181.393
545.43
1021.57
518.396
573.923
351.042
181.721
201.843
313.596
616.557
619.19
366.309
422.967
262.05
183.524
228.969
256.713
462.607
455.983
280.723
328.543
218.202
202.766
289.101
278.102
314.547
327.469
243.681
514.849
275.494
172.147
178.281
331.625
576.773
554.648
311.286
391.429
271.388
301.59
306.306
385.288
438.052
404.756
288.673
347.835
253.966
277.881
288.976
331.604
317.976
357.715
256.863
432.706
353.049
219.205
285.156
335.521
445.152
452.644
367.113
397.283
248.735
188.06
254.929
411.544
606.314
450.557
254.26
492.804
327.101
200.942
273.5
430.514
660.858
539.331
341.078
675.558
331.612
326.395
239.098
457.896
739.531
725.84
352.191
484.953
265.563
258.259
242.924
447.974
603.235
528.772
284.585
551.369
302.888
258.723
157.706
306.907
509.86
577.3
337.407
