305.951
526.384
442.802
236.831
222.286
207.376
267.615
504.329
301.418
504.395
580.293
418.077
268.465
223.181
289.466
474.623
247.334
348.873
669.988
499.601
452.672
247.118
241.385
304.656
213.002
253.832
488.416
620.128
315.548
193.587
209.988
235.768
239.446
293.241
614.313
726.152
366.533
221.569
231.412
267.672
208.587
266.994
613.007
855.559
402.107
235.284
214.618
230.09
191.427
240.805
513.074
872.05
424.387
172.929
195.614
223.188
389.17
345.762
333.022
755.65
475.876
260.507
371.454
346.157
153.655
139.488
268.416
716.423
605.728
219.781
160.223
143.502
192.919
138.05
345.132
807.201
681.553
222.899
198.484
135.959
379.549
396.551
360.855
722.702
753.349
439.617
385.766
388.247
182.082
204.572
369.307
750.211
832.277
473.12
200.597
183.926
285.143
293.817
281.901
630.487
797.092
553.442
305.52
299.351
402.414
329.884
352.519
528.081
826.634
677.917
422.005
349.262
508.322
352.57
373.945
479.411
773.371
825.502
573.987
365.912
425.126
344.323
365.317
400.057
751.654
759.545
467.689
354.441
485.687
395.28
226.501
234.446
368.283
513.349
488.853
404.44
464.018
300.805
208.099
223.659
336.498
611.946
521.529
320.433
542.979
313.855
301.097
142.581
390.246
714.466
606.325
308.857
317.452
293.118
182.934
155.845
166.767
282.405
307.114
308.119
418.397
622.254
398.582
177.253
155.03
264.007
368.243
616.303
334.34
501.094
507.761
324.782
276.759
251.673
306.022
476.736
253.789
526.023
570.906
320.859
285.215
359.737
248.944
466.124
278.383
379.073
563.205
354.758
301.278
231.646
287.335
349.416
262.949
410.342
550.334
522.258
317.316
180.102
236.076
388.41
317.043
367.206
577.936
659.247
372.64
242.808
305.465
344.739
293.853
290.778
505.605
600.79
339.222
226.942
293.298
285.001
167.431
157.181
523.634
838.166
458.278
144.351
168.892
135.522
69.6131
100.24
446.767
976.488
746.713
221.222
74.9496
81.4084
313.574
204.386
363.982
770.296
728.156
371.382
326.572
208.144
398.447
258.739
317.766
691.687
796.075
464.876
407.535
263.5
367.357
303.295
350.578
544.789
610.836
587.742
406.06
318.665
284.365
272.96
375.171
663.085
872.604
650.245
316.137
245.244
440.391
413.01
396.613
539.154
865.383
759.758
485.757
421.244
443.459
438.816
391.612
456.951
739.216
738.497
472.061
460.022
378.481
253.165
304.681
392.524
669.387
705.093
432.588
252.292
528.2
427.523
355.648
267.661
444.77
649.609
545.115
451.759
708.874
312.226
231.844
215.923
372.633
688.976
753.124
351.806
680.165
355.069
193.086
124.83
300.423
720.955
736.859
374.558
397.738
287.907
146.616
130.533
149.788
347.637
418.973
312.112
277.674
513.818
382.776
252.391
231.582
240.374
241.366
490.025
416.74
615.943
518.591
274.434
302.628
316.052
377.3
597.358
425.891
573.196
459.271
289.796
197.852
277.312
382.089
567.245
343.403
496.973
464.217
329.296
332.962
243.523
311.993
483.157
383.175
495.919
489.626
360.504
214.221
233.76
359.454
492.146
184.606
313.082
569.348
601.928
307.795
181.083
179.772
272.744
160.292
240.053
555.834
691.313
336.065
144.473
162.225
207.453
172.687
231.865
596.602
1003.59
427.817
156.343
173.504
201.467
265.618
253.564
420.67
1079.46
627.071
200.506
251.847
266.025
193.878
142.761
329.002
957.373
618.754
198.488
188.188
156.7
162.494
243.949
276.301
514.89
651.502
419.294
174.194
230.209
303.251
257.615
290.081
547.584
619.899
441.408
304.012
259.297
288.601
238.685
301.588
513.411
701.514
575.87
325.931
234.133
362.255
299.957
343.553
549.364
764.302
668.145
405.535
311.24
304.417
330.589
466.387
705.005
830.975
619.256
333.266
302.414
396.436
293.097
290.978
358.646
681.393
732.585
430.703
303.889
412.555
284.48
284.844
259.53
436.94
626.565
458.997
297.555
573.502
410.655
297.86
222.637
488.883
750.987
625.986
452.357
648.382
438.111
250.491
339.174
408.632
764.07
713.008
479.522
387.373
351.516
188.664
197.372
222.161
359.263
392.801
376.37
350.889
544.817
363.144
140.635
170.133
227.182
309.495
534.816
380.771
608.606
525.745
218.493
215.822
266.564
337.179
584.143
402.407
403.42
437.518
345.686
202.01
236.38
386.8
384.318
384.91
567.274
481.897
240.079
165.277
271.676
358.98
554.278
230.88
355.469
487.886
419.27
236.992
159.676
212.058
332.79
262.304
368.634
565.098
525.839
336.134
268.115
271.023
333.329
223.16
304.855
430.574
453.944
235.069
201.499
213.662
282.164
176.518
228.161
589.225
815.428
385.365
145.673
171.2
200.182
159
186.374
506.874
953.758
515.935
199.505
162.348
175.344
149.22
171.611
395.935
818.921
606.25
235.863
146.395
160.579
161.51
136.942
255.803
596.499
540.197
314.598
177.046
128.418
179.731
181.062
326.398
702.278
738.967
484.242
207.376
165.015
402.966
273.468
489.35
586.005
861.587
648.044
439.633
280.18
405.93
291.881
326.53
407.248
743.23
785.932
452.713
260.826
557.984
330.094
358.373
457.171
615.901
726.551
615.078
360.503
572.229
415.535
223.003
328.468
641.39
698.958
612.671
440.539
639.487
334.247
188.342
157.335
403.663
802.136
708.204
355.003
622.858
467.4
385.623
276.583
455.197
694.099
627.244
515.032
619.841
345.044
302.76
360.895
483.02
777.015
685.147
378.857
600.084
283.196
176.043
164.065
283.899
575.422
652.306
330.867
422.266
569.238
473.849
226.619
280.756
286.65
372.817
556.736
482.256
506.647
268.262
232.428
170.378
206.744
437.322
530.804
370.626
443.192
309.748
188.414
234.137
228.228
343.167
446.515
400.486
551.667
493.384
298.283
303.373
258.398
359.818
545.261
412.246
472.505
441.464
269.205
182.138
238.924
383.973
462.436
328.067
485.147
536.514
366.141
273.102
293.693
317.282
465.958
198.924
411.872
547.133
435.482
262.517
259.175
186.04
369.256
183.773
355.66
598.931
637.748
283.014
176.453
174.901
315.45
177.958
171.658
363.292
549.791
304.278
183.539
174.976
164.522
215.688
181.971
252.646
598.254
534.049
330.656
232.351
178.733
249.165
262.669
291.572
486.447
661.703
432.878
257.839
253.831
299.074
258.505
286.547
498.757
563.644
423.647
322.933
264.77
459.669
292.321
324.736
419.907
660.172
680.396
504.362
299.251
421.355
299.459
316.758
383.96
672.352
714.397
466.823
310.728
517.053
322.248
335.847
286.763
684.738
861.735
576.654
320.533
423.457
387.139
396.18
342.379
694.998
844.533
488.233
368.468
804.148
460.283
231.178
203.994
296.358
659.17
847.214
514.26
806.522
492.746
338.328
170.533
382.823
868.437
882.71
543.206
533.678
245.975
204.113
272.532
288.292
569.759
583.809
265.548
496.394
251.343
260.865
276.833
367.555
433.686
517.232
284.188
660.47
554.74
281.425
184.192
160.795
280.036
615.419
604.775
573.353
510.571
320.501
190.961
185.145
271.031
541.519
542.915
537.439
470.557
323.674
260.146
228.098
226.69
503.599
505.502
436.235
552.725
401.135
247.806
257.286
363.244
417.799
554.406
408.763
511.081
486.58
387.959
236.972
366.046
386.518
505.115
437.676
601.314
557.023
246.004
208.529
263.325
391.291
575.518
443.689
599.675
495.177
421.32
234.93
282.236
402.716
593.445
193.597
360.293
519.927
552.603
270.737
209.101
190.925
320.257
135.525
183.25
398.407
570.278
288.907
139.647
140.262
159.096
190.698
180.047
378.935
608.192
349.467
147.081
183.886
181.645
291.984
230.973
223.261
489.126
484.55
335.556
289.559
243.2
315.093
243.264
219.898
294.389
444.494
474.436
348.138
245.084
393.382
286.561
220.254
392.382
522.022
529.201
412.027
303.656
480.825
368.731
304.493
374.567
539.877
587.734
489.54
402.644
617.918
491.848
317.584
377.705
601.971
830.746
676.172
511.338
585.392
520.582
331.082
359.12
619.3
884.842
651.691
536.278
649.195
408.046
355.644
267.817
559.042
878.901
713.393
410.672
583.45
371.458
240.043
178.243
338.357
777.6
649.91
366.408
717.664
545.127
195.154
261.045
247.462
654.309
766.251
605.72
566.401
407.869
184.988
172.248
203.64
527.83
605.911
446.821
563.383
611.091
285.014
187.911
160.873
261.97
505.833
637.841
377.219
550.067
297.829
114.574
148.127
260.563
335.933
548.311
437.09
560.903
432.783
227.397
150.859
186.397
389.206
559.541
361.018
492.068
394.877
173.358
178.428
207.762
333.297
481.875
408.913
627.407
519.591
340.851
234.576
271.072
360.429
606.347
444.57
533.097
468.905
328.315
292.567
241.46
404.237
536.54
291.689
429.518
422.092
449.938
459.44
414.887
270.223
397.157
635.249
417.718
344.352
339.4
303.304
316.025
605.272
480.164
180.568
267.824
455.885
462.77
370.477
172.805
164.712
246.665
159.188
183.856
358.729
643.602
465.444
206.028
164.183
168.028
206.443
159.744
262.843
418.295
343.993
218.307
212.307
165.237
432.855
323.953
272.068
329.774
543.664
628.093
475.668
322.188
389.642
333.099
274.871
345.253
454.244
490.743
420.879
341.011
416.74
310.108
303.507
362.434
433.331
429.683
429.742
338.694
592.636
346.145
306.705
242.521
497.967
653.193
617.575
368.339
777.117
360.497
270.363
260.941
521.86
774.348
829.293
413.445
950.111
454.21
252.394
198.799
348.888
831.286
998.464
513.737
793.036
319.762
245.652
263.947
361.647
687.041
844.207
379.441
470.537
332.263
237.043
284.401
314.602
585.644
521.678
337.672
771.599
349.359
131.656
109.55
222.698
673.226
837.035
411.699
603.978
489.605
270.377
207.397
170.623
360.078
579.492
527.547
592.742
554.023
270.907
111.238
129.842
325.475
558.028
592.598
462.168
489.659
387.408
277.1
265.024
293.279
426.023
504.614
432.475
411.132
311.955
188.458
178.424
213.984
408.596
428.158
443.523
483.783
353.007
217.501
219.262
248.267
406.184
487.908
495.508
471.307
434.291
358.923
243.19
318.285
487.593
474.518
296.068
457.673
500.951
359.336
314.02
248.636
273.586
437.618
524.06
371.666
284.637
321.772
323.121
381.507
526.964
399.61
263.661
212.262
282.433
352.445
247.052
213.006
263.612
217.205
221.82
260.902
423.866
657.673
373.336
168.942
211.905
252.317
238.91
250.341
307.886
535.146
681.894
466.465
259.614
252.275
464.987
308.315
205.494
252.917
355.311
461.682
467.81
344.29
442.299
310.727
210.901
303.797
495.758
695.302
500.682
322.984
510.439
309.082
213.109
204.012
350.3
566.757
546.362
320.998
722.152
306.045
195.098
205.124
368.402
671.321
768.743
362.654
697.898
311.531
203.516
261.901
458.361
740.819
749.397
357.338
770.082
320.943
273.008
206.397
446.956
783.648
837.516
378.35
970.358
475.517
273.027
258.454
415.349
830.658
1030.76
547.062
669.36
355.393
278.628
232.447
247.726
611.118
728.134
395.141
383.649
258.288
230.735
263.824
252.735
445.449
425.886
265.85
460.152
580.365
279.402
141.521
157.791
338.674
415.375
593.41
581.513
566.967
246.42
198.729
161.317
240.874
522.201
617.792
697.555
633.605
259.944
169.597
117.628
255.376
634.348
694.866
532.234
487.324
308.615
167.366
198.876
214.905
488.47
521.015
437.811
454.976
335.809
275.545
200.853
273.675
406.773
475.124
483.603
524.593
304.693
273.03
219.843
273.324
436.883
537.804
501.513
411.824
218.933
126.753
152.084
298.638
486.606
442.544
614.9
516.552
408.725
307.305
304.282
309.978
570.037
552.163
400.258
553.171
604.813
454.183
263.751
256.691
372.409
537.233
308.386
299.579
474.765
629.599
377.319
233.714
308.978
297.981
412.673
254.993
360.252
622.8
378.742
208.172
408.332
287.477
618.521
339.254
303.246
322.147
492.58
457.48
617.639
400.626
472.728
388.917
348.839
321.957
384.97
462.825
490.216
397.55
585.344
320.101
321.041
254.96
414.306
541.843
601.63
347.839
748.44
345.14
245.091
218.805
431.488
712.788
795.245
410.885
820.535
397.094
197.154
202.561
413.412
715.901
867.377
466.831
856.143
377.449
149.412
168.341
367.35
746.79
916.504
448.298
878.367
356.134
216.936
165.031
316.538
773.374
928.468
424.167
734.098
565.286
211.788
207.747
214.533
619.653
787.61
613.401
781.242
402.133
146.3
137.114
191.404
617.28
835.326
445.972
394.389
432.545
275.634
193.283
221.779
323.969
369.176
445.967
685.273
481.896
220.884
121.762
144.352
262.45
653.638
536.351
585.294
488.784
315.581
186.991
169.933
217.369
550.445
528.615
515.891
525.481
308.627
217.306
158.485
232.783
474.586
553.907
385.858
356.168
221.617
224.753
313.165
383.726
367.835
377.349
535.514
269.925
250.764
438.535
260.742
201.504
520.585
329.734
364.041
483.611
471.134
455.543
296.235
215.62
328.95
482.354
876.403
629.613
345.179
332.942
173.887
341.998
833.975
708.722
332.132
469.727
515.537
366.658
258.954
201.663
299.543
444.949
276.84
277.407
418.455
415.283
294.553
178.396
265.137
270.61
191.19
206.036
285.377
527.585
531.851
327.024
197.94
202.654
650.099
369.946
343.544
279.344
438.357
544.962
665.325
396.619
519.721
306.488
244.519
199.962
379.155
696.995
574.954
330.35
739.18
317.688
208.089
210.067
340.902
611.987
776.131
389.296
730.064
361.351
222.253
168.917
347.623
623.233
749.388
421.326
1030.07
465.905
167.342
204.506
284.02
685.974
1062.51
573.623
1004.4
470.135
188.087
242.503
357.658
804.492
1059.02
564.115
775.617
457.83
259.659
216.842
367.484
767.941
824.759
476.438
507.628
310.536
163.437
191.897
300.27
619.664
557.287
337.788
803.019
436.388
206.013
259.919
261.36
709.684
869.857
480.597
391.804
410.093
274.05
199.582
143.315
181.706
358.936
426.154
725.218
590.047
242.561
172.086
139.484
235.186
665.434
654.217
543.006
526.289
277.145
175.384
167.195
245.486
500.999
561.382
443.56
385.497
267.872
290.08
149.202
155.53
406.669
422.741
593.568
453.146
194.234
190.709
168.844
281.733
551.968
513.571
603.091
383.995
220.472
213.046
199.34
289.5
587.805
422.209
854.46
639.867
256.979
219.528
191.804
341.489
796.358
711.083
723.736
604.039
296.432
214.569
183.122
291.803
672.927
667.733
843.512
769.548
376.17
169.977
182.938
408.307
779.916
819.016
647.921
613.38
317.452
374.98
292.795
339.987
592.758
670.783
268.604
278.946
314.061
489.012
527.146
395.404
284.732
263.42
578.407
566.024
326.087
220.991
312.124
584.433
603.305
570.261
543.46
365.833
288.417
295.197
424.306
497.476
563.418
397.064
642.56
389.592
221.184
203.203
301.687
583.04
664.511
437.801
908.594
490.776
187.944
158.879
251.605
549.933
908.28
583.725
879.915
444.14
199.898
175.741
304.59
616.951
892.506
530.013
839.47
511.266
254.624
142.502
360.639
748.995
876.152
552.178
815.292
442.795
193.486
162.325
356.692
782.781
866.024
488.828
682.495
398.274
370.029
162.473
399.626
735.197
738.305
425.459
676.21
395.872
192.193
245.105
220.169
525.038
713.56
442.633
573.708
416.714
349.913
475.414
319.23
265.097
552.043
459.754
365.669
334.701
244.268
123.366
141.166
310.346
347.706
360.01
367.339
413.261
289.87
199.641
209.4
203.593
339.413
420.311
471.096
374.094
212.773
200.811
136.29
207.838
449.089
410.407
731.663
434.098
189.683
219.59
189.389
239.442
701.773
506.847
804.162
512.653
167.174
107.356
115.62
257.391
756.555
600.434
636.161
515.362
206.65
145
162.531
252.744
590.195
577.57
792.433
452.362
192.432
184.235
158.279
300.391
770.632
533.304
903.048
732.979
273.961
231.958
196.443
464.519
843.098
817.375
888.887
544.112
262.727
263.858
176.18
315.311
853.523
628.665
531.44
346.931
235.015
344.375
323.674
482.429
531.485
384.914
936.882
344.399
203.114
140.686
269.565
603.295
961.982
433.605
773.444
314.849
178.391
137.601
296.011
651.35
811.655
383.926
638.072
294.42
179.639
126.645
300.967
649.011
686.144
334.646
883.009
360.23
172.527
163.24
304.872
748.476
937.43
429.148
863.992
397.799
215.708
195.165
340.163
730.31
912.826
463.207
777.391
517.533
378.172
261.145
376.398
765.675
825.274
529.388
900.273
503.45
248.173
177.864
211.384
594.687
936.57
543.223
888.25
408.472
295.137
223.636
303.73
676.711
924.99
459.18
556.504
288.524
177.48
287.605
269.791
355.129
561.28
335.436
348.052
344.126
213.877
102.766
116.274
138.784
319.401
361.901
327.017
393.513
270.032
222.92
133.131
194.167
300.242
402.803
617.236
456.88
275.229
310.461
234.977
337.319
607.472
497.081
371.925
366.107
202.446
110.327
94.3327
187.221
345.201
383.637
676.826
452.017
210.832
214.136
207.269
264.317
639.859
520.653
537.365
439.952
131.728
136.86
96.3229
264.268
497.722
496.08
784.828
468.582
192.875
190.047
158.055
297.331
748.565
552.382
837.83
464.874
156.402
104.056
133.485
422.336
833.103
551.463
920.215
431.33
209.989
152.999
154.645
325.379
896.601
546.018
1040.59
525.089
140.911
116.538
119.035
454.613
1022.77
639.015
938.955
552.454
254.094
275.293
303.145
456.678
912.537
654.058
943.388
486.509
224.801
193.693
308.041
606.727
952.911
585.613
811.532
409.61
234.273
200.217
269.299
586.998
842.776
478.18
716.343
411.331
166.655
134.162
282.775
597.295
734.996
470.552
616.41
395.708
211.412
240.165
377.367
561.214
642.586
422.917
693.686
427.139
229.961
264.791
444.671
723.092
738.446
459.642
882.634
451.967
232.358
202.683
389.292
789.861
924.722
507.849
922.53
441.228
178.554
220.024
321.132
767.881
987.364
519.446
601.709
363.147
194.281
234.873
217.65
540.313
649.463
391.159
544.793
400.435
198.245
189.349
179.89
355.034
544.52
438.026
402.453
391.555
241.063
155.948
172.501
219.468
372.371
413.08
457.837
469.568
230.508
224.502
184.249
305.362
418.203
506.142
458.901
424.551
156.96
152.622
145.119
225.802
418.266
468.934
453.448
212.459
155.014
162.663
172.748
289.642
462.522
241.512
444.746
370.156
241.274
297.203
220.67
254.646
418.383
411.066
432.239
332.984
163.394
104.935
129.251
198.149
409.888
367.419
583.805
329.804
195.905
193.567
137.54
207.552
563.808
390.124
859.459
441.507
105.473
108.613
148.189
404.474
848.848
536.738
829.411
427.975
139.092
202.024
151.651
450.601
833.31
516.335
892.898
387.067
242.794
166.254
195.629
420.989
885.989
490.093
632.673
418.317
152.445
144.202
198.239
380.793
619.476
478.251
381.031
237.056
184.394
264.189
235.254
369.695
395.951
262.273
540.235
329.488
238.684
199.54
241.195
427.467
549.32
372.244
717.68
364.812
153.977
189.869
230.084
443.915
721.29
441.335
911.391
400.213
175.062
167.973
327.641
707.484
957.23
487.525
781.429
515.999
239.776
271.704
342.239
579.276
766.622
582.078
829.261
446.477
224.936
193.246
409.645
854.569
884.587
487.69
975.986
425.186
182.482
133.966
299.909
768.394
1037.25
511.24
734.19
495.361
244.932
205.555
383.015
730.64
782.724
559.012
451.035
398.023
226.139
239.403
190.601
473.382
484.645
425.708
420.392
456.612
238.194
152.844
135.468
228.578
382.851
475.697
261.657
257.264
224.292
186.173
118.9
136.313
247.151
264.196
473.879
334.685
173.839
129.928
137.16
233.432
454.189
378.607
228.483
175.542
218.823
310.921
231.052
228.404
233.28
186.233
569.629
450.914
282.755
207.966
179.112
253.006
547.805
484.228
532.548
351.943
154.946
106.08
134.759
255.914
513.346
399.841
672.955
392.753
125.298
131.751
113.357
318.445
659.483
465.71
868.723
498.324
165.023
198.937
126.696
420.331
855.501
588.745
757.425
408.612
154.159
156.747
197.246
400.374
755.576
487.559
736.924
386.122
174.814
221.137
293.47
406.658
733.227
465.418
577.695
331.672
230.262
194.105
200.222
348.21
572.313
383.933
736.269
406.111
267.332
172.282
336.247
593.88
757.199
454.603
631.25
303.15
190.984
180.178
347.173
717.873
689.846
340.694
554.346
316.777
250.799
272.267
319.772
547.457
594.603
345.81
932.88
453.422
230.932
167.015
254.321
661.625
968.514
537.053
842.88
479.635
248.319
154.027
292.546
704.232
882.444
508.731
974.459
446.771
244.685
126.126
266.857
752.533
1021.88
513.588
787.606
389.368
200.718
160.74
351.3
717.428
846.408
447.267
738.94
500.12
259.393
232.187
338.503
817.196
801.488
516.2
638.681
392.853
247.13
222.768
323.911
762.539
706.141
422.741
341.019
277.166
167.615
214.733
180.788
184.286
319.03
305.915
433.928
425.677
233.933
143.614
148.378
250.82
407.007
449.024
351.355
499.453
340.728
195.421
157.049
245.966
311.471
495.773
341.99
318.161
143.058
83.4162
91.8094
166.345
319.06
342.051
590.937
384.082
265.787
199.792
143.801
246.577
570.778
439.151
608.484
511.786
205.787
212.813
244.576
273.566
565.116
570.22
849.744
471.813
143.267
120.058
136.081
369.09
829.487
567.297
845.171
505.753
152.335
112.118
110.04
397.179
825.189
595.179
658.894
444.424
189.405
235.921
202.667
335.978
642.502
504.357
603.699
356.633
163.726
230.646
227.72
376.772
605.008
413.842
548.172
307.082
188.445
187.014
278.559
550.078
586.175
335.965
844.305
408.955
170.764
217.119
244.61
548.529
860.583
498.313
535.505
339.301
203.996
230.891
331.584
547.502
552.818
374.462
418.642
328.218
207.08
172.244
259.822
439.068
447.246
337.775
713.914
396.265
276.748
268.867
363.495
579.806
729.303
446.866
836.539
456.382
231.909
192.752
319.064
753.933
881.186
502.583
873.886
395.927
198.627
81.4324
219.996
685.824
929.199
459.082
856.609
363.004
184.717
242.391
374.846
750.71
918.526
440.108
819.174
378.336
241.686
278.102
322.781
709.52
857.865
441.072
816.465
351.008
188.904
163.288
328.184
726.23
864.758
408.485
473.088
402.346
148.468
120.175
155.025
251.488
431.711
452.035
681.137
580.55
217.326
131.965
117.587
281.309
631.73
645.375
401.783
445.391
261.322
133.661
144.711
385.161
381.771
457.18
326.302
255.376
227.23
270.423
252.143
206.05
314.999
268.375
439.339
278.57
261.428
315.486
205.561
233.05
426.132
312.151
710.426
341.941
150.88
166.357
150.741
329.257
696.065
421.651
781.492
336.791
166.409
227.116
174.966
394.979
781.603
422.947
664.912
369.855
145.271
169.983
194.109
406.565
660.011
436.568
568.877
329.845
159.438
174.585
250.626
485.959
581.732
374.452
631.636
279.87
180.761
223.655
271.162
497.628
659.895
338.094
514.724
358.13
200.575
189.055
341.338
593.525
557.017
376.398
483.794
295.322
264.431
246.771
345.933
376.895
491.025
332.988
762.663
401.129
195.486
207.299
324.17
517.321
769.673
476.542
416.121
220.801
268.462
290.356
398.585
567.209
464.446
227.332
796.785
392.663
230.432
202.658
379.516
782.48
852.041
436.586
737.678
332.893
291.289
306.199
458.012
741.375
787.967
367.88
727.478
396.696
188.074
190.874
290.288
635.245
783.43
449.796
681.824
323.355
154.228
169.376
364.652
673.488
741.831
377.272
690.741
449.094
209.802
191.519
363.292
693.64
734.616
478.545
719.451
378.215
256.493
137.854
298.905
693.093
783.142
409.152
482.636
297.483
182.135
168.295
158.078
231.289
470.534
343.265
722.786
502.434
167.108
81.6394
104.662
300.165
687.743
573.603
602.757
466.312
233.294
169.606
240.744
291.506
561.672
520.284
432.882
354.398
250.836
296.14
260.548
201.079
399.312
395.398
798.199
523.515
265.928
285.626
166.366
276.548
754.358
597.37
781.138
475.848
166.541
187.445
177.056
280.515
739.092
564.604
1040.11
499.14
136.667
115.684
138.272
368.707
1009.26
624.261
634.253
326.133
201.611
142.649
210.37
376.111
646.115
363.108
785.487
379.326
185.359
166.813
264.174
525.774
801.685
460.682
453.37
270.634
163.179
307.449
258.014
428.253
485.276
295.227
620.532
355.086
214.38
217.802
289.181
418.359
614.279
414.698
420.227
341.985
283.36
189.792
305.569
537.299
461.596
330.669
553.385
242.606
154.429
189.067
359.437
523.662
583.397
291.781
412.52
337.087
235.744
240.6
318.291
445.458
432.506
342.56
519.302
482.256
380.968
356.26
409.073
552.706
543.094
474.673
599.421
376.311
241.528
265.269
444.278
635.656
635.68
400.55
412.99
282.528
183.64
278.827
407.309
516.053
434.239
289.519
816.85
386.981
226.867
157.977
389.014
680.704
855.101
453.389
653.547
331.793
259.193
176.873
362.51
687.918
709.132
362.052
583.946
290.968
271.781
192.707
303.814
634.825
636.306
309.867
282.702
237.759
238.368
259.83
180.979
181.209
269.401
258.799
495.992
578.708
301.791
191.9
145.65
301.286
449.409
600.612
452.495
433.406
242.909
290.98
204.542
228.607
407.522
472.471
973.913
442.035
148.129
212.287
169.544
345.936
947.462
564.151
591.966
384.434
206.783
198.35
234.448
249.07
557.807
441.101
738.855
417.906
151.27
96.5469
115.745
357.339
729.484
493.228
879.859
413.967
146.389
104.142
144.411
468.554
885.302
508.458
762.475
353.854
129.714
179.344
221.292
512.194
782.188
428.756
518.123
409.422
287.969
234.278
356.321
424.944
508.086
441.303
390.826
280.752
197.445
234.812
210.865
272.096
385.243
313.444
415.369
245.74
191.75
250.378
369.867
526.163
455.157
256.01
484.743
311.355
179.108
220.051
329.449
481.211
510.539
337.936
359.498
368.293
228.118
160.743
232.647
360.302
352.803
381.933
503.313
308.279
189.05
201.649
348.854
620.63
553.466
326.083
580.759
343.397
262.637
261.883
434.311
618.222
603.036
383.578
649.503
316.676
262.223
225.328
452.499
639.325
679.282
364.248
574.2
327.483
227.071
263.029
491.246
720.487
624.529
353.636
732.005
341.618
245.671
202.314
388.011
714.817
786.507
393.047
652.521
302.037
225.236
158.779
362.18
585.024
688.15
357.37
632.021
358.296
170.717
149.938
297.549
598.502
666.452
390.075
500.528
438.879
296.427
229.12
273.68
288.695
469.627
465.745
642.087
599.135
274.026
208.365
210.17
310.347
596.725
649.571
334.344
271.614
238.95
278.366
255.95
124.274
313.457
298.129
622.419
353.298
131.302
96.547
113.571
308.266
614.34
416.468
513.99
445.016
217.934
179.415
267.645
423.456
495.612
487.304
954.375
435.484
199.957
115.962
177.844
463.42
952.284
530.994
887.923
398.399
144.143
141.929
219.446
621.418
922.811
486.657
987.21
439.442
186.097
210.718
247.05
583.693
1003.28
546.774
657.99
309.924
218.398
198.379
284.827
505.867
682.539
371.186
540.571
295.93
172.727
172.271
300.083
505.009
570.393
337.514
396.95
175.079
147.082
315.014
320.76
321.008
402.789
212.716
460.27
246.073
176.496
220.617
328.081
496.396
485.955
278.724
526.437
261.932
170.597
164.81
354.946
610.104
570.044
284.888
409.455
298.91
241.498
238.199
283.004
388.04
419.625
318.455
439.017
264.589
312.934
328.548
340.157
381.526
450.383
295.043
497.938
311.751
341.401
309.924
339.79
423.512
500.661
332.403
598.945
371.584
184.618
209.331
405.323
722.932
655.143
386.579
733.387
547.155
267.062
247.783
408.929
806.117
793.494
579.86
508.25
392.155
233.074
255.597
468.661
642.74
553.115
407.169
541.746
287.996
189.375
253.395
313.889
555.498
590.553
329.659
