184.554
211.114
199.165
152.449
159.096
151.706
177.593
211.895
239.273
161.624
98.7378
120.634
89.1918
139.172
248.843
176.1
204.426
175.786
156.672
195.891
166.935
147.306
198.987
180.904
169.905
349.74
292.379
168.351
187.483
230.032
160.062
319.825
224.442
360.114
230.637
154.793
138.948
222.614
222.972
342.949
239.429
270.546
259.63
294.496
239.902
217.823
236.586
249.134
268.935
481.882
610.398
384.997
282.354
256.713
263.5
426.767
228.104
309.795
622.911
713.111
341.363
198.779
228.956
276.225
252.939
306.366
569.204
688.434
411.993
300.579
250.866
275.244
209.058
293.321
686.754
756.442
386.303
158.402
195.744
251.935
157.885
242.911
595.748
836.729
412.613
164.702
156.063
215.259
190.66
129.4
406.991
918.95
454.883
175.989
199.044
134.811
126.544
84.3221
259.956
790.313
510.632
136.11
128.408
82.4805
149.069
166.671
299.769
875.606
574.746
198.772
151.976
152.559
282.978
249.105
293.437
407.657
632.522
383.071
279.272
251.116
289.005
341.982
327.357
539.718
685.411
437.971
298.047
318.486
329.369
280.898
339.529
252.67
549.149
511.524
335.693
280.893
271.096
418.056
426.707
342.148
764.674
825.788
328.924
362.096
445.164
459.049
340.979
233.419
576.549
847.853
498.922
453.95
340.716
336.646
310.016
215.261
342.381
619.15
379.857
332.424
331.286
152.17
136.113
129.286
179.298
242.356
339.838
183.165
266.022
267.081
140.281
140.258
135.646
199.216
248.779
278.959
258.979
208.957
209.434
204.711
134.877
187.365
257.651
215.61
237.618
322.549
197.861
122.111
156.33
296.02
237.518
306.005
283.715
272.116
204.606
252.254
173.188
246.914
280.133
273.776
310.697
398.388
360.675
235.558
203.716
200.304
305.734
365.97
264.625
551.626
618.649
328.072
293.646
297.164
238.648
499.533
200.14
360.676
565.69
557.604
262.647
169.412
197.37
323.597
136.442
249.211
574.427
725.858
329.063
186.637
134.289
221.124
206.693
218.44
584.676
690.5
398.166
255.94
219.466
201.459
240.56
231.881
566.739
782.857
336.466
196.705
246.907
215.106
144.112
122.711
342.915
732.533
424.784
123.141
139.329
124.413
327.055
151.468
190.093
436.792
430.129
329.112
346.241
172.341
165.042
176.356
221.182
365.625
413.37
207.236
164.056
170.691
291.889
188.333
391.429
515.385
612.027
333.63
303.887
189.387
280.502
303.22
351.068
537.987
725.809
507.197
284.09
295.999
229.169
264.956
289.699
458.896
684.172
562.765
246.388
245.17
439.132
329.653
249.389
270.462
456.777
694.565
498.876
334.578
572.761
432.863
381.725
242.936
642.707
944.38
651.12
431.72
565.397
340.366
267.71
234.831
394.528
689.438
622.553
363.232
305.336
228.167
139.007
130.904
159.417
202.856
288.552
251.06
310.466
197.764
134.444
177.862
186.805
182.444
309.366
226.389
218.824
207.845
125.405
102.986
114.015
177.478
213.795
217.623
312.101
360.42
226.689
228.808
227.719
167.987
285.772
376.489
278.921
408.161
288.955
229.166
178.838
228.67
270.45
394.451
428.628
490.782
342.62
357.005
199.544
346.54
422.254
471.639
358.757
539.983
549.441
251.68
278.932
354.504
366.079
496.618
151.153
443.741
715.943
600.804
298.519
268.918
137.703
377.046
298.116
388.582
484.18
504.03
271.718
264.877
304.746
370.912
281.973
209.112
555.1
712.681
346.367
246.738
298.867
192.102
193.902
290.326
509.932
586.2
333.479
209.903
193.248
266.378
196.386
209.819
434.574
914.621
468.386
188.907
191.519
207.411
249.386
160.195
304.558
716.201
652.541
237.811
252.126
173.216
339.338
251.154
244.854
542.697
608.534
332.715
323.435
282.616
213.956
253.679
339.103
417.947
507.182
290.141
212.859
247.341
179.001
259.109
323.13
380.798
562.24
480.756
190.343
236.143
236.016
263.763
336.862
366.591
731.922
615.278
267.457
251.265
354.593
342.634
364.372
389.648
650.992
691.334
375.942
343.109
631.238
443.352
262.855
181.749
513.984
966.73
718.194
443.187
653.697
410.214
254.339
175.308
381.48
783.712
724.802
441.216
287.751
194.09
106.411
105.744
122.154
207.25
296.508
210.725
289.392
259.5
158.075
181.485
143.604
188.237
268.952
285.57
259.493
198.979
99.644
104.485
124.182
211.299
260.393
216.316
297.924
280.282
169.703
192.547
143.244
202.163
289.943
296.141
308.982
474.735
311.149
131.958
182.807
303.421
306.369
449.416
399.74
577.986
486.476
262.974
265.556
309.109
395.137
554.619
393.419
559.675
496.521
295.174
235.723
277.94
366.865
544.244
270.151
437.841
613.034
399.86
350.532
265.593
275.261
398.934
229.164
529.668
709.784
632.182
302.053
258.102
208.326
472.018
161.945
269.561
586.658
721.282
344.2
205.58
162.838
230.387
168.63
161.69
258.359
435.569
420.826
222.724
168.066
164.606
135.615
114.991
345.35
703.826
499.598
174.116
140.57
116.028
259.75
253.55
319.489
679.897
587.524
236.423
240.294
265.662
183.703
188.231
243.768
400.268
537.519
425.127
201.863
169.983
368.434
239.53
442.139
418.186
502.704
448.884
394.791
236.347
358.064
270.356
203.11
352.83
405.739
284.249
342.692
296.86
446.03
442.481
437.249
212.683
590.426
775.6
462.498
433.5
514.729
410.618
271.326
231.119
476.862
782.333
571.786
416.057
449.562
367.637
185.729
156.304
420.115
844.843
532.131
352.321
654.644
372.32
270.109
171.061
292.623
730.871
724.716
391.694
205.163
191.92
119.657
153.802
152.83
160.831
197.089
204.86
345.277
362.989
173.59
115.01
126.654
176.247
311.938
382.749
259.131
159.485
86.405
122.442
173.334
237.321
267.655
182.756
459.194
360.271
116.764
151.428
124.071
158.768
415.005
410.6
293.953
310.139
252.377
158.939
173.004
181.099
292.858
317.128
354.831
491.127
417.012
271.923
208.918
298.475
346.36
480.479
410.242
586.705
496.269
295.335
235.611
283.24
373.497
570.725
288.144
533.19
654.398
427.347
295.749
290.13
281.177
487.583
278.58
316.868
431.778
372.836
289.961
308.146
289.868
300.89
222.603
293.462
506.305
463.148
286.324
152.006
209.313
274.267
182.247
161.025
406.362
696.12
400.922
204.692
190.493
142.085
318.953
174.73
303.162
678.297
438.021
201.068
323.516
187.248
168.655
117.233
255.74
564.773
541.707
217.913
163.774
129.611
214.776
242.957
244.149
411.216
587.454
474.094
227.369
228.486
428.405
353.084
277.47
306.358
532.239
673.737
475.218
361.773
595.78
340.498
308.305
200.481
378.589
642.012
648.808
372.836
463.309
380.828
377.157
182.677
498.396
738.806
509.199
392.215
528.19
369.711
195.959
218.904
470.651
839.246
602.703
374.766
431.604
392.192
282.057
343.114
384.879
772.311
495.081
388.876
768.637
503.117
156.026
223.097
207.647
653.574
827.902
557.604
351.892
312.145
153.384
176.452
147.104
205.035
332.85
343.714
315.057
361.577
246.779
153.857
171.686
230.692
283.911
369.313
261.77
309.912
173.845
91.086
140.336
220.124
243.391
318.584
340.346
328.195
143.294
112.856
90.8302
130.765
300.442
356.416
282.195
231.59
153.248
131.205
196.368
264.608
279.558
249.352
353.736
525.667
262.101
153.195
117.244
249.715
307.302
525.056
411.825
542.776
471.947
311.153
306.413
355.693
421.932
527.004
442.628
654.626
496.627
322.054
307.229
414.635
416.283
641.336
224.019
295.502
486.732
397.951
284.583
196.515
223.401
267.601
332.588
376.209
618.656
507.078
422.855
292.948
324.645
348.668
247.238
199.305
389.105
719.113
531.802
258.147
249.646
195.341
262.889
189.73
322.538
515.289
356.572
206.376
258.494
198.791
336.32
311.041
275.236
490.786
417.754
257.399
325.382
340.295
262.174
229.231
226.063
273.718
431.105
342.849
279.772
230.466
517.228
310.57
335.003
320.855
518.791
691.124
561.496
318.543
583.29
376.604
281.36
297.914
468.802
784.242
646.552
391.056
714.277
459.632
239.055
162.386
400.208
798.036
784.304
511.002
740.574
403.971
303.412
212.203
472.052
800.498
808.302
450.144
555.819
378.775
205.871
249.438
474.657
804.591
617.042
395.616
666.574
347.194
137.088
90.5761
151.669
431.601
678.722
402.787
292.532
245.139
122.955
71.1851
111.222
210.455
292.434
267.816
405.128
467.454
212.677
123.547
193.165
244.247
370.763
492.578
303.103
262.879
227.971
212.348
122.087
204.043
313.865
267.815
368.646
336.126
252.276
157.326
150.122
255.811
364.904
346.646
311.294
298.397
203.818
272.629
229.508
192.169
306.097
312.161
380.807
508.025
333.034
131.511
284.715
316.842
340.527
503.112
494.954
664.418
536.041
271.492
298.605
361.695
438.077
654.282
434.751
578.35
467.326
266.1
273.899
388.718
407.386
569.633
261.116
435.505
547.597
398.484
273.07
244.847
245.146
404.07
183.688
283.926
475.55
547.064
314.529
168.095
170.687
265.075
127.221
105.068
332.155
622.385
388.254
149.546
135.598
99.7099
413.289
268.788
215.15
363.559
385.378
313.388
408.011
305.451
387.763
343.535
304.82
390.435
515.293
463.915
392.696
335.555
190.955
212.573
230.722
403.862
563.328
436.729
213.45
205.089
460.266
264.431
273.299
213.983
313.866
504.453
489.587
289.947
678.778
329.267
269.408
209.3
394.587
696.29
732.67
367.575
751.283
352.725
195.134
93.8879
275.489
741.828
811.027
381.661
701.464
449.152
235.257
111.747
324.842
810.051
769.481
458.439
825.703
447.591
197.127
99.7503
275.98
705.228
880.619
505.614
640.15
400.011
224.578
133.243
235.717
606.872
691.348
442.538
412.819
268.218
104.572
115.362
92.4813
278.666
425.363
301.19
428.091
494.367
207.812
61.3566
95.867
267.928
387.568
516.799
277.75
268.576
195.686
163.096
193.186
286.362
284.305
270.492
560.123
504.921
150.546
114.434
119.664
263.835
501.605
564.434
423.716
547.79
306.902
187.829
182.662
215.166
380.264
551.354
360.498
463.818
267.05
262.17
225.379
275.33
336.07
467.355
464.094
547.924
279.182
219.532
236.737
265.677
413.227
565.921
497.652
610.875
415.472
287.516
243.297
311.801
467.543
621.251
389.661
419.139
514.252
378.698
397.099
321.035
404.211
399.194
158.903
275.878
553.116
672.193
429.756
228.575
157.178
240.982
320.779
186.699
371.571
717.081
512.875
248.299
317.09
204.55
253.849
192.073
300.928
391.154
463.391
414.522
282.789
193.745
461.146
235.344
163.691
266.843
368.633
458.094
481.347
274.596
456.039
265.219
208.926
245.106
466.61
628.578
502.901
287.483
669.318
320.401
176.596
223.962
314.679
673.238
722.097
358.457
733.835
296.058
128.08
159.388
296.139
625.894
782.678
363.086
990.757
434.364
233.756
150.371
291.799
769.916
1032.43
507.523
773.913
407.779
209.979
116.938
297.187
759.837
838.833
443.21
720.142
390.401
233.041
170.599
290.642
675.156
778.541
437.809
889.073
396.352
185.825
232.985
263.157
624.005
937.507
461.068
232.082
338.498
177.004
150.868
123.374
185.612
199.469
336.866
512.51
572.249
270.938
105.074
141.337
289.278
469.841
606.256
388.133
301.392
249.519
201.293
195.424
270.741
394.687
313.006
432.254
481.399
217.158
131
147.573
219.135
377.882
514.516
395.475
423.592
207.68
145.13
135.934
210.31
364.899
448.628
584.693
689.064
393.42
261.421
233.249
346.907
537.105
712.877
595.88
550.494
320.07
272.027
242.755
247.184
547.48
595.037
588.521
536.095
301.004
255.783
250.603
277.622
547.869
563.23
516.735
692.209
454.311
203.723
250.552
313.195
457.256
696.736
367.333
510.521
597.857
507.961
258.26
213.325
335.05
497.414
445.58
259.499
395.45
492.088
471.73
327.573
444.945
298.326
300.714
228.527
327.155
434.122
561.46
487.3
330.723
244.327
403.742
236.681
255.296
213.071
360.52
536.377
443.93
228.661
595.006
290.354
144.266
160.842
209.522
446.888
610.259
347.57
764.928
365.485
139.164
177.234
246.408
459.811
770.121
450.786
515.417
360.16
203.96
208.249
248.318
438.679
521.504
404.464
682.023
343.51
177.969
158.738
312.62
666.569
738.257
379.648
824.642
378.102
220.175
141.13
287.312
698.18
876.595
434.088
867.935
438.369
208.418
186.697
243.47
639.558
908.616
513.095
939.989
391.63
160.231
157.218
178.282
592.507
984.075
462.217
369.71
300.715
158.584
120.097
107.216
179.239
348.892
337.027
435.884
545.971
263.729
153.752
138.467
287.362
396.287
557.577
412.65
330.285
211.782
145.752
165.343
257.998
408.751
352.168
534.806
530.634
190.344
117.899
186.941
242.209
475.13
576.679
472.26
535.001
256.193
176.025
153.03
276.188
439.786
565.209
586.434
551.61
282.868
218.857
179.707
209.714
532.201
589.922
505.046
569.333
405.74
170.823
207.955
256.426
453.416
586.05
655.87
635.014
274.435
131.184
200.787
387.012
608.114
667.789
760.296
751.359
410.791
305.229
249.766
266.078
689.297
792.806
340.862
488.943
592.363
653.033
442.291
359.586
347.173
461.793
164.771
208.211
283.851
551.149
569.706
328.624
167.12
200.975
363.993
324.047
408.445
365.536
536.715
603.115
382.275
305.932
709.035
381.431
190.253
181.087
294.532
582.331
745.756
440.258
857.505
453.164
153.574
143.261
232.913
494.997
857.989
545.268
825.803
427.149
169.865
121.018
188.773
518.036
838.014
507.214
704.882
435.978
224.137
148.524
226.401
574.11
733.889
488.242
774.504
358.875
201.017
147.033
234.023
649.401
827.621
406.005
1299.45
504.136
126.632
108.269
143.906
565.669
1307.86
658.492
713.792
401.068
133.468
117.381
132.909
447.649
741.674
457.78
684.605
324.938
179.223
190.479
236.482
399.841
708.914
378.229
407.652
302.791
125.103
113.615
142.452
193.146
381.31
343.332
448.388
419.68
192.429
124.724
186.55
236.684
404.079
448.762
402.783
322.673
275.325
206.94
135.906
319.376
410.138
341.57
534.509
491.457
218.927
218.295
163.792
293.564
488.275
539.937
415.464
342.984
171.612
185.496
260.96
282.081
397.511
389.64
371.673
435.016
232.971
258.141
191.02
182.315
331.209
459.936
397.484
344.469
210.83
156.639
165.061
181.982
377.61
368.868
530.615
533.578
293.467
222.674
180.551
201.511
479.163
570.518
657.882
741.996
453.576
267.597
244.611
337.389
598.794
754.858
469.916
588.187
469.22
408.08
244.537
273.86
425.389
592.713
309.245
246.306
311.974
529.806
506.183
421.453
302.97
260.969
755.522
403.259
221.684
184.667
281.049
618.295
785.909
466.812
911.501
404.541
126.016
84.8811
160.156
558.645
935.764
496.646
791.67
380.795
303.541
277.667
301.067
431.987
790.567
462.731
845.202
299.978
91.6789
79.1755
233.996
625.63
886.183
384.308
899.037
397.797
153.61
115.338
219.302
685.019
954.299
470.55
1029.7
395.288
133.387
161.182
156.548
492.035
1050.15
505.317
855.738
380.531
119.276
172.096
164.508
554.947
893.01
447.215
954.065
383.591
158.743
171.614
160.543
548.096
986.817
461.877
1109.12
409.351
120.28
106.516
139.428
515.784
1125.26
535.489
287.684
202.518
127.022
132.436
144.472
231.868
284.062
226.261
377.351
361.344
157.469
109.736
118.957
274.263
382.529
380.099
332.572
451.772
258.109
170.936
164.434
235.845
302.278
453.619
363.659
451.373
203.709
166.606
182.972
236.515
324.994
462.28
409.931
425.479
190.133
138.19
199.482
192.488
363.714
455.221
532.006
513.795
185.139
102.321
123.713
277.801
481.894
560.048
471.976
463.254
353.855
263.576
296.13
347.532
479.613
483.504
494.493
423.292
162.846
147.568
129.408
191.651
451.467
472.007
828.897
626.175
202.903
112.372
101.256
267.817
770.038
713.499
825.767
679.525
348.181
206.018
188.733
301.138
771.181
740.938
474.977
283.458
149.818
141.36
128.162
212.824
466.702
311.824
803.609
468.322
181.01
195.041
222.871
458.966
804.028
543.934
992.559
469.37
138.916
136.966
159.824
475.594
987.934
583.73
1231.08
515.699
155.331
200.295
172.562
451.51
1213.59
668.451
1001.88
385.624
139.083
136.944
211.717
576.683
1025.53
485.942
1011.24
393.956
195.739
247.744
246.953
440.33
1008.85
520.583
907.978
504.118
154.203
149.352
152.605
394.441
885.655
602.788
841.95
513.744
151.066
144.262
211.083
437.323
832.273
601.066
1402.46
581.474
88.4708
111.545
97.2109
514.562
1385.34
757.163
853.125
362.653
145.12
108.304
154.395
556.718
893.139
424.95
297.643
234.164
120.277
104.167
71.1016
150.005
283.647
259.205
394.566
336.715
172.365
103.238
136.418
215.803
379.305
361.033
419.3
476.351
303.336
221.156
156.83
233.021
385.921
501.777
508.664
425.556
184.726
126.424
133.776
234.591
463.83
480.405
811.384
557.786
151.557
105.775
115.598
314.205
752.681
649.092
590.158
574.454
287.741
148.864
155.494
238.615
540.825
604.148
508.214
390.767
166.681
176.454
198.298
208.949
473.794
437.124
521.459
363.366
161.439
141.368
127.742
199.41
494.981
413.126
508.623
366.554
252.625
303.864
189.527
214.403
487.732
402.432
621.221
469.18
196.875
134.656
133.88
263.988
585.809
530.131
537.847
476.709
419.882
384.522
375.208
398.725
503.729
507.903
747.784
448.115
165.875
140.845
159.448
360.847
734.497
524.951
944.701
451.92
161.083
168.004
172.181
360.959
921.941
564.023
1215.63
536.436
147.827
196.984
174.845
464.623
1195.83
689.145
1218.99
580.522
169.87
181.765
155.156
451.877
1184.68
732.895
685.42
341.213
118.283
163.789
145.529
375.916
692.663
406.442
1070.01
515.116
134.267
163.927
162.536
621.493
1089.6
625.236
614.978
323.161
152.885
224.252
152.225
288.087
610.085
388.647
965.055
430.206
149.054
122.397
183.968
603.027
999.194
512.61
1253.84
500.008
194.831
235.901
259.174
552.845
1262.92
642.935
278.35
275.945
111.537
64.1138
72.7831
134.76
258.267
299.131
465.48
324.75
152.167
159.974
151.981
178.116
433.196
368.74
382.17
435.807
263.507
192.246
196.388
227.049
343.38
444.485
517.033
371.496
168.392
235.2
215.983
217.02
473.795
433.459
809.916
445.581
165.903
177.552
104.926
230.529
766.243
547.386
714.839
555.67
214.555
266.775
196.386
279.867
657.167
632.128
401.644
394.794
244.899
203.436
207.434
210.361
367.493
414.284
533.13
435.75
222.864
162.337
183.079
337.59
509.424
469.743
525.001
375.437
118.098
114.434
86.8657
207.406
495.835
430.449
699.317
547.464
229.92
98.4146
92.5087
268.565
660.3
599.859
1078.99
649.039
226.475
116.928
128.564
403.852
1030.33
760.336
597.76
461.605
188.928
117.545
113.244
270.155
567.292
514.701
894.803
516.679
238.416
341.386
219.458
314.18
855.774
609.845
1043.87
504.723
178.404
179.361
118.954
398.118
1021.54
625.573
1044.59
533.956
118.584
111.411
120.588
439.696
1023.91
651.309
785.466
392.228
147.193
154.657
177.66
400.636
788.054
473.316
1425.68
607.903
138.761
75.829
128.86
580.256
1409.34
784.458
888.436
392.153
165.929
124.899
122.379
392.959
880.521
493.749
1346.6
541.451
182.82
149.017
186.783
580.901
1344.83
702.035
892.248
341.687
142.526
161.574
114.692
350.68
892.165
432.081
367.203
322.571
204.992
196.126
178.214
259.753
341.673
357.335
383.636
295.266
112.892
129.236
82.563
143.833
348.991
336.288
517.855
571.261
311.801
153.675
207.434
254.148
466.237
600.194
544.542
446.496
160.416
105.095
177.241
262.541
503.111
496.769
655.833
474.518
197.25
111.101
138.952
224.434
599.387
544.322
693.301
665.108
224.305
93.0184
122.796
359.024
630.558
728.684
497.012
454.257
254.861
179.907
197.415
245.437
465.249
491.895
691.138
395.728
183.288
175.24
208.703
291.068
655.276
479.59
739.929
491.171
210.996
147.531
109.89
208.694
690.957
565.529
665.018
540.58
213.27
273.872
239.817
362.733
618.626
607.542
825.534
545.426
335.187
291.292
420.409
561.674
808.651
614.238
582.336
366.56
225.067
212.172
172.183
221.096
552.96
422.749
743.741
498.753
185.579
149.889
109.893
311.348
715.861
573.632
915.791
440.302
206.313
228.399
213.242
328.289
890.03
549.64
903.565
515.112
159.068
130.878
136.285
334.8
872.128
611.907
668.752
466.112
234.105
206.319
247.331
375.324
636.715
534.617
1362.13
568.189
100.173
54.1684
76.3655
510.997
1347.6
738.721
792.066
394.857
112.46
158.341
178.908
309.218
761.583
489.017
891.174
394.895
258.186
279.553
201.825
546.18
920.725
466.675
1232.78
486.823
199.961
87.7661
170.538
601.824
1241.39
623.407
230.157
301.126
172.709
155.704
150.31
139.971
203.479
304.009
375.37
337.43
149.41
94.9694
133.224
271.416
362.829
364.918
560.679
603.215
322.245
200.75
167.004
272.723
513.88
626.645
496.73
523.233
367.057
162.959
162.826
201.983
453.173
539.73
531.273
295.301
151.304
143.428
156.776
294.877
533.441
345.496
756.932
650.859
253.525
174.563
185.485
286.826
694.366
724.061
518.993
506.114
243.255
147.087
150.11
199.075
469.985
541.115
251.089
219.827
119.19
220.793
161.579
179.606
239.779
242.549
585.318
480.811
240.37
181.37
177.305
209.887
544.106
532.436
669.662
363.942
164.078
182.177
193.196
238.596
641.842
439.834
639.204
321.33
139.86
182.414
184.592
292.102
629.096
387.538
680.984
531.456
250.703
163.215
170.858
310.043
634.918
597.93
701.087
481.309
214.993
146.013
168.796
262.652
666.378
546.329
924.23
636.301
177.291
195.268
157.794
365.25
875.89
736.32
1001.54
532.345
175.194
133.041
108.85
313.389
961.061
648.998
1057.33
617.604
279.525
174.939
124.899
303.65
1002.39
739.214
1099.78
503.022
123.442
131.868
116.111
373.527
1069.53
640.96
912.423
280.858
123.842
112.546
156.49
422.674
922.867
385.965
1334.44
510.372
141.001
102.987
137.364
578.481
1343.1
672.599
1010.08
417.291
163.574
143.74
181.124
630.916
1044.74
514.703
317.835
338.567
170.782
82.2958
103.833
143.208
287.082
359.478
514.213
505.733
270.092
110.799
135.053
270.385
474.345
540.754
555.675
591.704
281.008
110.464
171.011
405.206
511.857
617.424
643.119
542.982
192.824
164.742
145.257
240.849
592.466
606.261
415.076
458.876
251.526
101.799
127.464
269.091
380.699
474.626
652.552
655.68
371.185
133.514
208.838
298.655
591.051
698.103
439.967
316.007
215.463
131.599
148.057
176.944
419.657
351.8
211.724
205.834
182.507
173.027
135.337
128.634
199.309
220.321
578.973
402.552
197.549
141.473
136.109
204.928
546.725
449.403
630.189
398.794
204.698
147.981
136.463
317.737
614.381
454.86
502.637
450.846
371.497
314.338
290.517
305.39
478.211
475.448
742.42
507.292
163.676
137.432
129.667
300.201
701.899
588.404
564.355
356.253
181.013
172.327
169.27
267.221
553.288
403.886
676.974
423.672
208.075
246.764
197.387
336.475
665.349
487.655
785.207
549.786
244.498
195.727
226.744
283.094
735.593
630.299
947.787
545.561
189.982
197.07
219.401
339.798
910.707
646.639
1022.25
471.449
188.116
163.637
184.832
419.62
1004.24
594.029
1220.1
497.535
162.606
153.225
146.765
487.533
1218.27
642.115
920.104
385.425
154.425
136.875
130.413
543.876
949.221
473.765
1200.54
490.18
157.524
207.572
213.047
636.494
1217.01
614.145
421.408
361.295
175.833
104.926
132.755
231.422
393.006
395.28
482.737
437.288
211.55
135.03
111.914
185.785
446.555
472.732
682.24
689.259
360.329
164.597
164.212
299.973
630.026
723.244
664.556
666.473
371.534
166.347
236.168
282.63
598.06
712.465
445.56
581.555
319.384
147.184
166.2
379.826
408.511
588.044
694.292
660.437
275.593
259.868
174.883
300.976
632.494
722.005
566.201
517.589
223.847
127.766
113.839
245.003
526.137
562.957
453.166
404.637
137.788
89.9635
91.0097
217.571
416.638
449.034
567.433
462.71
244.695
231.669
217.204
225.837
526.62
503.776
279.618
395.214
278.691
185.267
193.643
174.105
245.728
391.501
397.556
281.117
163.236
131.91
162.142
223.149
386.906
312.23
456.565
343.003
206.51
220.291
204.38
297.702
441.765
383.483
660.397
443.864
172.103
174.953
129.849
274.456
636.223
506.409
860.653
508.084
243.437
165.936
142.508
271.68
820.473
600.282
799.403
610.944
295.732
209.627
225.672
241.66
738.423
684.525
838.97
576.932
230.674
203.576
160.024
328.807
796.639
660.914
765.005
440.137
213.235
285.77
205.584
353.894
752.108
517.007
836.311
386.903
227.629
244.221
210.945
386.172
830.594
473.241
1159.95
497.705
200.723
161.835
191.717
618.031
1176.38
612.721
1323.27
490.791
181.877
200.393
225.687
678.772
1340.4
646.51
340.823
379.021
207.214
84.1398
92.5449
141.041
306.978
390.376
549.718
456.771
200.667
95.6934
113.788
207.357
508.987
505.722
673.389
656.556
310.771
142.313
205.528
368.645
614.994
692.441
571.139
618.467
345.273
183.742
164.293
284.78
519.365
648.641
565.643
526.736
309.86
182.066
189.814
233.76
527.145
557.824
716.454
542.115
259.102
156.91
120.084
264.171
677.618
601.996
492.385
443.549
238.674
210.9
149.881
217.352
455.929
484.864
201.698
149.055
233.991
266.33
264.719
159.7
201.916
156.912
692.796
548.06
273.61
215.91
199.434
334.646
652.41
609.354
449.056
326.853
234.647
385.924
233.665
279.201
423.479
370.533
578.843
484.159
202.615
174.043
150.483
232.92
536.869
537.023
331.321
364.68
288.421
319.988
265.647
265.299
305.332
376.025
841.917
600.34
190.862
128.939
150.493
283.908
787.198
688.261
766.719
507.347
230.136
217.002
149.3
328.16
743.308
580.228
664.399
348.181
213.212
179.314
199.511
268.089
643.23
413.929
1035.36
519.545
148.229
139.379
156.002
363.307
1002.19
643.96
803.514
519.168
214.134
154.863
218.451
437.978
777.725
599.271
1038.92
487.735
165.637
160.112
176.685
616.618
1064.16
580.911
786.626
572.934
202.133
205.698
225.724
457.329
771.196
636.912
982.879
365.88
152.663
98.9407
205.452
653.683
1023.65
457.999
395.481
322.777
136.699
96.3861
105.421
211.054
368.687
358.446
373.352
383.789
254.358
119.44
116.35
175.165
344.86
397.043
520.745
585.794
298.556
260.482
213.848
331.992
475.114
610.205
453.769
566.469
315.06
170.702
191.639
385.514
420.081
577.194
500.951
621.999
360.841
198.499
157.206
263.759
447.875
632.29
517.692
430.144
257.775
181.152
230.567
265.556
483.929
464.642
509.774
538.41
291.475
166.637
169.407
236.551
462.083
557.152
386.26
328.275
249.24
187.606
175.795
192.226
368.036
348.306
695.735
679.87
263.973
210.036
234.869
325.71
624.751
742.606
321.311
276.364
138.516
172.307
135.822
221.604
296.203
302.95
324.335
332.552
205.441
153.938
141.671
186.642
298.428
349.101
467.767
367.159
195.988
262.712
196.292
240.51
441.684
409.522
423.416
335.76
215.598
186.903
131.292
185.616
398.535
369.457
421.267
428.032
225.967
178.5
148.764
193.244
385.606
452.405
813.403
571.472
208.935
145.953
144.998
325.093
773.782
652.018
1034.8
495.166
195.466
123.68
163.471
352.56
1001.61
620.203
870.255
449.022
160.228
133.499
117.782
275.225
831.313
558.474
1434.53
649.798
166.654
246.218
165.279
485.098
1398.8
830.986
938.427
384.029
189.04
163.791
124.202
411.452
942.637
487.007
919.162
361.163
176.612
98.7934
255.295
650.8
955.704
448.427
