238.453
234.402
131.413
86.4166
93.0656
155.392
228.654
245.328
252.298
192.223
170.974
149.425
176.583
180.664
240.756
212.845
201.488
198.781
197.304
139.862
161.418
209.602
208.884
196.344
318.368
244.821
192.895
210.161
211.563
222.891
317.01
259.67
213.489
294.041
235.155
176.969
246.289
247.348
209.994
281.571
173.733
292.24
293.258
187.755
170.961
163.134
173.83
262.023
230.501
303.293
374.186
254.964
200.84
276.493
245.662
260.053
256.631
368.132
668.678
453.842
329.41
182.261
247.331
325.909
113.797
301.464
748.705
772.812
500.855
149.033
103.677
249.775
211.715
243.685
603.17
923.764
391.182
212.402
217.999
213.788
187.436
179.959
551.539
977.347
446.822
119.819
184.335
163.781
163
134.257
415.808
913.147
405.826
113.85
167.582
133.898
103.005
92.7658
243.092
744.432
397.305
145.831
109.7
86.6152
121.385
117.047
399.862
1146.83
666.934
118.304
113.392
118.13
177.417
261.907
356.335
727.639
788.398
328.854
183.42
243.757
169.251
161.364
300.05
564.456
752.978
408.663
182.053
139.737
210.92
225.614
378.346
352.852
497.45
391.207
218.527
212.85
338.805
461.688
456.566
445.359
816.251
794.009
349.774
409.734
423.382
410.256
398.28
404.727
779.919
895.922
482.934
400.138
508.63
449.418
388.011
317.828
538.898
833.218
557.214
461.783
228.805
153.723
79.0384
70.9675
96.2743
165.658
230.419
170.667
289.185
193.228
121.829
84.1263
101.697
199.198
289.946
213.889
368.539
252.995
120.669
74.8964
82.9578
188.986
362.427
281.192
241.02
186.57
153.506
108.799
132.711
165.106
242.325
193.712
259.803
227.739
168.67
149.558
150.265
235.132
266.945
235.482
353.752
280.655
223.6
196.155
166.28
215.852
348.768
290.021
292.475
458.276
445.18
182.658
183.599
248.208
287.957
414.983
241.719
358.97
659.503
467.876
439.549
245.049
242.899
305.003
220.247
282.628
566.518
535.891
436.665
241.539
213.226
260.477
183.963
291.444
630.471
798.212
310.594
187.034
172.254
265.129
118.131
146.369
560.198
1146.36
501.519
138.894
123.383
122.909
112.256
127.532
479.708
763.509
358.952
127.57
114.038
109.83
175.205
184.348
280.274
459.711
392.845
216.531
172.306
178.9
175.652
193.634
203.951
608.929
490.233
169.399
160.961
194.709
198.778
186.002
286.729
536.278
531.238
277.151
201.075
184.208
225.733
236.189
362.412
408.882
754.687
507.503
231.943
216.23
245.332
261.689
465.763
494.012
836.932
553.368
254.106
240.812
250.212
183.075
274.659
345.427
388.34
335.91
261.266
176.468
677.974
406.77
382.355
260.753
643.163
963.021
755.923
443.006
555.114
517.045
314.013
266.18
538.045
913.3
618.745
532.337
296.927
206.842
97.0167
66.0153
71.8788
160.682
294.366
228.77
250.804
216.148
152.701
125.878
127.132
186.411
239.436
233.939
203.887
135.714
100.812
119.198
118.361
131.989
200.376
148.478
241.291
177.105
96.0747
131.959
120.238
204.562
243.861
196.553
280.738
261.45
191.207
147.393
163.75
175.038
273.5
270.574
356.95
616.971
438.843
209.408
195.509
333.501
331.347
582.206
438.529
626.071
591.204
241.95
322.9
400.049
442.391
575.258
263.959
484.215
716.173
478.544
375.945
321.69
253.134
417.731
273.098
475.076
685.87
584.755
302.374
267.666
275.49
418.475
273.471
373.522
690.723
722.918
386.439
268.806
281.066
338.615
217.473
400.882
686.808
628.722
338.529
215.86
207.891
357.8
120.138
171.328
544.338
829.715
429.289
124.844
113.343
148.59
150.351
164.617
365.083
774.177
571.507
153.4
139.487
158.466
184.255
162.829
311.525
836.107
632.093
258.53
185.85
157.591
129.482
204.132
339.377
625.877
708.145
334.524
133.701
182.5
296.326
265.899
234.764
474.306
462.18
293.29
282.331
285.555
261.654
244.466
347.483
379.886
797.005
684.256
306.936
239.562
221.702
394.169
425.466
410.625
795.821
767.38
267.425
340.253
635.114
427.466
368.002
326.991
680.212
950.974
712.739
441.321
770.07
485.441
380.474
271.861
598.178
1042.36
858.79
499.876
238.651
155.139
85.7121
73.8066
124.154
233.121
251.021
169.724
347.634
226.156
124.282
117.214
138.08
241.788
348.382
251.356
250.613
247.516
118.933
106.861
99.6909
200.043
242.738
260.032
339.143
237.823
178.079
157.29
212.74
276.584
341.86
257.825
262.758
201.671
168.162
201.888
178.776
238.465
268.662
210.644
366.844
420.012
275.23
195.473
169.531
250.935
363.538
405.699
409.416
677.802
608.74
296.896
267.544
330.852
380.977
644.474
380.403
557.134
544.262
363.491
289.44
228.47
352.567
533.126
284.401
421.924
664.644
510.836
465.506
314.913
285.604
376.277
189.522
363.773
738.954
816.595
360.099
230.741
187.652
311.636
182.713
253.672
417.784
499.266
334.614
195.216
173.064
238.142
131.726
149.606
298.389
624.617
462.925
222.565
135.653
147.961
92.5405
99.9875
317.323
726.948
509.273
174.702
97.2942
90.6177
231.766
206.763
309.815
667.201
624.524
330.778
233.772
217.584
238.312
226.857
301.637
443.111
444.394
362.232
243.925
216.743
381.489
222.908
398.88
462.179
565.265
422.067
400.501
229.123
417.988
362.867
351.413
335.186
577.383
631.637
430.719
363.528
523.571
434.01
201.233
215.943
505.02
816.102
557.599
459.295
608.237
418.454
415.783
342.66
488.092
839.293
683.088
405.963
737.68
499.28
394.27
228.689
551.77
964.127
817.061
531.014
306.577
177.05
109.307
108.395
135.759
177.569
307.502
198.066
275.897
199.371
121.729
116.236
140.23
215.714
278.436
214.778
193.995
287.512
171.403
148.33
115.03
171.288
178.011
286.107
277.312
191.786
127.598
129.107
142.292
205.035
279.847
209.275
288.625
211.611
138.564
163.223
173.841
200.36
276.966
233.077
326.427
449.19
286.168
188.463
233.288
301.438
324.992
429.338
350.275
616.365
453.93
170.15
245.6
298.002
306.016
590.557
371.334
606.567
543.782
287.373
290.561
291.713
355.232
578.487
297.323
410.809
520.387
404.412
294.849
208.271
282.117
389.694
201.959
275.182
530.622
611.953
293.55
196.32
206.421
248.284
123.15
214.643
459.183
581.428
337.195
160.496
121.255
183.444
138.375
121.652
313.221
629.013
402.975
192.159
145.209
112.86
132.699
136.136
274.234
742.707
550.019
213.581
125.377
138.732
151.406
212.448
349.603
695.301
736.074
372.855
158.458
193.951
364.404
284.431
250.778
435.102
730.39
754.227
413.843
274.925
557.824
258.36
275.18
209.535
371.979
550.995
592.754
288.636
545.366
448.397
369.354
256.833
583.349
834.938
607.143
454.154
488.088
372.679
224.796
230.921
459.544
782.257
553.857
382.829
587.075
404.73
317.844
316.763
536.589
853.873
659.14
414.78
580.317
354.911
307.32
236.888
390.972
821.435
654.392
348.557
241.77
161.346
111.297
110.141
122.171
151.62
238.233
178.632
300.921
297.158
146.105
103.149
120.873
217.262
295.346
311.63
299.11
269.389
201.079
145.042
199.275
204.22
282.987
284.179
223.778
247.569
214.61
96.4296
135.033
195.693
221.794
238.132
370.111
248.65
138.462
193.466
160.861
175.238
344.373
288.133
462.453
363.767
245.699
171.334
147.15
268.155
459.995
395.56
568.275
651.039
345.519
138.715
198.184
441.665
587.987
656.323
467.528
630.242
530.835
302.738
332.526
348.139
422.5
620.638
439.389
596.356
605.673
339.738
374.109
386.348
396.517
565.192
145.132
310.34
617.394
700.414
371.375
245.134
141.249
262.624
220.538
203.656
426.916
806.655
499.228
208.141
222.184
191.454
312.785
211.242
289.076
533.588
465.992
328.53
322.861
226.076
350.771
213.593
262.829
552.473
425.116
221.656
353.692
230.923
375.729
185.621
243.466
390.544
495.205
344.876
396.501
212.465
393.404
315.755
266.012
303.635
612.83
760.758
453.701
317.213
554.581
450.591
249.369
267.703
468.006
785.901
613.224
459.929
671.269
347.245
346.554
245.176
520.143
836.197
746.464
373.247
682.089
380.35
355.716
228.903
479.668
867.791
758.732
379.652
775.495
471.572
261.719
182.787
427.632
920.868
848.498
487.099
429.74
335.174
260.605
250.684
307.313
516.297
429.012
353.389
463.952
216.546
155.925
213.638
143.05
201.225
460.117
267.209
306.01
294.311
152.066
100.158
120.077
206.261
296.685
312.971
237.927
251.032
166.3
128.219
193.163
145.848
216.711
258.524
395.923
222.002
205.62
176.645
128.817
220.857
401.405
252.124
370.262
393.288
295.618
146.691
247.91
273.074
338.914
394.201
362.387
544.039
322.96
293.816
222.909
274.402
328.785
533.012
490.582
630.109
406.68
163.426
281.292
325.929
431.954
640.661
460.693
595.046
457.378
357.737
358.016
360.161
419.514
591.635
467.292
582.995
545.478
334.053
309.155
382.647
442.823
574.733
385.038
350.924
545.622
551.333
312.045
255.899
383.633
333.362
217.569
296.957
340.29
650.716
406.637
226.821
213.285
292.798
291.282
200.88
291.32
497.527
357.945
217.673
296.057
203.801
433.896
325.929
363.924
378.052
599.136
503.568
423.888
358.71
193.055
210.131
262.206
552.407
581.662
373.112
196.062
207.091
494.22
326.089
275.97
310.821
353.424
445.352
500.753
361.266
630.906
312.682
310.98
250.601
432.535
704.98
683.075
330.725
757.937
398.185
242.284
220.105
353.355
785.124
810.023
430.932
824.345
383.454
190.326
160.019
297.733
734.984
878.867
439.189
665.08
324.164
211.651
172.535
350.08
669.687
720.965
371.743
813.269
395.611
223.906
137.219
305.476
748.042
879.102
446.347
241.429
195.754
115.928
88.5981
131.664
245.881
251.904
206.166
355.392
279.194
176.732
86.9475
160.633
261.632
357.645
293.809
423.941
295.219
168.168
91.6813
165.149
286.454
413.149
323.85
333.047
319.517
124.583
93.3142
142.529
236.463
320.491
344.877
561.258
575.518
296.335
199.663
217.787
370.958
552.113
597.24
373.497
570.366
364.986
224.604
209.886
280.435
324.997
564.537
468.931
617.124
361.183
217.992
248.262
341.593
418.679
617.652
537.425
630.399
451.793
188.284
271.493
352.831
501.886
634.424
575.737
625.186
439.223
261.406
287.144
453.632
562.046
633.377
386.95
491.945
625.187
512.65
287.882
269.947
374.513
472.131
162.205
183.87
398.657
636.85
415.921
168.511
160.297
175.019
160.969
167.216
248.837
407.159
497.32
322.916
167.296
164.905
409.463
254.326
246.617
333.955
467.665
531.575
442.122
263.203
432.459
301.559
214.774
309.29
524.387
676.225
482.326
310.575
584.346
263.06
163.375
233.929
359.054
635.749
636.517
299.11
791.684
352.405
178.989
148.424
299.76
646.35
836.842
421.823
860.236
388.403
197.387
156.493
308.308
689.128
901.653
453.726
861.852
476.03
202.449
178.244
314.244
777.019
929.632
542.459
762.931
377.175
197.957
185.778
340.248
745.865
832.049
430.274
1005.75
420.883
223.062
158.873
290.41
754.555
1056.23
505.012
355.364
186.354
96.5462
90.3827
106.075
254.414
365.984
216.083
380.471
246.654
127.836
163.024
117.124
209.538
374.402
279.422
464.214
429.406
176.005
215.885
157.369
239.926
433.473
473.7
458.361
544.422
242.86
96.8113
120.518
267.913
417.382
556.487
405.861
394.344
160.035
219.794
192.101
278.432
404.221
424.584
517.472
672.321
482.582
252.072
319.329
335.86
469.799
672.789
637.645
672.256
325.766
187.587
168.505
307.038
583.377
715.806
689.219
556.829
266.59
307.178
232.109
365.873
658.409
591.166
693.791
723.992
449.099
296.758
323.053
354.155
629.184
756.251
388.591
437.666
528.735
476.857
287.898
274.75
376.99
407.772
469.765
287.506
519.241
803.843
498.225
289.001
457.436
321.264
423.583
348.532
409.689
531.153
570.585
569.158
443.188
341.237
469.075
360.76
273.443
317.51
393.007
520.537
499.143
370.319
673.845
388.207
170.771
263.504
289.809
414.922
666.691
454.805
708.643
410.376
149.328
119.602
196.954
381.464
694.976
482.729
627.173
358.952
212.873
204.519
244.919
399.916
624.421
415.048
599.017
368.297
188.819
201.23
287.468
611.402
641.607
395.538
816.547
378.474
267.566
170.841
278.78
709.571
880.034
430.649
783.269
394.282
183.372
188.173
272.372
635.849
826.529
466.332
955.909
393.359
131.307
96.6507
250.205
697.387
1004.37
482.79
363.977
200.896
85.6801
86.9853
89.9935
219.465
369.923
233.997
268.77
226.417
180.68
145.108
149.145
171.542
269.429
245.199
345.14
449.744
230.735
111.822
125.469
252.26
300.028
460.695
565.881
511.329
210.616
119.222
120.324
363.577
560.552
554.549
473.242
416.334
191.933
118.786
120.613
263.482
435.571
461.134
568.153
568.989
304.513
132.188
238.286
432.015
544.071
591.44
636.747
675.836
398.743
267.431
201.058
224.568
568.018
716.806
630.295
647.978
299.157
269.128
257.951
432.441
583.876
689.954
545.819
637.829
344.161
175.419
278.922
453.866
502.185
654.099
462.498
555.151
598.004
351.355
259.189
360.068
448.154
519.864
205.115
296.297
366.804
528.218
435.481
298.382
212.783
274.802
528.88
340.936
450.747
475.653
707.237
728.053
578.029
358.353
642.046
308.358
189.56
166.707
397.663
723.032
696.274
342.815
811.592
369.004
181.123
114.344
225.291
577.629
836.854
434.165
773.773
360.705
161.974
163.26
216.751
551.587
792.588
427.856
856.044
372.918
143.822
146.769
223.32
586.796
893.711
450.373
694.88
371.986
109.23
165.214
251.645
622.092
755.201
421.127
980.667
384.571
114.949
145.703
196.734
622.786
1019.2
484.876
816.659
353.454
123.236
147.242
191.055
353.071
804.055
447.354
903.382
414.823
160.503
151.319
217.422
649.238
951.378
487.365
381.511
238.56
130.328
103.017
120.68
291.353
396.16
251.051
349.221
190.91
154.468
128.072
160.392
247.737
362.495
218.02
420.639
525.278
289.84
182.536
176.949
219.88
375.516
537.173
362.598
347.341
189.317
183.678
160.183
323.125
363.226
354.905
626.315
514.115
267.029
236.787
255.381
245.477
564.989
574.659
487.81
436.007
195.18
162.348
119.711
280.808
444.543
480.853
431.704
440.097
261.995
318.999
223.684
268.005
395.932
464.744
504.874
535.695
338.412
195.375
198.472
237.289
456.269
558.235
629.905
786.151
455.311
176.698
230.192
336.477
555.098
795.024
878.251
820.52
454.688
272.856
287.945
442.876
820.561
863.632
414.224
423.217
354.784
575.635
568.699
447.466
403.975
433.075
712.477
371.64
301.725
313.351
406.799
616.248
738.554
414.441
918.619
387.847
176.835
131.662
252.256
641.513
948.009
475.443
977.653
506.045
210.345
169.065
204.492
569.524
985.791
608.699
824.8
396.254
211.414
194.559
241.771
579.135
854.247
476.15
803.092
376.339
150.011
142.711
267.06
575.302
830.475
451.26
919.893
310.938
173.562
108.195
181.005
619.243
969.003
400.398
1206.68
476.614
111.125
234.627
183.089
539.248
1213.53
621.151
968.174
342.573
118.637
206.567
132.592
445.974
990.263
450.543
879.933
360.787
136.094
143.867
189.274
560.288
920.997
427.933
354.223
306.414
134.663
65.8952
110.614
153.406
328.535
335.377
233.136
174.647
95.4111
145.261
131.914
121.922
219.852
194.816
419.576
490.972
260.131
128.112
109.523
244.602
402.264
499.692
254.28
278.549
262.861
170.795
196.058
220.318
249.913
268.333
399.314
371.668
153.595
135.918
223.111
348.664
380.43
409.38
636.268
515.239
149.913
100.88
131.441
260.451
587.064
581.467
520.732
500.933
163.303
122.25
124.42
329.85
476.944
550.778
550.99
486.2
197.775
129.548
134.862
278.076
512.529
533.628
800.302
632.755
244.105
183.98
155.48
309.355
738.99
710.912
761.901
573.761
309.99
274.773
186.556
249.276
717.928
630.842
737.401
505.634
202.453
191.539
135.76
223.026
686.067
585.87
912.448
444.505
212.354
291.922
223.687
428.505
905.789
532.96
923.839
468.962
120.984
108.18
128.519
527.095
936.283
562.978
1141.19
499.75
177.936
221.201
211.369
470.213
1127.74
636.901
903.692
390.719
134.239
115.095
215.783
459.754
907.988
488.419
684.402
339.859
141.603
246.69
175.283
324.752
670.767
425.05
964.719
388.135
182.635
151.561
166.493
485.784
975.403
490.707
844.308
508.173
166.039
100.243
176.435
445.433
814.232
610.675
943.109
335.038
164.808
229.115
151.595
366.41
939.988
448.343
1345.75
538.146
177.508
149.343
144.867
547.154
1338.83
705.188
386.778
375.863
164.514
78.1472
70.2771
172.395
354.986
404.984
299.779
220.966
105.944
87.8578
102.149
171.864
285.551
251.252
430.592
481.759
280.411
189.596
176.887
225.032
400.058
495.79
354.031
330.239
222.738
151.823
147.291
187.633
328.85
354.049
416.488
353.23
202.799
170.337
137.064
181.949
379.85
390.768
618.181
550.9
245.763
153.233
156.213
400.117
588.022
608.567
628.605
613.725
304.624
154.301
127.228
256.133
568.392
661.623
594.839
411.233
147.509
142.034
154.692
289.492
568.169
471.067
643.795
459.542
227.274
204.585
163.7
234.185
607.344
518.911
626.794
473.722
248.536
266.025
212.315
317.672
599.734
527.713
506.308
370.682
195.233
279.634
203.789
227.432
480.514
417.279
751.447
420.242
152.849
235.26
231.962
335.5
716.383
507.485
820.137
484.248
229.12
194.004
116.534
392.022
807.048
566.356
1074.95
484.702
128.365
127.018
145.861
401.776
1051.19
616.529
1172.19
563.708
256.567
216.241
231.638
397.967
1132.9
705.261
830.714
395.884
120.607
182.896
173.777
458.733
836.634
487.799
989.628
474.696
135.085
165.218
146.839
571.103
1009.06
574.521
716.162
288.16
144.144
258.805
210.363
333.142
715.49
361.26
1121.84
474.389
144.549
183.153
141.987
446.725
1110.6
607.443
1034.37
451.156
111.767
73.5012
181.148
695.426
1083.39
542.766
420.251
308.287
136.745
103.471
110.891
225.05
409.901
335.641
331.605
251.025
102.563
94.5834
102.427
141.129
303.322
290.391
452.425
406.99
196.063
150.344
161.197
272.348
419.453
441.04
443.166
415.5
224.002
251.115
163.091
286.264
443.52
445.751
670.35
434.093
151.904
135.073
189.516
215.913
623.769
506.9
771.111
527.376
174.758
178.767
145.878
307.869
712.97
614.822
653.656
562.693
237.192
215.71
248.448
276.195
603.742
622.485
500.997
497.489
279.034
150.365
175.624
262.534
457.97
520.911
647.495
490.805
211.848
149.18
132.774
224.025
606.754
551.591
624.156
422.331
199.769
172.332
176.9
296.699
599.809
483.636
819.519
567.986
250.671
248.544
147.004
350.082
786.542
647.157
699.325
445.385
178.899
115.351
115.222
258.406
674.159
503.48
919.335
575.433
169.395
157.885
152.438
412.226
889.54
674.515
998.87
491.377
269.999
233.698
187.05
344.373
966.465
606.051
1094.44
471.994
133.1
185.003
177.055
431.782
1080.61
608.128
978.525
516.241
124.676
140.637
152.202
526.55
977.219
621.711
972.043
413.054
107.881
126.491
211.821
488.663
972.351
528.566
1025.7
429.494
130.72
121.344
170.914
430.136
1010.29
555.108
1204.53
492.305
207.786
166.399
201.33
586.631
1213.9
622.563
1266
529.897
154.839
141.819
143.487
504.264
1261.22
677.43
279.128
247.552
156.345
109.075
112.777
211.65
292.722
248.489
306.802
301.618
151.161
150.224
114.945
160.109
287.056
325.859
329.404
268.503
166.025
131.957
125.025
249.555
329.481
287.373
435.492
635.752
383.421
182.991
163.536
337.731
393.106
629.063
750.352
478.056
143.557
176.852
223.188
309.085
706.041
562.759
666.297
518.538
235.361
201.162
220.85
280.514
605.862
592.336
629.301
601.512
360.999
143.427
196.947
288.498
577.684
636.028
534.128
453.61
169.78
122.03
136.3
262.534
487.862
508.661
779.311
532.546
300.462
340.604
300.359
335.279
740.743
606.919
737.226
555.714
202.384
188.531
133.39
259.359
688.836
630.818
600.383
379.82
211.96
171.607
164.915
199.323
563.898
441.939
573.097
354.694
289.678
303.994
253.904
308.886
560.35
394.149
644.924
346.642
148.322
96.6654
123.432
188.966
617.226
420.939
1039.68
538.415
142.844
186.971
167.695
346.479
1000.81
667.054
1060.46
561.794
187.666
165.788
168.908
332.017
1014.8
689.976
874.768
549.29
137.89
95.0354
171.965
424.452
852.209
641.81
1023.32
409.46
174.979
235.003
242.234
444.164
1018.2
536.482
860.778
406.717
163.15
151.141
159.348
323.78
822.125
511.622
1084.22
480.268
180.466
147.024
187.475
625.224
1106.48
591.491
961.456
397.761
170.753
221.434
209.507
574.758
991.839
497.325
227.927
290.02
154.252
127.189
121.656
148.116
205.441
297.925
328.835
312.958
123.394
103.353
96.1435
146.826
301.657
341.977
544.304
520.789
260.019
126.288
150.724
254.592
503.148
560.558
589.261
751.532
445.333
217.688
163.46
296.202
522.479
762.41
789.7
513.118
265.439
190.488
205.322
312.105
738.493
592.986
833.187
765.603
213.027
164.401
145.766
391.257
753.23
852.038
656.828
643.033
342.499
180.509
226.136
317.501
600.27
690.284
456.293
349.634
218.002
279.836
198.678
199.199
421.463
390.152
656.323
482.067
275.637
232.003
172.482
203.11
605.805
542.872
828.316
567.742
228.81
241.054
225.929
320.621
782.647
648.845
916.415
618.926
214.301
278.851
201.745
348.665
871.797
716.254
750.457
679.706
273.101
288.439
185.324
327.026
683.04
755.03
809.803
481.349
241.271
232.772
192.706
254.546
765.447
567.531
723.834
539.975
202.142
183.099
138.282
303.498
681.797
615.374
777.927
461.663
152.328
144.572
167.76
344.386
756.88
544.189
932.572
599.693
226.051
201.866
217.923
369.345
879.526
696.503
749.204
297.578
135.475
171.365
192.047
281.574
731.235
378.387
988.246
441.64
120.438
112.029
115.753
383.638
980.473
547.664
1134.71
453.419
147.261
97.4609
166.928
583.761
1146.91
580.142
1354.8
513.644
185.412
122.749
181.891
660.243
1374.23
667.661
219.754
244.31
108.372
116.514
117.866
126.717
202.78
259.487
423.351
328.573
144.291
93.7846
110.464
196.062
391.777
364.446
421.355
537.393
335.84
158.616
151.207
356.989
400.207
538.849
774.976
726.568
350.233
168.408
165.938
319.847
708.663
784.104
672.599
615.564
278.027
155.08
187.402
385.985
623.691
655.807
695.839
661.503
309.217
151.935
178.188
263.404
628.639
718.599
724.997
578.952
243.412
201.943
142.458
292.302
677.755
647.157
626.404
403.508
157.436
148.728
157.959
296.021
611.179
466.08
669.187
487.876
191.245
142.536
159.775
268.397
636.415
552.667
817.977
442.572
195.245
207.181
166.655
392.214
808.333
530.256
796.006
481.091
220.098
220.327
175.16
363.993
777.879
558.938
705.926
466.12
218.266
165.787
113.806
229.71
670.052
530.128
659.393
359.962
135.275
171.939
195.81
361.253
659.082
427.249
477.999
406.595
229.39
230.438
175.757
234.31
456.454
434.203
861.433
600.301
196.123
90.5551
111.997
340.839
821.118
687.266
888.561
439.896
224.723
242.213
259.251
340.992
868.315
538.947
747.862
393.872
182.027
150.322
132.691
296.055
716.047
476.936
1190.02
499.694
141.776
110.433
104.921
500.142
1185.05
641.215
1040.27
433.293
159.83
247.338
196.527
561.617
1058.54
547.727
865.706
378.831
184.546
197.012
223.599
488.568
889.697
454.755
391.766
248.68
124.089
107.956
94.4903
176.512
372.881
291.074
399.832
420.4
182.226
73.7771
99.7021
219.543
366.681
450.389
753.208
695.472
341.468
157.622
128.538
327.63
692.228
746.714
785.722
786.374
386.968
197.324
188.331
303.953
705.949
847.759
541.174
601.533
349.599
210.07
200.514
318.01
498.518
621.101
673.499
715.88
341.606
243.05
204.321
379.545
617.928
763.329
614.763
639.277
357.94
175.621
185.733
340.633
569.231
666.174
309.479
351.932
169.833
186.155
170.957
278.964
295.006
365.725
785.647
658.295
286.93
244.258
211.906
300.881
724.067
730.15
391.446
475.742
345.192
168.905
184.346
263.91
358.321
476.247
312.077
307.855
256.181
234.491
188.208
211.136
297.983
319.18
497.98
338.273
153.205
202.918
184.186
280.658
479.374
387.388
506.477
415.145
216.507
168.016
178.204
326.041
484.389
445.458
682.454
468.439
239.472
213.152
180.568
345.822
661.598
521.74
808.152
591.753
227.788
158.554
202.636
353.223
754.383
668.287
799.896
533.659
250.57
249.654
204.243
305.368
762.466
611.578
669.558
401.79
183.281
207.877
143.996
306.83
650.574
469.8
686.354
321.308
161.658
209.054
196.206
393.491
693.116
391.587
1062.38
490.789
142.359
152.328
176.759
549.969
1069.92
607.689
1339.09
511.937
145.577
165.072
157.343
608.952
1347.06
671.997
297.521
281.903
118.02
98.709
92.7288
165.079
280.916
303.743
476.161
434.404
242.862
113.414
133.317
214.064
445.669
463.775
564.387
608.523
315.709
141.025
160.196
340.447
516.417
633.703
779.429
762.851
372.944
252.997
201.136
330.577
710.704
819.456
688.059
705.235
395.179
170.995
187.896
271.878
617.704
747.166
808.846
626.348
277.389
228.695
168.327
309.265
762.542
698.831
545.274
629.714
325.973
145.212
135.211
273.163
494.026
648.88
418.942
415.793
226.841
125.354
200.334
267.859
392.986
432.644
694.216
539.359
317.655
202.195
199.796
268.591
645.653
588.351
390.295
461.41
319.373
247.576
197.752
244.039
354.96
472.834
637.662
555.513
260.037
167.716
173.364
303.514
591.928
606.444
377.612
412.152
217.983
164.426
169.449
293.384
347.108
431.972
591.131
484.43
221.392
191.264
157.427
211.283
549.485
537.254
764.893
447.785
206.187
187.002
138.848
211.697
726.306
531.705
634.444
365.078
255.826
318.799
275.018
347.201
625.034
410.85
762.293
434.588
195.672
175.804
161.876
320.564
736.861
513.101
914.813
513.66
202.53
198.543
162.815
344.309
882.063
610.401
981.47
393.037
133.453
155.476
242.008
620.736
1014.32
493.46
646.017
374.413
259.747
250.272
238.052
388.741
625.707
436.311
1134.39
394.103
223.169
201.446
250.003
689.239
1168.58
517.31
340.386
361.312
171.241
83.3381
106.156
160.678
306.833
382.614
514.572
487.572
253.257
133.723
157.925
229.53
476.527
523.533
545.213
546.508
276.836
222.048
196.495
196.173
487.9
584.883
579.784
738.046
402.715
177.478
169.417
440.334
546.563
745.369
696.884
735.123
444.955
194.781
245.42
314.77
629.342
773.65
478.082
426.358
264.388
153.118
194.816
263.351
443.722
458.065
559.975
536.512
321.364
185.677
154.284
299.077
519.787
570.841
651.785
613.449
347.196
238.935
204.301
345.521
607.191
646.587
538.909
632.727
333.042
187.784
241.046
402.531
492.544
656.461
374.396
344.865
102.946
114.351
137.92
192.488
337.428
382.214
458.831
427.045
171.559
171.973
129.848
210.365
416.059
469.075
595.486
376.63
122.917
109.582
122.959
220.384
557.578
450.532
442.653
342.908
211.382
257.927
196.408
187.818
402.324
390.215
543.512
467.23
195.888
216.544
176.938
244.481
503.669
519.734
628.905
473.894
224.527
224.223
213.771
291.005
595.508
533.077
716.713
446.468
165.448
113.585
136.048
302.742
687.975
516.399
1028.61
531.598
154.424
151.441
112.916
313.62
984.543
657.864
1108.57
478.679
125.749
156.392
153.084
386.48
1084.85
618.295
912.694
355.17
132.861
167.195
129.657
350.133
909.734
454.794
1023.57
401.968
207.572
162.833
190.891
524.018
1035.84
508.915
