223.332
126.101
105.333
138.01
115.119
169.825
227.893
142.921
213.07
165.02
134.802
176.286
169.379
126.095
211.636
179.543
189.535
181.956
136.001
191.92
171.155
183.276
199.865
179.631
265.372
275.826
193.334
155.039
121.08
230.527
273.487
264.634
164.871
246.061
162.112
114.426
129.358
185.745
169.032
233.369
321.239
293.411
270.914
239.099
216.311
215.126
302.093
292.424
292.272
395.794
542.339
346.207
261.452
237.893
285.667
361.849
225.783
287.764
597.717
582.318
262.329
155.204
218.866
248.666
181.992
278.894
605.117
622.888
373.05
150.438
181.923
246.132
189.133
261.108
711.372
828.164
465.398
207.699
194.698
219.071
105.264
165.236
596.953
1039.29
458.318
183.544
108.059
138.67
218.373
170.444
350.852
692.473
302.089
200.779
210.49
183.087
119.797
71.7389
211.782
662.08
431.193
116.201
127.091
77.3936
202.762
221.466
351.575
828.57
651.356
221.753
200.828
211.58
209.509
331.107
395.032
579.505
750.181
414.029
198.784
311.564
265.655
170.973
304.977
466.66
693.895
434.83
278.714
174.759
273.344
387.445
306.563
277.853
481.364
446.682
271.527
372.967
390.858
354.048
333.36
265.407
682.727
813.677
450.086
358.728
511.186
466.533
478.528
189.398
625.824
913.828
579.632
439.313
352.288
391.127
277.28
216.848
323.877
666.841
401.922
371.443
368.391
203.971
141.081
111.081
88.6331
222.742
371.228
231.665
247.374
225.221
144.552
152.478
153.232
239.177
243.168
240.218
340.434
210.572
162.472
146.489
131.555
210.129
340.011
233.023
234.986
202.005
132.928
106.882
114.191
157.366
231.145
210.245
244.274
232.095
197.698
162.644
154.476
191.982
238.807
238.536
351.138
411.668
314.164
206.366
254.171
264.146
339.422
399.586
233.445
429.53
543.378
266.205
247.444
232.832
218.606
388.584
208.217
373.244
639.789
466.882
387.355
220.569
208.645
325.084
248.85
328.179
650.542
688.585
330.958
223.895
239.721
291.593
216.829
226.515
539.11
660.915
391.704
248.318
234.931
219.063
98.2073
160.572
554.425
792.871
347.577
111.147
94.8288
134
93.3531
90.2168
278.517
747.75
460.909
132.391
93.7476
85.9435
297.76
160.137
240.913
715.851
558.272
223.508
302.188
185.753
280.945
199.962
296.247
548.061
467.029
306.622
298.673
201.588
199.958
241.003
332.045
405.327
605.033
439.969
223.21
232.386
193.196
237.362
386.553
464.154
788.419
535.229
209.566
214.883
359.982
281.932
403.666
466.688
741.542
552.057
365.823
290.957
626.299
483.592
254.081
209.622
412.436
813.805
688.557
494.129
652.165
447.691
458.41
249.338
699.28
1012.05
735.42
433.479
653.678
336.904
218.939
233.374
344.745
714.62
722.28
383.551
265.754
150.282
111.08
110.109
153.46
232.61
274.139
170.294
452.351
234.335
139.442
188.364
191.042
253.868
454.228
267.071
228.599
164.429
126.573
81.203
103.43
173.031
231.827
174.556
304.308
335.197
135.263
134.066
151.123
194.813
280.437
354.507
277.563
416.559
320.96
322.894
219.185
262.453
250.738
400.476
530.436
415.991
314.308
312.505
187.089
313.087
532.154
423.734
370.161
587.842
550.416
231.231
317.934
382.314
364.817
543.714
207.038
559.142
727.468
568.096
298.181
323.278
182.336
486.429
227.572
358.599
665.004
605.795
336.498
232.114
225.792
312.706
248.056
343.586
633.972
710.261
354.636
240.024
258.6
306.419
120.331
266.538
611.733
728.979
329.327
204.602
120.558
215.466
182.11
160.365
412.736
781.345
500.302
170.042
191.858
159.465
267.276
142.738
345.374
856.704
570.551
170.663
261.337
161.702
205.66
178.145
283.34
548.434
658.098
366.447
215.319
175.101
194.782
204.814
312.905
494.297
627.018
315.093
190.689
190.392
275.19
279.11
294.219
395.425
651.985
623.939
309.716
262.241
465.376
410.868
284.303
319.929
651.84
720.242
457.268
432.858
405.262
350.452
313.522
320.372
662.023
767.053
460.741
353.251
683.928
449.4
330.873
210.484
531.968
982.567
770.137
450.047
749.677
403.499
266.958
172.405
343.52
798.732
827.511
441.273
305.357
164.784
74.0377
63.1532
97.5786
227.389
315.152
189.4
252.298
183.149
142.796
122.761
149.893
185.272
251.467
192.56
388.577
224.986
110.223
119.924
90.7477
216.693
389.72
261.361
295.744
252.412
143.613
165.472
153.976
178.843
280.603
277.723
362.293
402.751
214.752
127.73
152.409
235.891
355.544
403.154
325.417
559.501
427.719
202.554
193.704
260.279
285.567
536.303
334.502
622.607
577.599
237.194
294.897
337.344
289.626
581.211
333.99
510.282
647.639
399.702
377.692
303.66
327.032
463.5
222.865
387.504
592.606
549.516
251.668
206.62
221.491
342.099
203.975
242.094
451.296
694.759
381.283
190.201
193.631
228.234
84.9333
104.888
370.339
836.537
598.05
182.935
87.2746
94.6582
142.081
124.016
317.823
665.681
480.142
179.479
141.196
124.472
225.562
147.121
245.406
524.986
470.143
233.998
223.332
161.93
234.565
250.986
351.367
530.791
633.671
461.948
244.374
249.416
442.076
323.438
261.891
244.383
458.221
630.518
485.752
336.839
364.129
258.549
200.027
247.257
372.677
310.103
350.074
292.817
528.791
333.232
344.623
328.644
578.825
765.99
582.83
329.48
478.697
420.183
258.243
243.676
426.986
801.266
542.654
418.646
525.422
368.624
223.033
219.308
467.534
899.059
611.964
363.927
707.403
338.624
212.478
141.781
338.775
795.532
783.777
365.121
274.339
204.414
102.327
108.945
133.799
199.681
268.513
227.37
357.363
381.564
198.25
120.796
116.719
162.757
322.561
406.53
389.903
200.101
80.888
116.527
123.254
265.363
402.221
235.612
459.4
319.065
132.894
145.627
152.574
164.12
423.16
371.259
243.6
314.537
249.331
152.757
168.581
290.349
245.454
307.722
396.513
467.023
378.221
222.684
216.773
340.796
371.341
466.584
440.454
676.543
526.857
189.138
307.708
417.81
411.119
654.548
339.941
561.121
553.714
345.643
283.326
220.252
301.383
536.056
217.491
344.837
477.524
378.739
215.433
165.465
196.95
318.341
189.583
311.319
547.936
744.474
370.28
205.729
181.863
275.71
231.158
199.599
356.46
925.927
519.363
195.272
237.798
212.392
172.402
192.365
375.275
822.02
488.374
201.536
169.26
186.139
228.487
213.502
308.853
549.239
585.109
333.228
230.728
206.653
363.383
294.567
289.514
347.983
566.317
648.518
406.483
301.759
402.197
400.742
270.115
323.398
486.324
627.951
432.414
417.36
517.448
368.227
380.042
242.916
588.513
810.071
579.229
376.806
486.703
337.549
356.96
174.222
474.293
725.544
542.916
336.207
542.562
432.824
226.778
195.439
454.128
869.905
618.532
438.714
466.405
411.264
293.504
170.88
388.621
814.015
536.163
404.784
671.946
287.819
216.898
240.752
207.521
574.328
726.51
323.151
242.577
182.971
108.664
126.234
135.51
201.071
250.283
193.453
349.802
412.948
190.26
83.453
133.927
270.973
316.762
422.833
191.318
255.599
209.285
122.841
189.544
248.239
189.523
241.003
298.954
276.356
146.056
103.533
62.2532
124.686
268.776
307.135
284.578
200.213
161.352
147.115
155.237
174.645
280.602
217.392
409.731
493.157
248.439
105.324
127.798
291.196
368.548
505.854
448.226
589.921
524.237
263.585
272.233
262.096
417.956
570.751
384.281
640.602
502.829
310.848
305.776
317.064
335.09
613.819
378.734
357.746
491.058
425.256
371.367
275.738
367.142
351.656
176.486
260.228
569.662
685.019
329.703
185.782
182.595
224.422
157.018
125.203
390.645
911.712
485.181
122.601
153.745
124.455
251.335
253.156
322.409
405.96
436.338
328.177
256.254
251.98
412.55
187.24
231.735
393.679
440.612
281.272
411.738
229.642
284.487
314.16
302.44
306.922
359.568
356.879
291.698
303.226
680.748
333.673
304.923
274.39
521.602
732.156
727.924
376.166
711.112
371.989
245.882
190.211
394.777
778.587
772.498
395.726
721.749
439.559
305.899
277.957
373.397
807.012
794.422
470.827
725.732
371.391
303.504
182.016
436.807
775.679
793.529
417.517
543.005
384.089
197.947
279.209
400.371
753.876
601.289
402.572
928.431
389.777
143.044
132.97
224.312
542.237
940.084
491.797
441.281
196.23
82.1236
102.67
153.558
222.348
452.109
237.168
273.346
368.103
179.601
135.165
133.643
239.761
248.553
368.111
194.852
184.949
244.775
188.993
161.93
151.581
200.086
181.754
397.431
386.127
259.569
185.6
122.726
204.466
376.748
406.949
361.418
402.593
184.581
129.142
166.571
261.005
325.439
411.877
486.08
566.337
347.923
229.89
240.347
262.391
441.365
588.048
487.166
715.038
464.912
170.715
231.495
390.201
447.908
705.649
590.12
772.006
433.272
263.152
231.718
372.495
535.228
780.879
387.208
567.036
505.196
263.824
246.654
237.782
347.123
550.885
270.013
202.612
450.345
677.906
339.279
170.298
266.305
200.715
217.808
177.328
246.59
645.528
385.539
250.016
228.008
179.108
381.145
230.498
249.795
326.196
327.244
442.989
409.019
224.048
309.377
230.98
283.3
463.23
644.443
516.213
339.819
247.529
305.305
249.213
280.011
210.415
427.391
510.37
333.795
238.646
521.909
346.349
165.425
137.312
290.582
560.284
556.393
366.559
754.643
320.893
208.582
176.346
320.743
631.388
800.602
388.159
758.224
390.453
197.624
181.475
328.99
751.071
827.263
441.931
806.275
391.297
219.264
186.429
343.112
777.403
860.281
439.06
924.972
438.127
219.455
131.02
271.503
698.702
965.295
505.063
714.995
342.87
194.484
140.348
228.227
611.805
762.208
372.501
298.533
234.749
122.823
91.4588
105.028
202.57
307.802
250.022
373.388
451.716
225.038
118.45
152.378
217.093
342.097
464.872
524.672
352.704
201.247
195.044
186.06
339.319
518.423
394.82
609.299
432.3
189.577
180.827
155.909
229.042
559.66
509.053
568.633
604.717
287.498
126.385
135.541
293.694
519.005
632.263
398.211
525.367
272.553
137.697
129.023
302.719
377.793
528.481
474.428
628.214
397.257
349.237
291.443
325.071
430.469
633.642
450.72
577.586
424.768
244.836
295.062
314.45
420.575
574.74
350.017
533.519
581.617
322.776
360.751
377.872
329.663
493.865
126.876
265.767
548.603
572.056
343.028
191.829
128.295
223.284
203.558
207.599
363.319
541.671
440.989
244.356
197.371
202.604
333.722
195.576
256.773
410.661
461.124
426.508
362.332
207.335
416.497
242.208
191.844
278.571
390.135
452.206
434.536
267.401
566.673
323.396
241.07
241.193
396.099
554.051
600.864
361.818
724.797
341.608
189.495
194.403
300.41
633.703
772.542
399.458
801.346
380.926
200.716
139.372
332.602
685.703
851.631
450.989
871.069
362.916
255.53
154.233
309.077
733.629
917.965
419.137
1032.56
371.986
213.514
182.158
287.894
661.472
1061.96
477.245
778.801
428.066
182.294
97.2653
270.268
737.055
841.676
466.75
1190.39
422.546
155.118
169.546
198.898
598.51
1215.14
560.385
489.812
331.399
110.29
109.131
125.445
328.799
496.448
375.902
468.719
493.331
208.811
152.019
150.032
270.651
427.662
529.302
476.308
344.415
176.331
147.139
155.978
336.14
482.477
364.735
402.691
408.741
196.839
123.387
157.277
197.859
367.178
443.175
559.413
521.012
201.29
123.556
129.516
274.414
514.5
572.841
640.584
632.395
318.954
239.245
246.349
328.756
576.946
677.536
547.865
601.067
316.047
279.329
231.5
350.911
499.863
625.819
642.346
656.59
321.362
185.755
204.326
416.093
593.818
704.321
546.777
720.277
558.275
274.672
236.858
365.654
496.539
718.841
348.905
359.702
439.176
579.895
311.163
313.068
340.946
367.563
300.18
242.841
329.315
494.09
543.111
375.004
311.094
245.012
397.242
309.351
240.64
288.295
492.746
552.7
424.263
320.039
717.276
307.633
159.707
187.99
357.68
615.363
754.929
372.179
791.557
333.872
159.35
156.623
248.12
563.451
826.069
409.862
818.488
385.942
121.231
81.7845
162.369
545.437
847.449
459.941
501.295
287.922
181.08
214.739
199.144
447.578
536.33
316.938
880.633
385.273
221.448
151.44
280.296
696.291
922.174
440.069
1024.17
428.923
191.974
180.65
245.104
571.664
1037.78
535.501
865.608
434.251
234.257
153.477
224.094
632.29
911.254
478.483
1103.18
384.327
148.685
111.497
147.893
573.217
1133.62
510.756
321.563
275.005
137.846
85.9548
93.3435
200.764
314.082
287.055
310.207
394.059
231.9
130.64
180.659
211.047
276.141
398.738
354.6
268.584
216.417
199.798
191.466
262.712
361.936
285.582
434.708
427.937
189.197
180.728
188.765
173.139
384.019
467.841
389.133
433.182
248.051
144.669
194.057
301.604
352.873
449.809
646.147
501.777
260.501
156.005
219.477
262.853
594.426
559.671
553.176
622.361
408.754
268.352
234.231
322.555
507.632
629.692
581.939
654.479
280.895
101.645
138.298
284.724
516.687
682.614
688.559
732.592
376.258
247.538
242.658
405.228
637.153
772.834
540.351
452.645
630.833
710.086
394.781
464.594
549.73
434.263
340.375
308.837
323.313
660.638
578.609
440.292
345.119
311.129
605.666
393.171
290.296
266.935
504.342
672.481
642.372
425.291
850.458
403.841
163.231
146.113
268.593
578.488
870.833
490.049
635.157
356.124
171.202
202.94
207.382
419.421
638.38
407.641
807.882
378.047
258.729
228.567
305.628
566.68
815.717
464.584
838.427
350.127
169.653
224.613
215.121
539.767
870.707
426.205
1129.67
447.673
162.729
139.324
207.835
665.611
1155.67
558.056
804.154
270.349
116.507
173.111
163.846
325.089
806.912
361.986
805.684
298.414
103.923
95.2867
141.763
436.996
830.71
371.542
959.381
421.038
142.832
173.266
226.13
436.343
961.199
525.135
401.534
229.802
103.581
93.2291
169.586
270.901
402.338
270.932
423.382
344.737
118.281
71.4357
122.613
222.589
387.162
390.402
442.727
411.912
303.632
145.695
189.58
302.832
430.407
420.212
597.379
390.573
181.015
222.611
164.175
206.987
560.796
452.174
396.874
381.575
168.025
204.975
209.724
256.116
358.418
412.921
476.363
424.359
189.581
211.822
201.524
298.219
437.214
468.618
498.597
357.019
157.628
130.806
113.129
208.039
470.944
406.854
639.488
567.315
261.289
172.548
162.495
309.773
591.855
617.822
602.04
798.964
430.926
153.741
218.267
438.262
540.327
807.775
577.711
512.955
500.944
400.836
366.549
426.503
551.366
500.19
512.516
274.045
232.436
281.055
329.62
486.635
536.213
316.446
905.677
456.298
201.767
322.436
215.056
498.509
914.673
551.185
1176.33
484.004
184.72
154.277
155.513
495.404
1172.54
622.779
827.976
498.588
226.153
201.741
178.655
369.011
803.554
581.307
812.635
360.392
148.476
147.859
254.058
621.461
854.382
429.362
1179.56
467.475
158.73
162.538
187.312
572.503
1186.87
599.786
828.895
313.515
135.087
153.849
163.918
336.229
822.05
397.83
1166.18
466.268
130.746
176.225
126.874
482.785
1166.26
608.034
1170.63
439.204
135.683
142.831
108.885
528.273
1182.23
576.749
858.39
339.214
128.842
161.595
153.199
494.412
885.025
414.222
372.881
248.962
172.473
97.1732
89.8811
253.353
391.282
257.412
369.987
292.132
155.349
132.232
141.785
184.135
345.236
324.149
291.44
460.665
244.15
150.362
135.599
224.239
250.353
454.425
519.363
457.251
142.199
125.743
133.112
238.393
473.065
509.898
690.559
490.788
168.206
159.48
124.993
194.451
630.564
573.383
581.121
464.312
184.218
99.2889
127.831
204.612
534.749
519.362
497.252
409.146
187.298
122.084
145.879
225.23
463.868
451.848
648.278
549.428
230.318
191.809
158.963
263.354
598.349
598.851
874.608
610.368
244.036
169.762
166.538
386.952
840.912
672.431
708.489
599.909
311.865
215.155
154.167
250.675
653.285
662.542
757.802
407.747
155.19
168.159
141.613
320.447
736.871
487.57
1004.34
476.545
188.335
219.314
185.071
350.273
976.425
601.445
1002.46
462.199
124.041
121.178
164.002
477.779
995.268
577.443
932.6
461.938
160.714
145.408
164.18
444.657
926.33
561.786
913.523
397.966
180.091
205.933
209.042
460.74
924.366
489.121
1068.29
501.118
139.907
103.028
140.443
611.417
1088.72
610.547
787.516
452.394
160.308
186.412
157.919
364.432
765.444
543.844
690.185
297.859
143.774
146.874
160.176
241.266
671.1
379.886
918.952
370.632
198.821
211.446
184.308
437.116
928.718
462.502
1320.48
503.203
143.164
95.1943
158.387
577.313
1326.17
663.127
286.782
216.322
101.371
94.5195
97.1574
140.709
270.792
242.497
333.161
243.83
94.3949
86.7407
112.591
258.942
343.415
271.853
307.514
440.008
299.448
145.721
137.995
235.501
275.878
435.436
453.922
346.885
108.329
93.8366
106.879
209.66
416.596
393.849
561.195
452.879
150.555
162.099
118.425
267.072
509.216
518.322
669.15
589.18
297.681
310.677
230.733
256.468
609.516
651.588
445.935
306.828
154.619
161.073
174.804
170.755
423.865
349.05
697.153
450.946
179.961
155.345
141.49
281.739
665.064
512.073
572.292
500.329
224.059
232.529
169.009
233.762
523.461
554.511
708.856
460.142
212.115
137.886
148.901
252.83
670.427
527.168
701.144
447.963
186.773
163.959
197.694
319.009
671.347
520.641
656.91
344.111
235.788
192.62
279.811
318.441
653.611
396.855
862.782
469.291
170.501
231.911
173.844
420.263
851.045
565.65
814.363
486.49
163.49
195.084
170.728
373.481
793.213
569.961
862.12
480.801
182.594
217.137
173.09
473.766
864.744
560.417
1087.04
483.15
117.069
126.63
159.819
423.294
1065.89
618.982
1347.37
542.274
109.815
107.388
148.993
557.661
1334.24
715.541
789.078
347.974
108.652
108.742
115.025
296.11
771.601
443.673
1407.76
521.003
162.509
169.856
259.752
695.869
1420.75
690.948
868.661
397.052
239.756
198.355
242.827
445.783
884.738
440.281
379.151
294.526
133.506
99.0878
105.519
164.411
357.492
327.432
372.45
284.304
125.372
155.48
140.11
164.334
344.036
322.948
414.962
439.336
226.019
185.474
161.668
232.62
378.987
469.291
510.652
366.159
144.669
130.888
170.527
261.837
469.519
424.392
623.965
419.89
254.563
252.715
136.89
268.187
577.75
488.34
791.968
619.558
220.33
198.161
163.648
284.143
729.75
699.73
797.094
492.363
163.787
115.236
121.379
257.679
752.545
578.359
548.194
418.121
195.88
155.274
124.661
305.906
537.019
460.231
750.577
463.497
144.471
81.0626
79.1707
212.25
706.961
545.989
793.341
592.984
191.169
133.581
176.94
304.208
741.978
675.415
1082.5
636.782
240.615
200.324
155.994
347.847
1035.47
746.585
700.224
404.144
182.261
233.248
151.464
276.274
674.574
478.058
740.266
514.997
379.013
356.576
402.691
353.043
711.882
569.499
924.787
536.91
191.84
221.421
162.951
456.512
913.266
630.851
948.484
509.888
137.841
147.167
119.013
399.643
925.997
614.524
866.65
410.905
210.075
273.885
235.582
381.392
854.887
507.669
1162.99
536.643
128.422
90.57
129.414
434.367
1138.84
677.258
786.148
396.204
154.872
234.474
199.25
505.716
809.493
473.688
926.788
403.439
215.094
170.032
202.884
544.987
946.609
493.048
1194.93
482.759
121.971
118.763
132.552
490.64
1191.86
626.564
291.445
265.462
188.816
140.588
130.793
192.948
278.037
288.392
415.214
293.108
113.777
91.8777
89.6094
135.946
381.961
339.846
541.267
534.473
260.55
122.31
173.598
305.34
498.79
554.742
527.146
521.063
209.875
169.747
131.393
250.281
476.063
567.311
541.277
431.374
214.879
111.203
149.466
324.891
493.526
490.775
866.945
689.875
203.923
91.2349
113.026
344.991
800.752
778.304
762.131
498.453
189.571
198.172
150.209
230.791
712.83
579.928
380.235
280.067
143.169
165.129
161.905
232.768
362.359
313.677
809.06
483.279
190.683
179.715
128.703
401.963
798.266
563.729
429.954
278.725
219.803
253.65
346.999
228.099
417.346
307.454
395.015
310.219
254.031
283.761
365.997
284.589
381.105
339.69
683.882
474.024
248.102
246.2
212.174
316.625
653.752
539.59
489.993
381.912
204.604
175.614
160.859
204.213
463.48
414.11
1040.81
728.046
262.292
220.34
153.931
362.496
977.322
837.695
845.694
530.661
184.197
116.947
149.923
373.28
816.339
621.416
505.905
302.075
181.964
219.622
223.204
352.284
513.55
353.672
885.626
351.72
118.854
103.559
114.421
446.095
901.535
434.226
838.028
345.446
188.595
194.835
213
480.704
849.864
420.72
1418.04
558.515
123.836
218.148
151.682
573.584
1418.57
731.277
939.007
377.956
205.32
232.512
219.418
595.352
977.609
466.672
234.397
306.43
159.29
106.269
97.1744
169.025
213.076
308.741
410.136
377.569
204.699
107.275
114.691
212.1
387.156
404.84
652.147
567.079
288.008
168.45
152.635
231.404
602.548
610.959
525.902
622.998
352.806
154.768
159.027
350.638
477.225
639.269
569.476
405.684
194.56
122.962
201.589
270.101
541.26
462.132
683.371
521.489
217.998
214.541
194.025
257.594
638.636
585.62
518.235
540.617
299.426
153.727
182.369
401.702
485.05
561.794
228.566
231.583
292.193
223.77
190.653
224.759
221.044
220.112
607.648
534.73
342.989
294.398
247.014
326.552
573.109
567.091
610.624
450.692
242.461
230.384
221.456
293.566
579.595
504.849
600.968
416.528
236.377
294.251
256.866
266.694
575.299
473.625
651.303
524.982
286.027
231.266
214.501
347.778
617.739
578.347
770.267
492.353
184.675
193.256
178.524
316.45
743.261
570.94
1034.95
478.62
132.537
94.1818
117.074
346.223
1006.09
608.766
802.326
523.733
197.586
185.113
165.958
319.551
765.474
607.269
1070.96
579.46
167.38
157.287
128.377
320.615
1023.42
707.169
843.363
333.195
106.473
163.447
112.693
361.15
841.867
427.458
1232.78
479.1
125.145
190.381
175.876
551.251
1239.08
627.443
916.052
371.798
245.032
203.491
242.623
626.243
958.62
445.958
1248.17
466.414
149.542
160.659
214.947
620.144
1264.84
616.45
310.049
359.248
171.28
66.0131
80.0862
160.467
282.635
371.186
492.762
413.282
174.187
93.5587
138.345
287.829
458.24
450.045
609.644
582.219
267.267
132.829
219.167
360.97
570.825
625.141
568.825
605.678
342.3
160.704
194.698
300.152
519.659
626.84
633.281
572.653
325.509
162.071
140.763
222.153
581.322
618.502
904.742
760.264
324.136
108.14
157.183
379.919
835.407
834.219
666.746
454.218
177.762
191.915
160.159
279.41
635.704
525.563
450.805
356.046
161.006
183.693
155.023
218.365
422.581
399.139
607.587
546.871
242.104
173.529
202.23
298.742
570.687
586.79
559.23
440.651
185.331
157.797
128.1
221.486
525.378
491.11
628.156
446.809
184.275
167.682
151.319
303.641
605.988
502.848
632.151
423.552
158.699
164.917
146.694
258.1
607.276
488.032
793.053
485.787
171.962
213.215
226.086
340.181
747.713
577.226
781.152
530.796
210.16
230.977
306.872
388.521
750.149
613.065
818.359
543.657
312.49
273.504
216.111
351.446
773.806
623.257
1373.26
684.593
200.713
287.263
175.043
424.354
1322.56
855.508
1169.16
534.001
155.007
122.043
139.223
442.968
1146.24
675.013
846.078
352.838
178.034
194.427
221.659
544.397
881.565
425.014
1169.54
448.09
159.354
94.5663
197.598
632.78
1194.41
570.696
1099.81
458.835
211.292
209.846
235.485
664.534
1130.96
555.074
297.964
249.005
113.385
88.6925
142.267
254.32
293.257
268.928
401.972
451.064
265.927
137.395
143.218
172.314
365.479
465.183
643.651
673.023
354.558
175.088
179.183
303.883
582.589
713.915
632.129
656.726
315.444
188.549
169.312
349.603
574.406
688.124
468.103
564.581
404.073
159.685
197.408
214.862
419.594
567.248
604.28
635.224
337.043
168.574
173.558
280.917
550.592
664.175
551.966
488.4
214.956
134.475
145.103
329.882
518.576
524.049
572.131
398.044
281.322
209.26
198.095
252.714
552.158
432.656
479.599
373.124
229.893
340.565
302.177
254.084
455.458
414.986
390.073
380.704
297.961
196.358
138.322
188.94
364.727
386.693
704.862
505.437
185.506
136.949
161.197
250.231
659.721
577.78
515.838
353.888
147.863
116.579
147.044
193.331
481.736
400.194
842.357
600.514
244.52
239.048
229.653
338.722
789.455
690.127
989.453
564.891
203.747
97.2422
85.1448
278.192
942.372
677.344
866.006
552.609
250.641
257.036
187.649
398.388
843.806
637.579
692.355
406.361
331.201
381.917
238.07
243.602
666.084
473.578
965.818
469.403
131.172
106.77
94.9409
339.177
938.24
588.083
1028.38
438.306
258.96
290.897
226.792
458.815
1021.1
564.782
1126.26
394.683
109.3
163.684
184.742
605.493
1155.46
522.544
989.336
408.464
224.671
223.333
257.181
699.323
1040.14
500.6
370.195
361.4
146.362
98.7899
129.934
183.989
336.815
395.395
445.678
398.196
165.9
110.716
149.327
275.536
412.87
434.205
631.721
633.027
324.982
237.188
211.761
262.34
568.2
679.936
609.618
588.672
330.931
102.722
224.661
292.179
552.779
627.81
602.918
560.411
291.528
149.879
196.478
357.891
561.573
598.667
666.005
655.853
320.468
181.328
220.069
423.278
628.101
683.748
449.203
490.685
335.145
261.522
288.178
257.132
415.51
501.842
361.174
322.63
152.61
125.006
111.138
189.617
340.069
343.45
653.297
512.725
207.18
188.67
151.479
261.643
609.782
577.461
401.942
315.189
166.044
213.915
204.39
246.564
377.025
349.661
565.397
577.114
367.589
236.777
199.321
283.573
520.734
597.647
479.161
393.106
295.757
297.487
233.459
229.248
461.322
417.094
590.912
393.642
217.518
233.439
191.211
310.643
581.952
439.133
456.64
368.073
189.119
142.135
135.486
231.825
438.938
400.092
642.226
424.308
175.241
185.525
186.929
289.373
621.399
489.443
793.005
430.373
154.158
227.402
173.915
400.207
786.526
514.387
564.683
462.995
151.376
109.38
163.519
419.392
568.65
514.549
1250.29
529.359
115.848
130.521
117.683
475.022
1234.52
685.266
583.43
294.901
218.391
205.42
239.745
521.31
632.437
326.303
929.637
416.128
150.882
132.603
230.335
741.462
997.14
488.209
346.82
321.193
166.155
156.617
137.9
162.187
318.313
348.59
423.591
491.361
300.745
155.498
119.6
182.348
380.528
505.274
561.536
606.911
288.053
126.607
157.82
336.049
518.51
620.529
730.364
606.088
270.042
171.996
160.459
252.632
677.588
673.161
484.89
606.074
388.054
213.926
189.294
283.818
438.215
611.85
505.821
498.91
262.498
139.187
112.228
212.211
467.175
526.203
544.601
568.001
345.11
237.256
218.313
269.609
500.882
591.405
414.767
428.962
313.069
220.234
242.152
348.049
400.315
443.651
620.251
645.335
429.856
211.201
212.21
339.427
572.226
668.485
616.427
435.526
133.589
111.509
101.629
273.632
587.239
501.048
316.681
288.311
166.501
192.842
148.048
175.104
291.097
310.115
284.066
282.613
249.178
236.064
231.176
182.076
263.658
287.297
593.639
487.8
267.781
183.05
158.85
260.32
557.103
532.997
520.769
383.797
162.89
138.419
125.65
280.807
500.911
430.589
706.392
490.254
201.074
143.774
195.896
295.422
657.785
560.352
780.413
371.107
184.154
222.196
220.568
379.368
768.321
458.746
1066.86
499.138
145.29
218.067
114.862
362.78
1037.9
631.016
973.166
436.567
164.355
178.632
146.981
387.4
961.567
549.646
901.368
349.848
155.743
185.596
192.494
378.613
901.758
457.093
856.135
350.969
208.203
268.463
324.768
663.951
903.364
432.4
