325.408
351.548
197.359
197.386
217.236
243.6
313.476
370.857
411.456
704.006
417.867
196.944
244.757
321.096
353.528
687.109
643.338
765.638
357.064
169.777
252.326
373.924
584.563
802.825
394.393
601.955
460.147
236.403
211.316
223.84
354.587
587.836
389.632
742.883
766.701
355.197
349.98
416.431
367.534
672.344
406.625
625.577
747.485
503.254
369.948
343.951
374.181
569.665
354.726
553.592
758.622
667.101
352.962
293.847
327.475
516.315
248.003
401.48
571.188
539.762
258.85
206.291
240.085
355.625
125.464
212.127
558.161
739.487
367.599
152.97
124.459
175.951
113.541
169.384
465.539
751.681
407.676
130.282
114.862
147.13
100.731
125.486
384.405
771.317
439.977
160.109
101.616
114.276
194.972
181.93
397.666
911.907
476.756
174.086
199.282
179.326
176.831
210.1
303.564
635.23
632.391
342.791
185.095
195.691
211.947
224.93
239.813
405.594
483.057
448.903
237.185
210.054
273.683
200.717
330.187
354.221
588.188
450.422
297.133
194.274
251.173
238.276
256.862
441.394
466.357
392.117
257.655
232.153
497.664
370.779
301.55
343.746
527.857
654.063
546.123
380.43
429.368
367.735
268.615
385.155
601.968
666.864
477.441
382.32
434.943
312.975
297.905
373.452
441.5
518.054
465.93
321.689
497.8
351.374
339.37
196.718
480.107
695.508
543.108
341.929
451.79
408.575
234.896
174.701
187.078
396.109
463.36
428.557
608.54
619.792
275.951
108.952
145.49
279.857
552.579
646.795
447.242
483.815
231.806
207.881
154.826
257.454
429.863
508.802
468.836
779.434
525.84
272.125
255.127
385.852
420.69
755.521
402.137
626.224
559.06
243.939
306.492
338.966
370.391
599.143
448.126
625.982
595.25
407.2
221.653
349.17
444.44
599.732
419.329
535.507
709.988
616.309
267.671
265.158
399.32
495.207
314.522
427.891
545.579
612.413
301.301
184.486
287.84
408.169
185.661
271.705
477.506
611.014
296.949
180.534
178.029
253.836
154.278
224.252
441.58
646.271
324.691
120.75
141.717
207.453
141.545
164.718
462.244
770.029
437.417
130.594
137.956
151.066
244.65
212.635
363.719
658.541
551.258
343.392
260.516
194.189
86.0695
90.6568
290.215
770.795
654.232
278.952
93.3194
80.0768
216.392
214.299
272.015
398.319
433.469
327.836
229.63
219.531
186.868
272.663
339.652
409.196
616.369
531.169
214.12
247.846
491.758
429.435
314.765
355.764
588.562
739.321
543.979
443.445
391.399
292.64
261.365
243.648
475.181
598.458
428.123
279.491
558.936
277.827
337.997
374.013
525.959
589.044
597.652
313.61
462.191
407.815
344.444
346.725
555.211
730.393
498.194
427.473
553.822
372.826
190.729
303.182
283.734
442.739
553.066
431.631
467.685
401.316
192.869
135.838
207.574
245.957
439.057
438.053
576.648
673.047
367.341
228.871
246.197
343.864
524.117
702.133
284.865
452.194
318.986
250.912
297.748
262.813
273.799
437.869
448
669.537
408.975
222.367
211
367.366
426.131
651.339
521.943
611.63
629.729
339.067
318.797
368.201
509.052
571.093
412.647
640.632
654.234
355.227
286.111
297.446
369.921
604.83
342.105
561.287
717.451
519.2
373.911
369.668
335.484
510.923
235.92
324.68
476.448
628.252
337.684
249.974
236.684
292.925
173.957
287.897
623.644
812.79
382.066
174.868
177.566
249.629
170.62
224.153
492.085
654.919
336.709
143.968
165.54
196.065
136.998
125.721
440.008
733.22
420.022
122.899
135.745
111.999
180.821
159.27
372.397
760.955
565.791
176.075
172.061
163.537
199.112
220.486
289.534
406.56
498.378
335.251
212.84
218
257.298
234.89
282.385
464.33
591.877
427.027
278.116
233.803
258.978
210.326
172.706
306.667
451.268
453.389
284.971
219.453
302.96
220.822
341.497
439.57
523.609
584.547
351.189
211.79
530.243
330.086
242.118
266.548
454.697
728.026
589.893
346.509
585.489
316.007
211.623
235.029
379.566
704.984
639.041
347.22
502.563
439.944
217.913
191.411
302.276
641.744
550.536
448.208
380.416
311.926
316.736
305
571.175
694.186
434.182
292.216
314.955
207.963
122.529
142.039
141.397
217.177
322.498
230.321
787.89
693.119
234.414
154.514
106.462
265.985
716.294
770.319
436.773
676.541
427.033
210.858
289.397
401.23
413.443
660.943
308.374
536.678
315.608
184.128
162.736
365.165
298.053
511.884
522.075
714.972
540.869
298.244
400.494
477.486
491.421
700.296
409.684
602.164
696.554
373.611
343.392
407.444
391.523
541.482
321.844
452.315
615.761
484.678
301.237
314.9
335.449
418.893
290.36
428.48
604.837
590.055
284.11
242.854
272.89
390.132
194.583
344.487
666.721
824.344
389.497
159.58
188.617
304.877
179.278
185.446
505.015
831.229
486.83
182.25
177.097
170.116
134.273
140.002
502.765
926.244
566.775
150.749
129.973
133.72
171.235
203.369
392.464
694.731
516.459
306.471
178.279
184.867
209.307
194.16
226.94
439.659
457.608
287.898
212.089
204.144
448.77
227.604
176.384
201.344
443.154
589.886
492.489
253.741
283.826
209.97
205.402
465.305
563.22
399.983
296.999
218.722
303.532
191.747
235.958
322.055
454.032
484.873
335.152
197.53
436.259
249.811
253.748
338.926
410.864
569.771
483.602
264.935
588.949
352.93
242.405
218.191
449.954
715.935
646.313
370.287
575.25
419.104
234.369
182.388
381.488
722.942
628.076
429.516
689.862
473.596
238.818
176.815
341.382
692.479
730.349
490.569
317.623
279.56
175.542
202.179
122.136
202.051
310.214
300.719
648.32
523.589
203.661
308.773
231.486
238.013
584.015
599.893
772.577
812.775
383.302
244.569
286.944
420.103
703.451
864.605
655.845
691.652
293.849
280.07
213.753
426.162
618.654
743.683
523.624
736.052
420.65
290.862
160.05
349.56
464.455
738.568
382.522
626.275
610.919
410.928
251.351
306.84
357.053
597.33
395.312
484.621
537.674
473.427
279.595
426.684
419.566
461.226
321.622
445.472
607.959
509.018
263.463
248.34
299.537
409.574
227.894
372.01
597.367
592.761
332.666
188.211
209.066
341.967
126.384
200.279
448.166
687.09
362.531
115.067
121.644
176.366
124.571
161.878
317.474
655.249
426.001
173.01
121.707
152.088
165.64
177.157
339.225
780.751
629.808
266.577
172.69
165.398
243.343
209.679
244.539
458.728
500.33
406.882
266.382
206.033
315.179
300.194
310.977
321.477
421.371
522.199
345.303
307.703
361.464
249.825
197.689
264.683
388.337
546.1
405.128
258.994
539.941
367.362
240.883
181.063
349.558
616.073
589.346
404.052
612.667
346.385
195.114
188.71
331.181
638.176
655.042
375.597
728.602
335.397
276.303
248.986
391.279
624.195
764.988
386.162
823.029
370.166
186.29
163.112
323.506
685.116
868.332
449.791
760.014
320.95
185.846
170.806
258.168
616.128
792.536
380.423
384.623
479.537
268.449
169.822
175.805
343.269
358.523
485.992
570.221
508.07
218.883
197.039
182.986
350.51
520.518
557.734
745.508
727.044
301.718
105.375
165.793
290.107
667.808
781.818
778.168
699.806
347.564
205.568
275.616
401.564
732.017
742.513
736.908
740.592
465.851
196.189
282.446
306.272
665.485
781.019
482.871
591.303
464.021
331.331
318.075
404.88
467.181
576.571
409.243
543.622
524.425
331.231
296.026
438.227
419.068
526.99
356.767
582.69
683.38
465.103
352.076
287.842
321.574
537.324
438.454
480.77
683.683
588.35
385.541
289.782
430.556
454.259
145.049
184.373
449.475
713.258
408.551
198.974
150.066
163.03
248.124
246.072
469.244
472.539
279.003
201.509
244.887
222.262
207.022
157.481
305.715
401.434
565.521
355.202
220.161
152.943
245.609
248.503
330.493
410.431
407.085
329.587
232.718
261.584
379.496
303.22
299.684
367.795
485.766
515.183
410.21
312.487
313.921
229.642
231.806
340.104
394.547
383.107
326.157
252.761
491.151
350.105
315.874
265.777
302.583
431.056
506.513
356.334
501.223
239.956
278.666
397.369
302.359
444.641
532.754
273.752
484.497
361.891
294.649
227.247
325.358
631.989
537.692
366.993
596.033
304.526
197.456
189.495
340.816
620.289
644.174
336.845
715.336
335.977
187.612
193.617
248.099
546.173
733.634
391.876
769.403
708.518
243.243
138.983
198.604
399.801
702.975
780.192
375.656
344.629
207.559
240.688
193.055
239.868
349.42
372.811
828.095
838.389
431.807
202.483
203.214
334.69
755.665
874.572
848.517
737.204
330.376
349.329
234.946
351.634
774.258
795.681
366.601
353.185
296.423
263.532
272.846
210.981
354.761
366.826
464.265
533.235
464.592
331.512
241.886
380.339
477.679
525.337
557.042
605.032
408.024
267.525
324.917
334.753
518.993
628.634
470.265
586.633
422.737
299.362
267.11
387.537
439.835
591.897
366.401
229.507
472.611
732.57
414.401
264.146
374.492
233.973
295.04
346.458
479.852
636.257
293.286
250.654
288.231
338.339
184.565
188.7
271.254
545.577
428.999
217.646
180.495
186.957
188.806
173.102
258.713
552.796
510.533
307.726
201.491
175.833
259.275
250.2
235.334
306.995
490.437
496.166
281.427
230.479
377.49
340.854
219.665
290.956
318.985
435.293
367.283
365.829
476.33
243.163
252.442
361.901
369.318
462.732
504.795
271.845
433.766
339.287
295.616
238.461
318.135
502.392
457.168
357.055
462.726
217.487
231.859
285.836
361.447
503.122
494.374
239.285
514.699
409.042
207.707
225.898
290.891
601.883
560.278
415.936
663.431
392.782
253.404
301.476
318.809
647.051
718.591
428.662
643.874
354.611
332.071
256.055
301.857
576.203
668.483
376.626
607.522
538.339
351.403
225.056
225.256
215.265
562.852
573.905
315.313
331.875
154.146
213.013
132.669
198.867
283.136
357.894
720.58
631.254
254.01
195.23
251.939
361.299
657.676
696.238
894.105
567.507
220.085
141.281
165.799
308.905
846.692
649.418
451.299
553.959
346.584
364.313
297.186
358.835
411.419
564.777
551.835
685.798
434.11
263.174
216.059
540.55
557.479
682.263
414.986
545.904
491.161
375.198
365.317
324.125
375.863
519.467
297.285
382.08
338.116
421.876
395.601
263.637
299.801
369.029
264.715
298.453
580.497
612.839
385.69
192.761
253.982
269.448
127.208
244.519
558.978
752.804
394.188
186.337
118.637
210.392
198.404
208.707
234.98
389.301
354.308
317.823
200.81
200.544
291.611
264.673
342.534
469.197
470.006
422.05
298.931
257.54
396.141
389.631
261.801
295.511
472.413
584.607
430.713
400.592
352.785
237.242
168.536
243.926
301.714
437.382
384.919
246.665
425.965
331.333
243.46
305.381
223.65
426.102
453.008
344.236
541.208
359.781
285.309
328.211
326.318
487.736
573.26
402.053
546.106
310.913
225.943
203.499
286.736
508.854
579.85
347.214
677.094
313.516
172.624
154.959
208.106
516.372
707.77
360.436
564.479
312.205
308.369
264.97
397.758
582.499
606.333
329.363
645.778
333.2
167.84
181.332
319.687
597.939
680.504
363.378
681.961
692.992
354.28
265.317
310.911
442.446
618.843
729.718
781.451
440.049
199.249
248.671
220.331
344.924
756.369
520.293
734.239
729.097
324.024
252.694
227.982
423.809
679.776
788.149
756.289
574.444
224.14
283.708
283.231
392.981
713.944
648.995
575.531
620.21
325.422
224.89
231.127
478.403
556.364
638.988
504.057
544.282
337.43
375.767
275.335
517.767
511.972
548.946
431.729
411.488
359.155
433.157
291.089
434.509
451.098
437.149
487.038
633.123
501.918
285.999
296.679
297.009
449.135
621.251
448.602
366.68
372.462
353.046
393.939
260.117
435.127
381.275
159.781
223.96
429.203
615.731
361.352
186.573
156.742
209.017
181.682
208.48
294.63
575.185
387.583
190.796
173.566
205.059
268.604
286.735
307.368
307.973
402.461
356.449
272.516
284.697
394.97
274.664
213.431
243.992
315.493
477.852
431.126
281.239
570.289
251.459
191.67
184.259
255.444
457.788
588.995
299.611
664.376
341.393
230.354
254.645
252.678
438.686
678.633
396.01
633.918
387.072
193.02
179.592
147.155
320.547
619.615
452.555
280.214
256.972
293.504
265.661
208.656
222.196
287.255
257.061
732.701
426.73
219.658
191.775
339.577
628.593
760.792
453.786
695.612
473.3
239.43
234.339
225.281
565.037
740.829
517.474
544.917
489.01
269.028
228.439
267.88
583.829
582.878
494.4
790.818
541.922
261.77
221.215
225.023
280.879
746.24
617.172
619.564
391.093
316.206
211.3
241.482
377.25
624.062
415.38
641.941
383.063
372.487
308.664
336.833
379.47
636.324
438.402
641.08
632.387
260.967
127.795
178.203
319.935
587.254
674.283
559.015
504.454
282.083
210.828
206.702
235.965
514.97
539.439
557.024
574.593
429.645
253.801
293.943
335.477
513.244
594.892
393.405
489.698
376.16
255.664
268.996
227.959
348.559
496.79
558.932
566.061
432.215
311.297
230.08
289.088
521.567
587.428
382.589
423.446
333.71
330.983
187.921
201.844
354.659
432.959
261.928
217.878
421.178
579.3
365.943
320.205
283.024
204.321
163.918
202.929
356.288
663.468
501.242
218.126
167.591
196.909
298.939
217.186
211.477
272.059
377.568
462.573
325.371
218.55
494.046
217.057
184.947
206.254
244.343
367.331
509.638
266.404
498.098
289.461
218.454
245.264
170.685
381.317
513.05
310.184
522.693
192.651
106.214
222.378
214.625
389.627
552.776
242.299
381.419
227.38
212.831
226.63
195.207
312.453
406.027
243.077
550.127
328.967
159.383
141.845
132
349.937
567.344
361.397
616.482
301.58
170.725
176.287
223.85
493.132
643.578
341.887
624.183
287.841
183.656
190.097
230.331
476.69
651.345
340.154
618.746
409.532
218.401
184.559
215.641
527.531
641.038
430.248
533.058
489.358
218.432
175.797
181.905
294.15
485.707
526.804
652.424
528.919
341.405
252.868
224.349
503.532
662.468
556.992
781.851
482.461
186.5
193.946
201.834
261.835
732.484
570.872
474.915
601.458
326.752
200.687
248.754
389.786
444.434
612.17
847.38
519.749
151.132
174.304
167.281
328.694
815.72
612.751
715.519
420.044
271.986
148.953
150.152
279.476
686.419
487.368
460.428
434.226
285.927
340.426
367.476
309.349
420.166
477.609
656.349
377.071
199.521
176.778
178.486
220.951
626.919
445.337
634.78
525.949
327.594
239.657
269.456
307.141
595.118
572.324
449.002
582.688
412.201
247.403
176.131
265.829
411.99
575.695
273.117
339.266
399.658
318.476
531.592
590.994
301.928
298.939
510.446
263.684
238.043
182.793
359.39
498.889
533.115
291.073
632.289
304.177
198.49
194.222
250.775
497.25
656.01
361.019
543.745
295.858
180.592
241.882
249.22
388.139
560.89
339.311
565.218
274.615
178.607
204.614
226.543
414.495
575.526
325.075
415.645
240.534
147.043
133.545
122.91
280.776
430.277
266.928
618.804
314.047
181.06
264.405
199.163
370.948
631.232
370.95
697.193
322.281
137.605
147.736
166.036
455.005
722.954
382.354
560.296
386.831
239.422
221.478
219.027
474.992
592.816
398.421
666.18
370.862
149.391
180.472
156.26
475.675
706.836
412.302
617.829
445.742
170.061
140.795
127.137
222.574
567.509
524.296
527.626
507.363
281.345
162.426
190.347
272.995
489.542
536.652
483.647
280.847
194.08
258.049
216.285
230.874
457.094
336.08
589.202
577.668
229.84
196.541
169.117
400.016
560.383
624.157
728.67
401.782
119.305
245.602
219.147
233.707
686.196
494.06
621.201
465.679
201.638
148.795
139.308
313.875
595.066
510.067
604.94
421.368
190.743
169.412
194.409
282.918
571.38
486.364
384.26
321.858
233.017
260.55
178.308
177.87
360.732
345.478
646.638
450.062
259.657
233.278
111.555
187.564
610.573
506.689
563.096
478.671
260.838
364.314
251.479
277.533
524.592
528.208
565.776
470.833
234.263
161.448
215.44
447.122
571.852
501.621
669.221
328.247
136.239
244.571
173.177
403.886
684.034
392.903
528.626
297.194
163.942
194.397
258.094
397.397
535.331
331.548
464.644
227.852
168.789
140.723
179.618
237.876
462.731
275.836
584.919
289.319
109.946
95.5626
113.508
341.437
599.241
335.11
697.765
284.008
94.5554
116.231
210.612
451.864
713.401
352.757
557.423
240.245
162.956
203.778
185.345
310.625
563.597
291.895
569.062
250.063
183.793
312.235
280.646
352.341
585.137
306.391
677.686
323.552
128.685
108.277
118.142
385.409
686.493
386.583
623.227
385.97
178.611
177.39
238.724
477.103
637.49
437.885
580.667
412.776
233.183
228.204
182.934
279.637
565.145
474.058
959.949
846.741
434.334
238.94
225.035
376.266
880.388
928.227
716.621
527.742
347.671
221.641
243.099
306.62
667.884
585.64
923.36
631.136
273.956
267.855
340.847
369.696
868.546
714.227
695.899
424.66
226.912
274.686
193.719
256.888
656.911
497.559
479.481
324.304
223.49
252.093
262.61
225.706
461.714
364.227
572.068
404.493
218.499
339.037
244.051
365.345
553.811
456.369
581.64
331.922
189.499
263.204
243.418
321.718
577.033
389.299
569.539
422.475
158.028
157.9
154.522
272.26
538.563
479.789
646.56
354.389
162.629
168.113
154.17
219.162
622.544
424.651
503.402
313.891
311.634
353.487
285.783
270.868
502.026
345.447
582.365
379.608
174.909
191.479
133.857
265.428
565.095
437.67
475.777
247.359
232.656
272.536
221.958
272.888
474.885
296.848
588.381
257.81
136.14
242.82
146.507
284.73
595.827
313.945
578.296
233.083
118.969
163.121
169.768
266.653
577.182
301.585
417.585
253.192
213.637
240.143
277.465
294.422
425.918
279.294
628.161
335.959
151.241
142.63
155.773
343.826
629.619
390.9
614.417
252.732
80.6507
86.9216
103.329
276.665
614.124
326.991
619.462
358.977
202.919
205.467
194.389
377.01
630.009
401.81
608.395
334.697
179.52
206.748
142.258
382.582
629.495
378.146
613.308
429.938
244.141
211.264
166.22
342.809
611.678
488.811
648.141
580.289
257.657
229.281
241.834
330.051
593.901
633.309
580.88
341.479
184.406
192.748
127.088
190.401
547.933
405.234
475.78
388.917
246.499
293.491
279.79
364.907
443.824
436.163
627.771
404.819
150.155
217.418
175.342
204.864
585.53
475.417
515.691
384.562
296.079
232.782
247.416
332.197
497.159
419.106
457.797
277.83
180.243
178.739
189.155
234.898
451.482
317.444
505.25
312.61
165.699
205.778
153.7
223.724
492.451
355.037
402.984
377.008
336.533
266.614
273.068
178.695
376.979
393.445
518.189
400.731
194.768
244.575
207.015
254.393
485.473
452.182
435.94
236.085
200.419
318.437
307.927
264.703
431.858
279.408
493.52
259.444
184.614
274.088
180.964
296.771
498.21
305.816
422.132
255.694
194.112
208.966
160.976
246.848
420.482
281.322
727.223
337.533
152.487
202.855
134.212
263.424
704.019
428.276
612.101
288.828
170.714
199.293
178.524
324.516
615.292
350.168
507.48
262.276
181.01
220.694
166.303
302.183
517.437
306.06
793.858
360.273
151.089
158.289
199.741
303.293
771.993
458.005
566.954
320.357
115.734
193.896
140.636
264.058
555.244
384.119
587.865
245.784
271.324
223.92
219.799
333.392
591.412
308.448
859.527
347.973
150.665
162.957
156.017
339.838
849.804
457.501
1030.23
560.903
188.486
195.024
229.887
324.836
982.324
683.209
710.69
576.437
236.994
209.042
207.318
278.677
655.78
644.132
436.808
326.025
237.218
249.781
220.566
285.231
432.799
352.076
612.534
504.669
231.609
273.386
278.387
424.565
568.648
568.983
953.855
510.606
197.129
171.496
204.467
346.375
912.991
620.337
472.425
469.807
243.131
279.452
316.302
273.338
436.097
491.246
644.369
395.384
201.626
196.82
175.436
263.462
621.738
458.925
533.607
362.582
264.414
272.744
256.477
231.749
510.517
409.551
446.59
284.636
254.573
316.16
308.406
249.364
429.639
326.61
627.815
406.166
180.456
198.202
283.971
361.081
602.959
470.963
551.196
400.74
168.703
133.58
127.385
267.029
523.51
450.115
531.574
313.738
205.603
380.165
190.33
239.334
523.459
363.889
441.059
337.655
236.654
251.89
264.132
309.705
437.646
350.912
390.164
245.009
309.038
305.132
231.465
250.348
382.53
271.768
602.436
353.009
238.759
186.883
174.961
328.872
598.008
403.374
565.391
288.195
138.469
200.923
178.849
242.165
544.075
353.433
606.534
311.021
178.32
332.301
236.498
269.845
589.193
380.188
563.56
248.937
239.206
190.281
205.305
280.315
567.112
301.382
744.488
323.578
81.0517
111.471
142.502
293.484
732.902
415.11
374.604
193.156
173.382
159.131
174.03
307.775
393.56
213.455
899.482
545.834
204.238
185.765
167.407
355.513
867.476
633.181
1145.58
668.919
246.209
243.751
189.843
338.963
1084.8
802.559
546.018
435.423
214.475
178.639
142.481
218.63
510.178
484.051
699.455
531.26
257.426
178.784
202.875
311.223
659.779
596.059
471.734
408.639
183.272
201.41
204.987
301.173
452.04
444.61
352.652
309.99
197.538
237.975
156.333
171.379
326.914
338.081
513.846
274.946
146.862
175.176
120.66
201.613
500.666
329.121
521.53
390.254
195.417
257.884
182.601
269.943
497.959
428.274
567.678
403.032
197.362
146.96
148.205
240.122
541.903
454.87
442.52
382.926
281.706
337.055
254.928
351.634
428.983
412.885
570.542
425.079
214.333
175.395
151.514
233.793
537.433
482.673
514.185
296.847
156.63
182.576
123.491
180.249
494.06
351.291
531.124
332.661
194.625
135.146
194.874
284.511
512.108
388.013
407.514
289.752
338.393
347.78
285.174
224.823
396.216
314.301
668.798
434.487
159.2
181.135
147.522
265.144
640.165
502.812
707.426
328.838
142.466
165.956
141.922
238.246
688.291
415.844
658.515
324.973
115.719
238.523
208.619
241.555
639.778
403.184
571.882
289.644
117.769
189.1
134.432
277.771
564.403
344.992
798.702
345.635
189.174
253.705
136.582
297.724
787.446
443.117
561.643
375.534
180.352
142.927
129.398
392.285
586.09
414.813
454.918
486.654
257.137
195.3
166.528
301.208
430.129
503.552
793.999
472.741
273.478
219.492
196.85
366.696
761.506
557.183
946.004
575.683
169.533
218.889
220.718
400.894
913.771
680.274
461.536
306.888
210.838
197.847
186.689
242.862
447.478
352.226
726.365
365.3
176.079
345.457
293.946
300.423
707.451
455.182
594.12
336.181
130.298
97.8521
135.917
279.194
583.072
401.231
402.513
283.782
210.646
242.869
245.069
228.465
389.274
309.968
270.501
174
173.396
221.276
132.238
166.16
274.768
184.16
369.034
299.482
199.61
198.63
203.208
252.912
365.227
319.131
399.416
348.495
144.464
178.595
160.704
250.4
372.47
387.682
452.839
359.812
154.659
203.128
191.959
304.928
441.132
400.73
543.596
351.499
140.362
227.815
183.417
241.965
522.54
409.931
418.386
279.18
170.454
135.592
148.7
178.947
399.063
311.438
529.437
340.221
176.684
264.119
159.755
223.377
510.414
397.321
561.644
340.187
155.545
149.437
114.563
296.78
554.392
390.097
613.877
309.773
199.635
355.093
240.613
254.433
595.067
379.176
691.62
315.082
173.333
171.887
140.177
271.629
679.778
397.743
579.86
297.418
139.951
176.699
117.241
217.631
563.082
363.731
571.724
243.128
133.511
156.039
204.007
271.92
570.224
303.9
852.565
362.642
184.396
204.05
218.186
363.698
845.909
461.24
465.307
403.182
282.749
237.425
241.663
338.057
461.553
424.399
747.665
600.663
289.619
176.687
195.185
288.67
701.048
655.226
699.241
379.517
149.983
193.462
180.614
302.266
676.707
455.049
585.047
400.013
240.41
285.018
166.503
288.576
564.703
452.437
543.63
342.811
167.21
228.397
170.063
219.471
522.209
398.871
724.308
416.396
189.307
82.7183
128.445
276.83
703.045
478.777
485.923
354.33
278.924
262.099
269.262
266.341
474.135
385.577
388.172
245.086
182.505
266.167
164.657
182.001
370.784
281.95
558.681
330.279
156.755
115.459
153.85
336.665
565.013
378.871
543.925
314.607
124.044
164.715
159.93
181.889
521.659
369.918
521.679
361.634
184.035
321.797
275.423
212.1
499.954
410.212
427.787
313.71
201.716
258.769
179.708
199.007
401.562
356.43
535.739
288.863
123.982
191.224
141.034
173.675
511.528
353.695
430.619
236.747
180.033
155.494
164.55
211.21
430.618
266.042
394.606
269.81
182.826
239.818
185.432
190.27
374.545
309.126
542.34
275.426
204.948
222.429
143.51
203.526
532.708
327.696
743.54
375.284
186.987
240.744
186.124
290.716
726.547
461.085
461.254
211.918
254.312
332.094
178.985
210.08
459.008
255.402
659.465
278.765
121.761
174.391
185.622
301.164
658.512
355.438
600.869
298.215
241.313
307.415
235.508
282.854
598.496
351.974
810.773
687.446
234.183
153.338
120.038
368.761
748.475
765.836
479.074
466.94
287.431
250.458
315.883
437.258
477.529
486.456
484.026
374.891
199.56
117.816
129.338
234.733
460.548
411.912
733.783
414.524
249.741
239.889
280.96
290.787
701.116
492.88
653.946
337.327
157.265
224.358
196.641
251.674
637.491
406.364
483.253
381.072
204.327
251.001
232.515
295.607
452.234
431.391
486.304
341.872
197.166
210.192
146.592
196.932
465.516
378.046
418.458
410.727
204.02
124.326
96.1427
204.623
400.768
429.471
518.029
398.339
199.561
177.542
199.686
209.359
480.367
439.764
445.701
437.498
250.695
152.551
178.034
219.77
405.716
463.658
598.439
435.629
261.239
269.476
176.121
244.567
569.518
484.939
545.819
313.24
187.042
183.476
138.543
202.969
520.952
373.28
443.668
287.156
221.25
175.36
163.531
252.174
432.753
326.698
521.977
218.043
106.945
175.077
166.345
215.864
517.073
281.789
577.235
301.92
109.742
151.182
110.812
196.654
556.845
368.433
527.19
329.873
149.221
123.813
114.648
222.791
509.835
384.012
517.326
298.379
192.743
256.055
145.925
194.711
502.046
349.008
501.815
271.215
138.711
126.749
96.2377
213.77
492.046
312.032
417.192
185.772
110.314
136.281
183.493
336.714
442.79
220.276
587.997
246.592
113.947
174.625
238.225
375.555
607.169
299.083
571.84
505.922
235.678
206.406
181.596
340.721
535.771
552.208
635.418
568.623
323.423
205.042
180.8
233.835
584.802
616.05
594.397
399.054
383.133
316.14
328.493
437.445
599.823
422.55
654.585
510.297
228.226
322.999
218.339
347.186
611.448
578.284
457.257
323.768
169.822
151.009
186.141
313.548
448.941
346.726
468.575
504.301
222.341
112.488
141.034
276.472
429.763
528.255
633.583
452.932
172.748
175.058
111.811
234.462
595.376
520.42
538.519
391.554
159.316
168.436
149.97
188.967
501.146
444.886
484.01
395.58
210.043
363.638
202.129
239.468
447.317
445.248
544.397
414.988
283.507
205.013
170.938
187.11
516.769
450.475
391.905
342.029
258.016
175.388
141.189
164.462
366.093
367.108
535.139
351.49
150.707
161.561
141.008
270.614
523.255
402.627
549.466
370.221
163.965
198.105
219.572
346.672
528.893
425.335
563.768
304.213
138.717
72.419
119.098
278.72
550.154
359.645
856.854
453.774
147.718
163.725
142.154
297.334
824.903
554.654
619.67
350.825
308.455
196.495
196.384
297.983
615.592
394.308
544.734
254.352
122.932
166.495
176.417
236.91
529.89
320.841
209.363
153.977
111.919
134.572
140.209
177.31
213.685
163.302
530.027
327.698
161.492
163.207
147.129
269.591
531.451
362.786
530.374
281.191
116.978
162.206
145.151
360.778
556.087
311.579
