395.312
410.71
250.67
263.689
225.739
223.979
368.027
432.124
647.059
832.865
491.927
193.616
340.878
378.79
574.498
852.243
669.508
880.069
449.383
207.77
258.256
411.977
598.645
893.495
582.63
845.886
720.935
358.084
384.142
504.72
584.743
810.614
311.091
789.43
915.633
463.563
448.98
435.527
289.42
701.71
438.082
800.033
903.029
545.483
394.257
403.672
408.47
726.028
407.085
494.869
886.655
766.784
603.742
345.418
392.516
450.029
155.477
345.064
734.774
823.532
426.685
221.136
147.794
290.876
229.923
301.599
709.974
886.877
426.571
174.21
224.178
263.527
300.161
259.262
441.594
948.913
469.775
182.726
289.65
267.003
152.847
131.711
397.666
917.059
506.184
155.271
152.821
133.274
176.809
184.038
405.201
1015.32
693.184
279.189
185.402
173.899
402.337
330.134
419.626
500.777
667.829
546.869
397.248
354.23
222.327
233.426
467.237
556.54
767.8
527.633
254.336
205.813
358.49
314.631
216.142
356.257
475.932
560.288
396.547
320.318
308.188
229.346
268.832
436.862
644.584
654.64
346.564
213.77
462.413
282.12
321.77
299.573
615.404
772.101
516.885
277.39
575.47
363
290.643
343.233
617.001
819.917
640.377
390.089
568.118
342.706
246.771
322.931
572.836
808.287
637.915
358.092
690.524
406.242
289.425
269.9
542.044
909.185
762.372
425.268
774.638
646.578
446.997
363.673
270.593
512.372
796.693
673.754
547.854
730.801
494.775
254.953
259.375
376.778
550.814
721.486
582.81
585.285
360.064
423.206
287.713
357.818
578.272
579.351
473.691
703.151
527.59
222.193
229.406
412.387
442.137
669.051
434.376
784.211
776.599
400.703
308.008
372.646
391.032
727.547
426.724
683.782
813.236
522.245
407.574
572.97
415.139
622.23
416.859
517.596
913.088
697.538
525.17
354.449
419.198
466.157
191.012
416.265
753.747
775.961
410.412
227.976
171.454
362.464
221.845
271.358
585.802
670.392
439.744
230.165
210.039
246.183
235.583
205.711
554.488
931.962
504.678
169.355
227.399
206.715
184.893
182.398
523.746
953.894
597.751
170.71
188.506
166.771
230.174
243.256
367.819
849.192
742.232
339.775
234.614
241.912
192.914
132.284
359.353
796.054
701.922
289.1
200.413
135.921
246.013
197.054
401.416
426.143
596.622
474.26
280.368
179.94
270.884
259.509
249.315
486.336
509.318
417.448
280.561
246.827
428.26
346.509
348.669
474.08
671.509
634.926
470.5
349.885
528.432
360.075
305.839
347.099
636.161
836.987
593.888
363.996
554.719
357.266
359.991
326.304
676.487
894.737
627.087
360.606
443.482
440.29
283.308
223.159
491.308
754.388
483.061
450.993
714.926
378.252
254.74
151.447
381.375
761.507
774.299
395.393
636.078
727.992
356.237
269.808
260.697
545.639
608.089
754.544
531.22
741.879
382.073
152.706
202.232
308.114
453.891
741.463
503.69
742.228
430.435
208.941
216.586
357.328
449.34
732.749
579.815
929.414
550.118
331.833
279.19
487.976
518.555
910.175
462.593
719.426
716.988
425.399
397.828
348.283
407.53
682.047
553.257
886.089
804.808
418.802
338.22
385.12
488.207
844.864
313.302
540.674
859.991
688.813
531.916
266.174
283.335
496.533
198.516
373.112
757.769
748.242
535.698
275.571
181.691
322.621
290.814
356.788
693.582
788.464
410.999
223.828
279.382
320.936
207.235
243.974
609.849
860.944
467.961
219.377
200.792
227.474
219.345
200.496
397.042
871.964
473.069
163.694
213.74
202.726
247.076
266.909
385.642
853.373
604.458
233.288
232.083
282.944
257.975
168.514
327.444
532.623
610.367
408.047
280.28
167.672
218.767
222.334
311.15
516.242
695.548
499.849
247.027
206.87
362.143
254.04
337.933
503.72
613.923
577.619
392.231
251.088
295.959
261.034
260.17
394.954
580.699
561.822
330.082
257.397
596.613
410.046
281.744
280.549
492.03
721.9
645.134
421.105
747.582
376.075
326.803
347.242
466.042
656.38
775.737
441.729
759.79
443.565
318.626
348.124
415.245
791.185
830.113
493.077
563.063
413.572
243.822
322.927
515.712
654.925
602.751
433.35
481.886
470.252
287.979
227.401
160.322
207.067
442.712
498.541
754.674
545.951
347.869
201.834
226.276
227.908
696.773
604.268
693.27
710.374
391.395
302.379
240.171
320.372
627.534
735.201
564.767
674.07
393.832
232.197
240.308
441.716
581.211
679.237
520.124
642.512
687.639
442.093
464.615
398.144
487.828
608.676
381.004
737.204
779.065
545.208
357.343
423.478
364.756
669.847
342.925
552.014
612.399
527.775
320.43
313.658
320.866
526.372
302.97
455.514
794.209
766.207
466.457
289.83
289.119
413.099
160.771
345.458
703.782
767.822
325.287
178.04
148.032
289.675
170.79
181.971
532.862
955.363
470.41
207.92
173.228
164.689
150.965
165.991
380.53
883.901
483.223
174.8
154.813
152.676
157.996
198.711
310.721
602.055
497.469
205.601
154.932
184.845
271.488
243.575
312.162
442.433
547.312
388.771
281.156
251.206
403.298
264.884
278.049
458.471
434.863
402.545
418.837
279.881
300.442
308.361
318.003
358.953
620.339
652.411
348.098
272.033
394.155
380.321
464.22
433.299
706.51
790.286
453.829
332.386
522.336
383.453
370.491
303.985
501.464
798.843
585.732
377.469
611.995
403.73
309.791
350.022
598.511
925.247
689.995
414.974
696.182
406.718
241.842
168.589
369.342
728.703
746.092
431.029
693.005
307.12
256.742
350.566
374.903
595.789
737.215
363.327
460.558
314.14
151.448
155.953
173.389
264.218
434.128
363.076
663.458
668.161
314.52
211.739
364.021
385.875
596.817
712.663
917.529
783.28
387.695
361.196
200.186
495.796
865.234
854.682
514.781
722.185
372.083
140.799
139.031
360.182
459.685
714.075
536.886
834.96
737.545
296.269
339.811
401.81
482.187
797.466
434.999
675.327
746.165
491.644
325.427
329.173
413.574
634.983
447.299
568.809
675.392
653.037
470.727
368.821
432.141
552.276
266.884
514.448
749.783
661.472
407.74
335.072
248.77
451.61
233.603
409.758
741.504
946.949
466.967
294.683
226.321
355.018
202.476
223.824
469.635
775.668
335.526
162.842
203.332
208.18
140.034
180.771
367.373
1055.12
640.89
214.349
132.735
180.996
394.325
328.705
335.153
765.259
668.615
346.542
372.313
360.796
343.991
200.042
254.16
408.475
611.946
516.495
373.941
209.756
352.773
288.306
296.01
305.98
571.859
624.505
400.299
281.695
411.2
363.611
379.759
298.043
468.69
558.948
433.165
340.633
591.521
345.14
221.266
240.469
414.39
730.362
647.594
370.734
718.693
326.838
208.947
309.38
356.081
629.184
763.217
398.779
614.492
392.489
330.003
325.078
467.582
768.501
674.576
410.624
790.965
540.673
259.737
148.418
358.764
819.215
843.372
569.952
829.297
395.776
200.345
176.213
385.234
740.18
878.531
458.876
743.643
553.539
208.753
192.034
159.081
274.54
674.761
641.293
678.807
652.236
284.335
262.724
223.84
394.246
609.554
715.774
922.445
834.894
374.173
323.033
210.319
359.875
827.682
915.341
955.667
916.825
438.068
304.399
282.665
492.355
885.832
989.997
710.372
831.593
563.112
271.445
275.825
397.175
638.106
850.241
668.287
802.104
541.139
302.332
376.661
435.961
617.668
812.016
553.404
603.493
679.426
563.149
313.212
263.28
512.955
607.179
534.668
545.889
695.283
540.97
284.398
445.746
535.898
512.467
273.849
501.75
783.643
797.363
364.621
251.88
271.483
443.406
177.211
189.617
498.508
782.437
427.36
212.716
183.922
168.959
221.998
268.292
601.047
1006.53
515.797
205.974
225.817
256.305
277.171
285.807
384.084
564.357
726.543
456.381
268.164
292.982
254.416
270.823
267.243
384.408
531.83
523.876
264.22
250.779
359.289
381.949
358.418
375.797
532.072
662.229
404.462
362.272
436.533
360.923
303.99
280.577
470.287
609.878
456.146
382.683
565.013
342.097
305.69
303.751
379.242
630.707
616.01
366.049
624.102
362.967
173.874
234.067
347.1
703.37
678.867
385.711
584.751
375.711
329.12
369.498
377.006
613.869
634.032
416.588
692.435
415.694
213.032
179.91
379.037
730.702
747.013
432.409
874.539
372.852
163.077
160.927
286.639
686.816
927.469
455.655
887.53
672.542
310.876
231.565
316.473
412.595
819.34
744.267
565.444
572.29
269.152
169.412
183.535
228.416
499.246
619.483
1065.41
1095.59
538.915
223.552
285.224
461.499
954.776
1172.56
808.704
830.731
441.543
377.634
331.669
423.403
732.914
887.046
649.067
713.418
538.817
208.097
406.674
494.328
585.342
735.313
550.702
633.566
630.592
351.617
422.882
541.995
549.737
602.994
496.964
574.041
591.062
507.214
263.048
299.978
465.128
562.796
409.124
574.026
438.62
326.272
292.35
344.235
372.44
559.762
275.363
386.884
620.166
681.301
348.715
238.604
264.534
359.746
174.444
239.157
631.056
861.38
476.043
238.427
163.306
222.286
234.425
174.32
406.003
871.938
656.854
247.079
227.521
182.583
280.508
256.643
393.913
666.016
748.004
510.474
304.578
252.975
406.905
254.691
228.792
382.401
468.921
430.899
430.391
274.191
260.908
351.952
402.572
314.796
421.892
523.657
281.838
304.333
480.188
434.171
285.814
400.533
454.124
639.192
514.849
449.772
424.548
362.808
390.885
334.518
350.571
388.04
440.968
372.303
779.955
365.404
216.843
217.633
259.022
634.769
815.711
416.021
693.742
391.021
243.016
262.445
386.947
751.355
756.492
421.675
685.212
459.241
222.228
221.329
394.362
805.798
749.585
469.087
947.563
460.654
199.147
196.442
335.6
785.381
1015.1
532.904
884.528
823.635
293.9
222.086
224.047
535.817
816.016
903.796
719.109
639.977
232.446
235.654
180.418
399.755
657.804
711.756
782.001
813.736
407.061
303.809
268.233
356.411
704.36
865.277
736.605
622.079
393.066
343.449
340.362
443.435
684.793
687.366
455.625
487.227
512.97
382.599
278.277
292.284
445.875
481.645
622.088
579.179
379.481
330.783
298.845
350.2
594.434
601.343
480.143
547.432
506.56
343.04
302.412
505.505
480.019
533.422
276.102
339.177
477.086
477.474
268.237
261.025
272.005
323.065
331.566
319.028
609.639
705.669
388.192
207.935
326.481
305.288
159.977
272.947
436.181
676.013
457.318
228.039
164.084
246.245
195.432
211.525
377.11
830.969
639.549
291.02
197.115
212.319
364.176
318.557
285.796
364.048
499.314
493.543
370.697
332.395
533.813
467.316
265.919
228.027
402.092
702.088
584.466
479.241
494.299
368.276
190.674
197.617
296.455
589.498
537.656
381.749
448.593
377.137
288.836
309.747
353.801
534.001
483.074
384.799
638.042
418.772
228.581
300.114
304.697
549.259
678.502
455.676
446.502
281.861
251.191
302.104
376.966
513.235
477.099
300.29
862.582
445.657
230.144
265.493
295.139
665.37
906.593
504.956
768.022
480.006
344.091
264.936
351.996
694.828
809.737
499.44
870.711
391.836
276.524
309.402
356.51
729.651
931.211
459.569
709.439
752.316
417.895
259.782
224.468
368.197
649.93
803.153
821.155
690.823
267.25
406.724
336.486
480.885
758.175
774.487
923.511
883.37
451.309
224.635
312.609
434.635
847.557
928.132
909.443
717.896
300.574
334.713
284.155
470.535
852.67
803.413
598.75
716.072
416.579
271.958
206.363
459.653
580.083
732.824
463.694
569.377
499.87
341.923
345.748
466.537
473.052
551.939
334.575
455.897
451.231
504.825
471.483
453.533
320.288
439.072
542.078
609.367
335.007
226.297
176.441
309.863
494.224
638.872
303.219
421.182
462.088
505.136
321.424
238.957
282.076
402.912
275.435
284.931
428.405
726.616
416.943
244.817
269.145
282.838
359.266
248.858
286.621
415.703
410.818
281.144
355.138
278.012
320.915
290.113
206.344
381.638
497.359
495.915
355.468
300.441
511.951
382.166
314.868
348.68
395.13
597.259
551.671
391.241
736.154
431.832
245.547
279.942
246.298
555.824
756.557
461.406
770.286
361.605
202.094
174.841
242.657
497.002
784.2
443.768
377.93
266.033
316.08
344.947
335.844
297.007
384.413
267.94
633.159
317.676
194.731
213.153
269.072
524.003
663.592
379.137
872.639
337.904
243.287
310.228
423.027
734.011
920.444
425.879
734.68
385.587
333.514
235.488
381.779
706.435
789.925
430.633
732.554
426.412
340.594
189.828
477.249
790.553
799.722
460.148
1175.3
890.466
336.409
258.77
177.4
439.541
1105.04
1007.69
694.322
512.397
206.222
166.466
175.786
304.089
652.58
578.474
694.691
463.757
443.188
324.401
429.035
477.681
691.327
474.482
788.759
666.2
284.245
261.315
266.412
452.554
738.129
729.135
761.372
689.888
355.115
224.747
188.284
318.899
700.578
750.552
618.919
694.127
371.611
166.334
205.954
329.416
562.145
716.023
756.461
660.759
356.485
486.441
315.257
366.948
697.461
709.081
624.617
624.719
422.837
297.254
300.216
295.384
569.998
655.198
375.16
443.124
572.898
510.653
380.117
274.85
372.285
420.447
207.028
198.87
312.994
564.83
378.728
233.087
209.146
195.542
282.115
200.905
240.2
479.055
468.445
300.345
285.527
216.527
435.995
293.772
264.836
213.907
348.897
477.475
454.164
298.931
631.869
299.392
183.904
205.579
308.019
455.246
660.354
350.825
544.091
301.4
295.6
327.168
281.428
464.413
567.105
316.003
663.291
286.495
230.038
494.126
319.071
399.419
671.21
358.417
444.365
313.786
219.661
243.012
282.294
353.8
445.474
340.534
859.359
387.544
116.69
165.065
209.854
517.088
880.598
472.618
859.408
361.582
157.346
180.093
293.132
601.873
890.061
450.311
812.345
345.062
177.674
197.169
228.768
560.048
846.286
415.418
808.365
399.232
233.103
181.363
247.192
627.664
846.713
460.587
758.211
721.525
366.402
201.065
262.217
327.005
697.237
777.25
633.046
375.611
315.141
207.337
221.669
325.801
614.06
418.669
828.515
453.935
181.704
317.83
314.233
336.06
788.606
558.857
725.09
639.792
298.302
151.581
115.264
294.81
664.891
699.058
772.335
635.528
271.964
265.112
229.846
375.314
722.917
710.16
672.756
622.318
284.214
265.411
353.892
456.965
647.464
678.854
603.243
616.98
259.464
254.66
273.709
437.622
555.309
647.313
574.31
596.33
315.589
253.025
258.97
394.42
529.32
625.129
560.733
609.419
441.096
256.011
229.274
233.268
507.005
621.679
336.732
410.696
478.311
378.856
273.263
276.484
331.57
401.743
557.08
398.689
271.569
322.234
497.218
622.65
594.718
416.438
621.231
325.701
246.717
214.649
246.805
494.771
655.834
369.918
605.415
331.007
238.989
230.76
300.908
552.476
635.725
376.277
587.68
462.829
296.465
331.768
255.713
439.595
614.488
479.24
711.992
374.731
232.585
152.725
231.491
529.363
732.281
421.148
711.472
280.545
126.81
186.325
182.261
430.076
727.7
356.216
848.855
335.559
228.787
298.166
301.913
530.345
872.617
416.785
649.428
300.358
171.948
148.873
184.96
474.304
677.38
357.948
891.417
446.895
218.337
150.5
265.772
566.633
901.163
520.628
834.428
507.686
207.447
230.187
210.435
533.987
855.599
569.732
810.919
752.953
305.848
226.177
278.987
431.614
741.394
814.781
692.152
398.16
225.374
166.491
181.754
328.907
674.303
468.819
792.14
528.594
238.39
259.431
281.799
314.213
740.025
603.591
538.424
417.592
232.925
209.789
202.482
339.97
530.486
456.236
866.761
507.996
254.755
400.818
266.97
268.41
820.554
608.479
703.217
635.657
237.81
204.291
184.335
368.186
648.529
700.113
410.876
489.999
388.067
235.359
321.142
395.481
383.838
492.808
624.605
475.583
262.776
227.18
181.112
297.645
594.914
521.181
656.841
531.227
286.045
238.22
180.092
299.523
616.561
588.228
664.471
575.541
318.562
403.256
222.543
256.378
614.792
618.038
656.718
365.188
294.168
354.414
302.514
440.06
669.256
409.003
614.368
271.615
204.014
420.156
263.559
466.406
646.064
324.671
700.247
273.462
165.523
190.048
211.556
456.741
713.915
343.58
745.388
351.962
147.268
135.885
119.241
396.21
750.154
432.632
577.539
334.6
161.348
189.026
199.446
385.624
602.056
363.897
620.257
278.267
220.917
212.751
355.429
510.79
642.348
325.124
838.684
347.436
139.365
97.6143
210.068
542.475
859.896
430.061
785.465
384.172
199.035
217.835
208.205
487.39
808.594
448.866
816.716
387.019
144.82
128.019
136.733
509.849
841.649
463.256
388.544
229.781
215.297
328.453
292.296
401.077
412.216
247.382
635.321
666.401
321.503
217.969
203.403
273.177
574.72
702.533
683.607
522.202
364.468
230.261
232.678
416.423
659.507
561.526
852.253
523.433
346.176
441.512
264.455
272.706
800.145
606.334
1188.47
689.604
193.298
205.338
220.6
475.058
1119.46
843.014
756.224
590.841
227.741
170.221
265.212
305.193
694.447
665.059
445.002
421.737
234.724
294.153
316.18
356.992
425.92
452.197
455.015
428.212
380.261
380.749
496.874
462.121
440.073
451.28
759.135
416.051
149.444
262.535
233.309
294.467
721.475
510.084
615.141
516.863
237.456
117.718
133.927
226.714
570.824
563.509
721.392
394.203
374.761
523.665
502.167
282.349
685.591
482.286
788.578
403.859
303.462
264.797
218.955
360.768
790.419
464.966
679.754
349.432
186.298
253.032
212.172
359.503
675.232
422.477
464.113
280.648
236.007
220.536
206.628
351.725
478.779
298.042
610.629
333.561
171.841
160.303
156.329
365.668
614.432
385.147
765.719
377.029
190.156
340.8
214.451
380.468
768.656
440.056
453.79
236.593
239.094
448.613
230.179
327.609
480.488
258.691
585.264
295.323
168.726
289.062
211.368
340.517
592.796
347.093
680.186
365.926
156.128
106.371
105.371
383.65
689.507
423.961
816.358
384.195
256.648
202.388
224.525
358.107
808.698
465.364
790.627
413.13
164.465
155.915
167.134
393.35
788.353
497.224
650.753
553.072
268.918
227.522
252.107
372.587
602.228
594.91
739.348
741.272
402.046
237.998
284.751
593.504
694.055
778.892
877.633
597.294
443.822
347.129
287.804
301.571
819.011
678.679
618.066
616.261
282.4
264.525
259.331
326.994
557.936
650.389
759.968
538.434
210.004
320.711
314.494
321.81
709.802
616.201
728.242
523.31
236.04
191.621
121.173
241.089
676.955
586.353
768.346
518.387
230.023
205.99
314.951
424.384
743.917
593.63
541.338
475.238
241.55
234.461
189.417
346.672
500.641
527.473
649.959
444.936
298.053
385.057
269.543
346.911
619.243
513.583
668.124
463.652
266.602
386.625
456.945
394.412
640.592
514.686
591.122
306.127
135.717
205.775
183.286
303.924
583.702
367.558
575.544
378.888
230.37
309.064
213.582
271.738
554.353
434.539
737.123
374.243
212.808
163.207
158.183
304.102
725.963
444.834
836.532
409.336
176.817
177.218
164.091
277.005
812.228
507.551
754.683
341.654
203.411
239.624
282.23
440.667
756.992
416.78
721.193
401.387
186.177
259.674
170.861
410.885
727.402
468.19
735.869
360.171
135.271
192.454
128.275
273.924
718.424
443.361
537.416
339.864
305.801
317.049
250.076
331.671
544.21
374.124
694.241
329.299
158.682
203.24
157.671
422.935
711.257
395.786
871.042
418.899
180.298
262.569
186.849
463.573
883.117
499.964
950.459
530.605
199.272
181.525
234.54
343.891
910.13
633.446
807.626
847.597
449.354
316.962
262.052
590.095
748.356
881.622
646.048
562.859
197.122
141.992
175.189
399.206
624.756
617.027
735.513
555.381
195.128
165.72
197.943
447.08
682.919
637.129
810.075
566.03
256.028
173.217
215.686
389.305
763.93
649.567
483.382
434.617
284.468
374.614
359.26
267.773
451.185
461.057
400.954
418.158
312.974
312.733
410.522
378.106
372.13
431.9
559.259
367.082
242.737
249.612
148.329
191.607
527.111
421.51
649.983
300.535
276.718
385.219
298.849
256.499
637.646
376.101
429.807
307.495
168.131
369.309
302.813
326.161
418.439
342.353
802.833
406.388
178.671
280.765
179.741
281.293
778.762
499.225
454.615
262.591
138.608
199.62
204.219
235.415
436.036
317.186
633.467
371.207
459.319
392.233
376.106
316.289
629.065
402.042
736.118
339.668
263.177
379.325
225.803
301.09
722.695
422.472
761.313
400.623
171.363
291.963
177.522
415.264
765.002
479.745
748.547
414.784
126.736
110.193
121.266
353.997
737.393
494.786
742.102
377.333
192.02
368.381
271.074
323.079
716.426
464.279
679.38
319.534
228.156
276.805
242.913
385.891
687.941
370.634
609.795
391.07
157.916
88.1593
115.481
279.225
584.6
454.267
901.009
351.173
144.7
152.159
259.465
472.623
909.846
452.933
840.923
573.263
165.286
227.391
191.638
368.787
786.12
668.996
1032.46
701.162
297.064
423.826
280.846
337.982
961.182
815.268
501.658
436.356
213.628
268.614
220.724
193.296
453.48
488.297
873.342
493.767
190.186
275.662
214.565
338.195
840.264
593.707
563.759
351.904
261.325
226.598
316.249
402.4
551.612
386.007
772.445
355.169
272.225
324.988
291.247
288.147
762.352
439.257
483.568
360.968
225.504
199.464
254.773
314.306
469.063
394.53
422.868
346.987
195.567
186.465
172.359
249.441
402.051
385.112
427.031
324.206
257.785
319.661
344.57
316.452
420.8
336.52
336.578
272.888
294.169
429.112
247.899
260.651
338.863
282.787
499.287
322.219
202.075
284.109
201.105
210.393
479.952
371.068
626.983
382.01
156.153
229.155
158.097
265.061
594.937
448.406
626.338
334.316
178.827
246.129
136.391
202.506
601.572
410.208
511.125
451.475
298.085
302.734
258.748
276.24
483.644
481.435
681.28
400.979
214.761
267.584
237.844
371.602
678.828
458.764
736.209
438.513
224.145
250.629
160.189
301.514
705.176
516.117
775.194
378.435
189.239
326.732
272.464
266.718
746.464
474.34
795.704
395.703
98.3889
101.372
90.7761
261.969
766.065
495.155
689.769
263.822
111.726
128.37
99.4357
317.455
694.186
335.791
767.844
375.026
325.782
216.394
249.524
476.13
780.671
419.071
873.368
769.803
309.533
318.791
231.241
466.191
806.661
848.049
928.267
865.092
440.005
251.25
357.249
512.277
859.421
927.906
731.776
469.468
288.863
297.817
340.177
513.609
723.7
518.14
551.9
413.488
275.286
411.182
240.948
262.634
514.885
459.422
782.815
367.791
217.61
265.096
247.206
297.66
765.417
454.107
622.02
372.836
185.152
166.391
180.375
311.874
612.057
436.334
420.563
294.099
149.98
237.861
275.18
329.425
406.236
327.099
415.954
325.836
231.24
213.952
165.248
170.991
393.038
359.838
705.008
487.361
239.552
309.652
230.737
333.894
675.936
559.888
579.43
383.284
158.392
153.415
177.146
346.955
570.942
438.897
525.208
407.693
205.978
242.874
197.829
375.326
512.922
446.057
829.077
414.388
157.996
201.953
123.474
249.933
801.557
514.334
574.352
354.778
184.009
264.488
168.298
222.663
550.468
409.196
578.943
323.418
246.389
237.84
217.602
234.614
557.45
384.47
673.651
483.386
189.407
257.361
207.338
301.853
641.858
550.504
901.379
457.223
96.5988
121.074
84.3431
316.399
870.8
569.315
618.812
342.204
137.141
169.525
136.253
256.932
597.45
410.882
634.952
284.321
164.317
238.144
119.393
218.024
622.278
358.191
1024.67
471.228
212.024
187.141
145.519
401.995
1013.88
580.418
915.84
446.927
140.783
172.043
134.011
329.63
890.958
557.558
804.034
603.957
376.851
184.81
258.891
483.285
778.423
653.586
995.307
748.709
302.993
236.936
230.291
480.947
931.702
840.604
692.078
557.928
313.404
286.428
248.767
275.941
646.601
616.529
747.812
443.539
197.179
202.368
209.978
273.117
715.209
521.485
745.3
356.505
192.217
319.421
174.409
270.925
731.095
441.354
676.334
375.325
231.028
216.125
190.65
310.763
657.593
443.158
538.157
461.945
235.167
102.826
189.587
273.672
494.35
498.197
564.696
404.082
204.688
246.791
175.327
264.872
531.858
462.713
608.22
401.15
205.416
264.261
210.507
334.672
597.816
453.393
594.127
449.564
262.772
231.715
182.884
267.757
564.043
498.353
605.402
401.827
167.958
235.796
190.445
248.491
577.563
460.296
424.939
296.9
198.453
384.273
219.185
237.265
407.838
339.658
651.777
383.25
127.365
138.133
146.476
212.591
620.43
457.481
576.094
307.204
143.914
149.244
106.59
210.775
558.351
371.897
527.602
359.135
220.319
214.656
189.236
245.182
509.288
407.362
758.502
391.876
187.014
231.68
197.513
294.597
737.135
475.673
731.006
328.359
148.499
276.724
224.877
291.045
722.418
409.893
495.691
181.942
168.832
267.992
211.766
271.882
503.231
234.254
596.872
275.634
192.523
266.866
312.69
360.614
604.733
325.758
853.489
437.125
207.82
266.909
178.503
477.653
882.9
490.948
656.65
576.17
315.547
211.691
238.381
317.196
619.257
609.613
488.88
510.02
294.027
308.693
266.541
364.351
453.562
541.051
675.17
531.441
240.884
194.471
215.921
386.654
628.108
581.1
600.008
431.211
217.503
296.021
302.914
504.321
583.107
480.977
556.07
480.325
321.438
341.474
412.539
303.261
514.996
526.093
499.074
436.238
215.332
215.057
180.391
256.752
469.441
478.413
715.803
413.709
237.97
214.929
226.577
285.096
691.337
486.343
532.811
458.893
281.421
243.848
222.788
245.333
496.567
488.172
539.647
426.94
171.965
134.406
153.42
293.723
499.898
486.922
759.758
510.758
204.554
173.995
170.584
328.835
717.778
588.82
510.053
490.448
332.51
276.466
302.451
260.855
471.512
516.668
509.761
351.277
235.793
322.455
280.549
314.568
492.588
399.357
566.927
401.583
165.865
145.716
103.689
232.959
541.642
455.653
641.895
302.403
234.715
360.397
231.951
294.633
631.751
377.431
641.745
358.174
158.82
137.445
117.443
235.587
619.118
429.838
818.036
579.526
188.462
140.593
191.224
330.892
776.787
662.753
764.404
341.518
160.916
135.016
116.81
290.305
751.93
430.218
851.574
372.531
161.804
175.558
211.653
327.524
841.052
475.364
786.399
316.454
143.166
144.012
194.626
363.723
793.311
402.076
569.592
349.602
179.894
163.016
179.364
432.617
596.194
383.219
591.987
586.18
401.885
210.1
244.132
473.966
556.941
617.137
940.984
579.706
243.131
185.219
171.447
397.278
908.29
675.705
826.93
542.998
183.851
182.672
185.093
444.733
803.5
625.911
776.161
498.946
220.612
263.561
272.58
364.046
737.685
580.311
661.448
529.408
230.976
203.034
210.886
276.93
618.143
587.702
670.483
466.578
239.929
190.41
156.819
320.415
641.509
529.167
394.861
344.715
236.076
223.968
237.985
225.636
374.514
368.312
408.984
329.474
234.069
233.449
205.611
287.38
404.498
354.135
547.605
392.543
263.772
228.073
233.691
276.632
528.067
438.085
644.18
485.573
226.108
139.387
145.19
225.995
602.39
548.939
508.933
419.65
214.07
273.238
200.51
224.453
482.855
455.119
636.79
407.462
178.848
151.621
128.752
234.841
609.378
475.011
569.823
408.586
206.082
137.869
137.133
250.63
548.1
452.867
854.835
438.735
168.314
162.418
164.891
304.478
825.771
541.489
767.574
431.078
218.019
153.348
138.203
271.355
747.031
507.354
607.323
370.017
338.6
235.878
229.698
277.88
596.83
397.251
538.718
313.115
139.71
138.813
115.383
222.919
519.024
373.01
414.946
241.782
183.635
162.361
150.302
245.086
416.709
270.826
837.833
381.053
238.003
254.001
249.373
406.913
831.203
469.953
641.201
318.823
226.519
233.096
234.269
364.618
647.263
382.241
