318.629
229.745
154.534
182.891
187.51
223.665
317.013
248.749
443.018
732.162
419.647
252.5
222.123
425.973
413.5
711.884
866.839
987.451
425.539
250.286
244.188
482.561
788.756
1045.68
471.371
812.149
545.264
166.987
344.088
417.596
408.663
782.366
400.201
794.438
829.443
366.498
418.568
483.224
349.303
713.081
483.085
653.484
811.581
495.955
442.391
433.648
490.33
613.516
446.036
676.853
922.904
870.194
453.249
344.6
411.738
644.955
231.22
417.41
784.104
669.529
401.861
240.604
232.643
357.051
148.041
286.916
727.257
991.253
474.39
226.913
150.836
233.925
180.181
218.801
607.387
998.38
588.318
179.462
182.234
198.098
155.166
179.532
496.893
928.056
572.982
188.943
153.936
169.245
227.408
228.312
479.371
911.147
551.2
219.268
226.217
216.69
278.704
200.449
365.93
790.653
792.622
364.718
286.91
205.615
264.31
225.517
259.978
418.023
558.814
520.495
298.051
226.535
306.723
202.433
333.58
449.173
700.896
569.858
337.714
194.578
360.991
258.083
264.842
489.206
521.975
451.107
369.647
279.078
489.756
389.697
369.593
429.567
650.202
730.773
543.367
399.206
530.624
456.969
342.041
497.876
737.596
784.557
584.11
473.492
463.916
399.662
347.423
415.686
553.428
572.881
495.636
405.639
563.606
397.758
365.971
334.987
643.75
847.801
621.44
385.15
423.5
387.569
197.595
133.965
149.161
248.348
396.789
419.776
547.026
661.762
398.193
350.614
271.191
413.663
539.563
660.929
330.963
511.519
300.783
197.748
258.051
234.661
304.773
507.641
402.452
734.627
556.595
318.663
268.944
364.2
366.317
695.654
541.502
804.437
468.521
281.907
262.15
536.688
539.7
781.521
438.881
704.247
762.964
443.099
402.874
442.398
446.222
649.252
583.66
612.137
788.324
676.676
312.402
412.77
570.875
592.5
356.318
518.331
713.167
670.835
386.188
325.808
330.546
486.911
239.349
327.151
543.484
716.742
362.632
241.097
225.057
308.521
174.678
251.973
560.095
874.958
457.723
147.648
161.422
235.297
130.981
236.623
495.878
941.795
428.54
121.389
120.643
213.981
231.067
306.865
403.482
683.371
543.241
382.974
239.863
267.118
150.012
148.733
385.785
923.865
746.253
307.977
152.534
141.613
274.585
259.057
225.807
483.854
493.917
401.084
291.625
265.832
230.917
277.792
276.652
412.515
664.749
602.761
253.587
260.71
541.569
457.961
352.662
470.994
731.513
827.348
600.269
474.67
442.326
325.587
263.398
357.422
549.368
648.606
482.468
321.544
613.203
309.892
273.641
350.609
551.255
679.017
661.07
349.225
560.619
480.803
360.306
298.691
631.674
876.116
606.051
510.974
595.108
408.68
281.749
348.428
411.6
540.23
600.038
466.017
436.81
375.299
171.674
156.933
115.677
206.768
407.108
414.852
691.945
823.211
480.013
196.041
363.465
429.681
619.86
851.246
302.144
396.883
308.631
232.293
245.037
334.767
286.385
400.823
503.035
714.193
474.862
404.689
360.519
314.059
452.759
702.703
416.979
685.411
569.213
289.097
212.086
368.708
408.425
648.776
496.33
741.475
765.731
519.081
371.266
408.739
466.412
711.064
517.005
704.225
835.847
604.676
443.789
457.65
528.285
672.237
253.79
462.854
670.673
627.389
408.413
369.729
255.077
416.648
166.519
331.593
738.966
858.285
400.103
203.485
162.466
281.984
277.451
318.306
625.958
804.529
440.462
190.57
268.556
289.75
106.306
146.691
468.995
730.48
420.176
160.076
106.311
125.497
208.502
201.16
373.536
777.956
591.782
240.639
202.125
202.834
197.533
212.775
343.395
507.214
602.671
349.39
211.797
203.197
250.464
242.217
371.445
504.475
697.659
472.513
273.176
232.821
286.796
244.405
219.445
378.312
549.914
510.333
319.01
243.99
355.124
270.097
363.158
398.983
600.012
698.99
412.089
251.742
592.747
376.573
308.038
294.974
521.691
804.465
656.686
395.61
690.058
376.041
188.574
196.88
404.336
814.704
754.875
408.852
578.457
475.527
300.78
372.411
428.426
761.467
637.699
487.178
423.314
310.099
333.339
347.581
648.239
782.213
485.005
293.096
354.072
275.52
150.546
146.996
126.632
215.399
340.579
307.093
604.099
596.469
338.48
241.639
206.504
219.968
549.471
631.944
469.301
632.468
372.173
317.403
305.167
390.245
459.261
621.607
507.428
630.318
369.296
256.045
261.675
400.455
470.282
630.535
579.756
809.933
536.521
324.255
373.135
581.104
572.965
795.362
398.838
712.448
754.222
512.073
459.592
357.222
360.025
671.491
420.676
552.544
641.047
511.431
380.301
504.96
443.156
519.373
379.736
537.017
830.199
693.577
435.302
398.279
368.412
490.337
266.973
422.487
771.919
858.004
373.214
228.9
266.837
374.935
203.045
242.977
556.874
879.581
488.415
247.461
202.349
216.822
164.22
173.236
583.944
1080.82
681.103
184.794
156.774
165.88
264.89
230.267
448.723
802.08
584.021
310.352
265.304
218.54
204.065
194.541
254.563
527.906
517.309
332.881
209.897
198.82
561.549
267.088
169.414
242.014
487.961
681.709
616.074
303.148
383.102
313.192
274.768
558.778
677.722
532.103
398.821
319.775
333.371
227.047
273.742
358.861
588.509
641.386
378.103
230.61
519.639
296.297
254.441
339.622
505.504
701.446
578.31
317.772
723.944
389.731
272.465
315.251
538.214
824.15
788.671
426.74
748.251
527.016
264.696
226.866
454.539
867.991
809.252
545.572
854.174
548.669
301.916
225.526
414.444
805.858
893.469
576.713
244.764
251.307
171.669
242.399
214.863
189.925
225.819
264.915
587.814
520.819
263.18
311.935
197.541
332.162
529.452
581.552
857.208
884.413
387.201
259.825
272.027
426.749
773.556
949.697
656.681
718.582
445.565
448.02
407.516
454.536
588.165
754.802
516.554
725.518
578.283
394.666
356.556
457.711
490.866
709.852
573.248
722.763
667.948
450.763
318.541
353.375
544.013
707.739
397.116
549.69
631.143
452.663
344.559
437.74
409.947
503.488
506.143
569.532
772.411
614.701
353.664
414.217
498.984
529.777
257.606
439.281
632.905
617.486
281.442
189.792
235.894
400.636
160.262
215.244
600.626
874.289
457.578
146.874
156.909
187.987
175.044
189.299
391.204
772.778
531.29
231.382
173.593
188.189
144.377
181.535
427.496
917.228
713.599
230.32
144.853
164.098
311.764
207.209
252.653
554.456
572.593
443.67
337.199
211.119
399.588
389.928
372.343
376.541
480.311
659.592
439.04
396.661
423.617
275.539
286.585
334.031
497.766
638.071
471.402
287.728
652.872
424.08
327.341
253.457
440.006
710.381
709.856
457.614
670.839
367.224
229.148
239.503
422.127
729.629
719.913
396.734
783.811
392.107
295.949
294.785
443.016
684.038
829.332
444.652
967.924
429.94
275.388
213.758
420.577
802.886
1014.71
515.578
856.394
409.665
191.145
156.415
305.613
785.182
906.834
461.86
487.746
478.92
254.837
124.422
218.533
504.421
494.547
504.826
714.418
658.008
240.84
114.791
193.435
419.166
638.853
721.746
843.498
833.81
375.283
227.84
185.323
301.298
757.147
881.073
848.463
719.191
334.509
309.985
258.654
228.874
767.961
793.345
1032.05
1047.75
539.97
238.809
300.273
518.579
951.472
1092.46
461.926
598.889
653.439
378.221
426.647
516.236
438.11
552.216
507.113
655.572
512.921
248.647
226.053
295.986
471.813
651.248
388.252
703.529
898.408
603.072
509.048
309.365
340.058
646.299
485.346
624.115
757.924
634.431
348.99
430.402
486.606
566.327
185.174
230.653
602.141
917.334
516.256
203.664
187.396
203.798
389.8
303.456
530.245
522.714
336.626
266.543
388.388
307.204
211.215
172.056
300.347
444.637
648.794
426.493
233.736
165.104
369.287
352.17
341.31
445.839
447.758
387.143
354.472
379.845
426.415
360.876
329.983
374.259
569.09
651.065
469.23
374.986
442.158
351.687
247.384
346.175
436.612
559.186
450.178
388.03
579.998
416.446
330.32
261.048
337.633
558.601
610.549
432.424
663.727
282.259
353.825
449.764
399.866
591.264
698.68
336.612
582.306
451.41
325.592
276.187
390.355
756.951
644.082
462.6
670.59
369.793
205.478
182.297
395.78
699.119
726.659
401.281
874.935
422.12
213.942
178.143
278.906
666.091
895.59
489.338
633.503
571.578
332.18
326.248
307.892
303.416
578.405
621.099
613.902
446.925
197.47
173.345
209.185
372.323
585.793
516.292
955.803
790.725
357.193
284.436
261.498
338.869
880.81
874.437
1192.11
1016.66
338.383
231.1
228.002
455.072
1089.14
1134.89
591.581
593.168
316.766
216.13
332.109
403.795
575.699
627.736
541.073
650.306
473.744
300.812
270.015
489.173
541.694
649.668
522.896
659.45
481.242
338.606
350.467
437.85
487.039
663.289
511.01
533.642
442.896
346.836
273.549
310.176
474.696
542.978
457.276
341.722
521.379
739.538
483.399
384.998
467.152
346.891
317.3
347.893
619.392
866.734
415.504
272.345
315.106
329.209
233.754
260.139
303.792
575.409
413.707
238.361
220.675
261.503
175.04
158.895
342.177
708.923
565.805
300.12
183.935
156.866
323.691
281.473
324.068
309.654
559.166
633.046
365.447
248.042
499.806
460.524
343.132
401.321
418.792
547.797
482.996
484.048
531.899
256.688
291.937
394.784
410.954
498.676
560.328
290.696
425.079
367.53
351.861
301.314
415.83
595.441
457.999
370.482
541.967
251.703
231.823
300.949
397.31
583.378
585.137
283.539
641.182
428.968
235.705
277.79
347.125
678.845
687.697
447.251
790.86
489.552
293.477
325.278
383.937
770.582
857.043
542.503
824.772
392.624
326.096
333.309
368.945
678.849
853.133
447.57
660.818
529.578
255.95
159.893
198.788
321.319
611.596
589.449
652.854
408.939
199.98
222.422
191.102
303.23
632.937
476.773
905.341
880.42
322.254
318.34
228.574
492.803
827.885
967.011
895.51
722.312
282.924
210.612
249.969
309.377
817.837
811.443
658.654
615.587
410.261
360.549
272.643
425.726
631.529
649.883
630.661
643.093
439.428
293.782
176.677
472.789
642.347
670.334
608.284
610.039
462.073
404.265
322.425
388.077
576.132
615.471
467.525
531.296
441.842
304.153
408.23
402.826
479.641
518.487
441.465
331.345
639.993
594.603
453.62
207.842
419.293
333.88
159.608
306.897
760.553
995.752
528.092
238.09
161.676
253.787
215.113
215.222
299.196
417.363
373.722
376.535
229.729
202.567
377.182
349.785
380.984
602.325
597.093
573.317
384.118
338.112
488.945
496.872
295.37
313.637
525.934
707.012
531.462
509.493
498.053
384.046
269.861
281.495
424.694
579.131
532.844
391.448
585.638
437.85
280.473
337.882
295.267
542.864
612.765
450.763
545.98
355.022
301.366
342.997
356.238
522.508
585.703
398.798
639.403
332.606
266.408
283.08
338.187
578.589
672.603
382.718
782.935
347.019
234.06
247.343
286.932
612.902
818.964
406.439
655.963
355.788
352.375
239.359
415.325
678.541
708.369
380.067
751.221
350.624
230.637
235.626
403.905
678.424
788.009
397.288
611.2
580.881
354.371
289.171
293.825
263.638
549.263
622.464
637.315
435.585
322.008
197.452
163.651
279.05
613.872
478.748
816.235
809.505
425.413
376.468
403.981
517.31
743.394
871.778
1028.67
700.192
382.119
314.52
417.942
602.145
977.085
787.193
641.978
560.747
315.345
290.479
241.426
325.754
604.39
611.927
557.396
531.275
412.423
431.475
443.026
531.793
561.173
549.73
534.41
613.654
592.704
498.435
420.809
710.171
566.11
604.461
442.459
629.343
594.986
361.204
351.748
313.936
396.346
598.569
511.543
408.127
395.139
319.014
416.023
310.151
497.965
420.269
206.452
247.021
651.458
854.924
483.273
272.657
214.446
220.522
335.015
272.041
440.038
813.711
494.558
262.347
327.876
292.253
391.927
365.733
379.12
387.925
494.56
427.568
388.442
377.336
496.349
295.677
235.214
245.798
390.517
567.932
538.724
316.599
631.062
300.289
217.353
195.594
318.664
562.489
663.411
338.838
799.698
361.999
292.41
279.905
279.792
480.896
809.359
431.611
740.735
443.139
234.734
209.857
186.79
391.108
732.12
516.1
323.416
264.379
350.051
332.369
300.25
256.585
324.257
256.376
835.303
430.745
249.418
287.383
475.92
802.827
883.477
473.018
815.08
561.308
290.489
282.098
285.058
682.202
866.559
608.101
676.693
514.63
312.158
304.879
319.976
687.132
723.923
530.29
894.172
517.701
143.913
94.5664
140.187
335.255
851.845
625.732
737.348
595.548
417.957
245.914
315.136
518.561
715.165
623.393
645.758
397.341
324.835
307.61
300.681
419.144
630.927
458.386
658.305
633.089
321.056
220.697
210.336
417.95
635.065
672.977
788.198
671.396
331.3
349.382
343.854
409.889
731.755
740.073
601.045
672.864
471.789
393.462
327.191
326.982
545.275
690.495
558.113
750.958
451.118
284.303
300.58
403.982
516.039
751.25
704.361
707.75
481.839
291.037
201.575
308.302
646.45
746.712
490.247
613.601
392.189
377.419
235.965
355.293
454.002
622.358
277.109
269.656
577.542
703.308
443.432
296.678
292.068
239.876
160.489
199.228
407.279
742.707
554.609
249.083
169.384
181.847
302.62
269.33
306.408
288.874
492.446
585.218
344.555
228.968
606.395
282.279
215.393
241.355
292.686
433.588
623.43
344.934
685.224
359.385
213.955
261.971
167.877
467.337
697.444
406.645
679.866
290.036
111.248
230.272
263.527
500.517
711.584
354.188
535.316
227.514
271.906
314.333
281.605
333.983
553.685
268.414
689.252
406.195
201.183
146.213
171.345
451.288
708.23
450.18
764.155
406.037
247.331
271.405
289.401
579.575
798.906
440.268
728.784
324.039
245.631
240.383
344.893
599.016
767.587
380.082
801.935
475.499
245.812
236.587
250.21
595.141
818.707
518.164
613.49
574.295
238.743
207.608
191.115
304.771
554.961
623.281
843.765
804.955
430.808
253.633
190.835
633.076
843.585
846.085
989.871
596.69
248.569
190.452
237.762
328.071
931.197
705.319
623.322
649.648
337.243
272.691
329.819
417.902
574.719
695.831
979.166
624.644
272.483
308.288
210.583
428.498
943.232
714.474
754.291
491.558
260.267
170.898
166.37
384.824
756.1
545.922
592.587
551.432
381.056
397.638
436.729
519.612
581.382
572.305
730.993
447.701
201.155
239.72
228.553
278.541
698.991
521.61
613.102
591.407
408.266
335.71
374.3
404.816
573.264
619.12
463.689
559.962
469.266
336.782
245.401
256.393
425.718
560.42
501.947
374.594
466.58
445.326
616.732
594.572
510.003
383.674
690.979
294.403
239.775
277.551
480.507
661.526
728.794
353.68
718.177
337.658
233.801
176.419
315.251
552.876
740.571
405.223
607.569
328.955
203.991
238.165
297.212
498.573
631.161
360.077
546.584
261.089
216.771
275.364
310.616
443.484
572.187
301.608
423.566
234.638
166.203
261.634
191.879
311.906
443.449
253.013
745.44
371.184
208.609
358.779
239.904
437.632
761.289
442.222
806.234
354.661
201.524
148.515
214.539
553.684
834.582
426.955
721.571
462.42
270.948
226.062
255.408
577.675
764.698
491.952
787.072
441.626
189.161
199.25
199.3
581.549
829.903
492.641
817.608
556.962
211.549
190.162
166.842
256.286
750.35
659.483
1094.04
940.54
308.3
197.055
207.61
542.682
1011.13
1044.29
802.131
432.895
167.146
144.155
144.161
292.299
765.475
529.728
793.789
763.43
302.174
269.561
284.171
439.256
722.537
838.235
639.113
424.489
192.618
163.241
199.48
279.396
601.867
492.014
655.13
499.672
292.955
303.332
216.633
342.005
629.787
545.865
719.969
476.141
233.262
148.007
212.46
248.967
664.495
556.562
477.414
432.348
296.521
286.897
223.671
213.384
441.474
459.824
715.2
568.689
346.378
273.052
176.491
254.989
671.264
620.798
703.177
543.992
313.084
405.716
321.717
325.212
656.24
595.937
515.374
580.243
305.675
183.402
281.019
526.225
512.995
583.709
774.562
397
159.138
265.356
229.661
458.679
786.868
475.115
636.569
302.479
179.945
222.923
296.519
463.189
647.68
366.172
573.052
269.111
227.13
252.53
257.913
318.558
578.184
326.33
776.169
336.248
168.093
136.163
129.49
377.626
782.962
407.541
830.408
332.243
158.716
164.066
273.439
514.489
844.639
419.06
644.253
240.54
163.348
202.3
196.012
399.685
668.089
304.251
687.899
329.898
212.049
371.904
337.944
486.317
720.691
389.023
850.575
450.206
218.089
141.677
207.323
551.387
855.339
509.604
934.367
452.344
170.865
184.714
234.974
549.5
935.201
558.023
407.604
428.136
286.073
331.848
284.474
281.77
392.331
445.757
919.53
947.482
501.93
283.857
258.68
464.404
839.954
1015.26
829.554
497.004
265.74
303.334
195.968
257.977
770.041
583.897
819.49
651.317
279.404
419.557
456.217
415.284
749.036
741.86
1005.11
534.292
235.447
341.829
252.989
337.687
953.966
664.563
634.621
570.972
243.301
177.991
241.943
432.82
598.638
615.964
794.008
487.075
225.601
259.817
145.47
385.93
788.894
556.931
387.918
351.94
228.862
213.479
290.544
386.215
384.101
364.338
697.227
468.98
205.712
235.138
232.966
349.563
672.742
537.858
599.211
428.628
241.321
225.796
176.317
243.409
572.347
479.179
583.546
375.023
271.563
378.371
291.942
279.907
567.153
428.304
600.358
351.477
202.601
281.266
196.837
297.56
587.371
411.705
591.413
308.61
240.134
292.251
251.375
353.936
597.359
367.817
978.194
451.179
193.111
173.686
181.935
455.495
976.831
543.872
576.328
264.844
110.019
107.913
152.605
319.479
583.655
318.844
469.215
281.081
318.236
336.404
404.657
316.669
472.914
309.9
839.337
408.412
171.362
185.713
221.047
443.766
833.43
495.098
783.211
305.861
112.696
144.601
139.327
360.237
787.456
396.827
745.089
420.523
243.607
230.328
225.525
470.05
769.362
474.134
813.288
493.28
238.368
232.225
207.307
491.392
828.201
546.055
993.074
606.798
225.414
222.807
185.501
321.542
933.17
724.485
901.93
780.706
306.69
214.736
216.52
363.511
824.902
859.085
776.043
434.707
193.119
175.083
134.392
310.362
752.127
518.532
685.849
616.338
358.49
276.934
208.914
540.977
652.379
673.925
954.933
541.238
181.563
317.075
212.551
289.594
898.42
659.34
782.704
488.704
342.203
237.436
288.532
440.151
753.662
563.77
684.099
423.273
208.98
186.321
215.225
352.106
670.774
490.584
737.968
506.385
249.964
259.639
266.466
374.181
709.865
578.642
525.083
399.733
358.576
303.092
336.363
241.585
498.324
442.264
554.377
441.287
304.439
276.621
285.068
295.883
518.228
480.613
665.766
362.396
235.061
412.903
427.819
464.889
669.81
419.442
619.957
322.566
223.889
376.336
261.106
335.85
616.144
381.71
340.238
240.411
206.212
269.409
188.473
249.04
345.266
249.354
749.752
382.196
166.94
180.24
171.899
308.84
729.771
465.095
634.26
322.464
253.491
343.105
222.573
362.63
642.863
381.405
571.284
261.924
192.955
287.062
220.526
357.687
576.285
319.237
818.787
415.75
194.675
194.897
259.046
359.881
799.981
505.494
683.974
392.597
114.63
162.779
170.941
345.657
673.255
467.921
691.719
307.546
268.915
207.156
222.289
421.605
700.487
368.181
965.706
428.834
184.781
209.7
178.827
402.581
954.715
538.468
759.264
544.045
215.806
249.58
248.425
339.443
715.575
612.851
758.103
620.275
221.212
180.261
182.164
284.2
689.722
701.832
737.84
633.685
362.148
247.21
268.434
564.587
717.923
674.037
635.63
595.346
334.209
207.967
287.583
521.273
588.024
640.468
807.741
612.64
281.892
174.561
253.091
321.026
750.835
685.475
502.335
501.904
362.211
294.288
406.373
286.629
459.78
525.355
808.046
453.613
200.867
302.181
184.804
286.785
779.801
536.959
558.913
323.657
258.209
375.395
330.01
206.065
531.516
381.023
410.707
284.8
332.124
328.125
364.596
269.568
396.782
306.944
700.852
445.341
225.078
220.427
308.641
404.927
679.179
515.061
424.141
379.734
215.777
226.351
215.685
333.357
403.422
403.117
556.215
334.787
202.035
382.214
234.714
277.551
548.58
385.895
559.143
469.178
253.218
230.21
235.001
380.919
552.033
485.178
483.238
284.014
377.971
392.339
239.514
358.042
488.928
306.338
780.55
407.831
258.809
206.787
223.784
349.175
768.774
486.462
720.513
328.528
168.868
292.821
215.15
259.428
701.145
416.977
657.254
395.805
262.666
298.813
274.168
374.262
648.93
458.61
671.559
321.153
294.389
217.179
203.739
337.422
669.245
378.351
769.94
339.048
123.144
115.724
175.386
280.909
757.238
430.866
677.992
345.611
191.673
164.711
207.571
402
682.76
408.451
1039.98
700.461
264.386
159.84
203.12
404.046
981.328
795.489
1324.97
728.022
295.121
240.077
159.743
393.445
1263.16
886.63
803.878
524.802
297.176
259.972
178.359
236.416
757.702
604.258
797.385
513.699
271.685
273.949
227.981
256.849
743.675
596.297
570.761
482.257
208.995
273.426
258.477
401.419
536.754
532.661
506.331
390.123
258.953
272.028
194.848
261.351
476.362
427.295
649.988
433.679
207.023
162.73
139.713
266.112
620.718
499.831
565.799
427.145
272.668
323.11
232.169
296.299
541.401
467.062
757.495
432.424
201.618
125.749
169.382
273.96
722.923
513.949
521.677
481.513
293.97
344.351
283.6
370.161
492.475
525.273
647.761
510.95
284.093
170.911
148.053
264.982
611.672
557.799
539.11
345.103
199.625
318.265
231.421
277.011
525.623
396.973
673.421
467.153
229.268
201.758
221.454
333.066
640.5
537.819
489.348
303.236
361.229
336.709
352.097
276.279
475.999
328.133
964.205
548.431
168.399
262.211
237.093
327.227
927.632
654.86
633.211
329.797
198.365
194.501
181.551
269.788
623.896
393.997
698.682
419.606
180.428
260.466
256.901
343.776
681.537
494.677
750.856
363.069
156.083
148.133
132.662
295.914
731.014
453.067
729.623
329.853
229.598
203.313
147.693
313.619
722.477
405.713
763.03
390.274
195.202
169.992
186.834
377.988
783.331
454.239
522.078
604.191
340.519
270.231
233.98
292.833
472.41
620.818
1237.76
661.366
259.117
327.537
181.513
394.147
1180.15
817.472
1141.46
641.37
250.089
320.747
286.61
396.767
1088.91
769.251
514.348
368.184
251.941
216.871
189.491
279.173
505.817
407.984
740.904
422.998
235.596
471.098
380.788
350.41
714.086
505.772
767.673
419.005
184.528
175.533
159.076
335.509
747.164
504.23
622.606
344.504
279.681
331.884
239.772
240.113
605.892
403.555
276.585
181.578
249.519
288.02
287.607
223.889
291.795
190.178
646.544
415.541
218.558
249.088
216.708
304.696
629.802
476.942
636.394
395.446
185.036
218.312
209.865
239.509
597.177
464.628
497.696
405.091
199.803
284.258
249.823
313.417
472.544
456.299
615.303
384.734
200.806
248.575
205.071
307.605
591.248
440.251
449.979
375.605
204.527
183.573
176.22
214.732
415.993
409.042
640.245
390.604
193.121
214.626
167.509
306.102
625.691
456.194
875.8
498.69
223.549
154.677
124.111
318.301
844.088
594.2
752.171
412.353
252.292
454.273
281.271
268.779
720.383
495.796
643.522
365.808
153.492
177.37
131.684
299.726
632.28
431.902
657.561
348.701
92.9339
114.567
95.921
203.895
625.846
431.478
755.552
330.629
162.433
170.033
205.957
326.328
752.764
408.568
683.154
318.728
176.971
194.805
206.231
360.078
690.072
379.101
653.786
552.986
214.204
303.287
282.649
412.039
604.243
620.531
982.108
743.68
388.907
209.806
269.722
369.318
925.498
832.376
836.716
570.897
232.264
267.681
251.409
454.758
799.597
651.904
972.004
492.027
253.029
367.617
218.177
342.963
937.089
610.038
770.376
428.328
223.842
314.487
186.538
275.298
739.19
512.468
809.818
521.571
202.773
104.125
131.532
349.337
783.466
604.598
470.393
374.513
253.366
223.126
209.886
245.502
455.829
402.572
271.854
298.226
293.726
262.718
262.979
348.313
257.348
308.136
589.056
277.851
148.69
122.513
168.078
291.227
592.122
332.7
625.328
375.563
147.474
223.392
230.79
276.57
602.654
442.978
491.54
318.908
214.294
319.269
324.424
295.561
483.633
356.125
567.278
386.046
252.092
345.521
247.996
247.444
540.988
439.601
530.878
310.996
168.833
224.32
193.676
189.456
504.981
369.1
541.196
333.201
191.031
195.169
183.873
309.139
539.028
381.021
618.562
407.205
210.768
233.71
168.492
235.492
589.216
473.69
590.653
356.188
273.122
320.12
217.848
261.613
572.121
406.751
715.578
430.559
254.739
359.199
266.27
390.992
707.799
497.961
478.367
258.883
254.26
344.856
180.429
247.289
478.493
294.299
680.896
299.586
135.713
197.804
202.246
279.148
673.799
377.932
857.921
367.783
311.72
380.886
380.021
354.286
848.104
470.437
866.222
714.575
348.058
179.214
225.441
447.036
810.338
773.861
488.727
420.286
353.154
231.204
298.899
326.499
469.409
429.633
469.714
528.417
293.719
127.783
175.818
402.004
460.16
541.697
669.952
540.706
223.008
164.407
193.881
327.904
630.182
596.929
760.959
348.302
321.214
391.358
286.158
337.798
748.85
430.42
619.689
512.761
247.397
208.268
204.972
405.705
594.259
557.428
617.656
423.507
192.108
188.906
194.992
355.661
610.379
472.892
460.659
427.521
212.744
101.326
125.537
290.069
451.148
455.043
457.681
407.623
190.493
186.163
209.969
213.492
425.617
446.114
437.185
458.705
274.506
180.806
190.23
280.788
404.146
479.749
728.521
534.805
300.965
213.195
185.72
315.063
693.794
598.26
568.764
388.636
245.003
257.076
144.507
230.121
536.631
447
414.986
266.211
214.733
217.333
204.25
308.45
413.291
296.936
565.481
287.169
183.614
247.415
270.367
310.73
565.664
345.409
546.414
332.498
171.111
180.095
152.297
244.69
530.438
388.147
741.616
349.038
168.48
187.947
154.347
302.895
727.194
435.729
718.863
433.967
206.399
159.633
142.734
351.212
709.793
502.823
708.426
345.861
138.239
110.31
108.96
321.612
695.503
425.41
565.39
318.235
131.734
127.7
173.721
415.173
592.924
356.619
478.4
264.661
139.216
202.458
248.072
390.649
504.471
289.609
643.415
675.959
347.944
278.969
223.036
410.34
597.82
706.427
652.759
725.134
347.1
243.735
242.461
486.56
627.322
748.581
787.512
507.317
299.487
235.234
243.419
441.767
769.992
571.787
841.91
644.083
379.686
359.389
362.544
401.298
782.076
735.633
909.535
469.879
177.232
218.959
181.993
434.523
889.061
567.431
581.104
538.573
270.344
157.485
176.715
309.232
535.196
578.358
779.774
586.003
283.568
169.121
111.999
260.497
727.906
656.918
560.658
451.612
179.272
173.974
186.141
246.677
521.439
506.581
615.637
510.169
251.193
385.073
240.588
362.515
569.72
574.587
724.929
588.739
386.725
229.267
245.577
353.717
682.765
636.307
451.417
396.302
267.871
199.546
145.371
157.075
419.292
419.055
576.212
375.337
174.496
156.972
155.388
261.973
553.924
428.653
593.378
401.038
235.297
221.05
251.87
348.937
572.832
458.636
629.96
336.111
153.37
157.373
136.279
253.146
617.862
395.192
826.45
502.297
172.963
157.655
159.573
308.436
792.076
583.774
566.726
403.937
363.986
219.704
170.937
337.884
564.969
416.523
438.084
247.357
150.317
145.693
172.934
211.841
422.378
287.284
438.748
227.363
130.355
155.29
184.511
178.656
426.346
275.686
692.474
374.359
171.712
129.9
191.442
298.273
682.69
436.585
994.812
447.574
199.898
179.855
209.093
421.661
990.714
556.638
