415.457
400.694
500.326
605.865
329.218
262.029
419.119
389.614
336.707
411.795
622.517
552.653
471.28
257.703
311.265
395.837
352.886
414.5
644.106
676.155
377.954
227.996
330.005
399.896
205.351
344.24
605.796
779.421
469.455
254.153
204.753
309.136
235.585
274.849
614.817
838.314
431.639
180.478
230.734
252.736
178.342
297.674
624.425
802.094
500.326
241.79
167.891
262.757
147.398
359.601
774.268
867.251
415.053
209.072
132.484
300.647
227.693
241.441
620.861
1005.68
569.9
191.675
225.085
223.572
138.318
159.816
512.472
980.935
625.325
210.302
141.122
148.21
205.639
203.476
517.132
1027.29
705.241
234.963
214.182
193.498
273.343
243.688
505.114
848.664
951.632
546.902
290.188
230.562
327.657
290.546
314.486
659.708
885.683
688.795
354.072
304.772
567.58
441.899
488.411
554.575
849.446
868.081
627.475
455.403
538.623
417.486
454.153
535.82
696.605
861.689
595.354
442.439
619.067
457.782
406.504
392.264
806.507
1012.33
690.726
473.012
622.659
523.192
351.717
335.686
739.462
1133.9
716.751
522.876
585.369
556.464
342.194
185.721
503.86
1120.81
696.205
515.699
812.094
404.259
282.939
180.518
396.101
862.394
897.332
453.218
507.178
293.456
189.017
191.347
220.306
334.165
531.66
336.879
501.174
318.32
176.975
198.075
208.154
500.13
538.296
366.975
269.616
346.189
393.019
343.635
250.165
177.723
258.404
328.099
394.654
528.585
622.627
722.824
421.15
278.615
358.668
519.797
244.431
541.207
783.778
838.801
463.721
344.246
227.445
476.723
213.25
362.301
724.307
934.48
434.563
263.96
212.235
326.153
382.452
561.919
783.301
692.515
325.047
321.063
379.79
513.458
309.374
416.072
826.574
945.154
457.314
257.257
307.677
365.62
132.866
227.439
660.744
937.247
470.204
209.771
129.113
196.649
194.206
206.392
461.854
854.641
490.048
185.259
185.887
199.737
204.489
256.657
467.002
919.044
625.351
247.757
194.467
242.768
435.087
279.141
400.264
717.477
578.855
340.584
436.398
305.74
369.9
311.471
420.211
685.422
797.282
571.237
392.073
312.901
410.568
340.04
382.067
411.205
726.17
855.115
469.639
301.645
553.832
417.733
331.141
395.323
636.954
787.459
598.557
441.661
613.427
408.223
450.928
504.633
742.708
914.197
679.135
416.587
767.784
460.335
347.182
431.838
604.755
996.588
842.176
495.446
685.349
506.211
430.279
316.475
717.833
1021.49
762.729
516.156
705.752
403.166
281.205
184.156
418.602
988.81
802.193
391.582
664.426
354.42
271.124
260.977
378.399
797.197
745.896
380.455
515.132
284.471
244.031
240.102
260.668
373.672
540.091
321.411
598.294
329.942
214.388
202.91
301.252
583.851
638.083
375.64
443.576
533.42
446.09
287.44
326.429
270.071
405.098
538.622
460.451
654.097
611.971
454.987
406.314
334.412
415.739
640.766
272.925
605.915
712.632
500.834
272.624
354.583
250.221
530.205
401.98
518.463
747.803
791.379
463.911
300.284
371.158
507.47
194.436
398.651
782.509
751.902
578.226
302.9
179.547
340.258
218.365
412.495
801.935
793.597
399.652
247.953
217.276
355.097
181.878
250.909
672.59
1118.26
592
217.492
180.223
224.928
172.398
227.514
614.089
794.818
425.658
165.428
170.107
203.949
281.536
312.039
471.851
803.043
832.28
490.972
296.914
289.434
205.823
260.385
380.271
818.436
933.052
556.615
223.981
244.222
419.623
252.635
395.311
731.129
646.302
444.431
426.905
281.566
427.488
241.612
444.846
627.493
871.73
660.031
469.125
258.649
442.444
241.944
237.768
337.646
679.869
761.575
488.449
253.763
663.383
371.976
358.097
278.318
530.715
840.939
732.764
386.804
645.749
631.437
464.697
571.456
739.805
1022.79
710.273
649.704
823.363
624.886
394.29
518.206
608.298
1072.46
901.538
677.319
1103.39
539.038
245.127
222.869
426.541
1011.96
1196.84
619.137
750.167
388.07
293.748
297.697
260.356
540.852
801.835
431.168
618.77
427.946
222.864
226.179
285.703
548.778
662.242
472.055
566.345
307.987
239.135
361.505
369.563
570.901
617.246
342.673
442.756
574.729
531.964
359.056
461.873
522.33
438.211
561.776
358.324
609.966
679.543
447.312
356.807
332.282
316.977
573.8
438.036
486.34
622.899
490.819
282.323
322.018
442.352
456.332
393.785
549.895
677.881
660.381
343.295
334.855
376.879
501.621
347.406
518.569
706.487
641.88
408.873
330.588
339.093
491.44
215.741
331.398
628.704
754.982
321.582
212.223
215.579
292.276
201.436
391.56
653.812
550.776
502.955
269.422
190.962
349.324
125.238
204.814
517.953
834.241
367.98
118.707
123.231
170.347
260.07
223.232
430.569
680.846
387.247
180.072
246.499
226.458
372.189
393.459
500.779
830.521
883.861
518.482
359.871
402.914
456.194
367.057
495.695
559.287
771.406
584.72
473.008
360.487
528.173
494.994
360.732
383.995
596.903
729.005
571.141
501.166
641.012
594.616
412.246
490.218
653.787
863.399
699.687
613.589
769.239
527.856
343.916
375.842
586.806
935.208
837.383
552.206
542.839
460.104
423.991
468.782
574.433
660.83
573.282
490.361
738.376
519.508
319.948
294.099
577.583
1083.96
834.06
525.867
842.576
370.126
267.401
231.372
429.91
886.132
925.782
414.724
748.872
467.501
247.801
207.199
284.832
752.532
818.67
518.693
650.008
385.331
189.129
178.072
292.109
705.01
710.631
438.964
572.371
313.778
173.793
176.964
184.536
344.232
574.454
369.129
536.893
707.026
567.985
256.201
288.962
304.222
480.104
697.718
321.502
599.087
674.732
484.094
297.817
321.459
291.348
550.45
318.427
427.102
756.992
728.381
325.412
200.856
308.797
387.378
277.85
403.341
561.033
718.012
390.819
190.396
249.457
381.943
334.876
479.886
634.822
592.878
375.134
244.063
315.64
454.96
275.603
343.617
635.085
543.805
281.844
193.67
263.499
303.811
232.182
257.776
425.842
797.096
486.533
211.98
222.8
257.054
258.331
307.217
681.512
843.136
365.312
257.095
269.472
266.472
198.749
224.73
514.23
803.845
481.828
190.971
195.642
213.779
348.138
286.973
367.064
668.404
814.123
476.855
363.394
292.917
322.968
432.898
620.806
630.751
879.48
617.901
343.595
416.567
475.795
385.068
380.374
403.712
670.698
736.308
520.01
376.234
582.412
393.324
262.763
238.433
426.171
732.491
631.006
411.814
649.785
515.117
350.776
229.516
538.201
840.977
713.177
523.201
519.368
333.949
355.371
336.261
474.847
683.601
568.771
331.548
892.089
564.825
294.827
371.64
453.568
925.696
969.887
635.191
1036.27
478.348
301.437
362.623
399.621
888.372
1109.38
543.661
863.493
523.814
327.642
192.585
360.094
875.6
945.187
575.505
802.06
556.265
231.192
189.667
350.201
805.557
861.908
618.761
620.744
349.165
242.272
230.411
245.278
397.217
646.217
397.545
490.077
639.396
625.259
299.693
351.007
395.497
453.95
598.749
445.252
734.633
718.418
437.478
322.631
367.978
411.969
695.379
304.664
376.866
439.801
473.281
357.046
196.156
284.921
356.267
441.112
558.09
536.87
498.391
491.615
343.518
435.713
550.196
376.314
578.143
631.126
433.668
263.851
286.979
334.038
544.72
418.943
502.778
508.882
371.916
329.384
233.331
384.098
495.018
197.453
343.887
533.53
451.848
568.676
363.652
188.485
295.877
222.967
284.278
444.289
449.005
283.475
142.386
207.476
274.055
206.534
145.83
378.352
755.83
458.737
167.503
201.931
151.326
274.966
274.521
330.597
505.589
452.728
263.806
263.664
283.536
564.848
391.675
281.731
461.081
568.606
527.463
580.682
410.293
396.363
322.695
408.75
682.207
746.896
499.326
414.738
322.962
766.448
321.082
277.936
272.294
472.943
739.641
821.247
389.381
691.88
365.314
280.5
290.503
322.674
572.483
729.886
410.992
755.884
453.172
315.757
219.932
374.4
691.453
786.9
478.832
943.707
475.375
338.336
193.609
366.157
726.777
981.796
538.507
1105.06
439.75
249.292
292.902
304.587
760.346
1156.82
537.923
813.585
511.274
195.123
180.708
332.641
894.483
902.115
569.799
951.569
452.809
260.777
162.776
303.245
844.301
1027.31
507.996
436.315
242.437
140.593
98.0421
197.355
356.24
462.871
265.081
662.103
723.568
524.996
395.269
350.955
288.564
598.135
746.496
349.793
480.354
484.663
338.202
418.855
309.829
332.451
455.178
371.563
534.277
522.109
556.649
368.163
288.803
331.076
525.759
551.525
591.944
402.257
186.954
259.362
296.997
514.918
606.518
391.027
420.275
465.206
601.508
319.447
275.221
384.555
415.31
541.25
678.556
581.133
399.822
415.533
318.836
490.638
683.803
218.571
315.019
580.85
547.999
421.076
294.328
220.326
278.508
582.912
349.042
462.743
668.948
585.323
319.203
559.249
393.326
241.251
207.597
285.74
266.513
241.052
255.999
253.53
208.336
269.05
291.702
261.176
481.954
348.461
269.25
260.271
290.99
397.782
314.581
308.001
406.008
680.928
727.837
438.592
299.036
453.382
420.763
472.447
307.245
453.661
699.134
502.132
380.709
661.599
444.956
352.095
272.406
265.079
482.437
669.086
473.727
997.725
551.982
390.778
414.777
493.088
854.393
1056.37
607.316
411.478
262.164
248.498
245.243
390.677
526.922
445.031
294.488
823.388
545.676
366.676
332.608
410.784
951.421
906.378
589.124
1049.37
483.949
229.543
305.926
346.989
890.931
1113.38
558.223
794.555
485.517
290.847
245.649
409.99
960.758
882.599
498.956
737.85
448.785
239.281
249.351
299.984
782.675
802.479
507.925
527.456
454.54
228.228
143.024
176.422
363.441
520.859
486.39
513.361
609.3
452.956
418.375
447.498
436.347
480.579
616.897
462.253
586.445
388.654
305.553
207.826
432.181
459.703
584.838
764.427
840.419
454.954
336.756
202.545
409.202
697.896
870.899
355.486
569.407
607.628
446.83
353.607
249.207
315.415
545.787
565.978
801.374
611.377
373.149
361.348
455.355
563.154
777.118
390.032
476.092
486.355
452.587
382.185
304.995
365.047
470.887
264.817
568.864
621.731
423.855
311.589
396.444
251.306
508.147
464.511
383.339
444.499
531.799
402.684
395.457
472.51
396.946
760.918
645.08
557.365
629.28
528.902
565.5
775.616
638.843
587.195
314.495
291.464
328.18
599.474
781.513
648.098
337.605
367.963
320.971
370.162
534.214
611.276
532.005
397.782
320.185
629.359
315.926
236.681
229.175
493.063
702.241
670.942
357.666
922.958
504.597
423.009
353.956
533.321
653.19
920.735
582.625
879.22
421.074
343.528
388.899
409.636
681.187
917.375
502.301
697.444
358.792
170.207
190.787
282.625
497.887
713.771
422.177
1053.14
477.801
301.072
467.354
402.276
900.222
1100.02
539.435
891.127
467.219
349.441
288.12
433.291
830.3
944.923
491.786
1333.03
557.249
329.338
327.717
339.205
877.576
1377.22
657.76
977.607
553.062
231.514
157.069
261.982
854.646
1059.14
615.798
600.969
314.395
155.527
116.908
197.979
367.045
597.622
370.701
800.806
879.371
490.723
365.632
288.046
534.562
750.014
909.404
496.646
602.741
443.512
427.469
422.736
295.012
467.423
604.842
505.853
771.822
410.482
213.221
179.112
427.523
466.338
763.592
671.873
747.257
424.898
235.961
209.182
338.856
610.285
773.066
677.537
769.806
451.709
301.081
269.479
339.874
608.011
807.796
437.816
511.776
424.533
351.97
388.329
217.535
392.909
515.117
362.477
368.701
408.143
331.419
317.429
199.822
342.979
364.351
288.115
312.642
489.38
496.337
393.471
324.492
290.623
295.8
378.294
345.75
564.378
647.895
552.827
425.523
370.826
349.882
429.42
406.043
435.133
631.225
431.08
320.817
409.279
414.551
578.614
372.892
275.415
311.414
504.217
563.575
574.908
414.644
572.084
386.716
525.256
350.426
413.763
589.627
606.038
396.093
506.768
295.833
250.733
567.163
449.216
555.007
532.999
328.749
866.288
384.3
245.328
324.651
350.634
625.633
903.378
466.733
749.3
482.871
403.389
368.275
384.697
596.866
755.299
523.669
896.134
484.703
418.94
387.819
425.5
667.038
910.767
539.092
1266.99
537.412
362.166
280.21
333.652
823.992
1311.68
656.119
1031.28
415.696
168.359
153.194
415.084
947.268
1103.77
494.337
751.652
349.648
185.081
285.919
283.077
640.643
821.137
397.771
688.594
356.144
175.395
221.568
253.461
424.328
698.592
422.576
581.204
461.607
324.822
472.79
401.188
332.194
561.499
495.99
528.532
507.887
488.827
397.559
362.353
352.487
509.852
518.809
672.464
724.349
387.399
327.937
302.093
511.922
630.773
752.069
475.769
443.399
350.518
402.952
551.008
530.055
478.358
464.88
688.991
583.129
376.45
218.408
252.902
340.443
645.289
631.164
501.46
513.856
454.731
360.635
367.757
318.91
467.461
535.557
556.946
359.962
266.169
360.718
189.239
236.741
538.125
416.654
597.504
455.957
405.823
267.871
267.223
392.161
592.122
460.757
636.87
423.819
338.491
390.725
277.436
309.758
628.213
471.788
378.3
274.95
273.949
433.983
452.392
319.436
372.201
297.248
477.24
395.769
283.063
452.43
380.144
511.069
508.38
403.389
682.33
371.359
288.925
242.068
357.749
579.914
709.029
418.7
614.57
310.03
178.202
206.049
273.501
429.61
627.598
368.072
743.904
318.696
153.701
290.118
290.543
561.869
784.869
388.668
603.634
451.206
333.204
284.855
304.703
479.357
606.794
483.196
974.128
532.939
247.836
124.278
210.158
519.084
960.656
619.88
1107.59
449.042
296.589
238.179
293.036
735.165
1145.99
557.065
1081.8
484.204
373.246
307.679
518.843
1042.23
1169.02
555.711
468.454
287.302
203.83
240.993
200.853
445.843
509.19
287.446
394.137
263.307
200.526
151.661
202.609
320.186
406.424
277.445
714.34
626.1
420.054
595.249
420.914
373.843
670.775
674.054
729.653
813.914
512.85
368.719
312.319
361.206
664.049
831.571
800.491
769.265
552.921
399.594
467.098
530.106
749.92
815.017
798.965
851.637
485.282
436.133
374.217
401.61
729.744
882.306
700.024
738.953
406.83
320.316
244.996
369.184
644.494
785.103
592.922
546.909
290.307
262.555
200.059
288.993
559.424
593.298
456.81
568.673
602.405
588.366
371.886
266.068
414.876
569.569
491.601
491.776
338.141
485.493
334.887
294.697
459.529
500.602
528.579
356.624
218.636
283.233
211.527
304.926
516.888
393.037
751.455
465.926
313.392
448.338
313.061
350.714
733.355
541.45
539.468
309.392
243.374
329.406
409.339
555.246
564.322
347.669
580.364
447.323
306.707
323.79
466.748
612.312
603.661
460.659
394.003
289.728
302.323
309.422
354.506
445.127
410.765
308.098
637.464
310.957
168.833
156.634
358.004
678.924
698.016
355.233
819.318
444.296
248.112
231.548
241.429
617.723
862.784
498.024
957.418
491.516
309.275
318.412
345.363
660.505
979.666
572.917
884.873
418.912
420.743
606.585
521.979
736.748
935.714
471.454
1139.97
586.844
218.053
183.246
356.842
916.834
1207.51
680.185
721.688
373.787
227.097
224.015
267.742
563.997
755.654
421.984
808.648
433.351
207.957
181.532
224.376
633.244
857.317
477.692
498.548
472.38
457.136
539.929
357.714
442.024
476.094
494.425
579.403
587.464
396.845
387.45
357.224
416.376
540.846
614.754
577.059
654.379
555.991
510.484
564.042
646.752
554.796
648.577
897.873
994.354
749.045
360.036
314.893
515.437
825.121
1013.6
421.011
410.82
332.734
306.822
188.117
431.907
430.152
415.314
439.714
427.061
424.689
394.538
274.59
427.41
435.143
428.39
234.578
274.019
360.525
429.522
345.635
184.79
226.986
266.136
562.695
462.436
214.324
259.441
231.525
386.728
546.147
512.556
587.179
392.43
266.312
363.993
258.323
291.266
566.131
440.407
382.982
323.092
353.341
541.602
678.858
693.382
423.615
317.338
439.008
358.541
265.274
285.076
365.828
437.586
458.001
361.554
624.955
311.956
154.518
215.738
176.085
342.192
619.903
383.805
614.304
339.322
151.981
260.804
219.802
359.701
611.998
401.104
512.33
397.422
241.286
245.733
161.532
312.329
490.485
449.161
785.184
479.861
208.552
299.144
300.842
584.96
783.1
544.682
604.024
405.108
312.788
316.841
364.416
496.448
625.335
419.286
1012.36
509.724
216.566
282.063
375.065
747.069
1054.51
602.417
1017.71
508.148
316.482
328.487
334.996
670.972
1051.15
579.39
747.566
493.673
229.518
299.46
247.21
596.225
791.644
536.583
790.74
662.976
287.758
311.3
224.105
663.39
838.98
726.268
443.618
438.405
299.281
258.049
187.234
237.854
414.652
464.084
876.308
654.354
276.103
261.904
215.197
311.23
823.354
737.845
410.14
436.523
332.468
304.636
355.414
453.581
403.587
443.99
564.197
473.218
270.71
343.835
374.634
405.976
530.113
517.651
607.016
508.681
265.98
408.138
474.736
530.9
577.426
561.799
609.805
534.475
424.671
476.067
460.838
272.02
554.932
583.362
545.812
377.629
251.733
305.565
269.876
251.712
522.409
414.723
742.983
543.351
247.404
346.504
223.896
278.398
699.945
615.179
856.582
378.807
194.136
181.915
201.687
400.396
853.253
466.592
1054.53
466.356
219.371
306.049
215.363
437.318
1040.67
588.948
735.542
407.016
226.799
201.897
382.538
753.338
782.746
441.569
805.481
551.222
367.554
315.848
467.348
590.053
794.669
600.548
545.732
303.883
230.278
210.327
416.921
551.631
570.785
324.298
566.409
308.344
206.592
310.564
362.429
436.219
582.329
351.142
765.303
413.185
364.636
285.879
319.917
569.691
782.813
476.658
482.91
322.273
358.917
326.395
330.051
476.207
504.993
343.187
825.281
434.949
247.047
309.921
270.984
537.082
831.742
507.514
1012.23
500.278
318.953
177.942
321.736
696.527
1041.82
578.41
708.571
364.43
174.831
263.387
289.51
544.189
748.544
411.928
856.116
712.102
249.183
345.255
400.277
619.678
869.552
786.657
898.991
649.701
371.282
312.174
293.659
393.381
865.943
724.936
790.984
755.189
459.527
258.016
292.971
299.964
721.862
810.08
374.064
448.858
415.921
365.266
360.676
270.82
333.68
449.931
420.293
429.522
343.573
271.441
318.591
340.133
400.431
427.15
800.263
616.581
359.363
422.598
338.659
309.532
749.202
684.86
531.622
321.937
256.734
386.658
248.222
330.587
525.06
362.248
629.664
434.869
247.641
367.705
272.831
252.498
592.187
498.418
338.279
253.151
179.677
237.663
211.061
177.72
317.997
287.125
751.666
439.459
208.726
245.908
249.269
386.143
736.997
518.333
754.593
351.27
191.834
142.134
227.812
466.403
761.186
428.919
609.965
328.66
200.496
304.018
296.081
454.005
617.978
381.828
476.091
322.532
240.622
326.425
269.048
320.046
477.378
345.716
672.121
363.601
356.761
476.7
371.973
530.67
701.9
412.863
740.965
298.428
237.883
366.314
445.99
663.19
787.349
367.358
734.037
336.876
277.83
256.26
401.205
689.252
773.685
391.386
565.241
347.528
248.893
249.829
347.171
592.903
608.679
369.79
923.337
559.382
278.382
298.072
283.049
721.15
976.347
621.202
974.164
486.254
260.422
278.675
458.882
842.407
1039.85
550.327
935.515
548.929
209.192
253.028
283.906
683.915
995.95
598.25
939.001
461.846
194.984
170.67
206.941
515.276
945.25
543.161
518.244
492.705
439.222
470.232
408.105
317.478
479.589
514.408
595.702
533.439
354.745
289.759
233.633
337.868
556.179
572.918
981.106
711.388
389.919
583.417
364.858
489.208
937.307
805.756
654.756
504.382
324.892
426.223
313.575
342.23
617.811
557.283
645.536
519.797
352.229
281.264
245.621
407.566
643.864
548.146
1196.24
722.622
321.528
375.357
291.491
579.461
1173.67
845.226
1078.01
643.442
242.591
194.462
265.349
496.027
1053.34
756.213
792.98
461.075
247.492
304.919
259.083
344.545
766.594
535.518
905.36
593.142
266.407
335.514
302.057
516.789
888.377
670.707
802.615
455.216
246.871
241.954
263.141
472.738
799.436
534.486
784.75
411.453
182.928
244.73
345.948
489.9
780.657
492.605
798.714
394.822
363.8
535.369
487.196
432.797
791.877
470.798
662.709
446.849
266.784
335.536
432.235
687.541
713.434
466.824
706.019
543.811
265.094
253.252
279.015
424.568
671.069
605.267
551.198
283.182
300.415
269.551
331.688
380.679
557.091
331.034
631.989
340.857
247.074
277.953
307.294
430.168
637.455
396.269
869.441
469.451
240.718
361.045
302.321
664.644
918.79
529.834
880.878
582.115
267.28
193.963
278.162
701.184
915.927
638.235
844.098
453.674
311.126
220.344
229.221
591.305
879.5
503.684
1032.16
420.067
186.595
158.614
321.248
773.369
1084.2
518.91
574.28
593.878
364.363
240.229
280.803
345.842
535.103
610.399
454.394
472.805
319.948
305.697
264.057
380.027
425.806
492.193
702.179
658.218
328.812
252.123
340.158
566.205
682.814
691.905
798.976
764.114
482.631
387.456
428.589
340.596
731.761
809.206
405.694
484.527
455.115
397.658
296.042
433.379
404.48
482.393
1250.91
671.57
176.238
160.208
162.9
640.441
1248.35
804.775
721.545
499.441
343.785
389.215
325.179
304.801
689.232
561.761
779.898
661.647
284.696
198.639
169.324
335.996
729.508
726.767
947.422
574.694
191.063
214.844
197.119
429.428
915.935
678.849
741.841
318.784
218.148
267.185
407.265
573.641
768.637
380.762
858.243
425.833
318.24
265.456
365.518
731.607
895.831
480.203
542.27
360.981
350.092
413.321
524.396
639.377
570.676
386.638
499.301
275.054
196.594
386.951
317.807
425.016
519.069
308.949
788.089
498.099
225.638
162.441
265.138
590.277
794.457
562.198
879.261
419.147
260.649
351.014
295.219
583.148
909.183
493.634
812.034
334.83
111.988
181.311
273.572
650.092
863.516
409.419
696.054
260.754
175.424
167.711
316.244
567.693
736.599
327.401
795.013
543.947
272.722
134.782
326.037
766.146
841.043
560.874
977.12
425.288
201.72
333.649
316.696
694.149
1025.2
506.547
811.44
525.957
264.303
167.038
298.266
726.33
865.265
571.839
670.129
555.178
359.861
444.235
270.224
260.085
616.946
607.676
691.746
620.892
254.621
217.316
239.427
289.367
631.398
684.974
797.409
587.885
418.665
328.096
289.948
362.096
763.001
639.732
872.623
570.618
264.801
209.384
166.364
324.957
836.249
646.759
1143.35
938.275
418.93
341.166
241.437
419.531
1062.05
1043.9
1006.59
616.275
222.112
268.144
203.315
367.93
966.201
720.379
531.129
431.079
309.382
278.873
186.337
280.42
510.503
466.846
528.521
373.375
183.784
224.917
254.63
339.139
517.955
421.383
442.068
319.131
219.333
321.938
258.858
319.1
444.696
342.698
586.532
298.42
271.695
428.245
247.502
201.166
568.454
363.542
586.623
307.245
211.615
270.818
210.715
334.034
587.665
365.569
526.01
322.759
259.996
339.116
293.832
362.988
537.766
359.304
518.691
348.254
434.348
423.274
376.885
455.41
524.936
369.188
603.105
585.294
368.419
492.834
363.901
520.585
603.203
615.519
497.653
492.289
398.123
297.938
330.922
462.595
501.114
504.025
720.173
543.094
299.33
432.155
350.277
642.537
756.511
565.693
640.558
516.966
357.967
267.162
277.372
630.699
685.67
514.569
768.585
446.283
278.418
250.47
342.739
807.96
826.591
490.216
939.292
675.417
252.162
182.082
228.034
755.997
981.642
746.547
849.426
518.874
357.66
288.406
448.352
771.862
879.962
573.42
556.158
389.591
277.335
432.262
339.422
363.151
538.953
436.547
584.571
335.41
335.731
453.215
384.634
372.402
586.422
385.59
540.927
656.595
345.145
257.36
217.742
340.57
491.765
671.521
577.665
671.035
490.727
466.256
599.502
699.355
557.206
661.785
747.694
604.292
318.476
328.742
236.862
305.992
701.494
664.344
1079.55
652.306
405.168
481.488
338.246
395.916
1039.07
749.592
440.405
405.747
244.455
202.554
145.647
223.843
416.023
426.776
766.311
415.778
248.626
260.974
235.859
364.392
747.445
488.789
1019.93
571.552
192.306
173.743
260.804
478.843
1001.77
680.321
743.729
379.374
221.592
294.731
349.689
543.528
770.657
444.489
714.555
394.633
302.677
323.777
324.431
479.995
727.717
447.641
543.517
338.676
319.766
434.996
410.048
386.093
538.056
389.353
999.618
494.558
230.022
344.071
314.48
677.649
1030.33
588.054
579.737
392.863
271.531
382.814
273.248
410.326
604.61
429.725
406.725
475.753
290.118
287.832
309.415
473.224
419.361
480.336
592.391
520.454
471.009
396.868
477
769.424
647.184
519.105
722.564
430.764
302.455
315.244
466.528
743.016
759.674
476.814
742.92
459.951
235.442
174.454
421.632
871.091
810.701
477.569
538.977
428.836
403.013
484.007
513.398
543.538
578.245
446.145
842.087
351.218
292.269
223.017
253.996
505.985
852.312
433.703
497.164
434.258
380.054
574.201
494.749
458.857
483.097
437.116
628.832
465.445
490.335
573.25
385.884
288.604
603.059
505.769
450.052
524.132
424.179
350.898
252.286
227.641
409.236
535.872
852.921
698.006
373.993
298.672
285.19
424.09
801.55
758.027
847.086
710.62
411.773
318.691
302.849
339.385
789.601
773.987
830.018
626.442
327.445
290.224
248.588
363.899
786.915
699.013
914.335
657.315
459.417
415.125
373.872
382.834
867.605
740.549
384.092
250.672
208.649
303.418
279.252
345.094
398.358
271.247
637.141
296.173
248
384.674
368.659
447.152
650.627
356.696
624.416
400.846
414.881
379.158
292.979
398.512
643.048
435.285
576.496
321.459
273.502
314.008
411.019
653.199
621.397
353.745
581.99
287.899
306.242
401.985
369.849
562.626
622.155
330.799
360.681
377.061
219.644
402.635
455.187
430.415
374.167
385.916
736.365
414.84
323.261
365.181
365.672
456.713
734.423
487.853
718.025
381.947
306.53
193.907
377.835
667.445
758.263
401.485
770.847
453.41
397.006
317.588
513.732
838.822
822.452
477.573
679.519
480.637
273.293
220.115
371.389
577.157
694.392
505.883
755.786
468.812
316.982
362.45
519.69
737.572
791.409
530.759
758.878
666.278
353.019
334.076
508.714
948.47
793.835
697.225
509.559
411.727
232.674
223.857
343.913
557.762
515.106
447.683
655.702
713.599
507.42
301.375
317.239
437.25
600.155
732.425
439.317
297.1
309.125
475.776
310.858
218.757
425.397
329.317
356.651
314.316
232.594
324.992
270.291
257.671
348.161
338.387
646.756
388.569
192.896
257.946
214.874
314.323
630.293
451.526
456.942
289.311
221.558
313.792
333.748
301.975
443.626
325.184
758.636
402.476
184.137
226.057
204.059
282.802
727.96
486.156
700.488
455.48
198.424
192.548
147.03
270.589
668.781
526.114
806.938
442.471
120.389
142.283
180.994
315.302
769.677
532.208
718.818
337.388
233.561
304.729
220.906
408.066
728.056
396.371
836.893
500.516
353.143
397.755
341.232
683.041
891.653
531.49
703.973
435.78
331.625
449.671
458.618
516.338
719.009
475.351
482.742
306.752
182.664
237.373
338.655
493.446
518.742
331.156
609.861
297.052
199.465
226.477
330.135
412.956
610.702
350.17
511.855
380.772
387.122
454.139
458.468
603.296
557.647
390.574
687.67
470.89
230.39
412.879
328.495
448.935
673.421
529.983
693.847
654.745
318.688
231.935
403.268
794.533
743.633
667.349
634.372
479.731
448.293
410.932
700.259
856.315
644.875
520.064
889.327
444.045
262.653
336.082
381.13
645.338
893.562
536.269
660.613
536.934
352.984
328.327
461.107
837.344
723.112
550.901
675.15
647.398
481.596
482.117
509.005
886.124
727.182
662.061
