392.122
432.173
464.56
411.482
374.509
278.327
373.665
409.231
340.092
497.756
485.572
586.148
380.908
287.84
336.313
474.186
318.107
495.654
699.033
547.483
345.73
275.44
300.746
455.422
156.222
250.218
583.5
720.452
355.291
219.036
167.201
210.472
360.464
442.15
714.206
555.26
557.131
275.466
346.042
403.433
206.52
346.757
587.09
737.733
376.876
265.783
186.975
319.188
262.91
311.04
687.339
881.787
466.129
233.229
247.698
275.214
242.809
256.832
609.09
916.641
396.062
190.846
232.933
230.684
175.473
195.822
489.325
841.251
492.66
238.703
189.242
183.892
171.922
218.317
570.593
1012.99
483.83
165.213
168.549
197.015
419.482
255.048
375.426
606.95
353.526
187.404
411.428
276.682
206.395
247.165
494.603
787.072
877.511
451.127
218.183
220.549
399.578
425.456
456.489
810.855
891.014
618.175
393.635
430.416
297.653
319.087
347.678
554.942
869.781
808.398
348.012
288.923
421.785
372.923
383.71
428.211
644.804
748.556
467.565
387.139
541.481
473.307
306.058
385.43
720.689
954.766
613.852
484.392
600.034
550.544
441.74
627.933
629.948
964.392
661.151
568.237
524.366
462.7
402.53
195.711
502.397
864.296
583.018
456.625
560.61
410.47
264.358
197.515
345.539
844.217
633.885
408.894
358.242
266.019
170.426
249.221
239.962
292.259
358.096
291.564
533.895
413.427
370.207
409.507
286.256
300.147
518.588
422.347
326.19
336.919
371.554
350.065
306.057
220.783
307.275
337.141
467.312
396.49
535.116
459.614
367.943
272.458
450.54
396.498
315.564
372.702
638.585
724.159
308.329
232.764
300.537
355.618
250.575
592.134
721.632
514.292
338.976
332.448
220.345
525.462
336.829
378.447
513.834
649.37
375.754
277.62
329.22
370.743
267.32
367.64
619.562
693.981
376.577
242.455
259.905
348.281
247.78
320.482
739.883
972.286
479.632
204.154
245.317
284.111
184.275
300.193
538.121
645.234
363.237
252.14
190.583
266.644
161.913
176.217
642.398
1166.98
736.865
235.684
165.77
158.428
126.708
183.971
639.056
1167.49
714.416
187.661
118.083
166.546
277.922
208.46
438.948
752.884
793.983
488.53
307.519
192.39
359.019
287.919
534.588
755.957
976.315
690.672
400.691
283.133
411.377
333.082
360.254
433.356
747.553
810.374
466.049
328.945
560.355
474.364
305.508
241.138
589.071
954.823
636.619
474.305
445.767
393.799
637.737
633.882
856.772
698.544
464.362
405.906
625.99
428.435
332.293
349.232
574.019
950.853
705.281
447.637
693.474
360.578
393.491
351.138
635.316
955.81
775.716
383.804
561.864
336.438
221.35
344.958
336.471
647.474
613.958
381.048
405.689
303.898
182.571
146.379
203.459
314.191
402.915
331.82
370.459
536.502
466.626
428.904
223.397
324.919
348.826
527.556
426.063
467.514
406.25
315.341
277.004
277.064
396.328
478.879
329.483
442.309
404.736
321.288
193.976
306.753
332.673
433.301
280.141
508.32
700.076
552.97
268.926
209.138
249.407
460.568
196.335
542.688
768.062
711.812
484.268
368.173
175.45
472.257
293.666
465.545
779.396
835.927
479.426
256.092
297.231
422.681
245.665
338.594
614.56
805.681
340.124
235.311
241.798
308.518
330.109
428.783
627.651
794.494
386.569
257.625
322.515
405.952
138.852
284.786
628.752
927.145
499.461
162.418
134.612
246.615
149.195
177.254
548.762
991.089
506.023
153.76
157.05
149.708
293.935
345.419
472.435
724.013
678.497
396.265
303.546
323.194
216.562
260.181
360.042
446.152
651.614
445.494
225.92
240.517
516.77
420.866
360.675
378.304
513.471
606.148
543.295
424.715
504.796
371.155
383
559.121
755.127
753.73
552.49
392.2
619.784
495.14
304.338
438.156
696.619
995.195
698.261
515.744
676.991
430.364
454.434
277.356
685.169
986.421
756.973
419.746
685.525
457.766
335.493
373.615
663.672
1045.4
777.727
468.025
857.253
478.541
330.573
291.334
472.601
923.329
938.655
520.969
560.592
360.151
215.756
148.28
248.113
670.878
627.545
395.571
450.542
277.685
219.533
148.429
153.833
356.192
480.796
291.883
506.017
678.334
485.705
410.746
292.703
305.789
455.26
679.799
475.763
547.443
428.547
289.183
240.157
322.289
443.184
554.552
292.107
384.735
367.273
271.359
294.347
281.979
291.396
373.448
289.294
592.471
796.409
536.877
543.386
359.725
262.836
526.486
265.247
471.769
604.435
472.548
363.527
244.559
238.706
431.795
347.298
514.209
805.873
712.817
431.021
291.685
333.025
473.876
231.5
426.981
750.675
654.862
339.213
302.097
231.118
370.276
166.525
333.942
640.312
591.749
482.046
254.834
157.688
285.307
178.548
214.823
648.472
1122.98
487.318
185.365
176.234
182.003
222.763
163.073
433.403
747.504
469.211
190.064
215.18
169.534
326.105
344.261
393.761
624.45
629.599
535.132
348.83
320.425
429.944
410.331
360.928
850.028
876.829
539.172
439.338
426.621
309.122
281.884
402.639
535.997
704.358
571.913
332.951
274.047
576.564
413.113
425.947
447.432
675.583
796.689
621.963
420.257
722.265
451.538
302.982
428.714
596.499
893.082
789.394
476.657
687.65
517.8
392.74
499.633
582.175
815.832
748.548
537.581
673.308
558.192
328.537
405.621
622.244
1023.46
745.68
579.332
883.317
453.808
332.032
214.453
371.852
894.723
960.666
474.506
781.864
331.677
281.617
303.917
320.31
590.286
839.109
376.556
610.137
403.56
201.178
168.617
234.336
496.588
649.693
438.072
619.141
691.436
430.929
320.203
347.217
383.243
576.227
720.407
485.971
549.452
447.009
290.45
255.777
262.211
445.647
557.339
359.461
637.053
592.569
327.045
381.441
375.972
323.938
593.139
348.583
551.926
629.416
453.846
357.751
244.891
329.044
522.014
266.578
521.516
617.741
524.767
318.354
268.564
252.777
469.461
296.068
456.127
699.834
631.947
366.886
283.218
283.883
420.688
225.74
437.303
718.185
535.164
346.752
241.572
223.218
382.65
288.626
448.099
531.394
504.558
250.811
193.991
263.151
423.877
217.405
365.543
532.123
492.096
242.684
210.933
210.076
333.21
247.901
196.488
375.812
413.523
315.9
171.386
234.417
199.182
163.387
226.16
413.737
639.224
434.405
210.577
161.795
205.87
210.006
284.22
358.778
804.569
811.203
562.571
238.065
249.349
521.364
475.541
490.082
581.209
703.328
700.493
544.729
454.821
663.339
447.825
297.26
358.075
561.937
824.553
721.233
457.342
760.9
386.14
302.427
341.607
547.038
892.811
830.74
427.461
775.048
325.73
218.537
273.379
395.363
748.046
824.274
385.122
836.99
459.371
329.112
320.415
496.483
903.66
916.72
518.549
802.099
525.517
287.944
241.096
324.272
813.188
880.189
573.724
812.166
420.418
291.08
261.582
306.991
620.549
858.527
472.231
581.302
420.523
236.539
202.017
298.032
744.455
649.774
425.705
652.517
776.398
458.124
275.334
208.027
360.008
585.625
796.368
324.461
575.308
684.248
507.321
529.224
354.603
292.617
528.191
502.88
649.745
477.272
273.697
224.607
392.129
511.39
630.511
424.786
622.825
542.714
382.88
246.122
270.979
381.906
611.613
265.505
425.975
470.767
449.972
282.666
270.613
252.671
402.683
400.288
574.189
529.375
394.102
423
403.357
396.454
554.266
346.718
339.058
511.48
620.023
305.624
289.453
351.901
342.111
276.844
426.093
572.307
681.103
330.536
225.925
265.872
398.121
241.051
315.765
575.934
709.955
358.563
297.94
246.286
291.727
252.01
294.432
597.821
765.804
436.408
241.174
237.015
275.832
254.353
203.463
317.348
495.636
325.12
169.795
259.586
198.909
291.76
283.774
416.305
716.106
722.97
511.314
317.794
271.538
612.297
385.489
377.976
472.087
682.554
846.504
669.426
410.865
722.165
341.388
319.437
454.755
587.148
898.825
791.222
382.478
684.455
335.339
280.774
229.806
488.344
706.967
724.55
376.345
627.738
439.237
204.44
246.094
302.901
643.336
671.256
468.548
655.792
409.572
285.157
431.909
416.968
751.33
716.834
444.082
625.448
390.385
375.188
321.48
391.438
803.895
699.633
383.044
675.078
308.708
234.341
166.387
263.107
625.965
738.8
325.831
868.752
427.636
312.777
130.932
433.194
917.007
956.65
479.263
538.747
579.781
358.273
192.617
299.077
338.204
499.71
593.425
516.767
608.641
440.623
326.943
282.419
327.51
478.941
619.754
405.892
531.4
473.529
331.755
348.134
317.816
374.849
518.541
337.746
432.861
488.364
470.047
272.073
278.298
318.144
407.641
462.115
605.243
582.103
388.791
389.346
461.764
473.952
576.155
420.864
472.325
602.501
399.271
382.257
276.265
412.785
436.773
599.878
610.77
357.255
419.707
236.731
314.039
554.269
642.625
416.204
538.281
604.587
463.485
523.661
388.404
422.472
513.493
178.903
269.962
513.252
596.789
270.114
131.978
175.79
238.62
154.784
182.687
444.934
848.651
422.969
215.105
153.919
171.696
236.336
156.964
314.239
809.421
595.515
285.992
234.587
175.717
401.077
342.469
470.583
525.337
701.01
433.858
389.177
352.949
559.514
480.888
315.002
486.11
617.668
565.719
546.002
515.108
517.452
516.484
367.455
307.425
377.177
537.819
529.997
525.472
817.008
372.657
343.819
284.71
391.635
667.421
851.882
434.75
803.035
369.008
195.237
198.165
307.192
638.693
846.504
440.614
749.146
437.112
231.509
240.824
353.496
639.646
800.59
477.824
1211.45
515.717
227.96
250.79
292.378
746.32
1232.43
633.041
1003.2
493.083
292.928
228.28
397.898
938.468
1084.16
556.877
709.256
330.732
212.22
137.384
215.259
684.383
779.044
355.348
305.656
379.325
319.47
227.561
264.362
271.381
303.11
357.816
423.543
501.83
523.323
392.753
442.119
397.58
411.756
486.347
527.216
614.36
389.122
290.918
292.496
458.211
494.054
626.51
485.888
504.049
357.133
322.794
331.946
265.083
443.743
519.873
406.232
687.664
487.993
272.057
265.329
342.88
372.274
659.965
529.977
548.896
438.065
259.755
203.111
275.564
496.621
556.031
460.299
666.941
513.441
294.229
406.004
399.743
407.25
647.763
408.913
505.594
639.61
520.872
451.487
249.368
375.534
488.443
285.052
406.78
469.15
414.459
252.262
170.626
266.324
394.303
574.457
384.827
601.872
761.506
386.493
359.029
584.311
387.659
402.225
411.067
551.919
739.904
762.079
394.52
389.732
405.255
514.344
458.229
297.323
583.001
546.298
510.138
512.875
493.214
361.379
374.303
234.461
368.078
514.283
583.464
385.442
365.672
469.733
337.42
211.58
268.381
390.021
595.491
496.018
374.57
839.286
384.633
190.69
255.03
413.127
663.868
871.39
460.379
713.761
353.64
138.333
174.841
209.112
446.184
722.565
424.938
762.991
388.253
297.058
400.807
450.714
790.438
821.551
417.945
1000.66
530.532
283.994
341.2
377.252
896.942
1067.93
579.903
764.128
510.139
303.698
125.98
306.533
818.794
828.25
516.151
830.754
484.688
237.121
189.884
187.287
678.488
884.787
542.163
620.781
336.066
235.1
147.573
177.934
241.489
604.176
395.154
466.466
644.259
556.958
304.933
225.352
216.075
408.183
630.67
621.228
568.344
532.711
448.435
586.494
379.165
579.581
594.559
364.411
470.188
350.943
358.424
301.358
330.302
343.94
472.394
598.444
589.014
309.85
343.512
193.165
265.181
552.805
616.322
630.541
824.824
496.15
369.019
221.429
429.259
567.742
832.303
564.773
625.547
420.993
320.287
283.121
270.766
506.167
651.004
244.038
384.146
425.787
362.676
260.943
234.856
243.484
347.236
292.438
313.597
389.027
436.709
403.79
304.72
280.952
307.994
535.795
355.36
336.721
634.61
510.555
309.811
527.28
398.427
415.668
355.42
487.337
532.723
596.524
390.366
400.131
372.968
574.32
378.714
328.155
477.379
422.365
586.217
583.283
417.661
506.81
363.828
271.821
354.973
457.1
501.285
508.657
400.669
736.969
761.012
372.602
284.108
382.366
628.354
717.199
779.758
626.645
504.185
314.391
258.356
354.44
602.403
637.973
517.724
511.777
340.961
314.135
275.72
380.509
489.454
524.696
363.173
1044.81
510.922
343.058
360.102
389.501
779.771
1085.91
615.837
911.559
585.101
242.028
279.176
438.974
910.753
993.955
656.723
1029.31
484.09
309.167
399.476
403.648
950.309
1114.95
549.524
850.047
408.192
209.406
147.877
222.995
705.931
906.023
462.778
874.324
867.116
593.824
491.694
333.382
354.819
801.128
903.748
558.466
553.569
435.5
368.033
337.016
306.966
512.226
567.645
624.207
566.18
446.613
423.929
238.018
256.266
582.075
603.786
584.31
427.435
322.193
318.884
246.975
367.868
569.262
466.495
566.723
517.571
359.72
320.601
372.159
479.67
547.427
540.613
718.7
680.436
401.755
348.58
280.408
344.974
664.056
734.051
686.399
681.952
527.476
389.549
335.847
342.712
636.862
706.223
381.063
450.924
441.559
287.069
335.706
360.725
367.815
426.952
467.875
437.856
397.207
293.673
265.979
336.622
461.37
437.334
345.886
296.266
305.966
326.394
185.972
268
354.659
316.982
525.365
444.087
476.084
536.639
575.789
472.035
513.772
450.965
423.936
384.477
233.32
417.452
350.356
372.672
418.779
406.101
630.223
319.93
299.199
281.065
331.542
411.565
631.384
374.403
569.68
264.043
258.252
318.109
380.675
577.01
612.156
297.856
793.966
381.969
268.23
517.156
387.761
699.748
843.745
431.697
774.368
386.423
223.772
220.634
294.517
562.277
801.806
449.577
854.558
442.704
176.32
299.487
259.875
598.512
883.823
520.558
938.013
518.557
215.674
261.128
330.789
809.388
1013.85
584.721
1108.58
552.846
276.436
165.335
399.524
955.746
1183.46
636.107
635.554
384.822
227.637
231.835
341.086
630.332
686.975
397.994
668.632
450.59
344.455
392.338
280.482
323.972
645.213
509.346
717.818
799.523
608.564
461.974
449.953
371.668
647.617
817.974
723.808
702.286
515.157
364.549
308.698
306.248
668.723
732.995
584.867
800.735
584.766
393.774
298.095
390.839
528.646
800.011
803.124
714.131
386.165
493.476
424.357
418.59
739.592
786.915
703.536
504.381
448.614
430.16
297.172
323.224
678.547
561.342
672.854
687.67
370.931
213.003
264.614
329.424
613.667
717.501
449.504
476.756
325.708
245.185
265.27
295.92
423.21
486.835
357.555
373.382
411.03
580.213
372.318
263.346
336.009
374.957
410.237
475.824
386.979
437.422
231.868
251.214
385.06
486.574
657.95
352.837
328.273
540.779
455.182
413.634
668.512
403.641
486.747
297.98
235.776
493.586
485.929
418.492
489.509
336.215
721.049
455.139
255.994
204.957
287.619
534.318
725.756
503.344
503.387
405.932
292.836
303.503
304.567
427.975
513.356
413.025
872.732
411.962
315.583
389.517
388.35
539.728
874.328
501.126
689.42
387.711
320.26
351.147
331.533
508.255
695.718
415.854
926.523
360.522
166.625
233.373
287.251
565.888
947.46
461.972
731.527
359.063
217.649
306.22
375.695
664.174
785.005
411.942
1127.06
575.783
282.213
316.745
451.163
1036.03
1223.54
658.784
646.551
509.638
329.678
221.031
319.97
663.764
689.446
555.969
877.425
590.618
346.583
389.612
339.526
420.333
851.926
665.898
702.607
504.433
335.72
490.268
419.021
292.964
664.319
570.942
830.563
523.569
348.239
398.138
279.852
452.224
827.876
590.89
667.111
605.541
391.895
517.609
310.056
410.046
627.343
644.316
641.97
564.027
589.159
355.032
353.166
489.739
648.619
551.43
469.734
671.383
585.023
432.773
345.374
391.372
435.259
656.269
716.03
477.947
382.477
434.692
313.262
368.915
696.093
537.062
327.551
360.459
313.588
334.966
321.874
292.721
318.759
365.189
611.954
521.333
487.109
695.334
380.342
388.42
562.418
582.803
589.768
433.9
287.866
440.552
331.504
331.782
566.044
489.204
581.776
463.262
407.951
319.347
312.751
438.512
579.989
485.212
407.83
358.089
353.697
506.789
468.868
447.915
419.188
371.868
728.25
323.918
197.896
264.154
396.629
608.719
758.103
391.898
635.268
427.928
231.591
200.572
286.887
660.208
669.192
469.077
591.765
276.306
214.847
238.503
282.467
551.195
632.028
299.445
993.274
434.385
238.55
282.708
263.483
675.195
1015.93
521.448
550.474
507.327
429.059
434.637
302.361
483.682
571.937
506.488
716.679
359.133
252.78
315.903
402.919
672.258
762.501
414.834
969.618
608.526
320.303
261.777
480.191
1030.93
1056.92
666.657
1043.49
519.174
187.729
130.355
200.423
700.318
1081.97
613.907
691.764
707.087
333.854
329.092
308.77
481.118
642.241
761.578
815.365
860.203
588.965
421.079
397.004
362.72
735.193
891.376
679.456
693.82
420.465
457.591
315.751
344.707
622.062
724.687
792.461
633.323
301.06
304.189
264.119
353.844
729.233
713.055
508.094
541.559
385.769
473.445
431.832
393.064
474.596
563.816
693.836
669.393
437.847
499.904
331.534
468.196
672.895
685.342
471.569
481.74
388.957
428.507
313.214
214.934
430.354
499.825
598.274
675.189
389.306
437.805
315.046
495.718
561.737
698.716
689.638
685.235
451.019
352.558
274.477
352.006
642.035
723.728
562.187
315.228
388.402
367.759
331.052
315.341
558.498
338.986
790.752
520.692
369.613
393.154
262.21
406.06
742.543
598.481
512.808
376.594
348.496
339.079
402.234
518.266
516.997
393.726
657.143
317.225
281.816
354.287
392.355
490.046
666.553
366.99
536.875
430.825
265.569
249.663
367.638
513.143
559.409
441.518
386.871
334.816
199.018
188.138
245.894
352.729
382.287
355.376
644.866
320.535
146.952
195.811
182.43
364.126
651.619
387.372
511.554
266.065
194.334
331.471
237.083
433.945
546.666
298.098
756.848
470.286
237.369
283.254
266.811
598.411
802.719
519.012
837.451
571.805
256.521
315.826
262.673
708.086
902.643
623.366
600.735
375.316
211.614
182.033
265.259
518.442
641.44
407.538
531.157
632.348
452.314
362.058
346.677
279.719
487.461
635.274
673.166
651.626
385.887
299.812
240.368
450.2
635.305
684.428
608.854
580.306
318.01
342.549
238.912
275.151
568.918
610.879
598.125
580.702
388.308
418.837
323.47
417.783
553.059
615.664
407.121
288.332
334.415
560.045
357.705
216.869
400.763
315.265
413.935
296.393
251.464
417.51
349.23
295.872
414.667
310.964
573.707
383.433
290.084
289.594
247.352
345.057
563.005
425.706
745.838
475.649
312.741
315.27
213.518
358.672
727.357
530.209
521.537
345.192
259.557
430.829
361.914
285.583
500.265
389.792
615.186
342.769
251.573
322.994
244.431
319.038
611.116
385.346
1086.97
482.502
189.194
146.951
212.841
549.928
1085.61
604.696
860.707
398.497
219.922
160.145
186.218
432.911
852.991
485.98
893.19
461.064
228.801
222.717
313.795
549.499
903.707
541.92
653.575
343.756
210.431
240.199
307.473
557.08
678.762
397.342
781.555
375.986
229.504
309.562
444.295
814.59
843.872
431.411
654.626
355.821
235.091
158.09
391.728
749.172
710.287
382.212
482.99
366.577
298.638
405.986
457.421
694.054
539.701
366.621
1025.16
390.121
243.929
353.599
389.15
624.086
1049.01
496.882
870.851
467.082
364.956
317.207
319.82
616.887
910.477
520.916
1001.08
458.859
282.174
190.576
329.849
782.76
1057.46
536.216
503.663
604.433
386.073
374.337
293.909
352.545
463.89
617.555
741.142
548.007
307.493
362.777
269.6
446.223
726.381
596.546
527.392
537.597
480.776
298.603
233.196
313.022
500.777
543.049
588.047
443.425
417.431
509.793
387.865
281.405
564.86
490.062
557.984
471.122
326.9
301.949
257.428
339.206
530.782
514.474
404.344
409.824
301.132
480.678
401.096
247.179
377.442
428.821
776.966
574.417
243.828
251.374
342.572
602.799
779.933
626.753
664.539
678.839
426.866
342.694
332.986
544.943
636.799
704.887
684.181
496.61
301.722
285.72
288.779
350.189
665.833
546.246
875.766
411.441
155.973
262.933
222.966
365.18
859.796
508.939
795.917
456.306
242.189
284.799
277.948
472.15
805.07
521.477
878.871
369.078
162.858
240.055
210.519
515.185
889.531
456.694
630.137
327.28
217.864
364.346
365.814
498.951
642.056
371.873
752.344
548.005
413.024
373.068
383.811
462.482
722.29
598.644
664.162
483.596
242.337
287.929
309.286
572.531
670.173
544.077
623.656
352.589
209.357
344.437
322.581
496.219
635.641
404.518
546.258
494.84
309.525
255.976
336.676
577.83
575.182
503.539
1018.65
462.297
274.206
245.121
352.107
728.996
1051.3
557.669
917.286
520.417
305.807
283.582
441.814
833.068
966.006
566.181
740.87
376.173
205.45
178.077
210.769
558.536
783.303
431.286
607.362
521.747
411.145
460.066
379.753
379.105
585.806
548.674
840.794
717.706
521.144
333.525
283.623
320.412
789.297
766.445
642.558
554.773
296.979
309.407
256.261
296.882
603.827
604.939
741.589
502.887
237.67
308.175
252.642
336.401
691.437
588.17
859.178
660.668
379.602
471.649
356.875
366.698
815.238
736.875
639.662
465.746
377.622
480.444
358.954
252.227
612.036
514.042
754.168
542.029
384.287
263.466
326.793
470.757
739.93
593.987
1204.23
748.028
310.593
281.232
228.448
537.419
1173.83
866.284
800.489
602.291
331.361
276.923
251.046
315.159
754.874
672.573
740.156
395.015
191.089
167.142
251.617
318.649
722.387
469.816
830.696
621.391
276.257
426.893
393.486
451.896
788.663
703.648
655.903
518.876
376.64
342.638
352.362
633.494
690.626
517.872
416.158
242.882
377.636
538.106
540.746
486.984
440.296
250.761
502.549
387.761
363.138
430.5
524.373
508.036
504.993
405.026
801.3
352.561
234.831
255.828
391.171
715.931
856.415
416.423
683.739
366.119
176.149
222.418
386.41
699.955
737.314
404.625
903.041
408.863
164.673
149.21
262.508
626.653
928.711
499.545
854.66
372.224
200.685
223.11
271.02
647.647
897.964
451.799
847.184
490.236
389.416
220.078
310.389
693.828
886.186
512.396
716.317
481.978
262.491
174.062
239.313
657.789
776.653
528.642
754.564
642.954
381.708
329.467
289.944
389.271
711.14
696.709
311.835
343.35
430.172
469.412
310.737
276.933
320.71
331.919
527.925
561.342
375.788
310.351
282.927
281.11
482.049
591.681
715.027
546.677
235.116
172.743
151.079
230.786
666.745
613.434
774.705
691.122
489.293
442.26
393.506
330.599
721.057
740.271
505.765
478.713
416.593
310.375
201.482
212.316
471.008
488.105
1059.21
646.761
327.636
258.576
248.927
424.597
1000.12
763.105
1046.71
711.1
338.557
287.501
239.398
455.844
1005.11
813.649
892.303
454.499
326.598
287.763
206.487
302.682
863.379
552.123
672.625
373.393
236.37
295.425
198.45
343.877
660.784
439.752
921.822
424.809
271.618
400.076
256.211
442.441
915.122
525.003
633.19
394.809
241.474
288.433
230.937
376.718
636.234
439.801
623.425
322.504
263.08
263.966
240.591
382.76
632.147
380.342
463.289
289.044
183.163
256.187
236.736
334.413
459.378
326.952
1168.56
529.614
243.301
330.439
309.593
494.248
1148.39
668.035
857.876
466.916
245.074
272.413
343.686
536.068
854.576
555.533
700.857
384.157
197.235
320.121
296.239
434.001
699.589
455.182
750.488
418.416
240.374
329.986
286.929
486.716
760.495
480.539
609.845
453.068
250.865
320.689
424.559
787.317
673.836
463.202
912.766
543.039
284.85
198.639
279.137
663.867
952.241
613.769
542.71
832.103
595.688
370.539
302.609
407.357
490.647
816.808
654.294
504.791
408.994
329.56
317.554
311.949
613.756
556.084
452.767
304.562
271.91
335.452
322.505
309.337
445.907
338.158
637.176
505.238
334.348
444.328
363.494
366.973
611.497
556.301
487.863
549.596
324.24
299.14
257.609
344.787
459.116
561.533
806.259
672.271
460.476
379.44
478.558
388.647
754.429
730.176
1169.33
835.027
448.412
359.668
314.641
476.359
1117.58
941.137
1081.55
461.539
174.741
157.586
133.802
411.732
1066.87
591.83
731.734
364.95
268.401
201.608
221.161
321.683
714.218
439.033
532.469
456.494
256.895
298.199
200.191
271.774
507.104
488.807
807.332
437.03
242.503
520.578
345.24
332.7
782.434
525.849
609.64
280.19
252.296
466.068
360.149
431.167
629.86
335.594
391.383
367.627
317.567
306.731
400.892
470.894
420.77
374.221
769.708
548.58
440.712
434.635
406.866
661.239
785.959
589.909
342.874
350.27
397.308
350.873
359.64
298.999
344.372
354.282
786.354
575.212
408.13
264.446
419.598
628.283
805.382
588.777
824.172
404.692
313.679
379.711
361.46
517.916
839.698
479.917
520.073
314.58
214.951
220.538
311.763
530.311
552.846
335.295
819.469
521.337
276.541
181.711
274.249
560.812
832.667
564.008
503.462
525.097
376.649
290.889
301.118
432.563
501.954
525.076
895.675
738.242
293.831
275.601
255.491
378.254
831.773
818.261
718.311
617.359
443.735
535.956
337.152
366.937
686.817
655.039
460.771
459.099
416.838
409.858
375.882
292.008
439.594
467.992
345.206
467.34
489.289
415.42
338.975
242.14
331.58
432.791
560.418
577.157
312.356
325.537
300.003
568.898
535.582
603.963
540.998
595.648
341.861
253.198
338.746
374.89
517.396
613.863
803.5
698.036
487.392
543.583
325.048
359.26
745.578
749.983
1221.42
728.312
248.818
134.098
111.825
404.039
1167.56
859.637
825.821
770.573
355.812
230.253
149.505
278.747
742.759
840.695
1177.24
554.844
191.874
209.945
236.976
547.238
1169.67
689.269
1014.66
499.951
219.155
182.026
213.403
559.937
1027.72
596.743
851.408
371.549
176.919
147.575
279.178
629.528
890.139
453.355
525.027
285.538
249.03
298.49
359.712
397.107
535.97
315.859
357.084
257.844
223.547
270.52
270.789
310.267
364.903
271.382
756.205
442.173
245.491
251.508
331.85
595.628
777.326
491.334
379.039
291.39
415.741
363.659
444.677
509.382
416.684
282.361
664.846
347.737
335.343
325.517
476.383
695.647
708.109
383.532
794.57
390.83
336.281
271.472
451.988
778.004
843.421
452.625
628.549
531.861
281.613
296.38
412.126
759.254
681.697
546.233
726.333
435.667
297.244
369.35
342.727
580.62
759.612
477.109
731.722
616.374
281.779
227.625
282.173
414.194
686.782
678.632
483.321
413.009
337.267
381.855
288.188
293.565
470.354
430.441
541.228
499.947
340.725
383.861
286.182
413.749
528.751
513.122
514.484
541.087
366.087
265.388
306.1
286.562
469.23
561.388
557.231
426.86
252.357
197.098
157.912
280.55
537.066
466.675
523.241
534.311
401.783
328.375
286.49
353.932
485.996
560.682
722.148
569.372
276.506
206.43
128.966
291.003
683.618
621.975
762.622
566.922
232.999
297.94
185.324
285.487
713.029
646.945
1073.59
522.737
272.948
276.675
232.429
460.326
1067.05
632.188
910.629
448.356
135.518
162.151
122.632
340.965
887.746
557.356
850.389
414.452
200.285
181.903
235.24
490.593
845.037
492.609
624.891
352.32
236.237
207.331
270.329
523.903
648.929
393.179
554.774
331.544
158.612
198.311
240.722
444.537
582.877
375.854
527.829
300.554
194.852
309.827
316.393
399.508
539.881
340.702
652.56
320.364
209.308
264.868
251.688
401.442
667.086
378.344
510.861
395.893
212.648
287.73
292.845
439.771
508.258
433.162
609.006
375.963
285.266
410.928
352.58
581.46
638.133
401.368
614.297
276.288
265.546
232.244
327.403
510.082
628.231
327.692
601.358
441.869
284.898
361.526
427.39
722.411
657.045
455.165
971.629
503.737
296.542
270.643
364.137
760.397
982.664
561.301
