206.195
298.498
203.845
139.821
169.584
163.985
184.546
293.653
363.255
740.215
549.147
344.468
244.526
335.888
313.843
700.969
429.647
649.2
624.979
253.094
318.084
340.409
424.653
604.252
399.893
713.832
761.165
430.168
371.35
326.049
372.147
662.59
298.942
615.379
680.711
381.439
266.844
314.43
266.068
548.545
213.573
255.193
390.378
392.002
266.413
228.393
208.065
244.617
298.279
225.633
622.639
703.525
339.693
220.372
301.442
219.462
439.584
365.901
386.261
446.644
254.328
190.097
414.726
391.168
255.786
273.772
430.882
480.913
302.949
207.023
247.983
267.211
232.207
181.839
279.298
670.476
416.92
193.006
234.787
181.117
132.065
152.487
261.318
649.638
526.962
217.397
136.218
144.344
165.647
315.264
325.892
471.596
521.492
304.683
160.862
280.323
234.714
205.319
374.297
679.2
800.946
388.339
235.777
185.397
181.382
256.363
384.645
581.143
823.725
553.969
208.638
224.086
250.875
455.547
514.681
498.287
846.137
712.345
269.791
399.124
326.605
321.593
361.311
344.296
792.379
779.579
379.061
315.442
406.209
388.439
277.924
348.221
357.732
578.655
429.009
375.77
469.059
372.552
264.56
365.141
416.115
664.025
504.188
402.621
413.843
392.24
248.882
256.389
389.296
774.535
484.59
365.84
375.784
229.68
198.182
232.392
206.944
410.069
411.334
245.009
439.66
429.924
236.713
143.212
183.462
304.323
450.971
442.734
494.525
723.943
398.664
200.383
175.473
399.349
475.624
712.941
475.135
680.77
614.602
344.101
263.388
325.172
465.29
648.997
300.381
609.958
643.828
379.793
380.029
375.89
286.086
546.995
285.071
302.268
393.616
300.239
224.125
143.38
259.433
302.64
396.7
301.095
520.06
634.197
326.574
254.428
393.47
310.018
288.396
249.472
485.944
621.702
302.912
253.841
289.993
253.019
185.553
226.307
569.699
694.824
305.654
157.289
184.603
201.938
148.358
195.265
591.333
850.033
398.895
147.033
141.927
174.046
268.559
225.986
469.966
1040.6
558.514
223.747
275.423
216.607
149.027
181.468
370.328
948.158
587.242
164.871
146.356
172.514
211.489
245.27
384.418
816.637
749.031
340.311
221.676
222.359
189.796
317.212
498.938
654.488
854.078
524.531
194.296
290.267
257.95
375.429
438.95
527.331
819.664
651.016
273.259
338.805
371.899
384.82
355.935
390.745
760.648
774.954
402.762
382.522
424.557
397.541
398.673
295.742
707.59
857.417
464.397
386.916
521.871
306.589
299.836
272.864
294.029
633.828
589.156
322.762
547.308
328.518
304.971
191.665
428.659
755.948
611.828
368.437
605.407
467.833
235.414
130.14
323.454
826.876
677.287
475.261
379.269
239.831
183.159
199.456
259.605
425.689
408.95
265.905
562.333
616.049
368.454
256.713
126.773
226.245
512.624
635.957
461.357
686.458
429.344
458.447
291.921
308.433
400.727
679.862
487.542
859.196
720.09
301.752
342.27
409.17
430.617
817.238
300.544
661.192
618.859
371.32
351.557
346.707
263.452
611.654
310.634
644.704
740.085
459.227
341.649
257.37
275.74
582.045
524.953
480.114
597.192
473.705
389.37
287.14
502.833
472.739
392.646
473.863
614.127
451.071
289.795
393.324
384.003
430.483
387.893
242.699
471.827
736.689
356.34
255.791
386.075
251.321
216.863
223.598
462.395
705.038
344.672
146.833
202.839
213.768
248.779
213.808
486.721
1019.85
483.673
149.003
235.093
221.183
159.91
226.183
334.034
677.938
507.567
221.635
154.42
217.911
325.147
324.195
339.166
580.632
730.857
513.905
340.071
337.101
164.703
221.729
393.125
560.984
761.161
458.855
173.036
196.527
202.906
330.161
449.082
521.051
790.951
631.667
242.15
280.873
357.765
378.82
371.59
302.449
598.759
820.33
427.44
348.617
371.615
400.589
302.101
332.324
582.702
829.777
442.305
379.627
511.446
354.741
236.703
222.164
371.671
643.016
548.401
401.52
426.97
295.098
242.09
219.22
312.632
495.322
460.802
313.049
491.958
328.962
303.194
292.035
319.1
688.861
557.713
312.497
573.548
325.685
152.755
158.307
203.308
525.696
621.806
361.664
422.912
331.198
199.467
175.974
176.019
196.726
389.221
375.639
494.042
643.182
384.219
209.384
250.596
349.66
464.413
638.007
483.266
672.408
580.601
382.326
350.075
383.415
484.622
635.727
457.543
554.298
494.475
287.366
265.406
306.068
445.527
530.377
359.371
466.498
459.423
394.461
312.921
360.076
344.637
444.775
394.418
424.827
391.066
246.97
345.658
289.462
382.648
419.766
439.655
433.103
527.079
331.774
311.893
377.689
449.751
405.113
246.168
178.062
466.765
542.924
513.512
291.126
252.706
174.433
223.777
282.245
537.05
806.943
416.124
155.437
211.285
270.091
251.138
242.673
405.142
751.81
480.763
180.302
227.8
252.032
301.141
267.278
386.765
856.117
688.362
268.3
281.379
285.678
169.47
210.367
316.318
627.127
696.596
372.978
174.603
199.525
293.404
270.315
306.296
394.184
616.624
481.19
306.254
281.884
273.947
413.404
481.147
455.411
720.575
694.042
308.531
357.984
412.076
410.432
453.081
342.99
552.43
743.461
444.435
397.728
464.278
408.467
384.612
245.441
534.606
838.634
523.661
396.498
390.535
370.237
260.367
222.764
299.47
644.817
444.795
357.301
538.9
334.655
207.642
198.357
298.293
537.653
589.535
356.608
576.355
331.752
213.748
206.442
299.344
593.614
641.265
340.695
454.721
344.301
191.683
124.884
201.231
440.884
482.445
362.397
434.483
376.569
260.541
254.435
165.291
296.489
413.896
401.718
590.174
568.037
240.512
193.4
163.109
280.005
530.047
612.564
518.308
736.922
583.27
219.239
332.195
342.588
451.06
729.85
559.476
521.985
396.727
486.803
313.294
271.507
508.788
555.734
411.128
365.152
268.72
206.825
314.719
313.04
410.451
379.032
490.871
564.643
586.682
442.839
374.737
320.37
492.116
546.872
434.09
601.034
607.154
456.977
385.599
470.288
436.578
584.999
206.43
424.923
615.449
536.65
340.067
241.722
206.508
364.486
358.507
313.376
589.633
740.131
395.159
314.149
371.605
298.008
177.642
201.906
411.276
818.57
413.404
151.285
162.899
196.384
259.3
198.946
356.523
625.378
566.833
342.122
281.267
196.473
219.015
220.119
332.394
565.814
624.834
407.919
224.381
220.28
480.459
352.821
286.084
379.907
628.309
646.802
517.259
376.139
571.205
348.137
255.321
400.731
624.356
796.07
633.636
365.031
637.161
531.938
441.458
379.253
532.607
895.923
697.251
532.994
742.206
432.12
340.625
507.259
535.651
860.411
813.607
494.375
571.383
372.92
245.972
388.749
344.34
559.228
624.979
401.108
696.224
523.438
202.199
193.831
223.571
600.635
755.437
560.66
598.854
446.357
173.113
142.844
176.306
503.232
643.653
472.123
465.261
391.939
184.72
143.128
166.688
301.774
467.868
422.782
480.783
393.059
303.026
283.731
283.413
344.404
447
435.162
565.68
518.764
268.469
163.332
176.084
307.748
512.892
552.399
537.057
661.023
418.305
282.949
233.024
279.554
481.905
680.124
440.514
519.476
262.904
133.765
134.442
271.282
415.964
532.336
704.292
625.635
365.777
206.706
206.381
366.15
668.517
658.1
436.415
566.652
509.436
282.329
281.491
280.207
392.832
556.262
315.806
537.575
765.037
615.967
436.342
320.454
319.108
493.447
369.367
444.279
472.25
283.004
268.516
279.253
346.993
424.599
313.61
256.857
379.111
593.097
271.37
190.334
295.689
272.107
351.796
225.339
278.191
520.7
338.833
246.106
343.914
255.624
347.06
217.602
247.52
423.883
303.24
180.282
337.457
236.738
340.544
286.676
324.632
422.123
660.625
636.779
385.449
279.835
502.295
234.181
207.977
234.826
512.764
705.177
552.671
263.236
706.052
359.366
332.461
319.873
521.558
787.465
765.156
410.953
540.818
345.82
379.722
325.897
378.274
671.209
594.085
341.764
734.782
377.04
217.588
197.802
311.299
820.464
810.575
394.703
807.954
453.989
241.259
218.728
207.43
676.948
871.372
510.463
672.153
330.745
181.172
239.073
205.016
489.852
725.721
369.279
676.107
288.595
231.372
219.524
159.005
443.206
724.064
340.235
780.02
370.814
194.771
184.955
174.975
472.793
794.121
445.222
992.451
595.06
139.41
112.02
112.188
428.767
941.046
715.041
512.386
552.294
346.425
353.5
261.582
401.065
484.705
573.597
448.46
668.698
341.791
205.338
157.767
329.092
405.428
665.642
601.305
626.629
281.199
193.446
194.021
441.194
615.012
652.194
863.419
745.723
454.536
287.623
151.669
281.639
795.166
813.219
735.773
730.699
383.948
220.155
157.6
257.286
662.707
769.11
442.29
623.765
555.563
335.568
292.647
297.786
394.25
597.797
356.002
338.738
414.071
536.879
357.479
196.057
342.956
345.732
500.914
631.781
663.737
448.771
286.296
343.299
449.358
621.425
420.981
262.266
341.501
435.948
307.58
224.458
414.84
277.097
304.406
290.266
289.996
377.502
292.288
329.079
321.996
294.037
390.832
289.354
276.101
245.309
280.952
300.147
377.729
315.851
527.829
429.142
416.118
462.099
643.436
741.222
577.17
445.317
706.665
367.868
445.605
416.031
499.905
729.473
763.976
408.427
834.88
383.21
203.284
147.944
349.096
656.511
874.057
458.574
864.031
511.668
351.713
322.359
410.606
822.478
939.874
560.845
873.142
431.932
263.83
213.42
290.447
707.754
939.139
480.011
527.249
379.275
177.223
193.378
231.321
514.986
564.988
404.122
1015.51
345.423
186.17
151.704
175.504
585.792
1063.82
445.69
660.635
423.429
243.488
371.932
271.135
347.534
642.517
489.651
758.671
701.937
261.149
172.156
202.373
348.621
684.142
772.863
704.207
747.102
271.131
96.5833
112.142
369.582
635.588
806.503
629.282
763.194
412.137
219.215
213.869
293.836
551.279
790.377
567.321
382.919
181.789
179.232
172.596
331.59
575.288
425.73
667.497
615.953
298.033
312.459
213.424
307.926
608.676
674.709
871.509
873.614
408.1
166.213
234.705
312.82
777.162
942.114
569.746
606.904
333.771
186.781
174.9
253.241
527.294
639.409
681.619
782.236
480.23
238.776
266.224
331.925
609.382
805.471
562.186
529.634
555.076
518.663
414.172
372.459
528.603
544.411
290.252
262.328
457.291
516.681
364.857
258.316
302.802
259.429
215.52
245.449
323.583
665.844
491.176
174.173
199.281
246.573
473.84
225.938
248.848
474.33
411.531
424.296
495.423
259.481
548.393
326.805
274.42
351.741
508.744
708.885
600.336
354.568
630.063
406.079
361.78
351.798
396.404
696.804
672.768
447.118
677.996
348.164
334.491
428.269
396.655
693.476
733.901
369.997
903.962
453.724
231.309
124.699
199.701
668.869
952.603
505.951
735.6
305.497
174.09
116.805
178.856
537.592
787.453
349.181
673.23
409.185
241.871
249.415
290.127
594.379
721.064
457.976
559.924
300.016
200.026
155.904
183.746
403.448
586.293
340.144
398.29
398.069
210.092
219.428
218.892
398.573
403.045
412.351
628.495
537.438
206.835
183.172
166.077
226.044
558.582
605.656
838.465
747.092
242.115
179.797
167.545
318.9
756.335
830.617
894.142
620.317
252.68
127.736
227.804
347.444
834.79
707.397
427.917
448.239
259.251
194.526
318.796
304.105
392.895
472.131
834.469
817.152
354.577
234.455
251.021
376.447
756.839
885.56
882.643
741.493
328.368
310.402
271.145
400.44
813.024
822.878
803.945
704.734
305.948
244.811
257.244
371.595
735.38
755.626
679.443
691.398
460.251
253.079
251.953
327.481
636.771
712.956
486.684
556.91
460.679
367.122
327.28
407.039
461.026
556.196
287.512
406.303
655.168
758.243
361.872
168.708
263.409
386.698
296.097
309.179
382.847
420.383
630.212
590.674
316.145
299.307
400.343
343.844
258.264
540.597
605.139
519.83
428.377
360.612
583.107
316.912
281.666
293.492
497.373
744.864
639.414
335.691
664.92
339.517
263.979
285.5
397.059
703.017
712.829
376.116
809.21
342.538
253.677
353.366
327.682
553.369
834.774
425.911
785.218
375.977
296.894
230.02
271.728
601.652
816.091
424.72
1144.38
426.674
167.774
197.407
170.283
528.279
1161.08
558.289
814.525
390.925
124.08
229.438
212.703
597.449
870.73
450.375
700.547
536.959
283.337
224.831
391.213
527.881
701.396
548.174
653.62
326.365
138.638
204.338
297.614
535.87
697.979
374.331
1094.61
638.944
202.235
146.889
171.071
321.73
1030.92
772.344
949.402
609.214
204.019
243.051
199.654
267.472
880.667
715.58
916.556
508.718
154.54
138.295
196.812
312.96
864.296
624.892
853.492
666.445
269.051
217.047
194.531
318.121
772.617
761.919
1020.62
801.957
327.746
246.843
205.055
346.303
938.589
899.566
849.235
825.115
397.121
291.957
278.534
417.89
770.731
887.322
863.242
714.713
242.563
297.758
272.333
420.748
787.041
808.539
869.167
724.052
265.182
179.364
214.19
299.513
793.295
803.904
733.058
769.067
594.418
433.038
424.847
342.932
671.061
794.679
294.827
349.706
475.312
432.25
385.123
264.044
299.274
321.995
484.747
349.806
499.002
496.613
537.351
437.592
470.141
372.495
520.876
436.786
367.774
461.004
572.92
644.628
563.109
447.399
878.265
447.1
186.246
161.752
300.48
664.797
894.716
530.426
602.625
392.346
266.749
293.084
307.042
668.892
657.457
399.25
759.694
387.323
336.204
498.243
401.232
628.367
812.454
442.572
981.077
492.162
263.682
240.876
346.799
789.047
1024.85
546.265
1035.87
413.952
136.27
118.873
138.793
570.818
1061.53
518.579
1358.56
512.332
208.776
162.244
244.428
662.472
1369.76
670.015
683.255
270.417
252.121
266.78
236.656
331.204
703.054
323.164
1058.68
395.988
224.944
376.689
331.281
665.38
1095.13
502.461
1050.69
591.531
192.175
191.267
177.082
300.321
985.029
714.452
1083.42
645.052
162.26
174.627
123.58
348.632
1015.44
774.609
561.763
559.699
192.778
205.311
172.415
399.79
544.242
609.573
690.861
468.81
244.74
254.947
167.989
295.411
673.651
521.923
925.842
628.348
228.072
195.671
175.339
324.889
856.638
742.94
785.252
692.827
390.3
292.076
300.508
297.629
705.012
761.18
730.232
760.899
414.82
288.135
252.303
426.076
672.361
812.682
763.72
603.619
413.698
478.934
294.912
283.302
708.436
667.28
680.75
589.722
294.804
320.426
256.102
230.244
623.313
636.142
419.329
654.285
584.768
296.883
259.79
299.416
369.772
623.975
419.652
500.903
523.553
410.132
481.589
545.126
410.686
459.391
628.766
422.13
290.377
290.888
428.487
699.531
671.115
443.611
869.991
367.24
246.992
318.945
264.654
579.817
911.335
435.785
782.31
483.147
194.923
256.545
308.737
411.781
763.363
564.41
829.494
556.658
381.468
520.862
359.471
625.199
865.753
589.584
904.298
404.11
250.005
253.454
273.141
593.035
931.495
486.997
1290.72
512.246
254.835
333.695
221.328
559.684
1293.09
663.891
1122.49
493.893
138.927
227.269
193.374
648.258
1148.1
609.465
684.865
224.622
154.537
117.578
193.697
496.521
734.613
280.735
649.376
297.632
227.114
196.623
223.477
557.187
705.926
334.722
831.513
619.293
174.966
108.144
108.755
396.292
770.386
711.9
828.99
545.236
181.297
156.995
129.468
303.568
771.802
645.263
536.594
404.024
228.904
225.512
186.602
374.945
559.746
435.31
1123.31
681.26
153.768
157.533
126.86
326.969
1041.02
834.006
1103.88
698.062
271.879
290.013
254.987
356.364
1037.48
813.756
823.578
615.672
258.209
350.433
349.552
306.003
749.697
702.351
1093.14
825.24
365.071
206.155
171.275
365.96
1003.48
934.036
1096.7
608.017
245.399
388.696
245.215
365.917
1061.07
718.912
850.544
667.201
288.154
252.351
202.824
444.836
813.805
732.218
624.338
791.042
512.298
276.916
334.17
334.574
556.944
801.597
643.329
470.137
277.053
308.988
384.571
594.588
652.707
507.293
750.146
443.687
343.632
308.097
401.44
612.52
768.492
489.257
561.492
289.773
281.143
284.451
334.401
353.711
571.097
323.546
592.526
388.66
265.213
289.119
303.919
537.464
621.108
422.997
941.556
457.883
223.831
269.71
280.712
643.37
958.659
544.614
1089.17
502.139
183.768
253.832
226.519
647.889
1112.37
613.806
959.87
408.218
206.99
226.474
207.428
538.49
977.718
506.142
965.073
500.731
186.827
174.284
236.697
639.134
995.054
588.123
1236.91
468.438
285.514
273.576
258.9
622.204
1264.53
598.452
813.471
422.987
194.497
196.362
209.757
562.898
855.235
484.149
863.857
783.843
213.597
140.894
128.467
391.945
776.33
874.536
494.955
345.234
111.358
131.13
153.256
297.562
469.571
397.304
761.252
582.099
316.711
296.628
249.639
314.353
707.626
654.512
1085.91
720.564
214.904
254.093
212.16
310.281
999.053
854.714
965.612
641.511
295.969
302.732
206.817
296.572
896.367
750.886
726.52
472.845
236.261
196.925
131.604
185.494
667.469
550.187
1027.37
863.682
326.948
241.986
274.868
435.686
941.73
966.492
1090.22
780.479
398.373
421.677
346.891
494.658
1020.31
888.222
974.368
639.751
263
267.664
194.157
363.486
931.72
740.59
874.114
660.241
382.902
448.045
344.699
340.2
818.337
744.175
768.157
435.498
263.979
379.479
273.798
504.92
781.768
497.29
1032.83
500.757
220.601
243.628
268.48
775.459
1088.63
583.228
780.53
348.395
193.539
228.568
201.594
437.139
797.617
408.001
863.523
489.236
286.837
324.637
311.099
423.41
850.704
573.244
854.861
418.056
331.832
339.874
260.49
507.868
879.325
493.664
1340.09
548.296
173.852
155.444
219.804
612.631
1346.58
702.424
931.472
476.77
232.033
228.249
357.758
661.941
964.882
547.472
1247.01
490.455
221.984
184.1
217.895
612.578
1251.6
633.327
1060.79
386.2
243.982
202.639
212.707
589.076
1094.04
491.592
757.074
476.729
238.17
323.04
354.345
695.464
814.706
532.784
610.987
546.271
233.561
293.609
264.189
283.285
550.541
603.913
621.197
539.064
313.453
224.118
253.322
258.117
554.825
603.973
833.709
586.758
237.131
204.814
175.236
242.827
763.135
688.288
867.527
741.163
312.533
234.878
241.595
422.998
797.156
826.199
782.783
617.513
276.945
328.385
254.336
394.188
725.339
700.163
886.154
420.752
289.57
263.651
238.576
398.042
864.146
496.939
1166.36
721.097
241.202
170.617
259.273
378.223
1087.63
858.346
812.763
749.845
349.093
241.889
194.484
312.843
736.743
818.969
930.781
575.71
203.903
362.251
245.543
357.475
885.044
678.009
1171.92
751.804
371.848
237.147
238.042
468.355
1120.27
848.767
905.485
428.211
331.694
391.036
263.021
369.461
896.955
513.342
789.416
372.634
149.919
262.11
185.203
378.878
803.246
447.224
1020.12
414.579
211.032
160.033
191.837
557.261
1039.63
507.578
890.742
338.462
180.18
211.469
218.322
510.375
913.003
430.212
971.026
456.535
264.371
212.137
309.673
726.289
1018.58
531.073
1510.48
653.777
293.915
228.871
250.657
597.249
1496.46
834.258
960.281
488.773
230.279
218.677
259.487
519.79
964.453
579.665
913.371
399.593
294.112
266.727
387.333
650.35
949.791
473.272
944.168
402.05
202.347
222.695
188.487
561.224
967.543
499.633
945.673
413.514
229.734
242.717
209.349
625.851
984.503
490.817
757.868
622.692
201.911
232.257
205.591
444.727
714.31
696.618
532.931
542.953
309.118
290.072
274.948
345.696
486.737
587.347
877.547
587.096
329.325
297.683
227.864
350.835
818.588
677.59
893.814
845.552
364.423
206.977
276.573
441.644
804.145
920.239
923.639
604.119
232.501
219.904
182.161
308.225
872.936
697.926
1015.94
581.536
204.93
314.443
185.224
306.29
948.705
714.447
1227.2
689.46
224.969
232.114
254.868
417.377
1164.08
840.551
1101.93
594.952
270.082
248.279
225.569
420.58
1071.07
713.397
774.868
498.063
383.441
388.084
266.612
299.98
742.534
560.432
859.156
612.302
264.636
259.647
262.717
335.587
811.72
700.578
802.934
344.177
171.854
274.513
194.664
439.953
812.869
425.031
477.203
330.676
265.449
282.445
275.216
365.213
482.788
357.866
719.592
363.708
177.343
247.693
238.353
409.858
730.48
430.016
725.911
381.612
152.438
187.529
234.001
510.433
750.937
447.768
934.042
449.838
248.35
251.413
243.454
581.402
951.68
541.336
880.932
381.194
207.82
216.478
255.342
607.478
913.288
469.692
992.989
416.122
220.53
243.414
295.565
673.118
1024.45
516.259
1025.12
363.565
197.786
246.512
281.207
643.891
1054.5
471.294
1112.76
432.297
383.209
300.271
354.01
552.937
1117.69
564.875
1298.84
525.175
226.763
257.514
250.357
643.961
1301.96
675.196
751.128
435.246
286.526
290.044
176.808
366.049
740.7
509.668
845.108
768.741
353.645
307.655
224.835
322.798
770.861
843.569
907.183
656.512
269.972
278.643
221.634
313.679
840.864
747.929
897.284
712.815
274.962
299.125
246.749
302.8
811.663
809.094
1220.3
743.947
329.181
196.993
180.336
347.361
1152.19
878.622
679.561
381.007
250.39
302.041
243.13
244.559
650.794
452.464
1147.28
679.728
173.668
187.007
138.473
329.888
1079.41
816.909
766.957
460.701
384.85
344.111
292.111
261.189
731.949
526.281
738.037
295.971
241.783
395.71
341.898
431.018
750.006
370.105
335.211
257.438
271.516
406.813
324.919
284.374
320.572
280.511
780.028
443.519
248.128
299.149
298.154
471.955
782.949
509.681
331.96
292.063
245.296
337.141
207.551
214.174
322.973
309.499
651.879
310.422
139.532
167.78
174.14
302.871
642.547
382.426
680.411
350.017
293.669
460.019
464.449
427.463
687.65
407.918
840.915
482.306
252.99
250.824
281.283
641.586
856.91
534.813
1125.06
477.737
215.431
215.656
318.43
674.29
1143.42
598.485
841.886
420.317
394.762
301.242
334.456
533.656
862.929
475.076
1149.49
466.903
222.363
171.605
139.43
520.071
1157.11
597.875
1061.02
442.368
235.903
258.059
376.212
760.81
1101.28
543.04
984.086
463.392
311.599
265.274
240.934
558.635
1013.38
529.817
688.605
738.324
321.252
245.944
194.915
453.878
677.542
783.009
954.575
807.849
299.665
218.779
241.817
440.81
874.058
903.056
902.8
847.069
292.481
188.216
192.717
409.917
812.319
930.778
651.56
681.313
289.866
171.058
169.453
258.209
576.673
729.148
825.326
412.26
221.546
160.055
155.318
389.867
819.673
488.843
956.39
503.966
167.671
227.593
208.074
322.174
910.248
625.04
606.421
350.17
202.317
196.24
150.266
323.074
603.069
397.319
839.728
356.643
243.278
308.874
210.563
430.047
852.79
435.226
818.66
435
142.071
188.249
204.434
397.427
812.748
518.038
947.922
516.818
208.399
337.993
204.092
479.413
940.823
617.704
479.535
315.602
209.204
246.545
222.706
272.464
468.77
360.527
878.836
480.935
202.491
216.915
204.346
485.95
876.388
569.299
802.528
354.281
237.958
388.65
250.702
353.476
795.888
447.447
393.441
266.339
244.876
454.114
502.132
485.539
426.604
273.544
516.543
314.591
371.286
447.9
287.373
337.948
525.633
349.513
511.998
331.102
239.158
220.94
304.512
534.066
548.629
346.505
964.427
453.107
283.77
357.897
380.24
580.392
974.94
534.119
757.45
378.602
209.503
181.863
251.94
471.097
774.455
436.292
986.716
495.527
185.106
182.801
305.059
768.264
1042.93
571.779
969.411
396.661
287.235
186.613
332.219
733.73
1014.71
467.459
932.382
978.964
485.489
166.99
237.395
437.251
836.25
1023.19
846.449
795.478
346.43
335.187
247.019
385.78
769.438
845.615
1012.58
984.263
334.931
127.577
172.806
500.399
920.327
1077.5
1007.65
679.713
336.742
332.552
274.002
354.729
930.892
797.756
899.253
726.171
282.976
226.336
137.83
407.851
822.459
825.883
961.507
520.562
141.469
232.735
198.959
318.216
918.199
635.839
797.58
417.06
244.878
261.046
268.318
376.807
777.779
492.468
745.448
356.179
305.246
291.807
188.105
359.989
750.036
413.178
645.218
339.702
383.181
417.322
425.683
374.04
636.155
385.714
761.734
388.456
280.986
293.348
152.47
410.173
763.292
461.603
638.977
286.543
226.51
282.602
262.157
329.728
646.725
343.13
893.357
457.952
281.203
306.984
331.261
544.393
899.344
533.428
697.442
425.124
266.194
276.098
247.68
430.185
705.35
470.424
708.201
304.395
199.275
324.854
275.162
442.306
727.403
372.088
993.764
522.529
176.737
238.67
189.887
544.296
999.883
616.892
749.117
408.108
220.518
289.154
249.355
400.941
744.243
483.326
1111.4
457.884
200.737
225.425
244.095
753.644
1163.03
563.485
1242.9
500.924
271.791
268.536
282.609
678.63
1261.07
634.398
828.214
430.064
235.335
232.619
214.124
482.311
839.448
501.101
1034.6
500.855
189.111
138.498
321.919
783.82
1085.38
591.645
734.1
893.081
444.387
265.07
378.837
412.917
646.837
917.067
923.201
845.847
356.552
210.613
289.058
486.88
844.54
910.301
933.327
818.917
315.168
154.6
224.509
378.638
846.919
898.906
917.739
598.632
370.327
334.286
267.051
251.112
853.057
699.576
911.858
619.634
329.549
439.939
331.686
320.982
849.749
713.134
946.73
588.505
234.272
186.261
201.825
410.591
910.493
686.008
925.344
504.429
303.028
419.427
361.469
492.19
914.629
604.299
812.418
375.741
255.819
361.943
264.368
343.06
798.04
470.487
1031.11
514.343
206.476
197.304
199.297
395.278
1004.97
635.399
777.092
425.012
330.012
534.896
278.573
324.135
759.663
494.01
773.714
350.94
267.002
329.193
243.477
355.373
774.814
422.721
1003.39
437.412
234.475
266.99
203.575
411.6
990.964
558.05
605.627
351.833
261.319
292.463
314.598
581.917
630.202
396.515
569.662
415.385
260.81
161.427
294.201
528.898
591.842
430.169
834.985
384.645
189.74
192.16
246.028
557.406
851.429
465.832
466.425
323.164
269.228
357.802
389.151
276.054
454.156
350.834
1179.82
536.596
280.678
264.1
265.847
484.512
1157.27
676.454
1056.52
462.298
233.181
247.439
370.217
838.558
1113.15
559.078
824.955
479.958
263.63
239.311
351.637
777.616
872.745
520.477
1092.98
487.227
153.638
184.803
277.816
722.157
1128.74
595.851
973.797
933.037
341.909
292.484
230.484
481.708
887.413
1025.01
812.308
861.027
466.211
314.27
238.317
406.623
743.988
898.357
1039.84
1058.35
486.668
261.195
261.875
438.19
929.604
1138.9
1207.86
700.032
256.436
203.108
225.99
358.936
1149.55
831.152
755.016
583.799
286.035
423.739
268.502
382.887
699.534
663.256
706.904
469.603
384.317
535.355
336.321
353.415
687.235
533.681
862.389
558.726
191.136
170.458
207.142
408.239
834.114
650.056
829.392
467.943
278.485
492.018
265.67
330.545
804.531
552.48
894.352
338.109
182.135
406.257
366.045
412.101
898.449
447.648
904.222
455.297
188.746
255.395
270.688
403.534
890.717
558.861
563.015
394.693
335.682
443.007
314.282
393.827
572.791
412.055
685.9
331.795
315.26
277.753
283.793
539.027
720.845
376.705
737.45
341.8
222.897
339.635
310.008
512.566
762.458
412.396
767.519
389.861
326.58
327.191
257.997
391.266
760.29
459.042
836.231
371.236
244.264
268.49
282.605
547.304
859.824
454.159
821.93
479.298
218.202
207.987
288.044
672.135
866.395
519.856
1105.57
446.508
321.714
474.006
452.731
789.262
1145.41
558.745
847.905
427.363
377.093
481.876
395.601
532.493
861.346
473.484
926.389
512.813
302.022
542.015
447.059
591.531
934.492
598.948
513.958
381.721
258.799
447.616
523.26
570.794
543.802
406.766
