308.314
442.433
277.18
192.278
180.814
336.981
297.627
424.161
359.279
549.407
343.647
209.321
205.614
295.962
339.679
531.031
381.066
617.546
630.644
319.754
281.31
313.663
371.078
570.511
434.498
523.367
518.418
202.23
208.443
329.889
436.885
476.306
301.485
544.171
667.045
451.937
370.082
257.899
281.698
504.72
309.555
407.963
795.247
745.582
398.899
273.977
305.387
359.336
229.915
351.081
704.075
679.602
433.045
249.908
225.308
306.791
224.341
289.474
589.7
753.356
409.784
169.74
222.062
265.764
246.23
189.18
291.991
693.404
381.294
160.793
247.771
191.454
292.153
273.111
318.841
750.912
491.89
247.229
286.311
283.121
352.604
208.822
298.729
745.137
436.513
182.035
346.92
233.533
212.92
243.411
316.942
694.201
588.003
215.969
208.304
234.295
291.971
295.866
341.372
892.042
810.927
419.905
291.128
280.304
196.643
307.549
387.083
572.177
816.017
474.635
202.514
289.039
170.918
200.727
405.238
604.417
961.374
559.712
178.797
171.877
246.737
254.542
402.909
458.998
862.71
691.455
292.431
248.05
237.953
296.748
327.637
330.566
496.565
641.2
285.172
272.973
426.709
467.444
296.55
235.582
376.551
748.785
455.462
458.718
253.127
327.258
296.296
200.51
361.939
597.326
303.94
298.163
358.428
311.401
218.981
172.082
275.062
521.181
378.378
324.805
276.525
269.406
197.475
240.568
196.555
252.329
282.71
273.83
385.078
554.178
399.146
202.062
286.101
274.334
360.679
548.212
307.061
650.14
639.202
257.189
418.477
491.803
302.176
578.912
351.436
695.001
709.369
355.098
277.113
291.173
309.265
644.859
275.4
560.381
634.928
401.672
243.11
252.292
245.988
500.801
237.823
282.898
381.911
410.896
317.537
199.915
239.805
261.658
217.087
321.219
687.568
539.288
353.849
280.418
215.166
267.303
582.326
354.019
498.883
545.019
448.698
212.987
554.416
404.49
365.963
374.277
317.885
572.001
253.23
172.948
338.693
387.361
187.271
199.767
378.83
756.216
402.715
146.576
179.117
196.35
238.795
142.649
362.761
848.535
487.382
205.59
246.581
148.244
177.292
265.479
411.617
827.918
661.159
274.131
178.99
243.203
167.024
251.553
416.377
627.163
809.649
380.664
171.498
227.432
229.518
205.693
304.855
613.142
863.459
544.759
234.06
210.102
407.771
306.499
427.659
439.727
807.364
605.282
403.67
330.342
366.721
416.18
422.831
354.64
777.983
873.014
421.779
386.531
344.544
445.601
320.848
268.406
502.783
784.491
398.504
419.466
550.461
357.103
295.117
280.646
412.962
805.135
623.945
350.402
486.192
362.137
255.427
241.847
439.394
851.93
565.767
350.117
399.692
266.028
160.819
112.677
243.233
566.582
446.003
288.162
331.33
261.86
182.559
245.68
211.565
178.244
313.308
286.871
545.098
656.185
369.62
244.956
210.361
289.929
498.6
684.44
387.063
742.163
482.831
321.385
268.4
378.673
348.244
706.925
404.776
720.673
757.261
329.014
412.24
515.741
399.78
640.363
311.067
494.002
547.122
302.548
299.16
251.345
306.831
458.143
340.226
322.864
434.774
295.547
252.675
267.848
345.914
312.685
340.037
349.04
591.963
596.033
313.052
317.94
359.708
325.704
246.45
278.791
463.623
486.959
332.005
305.472
248.842
268.698
197.219
241.45
591.868
721.581
329.432
168.596
191.869
213.794
169.163
125.345
495.666
1124.26
532.916
145.841
176.723
114.585
117.293
124.802
470.753
1141.7
574.884
117.537
116.752
113.711
224.272
184.277
390.92
767.587
693.549
250.048
219.877
183.921
186.226
173.339
367.464
491.787
803.699
515.91
211.922
164.209
254.279
288.055
386.744
402.35
748.318
525.618
264.657
277.669
271.051
448.738
328.964
313.028
579.503
609.026
281.273
427.576
421.153
365.869
340.683
313.975
656.11
803.222
470.007
376.966
413.915
319.082
363.977
288.879
367.634
666.002
473.098
298.11
370.842
303.334
256.473
289.491
323.167
538.095
411.272
326.765
440.312
417.902
283.162
179.96
338.376
783.139
513.996
386.43
622.116
375.991
162.155
149.705
254.025
646.486
680.104
420.887
540.843
415.98
220.076
178.641
228.781
296.067
515.979
460.645
491.799
602.481
315.277
211.713
224.46
305.255
458.557
623.569
532.09
884.73
564.523
442.992
298.783
382.148
458.541
865.172
523.186
819.041
627.167
267.756
297.783
421.15
502.431
789.784
416.397
735.465
690.087
269.521
399.84
468.25
404.427
672.715
344.523
516.953
641.14
361.616
369.05
242.771
314.801
486.315
264.787
525.932
673.111
492.116
332.455
303.647
240.625
470.827
280.832
303.137
507.756
438.252
324.268
259.783
278.866
277.741
265.817
353
546.153
620.41
388.62
259.859
256.709
333.607
299.973
265.398
392.596
920.071
477.281
226.465
284.653
291.808
374.202
269.362
327.714
505.732
480.948
295.76
355.394
295.003
194.133
233.305
423.918
620.539
756.337
443.475
208.431
208.125
284.415
338.361
342.213
516.254
601.173
437.926
297.92
314.695
242.528
254.876
311.308
440.392
704.084
620.937
269.605
244.162
397.15
403.851
404.96
278.481
665.602
804.388
424.125
381.306
412.671
388.963
392.016
199.952
603.858
816.437
451.649
373.145
580.131
435.498
236.443
134.27
300.052
643.813
622.421
490.972
476.488
348.376
242.101
153.175
315.267
610.425
534.313
328.268
566.089
344.848
318.425
255.558
340.21
682.887
633.405
341.087
724.217
391.309
218.351
177.019
237.81
610.313
772.16
444.054
414.884
370.437
242.243
220.842
211.269
160.089
373.921
398.009
462.078
554.632
296.186
139.493
262.238
344.046
438.14
569.626
374.672
699.538
462.827
223.112
227.041
328.18
325.309
671.822
541.477
518.925
419.547
253.868
213.762
331.498
535.71
503.387
418.032
465.811
420.383
275.108
427.399
310.951
399.638
444.324
326.326
480.418
402.02
250.114
243.224
265.727
321.39
458.125
405.274
483.218
572.046
414.781
338.127
242.796
391.448
464.866
465.383
361.111
441.075
436.4
298.031
228.233
446.305
373.826
349.721
474.85
710.809
701.837
335.438
254.249
333.506
447.011
368.541
274.97
482.883
809.822
489.728
207.335
351.913
286.36
134.394
193.905
385.467
890.589
626.059
259.975
139.121
175.547
242.111
254.832
370.489
429.909
564.87
429.29
262.515
233.512
342.446
299.174
345.284
391.003
630.761
531.581
365.602
312.576
355.102
419.509
430.958
380.635
578.107
621.707
352.67
413.73
435.172
364.283
292.595
283.53
544.799
738.579
487.241
375.939
444.554
382.899
300.79
349.86
569.032
828.917
511.377
379.631
556.713
396.683
267.473
542.856
379.379
655.884
609.561
407.015
646.485
368.43
177.551
167.159
201.591
645.268
716.237
393.876
703.014
429.906
217.523
138.206
227.812
645.949
757.954
467.875
923.673
350.101
232.394
159.462
201.403
640.5
970.832
416.966
538.377
405.307
218.117
197.125
193.688
327.83
546.473
440.52
521.516
541.407
290.013
129.505
175.946
227.311
463.472
570.562
414.246
567.626
289.244
198.632
163.256
257.832
366.155
573.315
421.38
508.001
370.231
301.22
212.17
266.517
415.803
490.838
478.356
374.013
303.896
267.915
313.731
321.308
464.728
396.291
610.924
624.563
503.418
408.311
307.392
254.34
569.217
640.076
457.675
552.04
553.484
507.214
306.722
415.778
438.852
552.93
466.732
574.069
581.908
355.672
291.803
287.297
432.426
560.799
196.699
377.502
724.771
763.938
344.404
208.501
187.877
326.072
261.391
235.509
375.884
631.644
372.223
182.792
249.864
240.568
225.884
235.565
386.794
586.266
501.222
259.045
219.353
229.794
366.059
370.23
299.615
295.246
444.797
510.397
374.5
364.561
500.777
423.411
386.59
370.563
630.739
786.92
557.936
431.431
496.189
470.493
294.708
427.133
552.817
793.177
553.58
488.197
567.466
451.262
350.242
570.575
419.097
698.223
612.132
491.624
645.005
404.428
244.951
251.855
441.669
886.002
723.788
412.455
806.27
391.233
284.355
286.997
276.556
677.987
868.907
430.482
436.311
362.778
235.721
188.345
230.244
430.229
479.835
375.309
692.344
410.182
197.068
253.863
222.23
601.799
752.134
449.506
607.479
314.801
136.493
165.546
148.014
421.522
641.705
371.793
628.438
496.478
195.103
178.953
146.741
234.287
564.643
577.386
455.872
394.588
347.137
247.493
224.26
351.616
446.507
422.509
532.923
711.561
340.762
162.552
192.978
371.568
489.219
723.2
437.381
553.457
290.108
186.209
143.793
262.06
393.251
564.942
566.614
667.056
331.056
261.556
220.377
465.472
578.39
677.531
565.602
537.092
404.649
183.037
163.22
316.931
559.303
548.036
393.78
511.182
454.51
342.504
362.195
385.763
398.036
492.515
339.351
515.901
495.083
329.677
300.921
246.648
310.068
493.698
360.288
346.939
407.069
441.003
288.69
240.21
337.01
361.977
286.872
273.682
360.995
417.409
248.5
191.125
270.183
277.178
321.484
232.547
289.437
275.938
301.643
231.863
317.132
249.18
484.959
412.354
280.312
340.076
455.195
581.934
523.308
413.667
520.909
430.913
327.799
323.559
417.459
565.408
550.719
441.422
733.176
410.048
314.51
316.9
522.755
754.979
786.056
473.964
474.231
348.655
247.883
316.755
534.273
721.557
531.986
355.511
739.128
491.222
281.495
354.78
362.949
740.159
803.004
548.211
786.862
373.873
207.287
182.015
220.242
696.817
860.377
413.512
576.292
357.204
203.499
217.871
166.427
450.601
622.476
407.432
780.792
332.485
290.491
226.637
242.495
559.973
828.173
382.473
557.66
314.225
155.573
176.794
200.533
412.481
586.918
358.833
697.132
466.563
161.736
119.894
133.63
228.746
640.475
541.057
946.717
552.162
197.163
171.393
136.232
376.074
902.227
654.527
580.229
606.675
335.038
380.303
290.521
253.209
520.26
651.131
615.768
415.548
192.367
167.852
171.594
243.699
576.089
470.813
664.475
412.536
317.274
278.337
203.757
292.164
636.439
466.527
869.13
840.893
403.076
264.092
275.596
464.452
797.788
905.341
471.253
601.953
475.123
299.892
231.005
291.284
445.799
591.43
482.078
362.875
366.316
274.287
291.914
311.672
482.75
368.602
453.24
679.298
839.855
559.534
338.047
332.233
436.699
642.716
396.777
274.624
282.493
329.095
242.922
194.198
381.259
303.743
245.88
220.725
301.732
459.096
288.78
267.293
248.116
215.464
272.647
271.084
307.064
342.2
497.582
449.373
279.305
263.849
491.946
347.71
328.827
365.711
490.252
752.822
552.873
355.983
613.322
438.42
262.213
226.531
386.371
819.827
683.989
443.771
593.077
404.606
212.013
204.111
310.209
648.28
644.477
444.47
813.068
474.393
298.274
276.261
296.377
716.619
863.338
491.727
889.979
443.879
205.216
188.28
235.247
718.502
955.486
501.01
755.234
382.95
233.241
223.783
272.588
618.004
815.303
417.948
582.423
340.341
255.658
243.992
302.606
462.442
614.482
390.293
731.307
310.158
173.364
272.651
238.705
335.933
729.437
369.206
649.418
646.698
269.216
199.989
215.421
300.01
582.521
700.392
792.729
725.241
201.755
146.93
149.267
348.911
712.761
808.495
708.556
741.336
320.338
119.981
194.699
378.901
635.112
777.737
547.923
489.207
293.203
255.182
296.001
399.304
551.264
524.83
817.308
594.489
267.42
242.462
240.567
306.219
757.479
675.358
869.476
829.683
357.786
120.856
184.853
340.344
785.813
894.075
702.515
632.068
313.382
187.897
214.479
357.047
649.173
678.692
603.528
656.971
328.745
227.2
215.23
339.583
541.332
692.487
632.075
614.168
577.284
524.819
270.078
258.598
586.618
644.452
251.751
264.798
414.751
420.558
364.879
265.272
250.321
249.299
273.611
255.825
413.324
658.092
436.701
230.179
279.332
241.758
254.801
218.333
311.278
594.698
476.493
333.347
249.228
224.455
600.592
597.501
409.013
361.901
503.098
741.331
642.109
605.706
590.404
586.558
322.021
277.685
393.707
722.151
637.787
593.444
791.579
380.397
359.037
601.831
438.31
648.411
822.021
459.647
594.445
332.72
317.023
248.537
342.429
706.167
650.522
327.958
1037.73
451.126
217.95
121.969
179.312
672.352
1085.94
523.771
908.709
385.281
199.106
200.705
264.409
719.451
971.965
449.817
726.662
487.618
236.034
268.978
253.28
481.96
732.96
546.428
271.33
241.379
174.765
234.509
193.367
181.089
265.559
252.041
534.598
481.507
204.596
220.876
170.104
258.394
483.842
535.816
771.314
682.982
231.022
127.693
203.647
314.735
697.181
757.215
761.104
694.193
235.194
120.46
128.856
360.38
692.827
762.383
471.13
427.972
200.623
234.829
202.562
336.891
492.111
460.037
1108.35
872.986
282.476
176.536
221.335
442.886
1028.29
983.612
1126.22
678.941
307.045
299.574
222.356
295.593
1059.43
806.882
799.611
802.656
318.578
145.329
241.304
374.403
723.91
865.258
483.659
618.849
328.824
165.602
177.579
343.114
469.679
612.827
682.78
527.667
275.939
212.36
121.324
269.621
653.888
581.677
388.093
557.512
789.631
631.611
361.381
292.388
383.659
518.395
367.435
275.795
321.347
738.385
659.774
376.91
373.819
294.908
458.337
274.791
419.797
616.192
784.225
585.99
484.007
297.638
693.986
521.91
348.45
242.327
374.338
690.957
740.623
526.607
813.557
604.637
332.778
304.769
387.586
817.995
864.612
617.942
806.42
411.177
242.045
330.385
349.021
582.054
837.023
480.582
927.194
470.475
248.449
392.407
317.852
665.323
964.345
545.237
858.936
373.564
177.15
159.272
186.59
407.665
855.41
462.01
1147
453.686
100.794
146.639
155.102
505.35
1158.65
583.572
745.817
358.269
332.015
274.674
323.867
439.927
757.606
403.122
585.217
382.329
286.897
314.578
325.826
419.059
622.626
421.305
811.841
559.655
165.323
105.881
116.501
330.639
749.5
654.438
888.764
714.28
201.05
135.575
117.662
457.812
819.184
812.342
1039.67
645.786
231.927
234.816
147.06
283.199
970.526
762.618
543.777
526.271
271.945
291.387
228.774
260.277
488.998
576.546
893.39
719.939
234.089
204.044
212.483
389.317
829.681
809.297
1078.57
596.296
215.622
225.674
216.673
352.628
1021.17
731.994
837.757
678.31
255.901
276.859
185.063
325.228
771.434
760.841
799.683
691.743
277.583
248.395
218.768
369.533
733.265
764.987
724.175
651.528
405.463
293.706
270.995
351.746
674.894
702.337
302.795
363.19
411.749
585.3
338.722
249.629
296.261
356.105
402.125
385.49
371.874
458.029
259.691
369.028
410.116
412.8
394.023
390.637
394.99
271.916
596.984
695.096
420.975
360.715
686.805
557.021
393.268
299.64
331.76
753.155
741.582
601.603
432.507
299.151
319.526
263.922
329.646
500.077
463.734
306.314
835.157
423.815
284.359
322.314
434.43
661.882
857.176
486.531
752.909
402.712
189.837
205.363
336.68
679.811
788.609
460.675
999.368
471.704
180.81
217.343
278.203
580.488
1012.45
579.712
809.45
360.81
163.807
182.546
207.459
572.332
852.117
422.61
766.936
335.578
170.806
201.481
138.959
420.931
803.016
396.619
866.556
402.23
286.556
193.333
248.847
624.255
908.599
446.458
853.428
621.129
164.896
107.507
121.948
294.961
784.112
715.002
1090.46
730.812
227.644
124.08
109.113
381.757
1015.29
852.061
624.862
490.51
301.373
255.903
214.732
341.061
595.896
553.474
389.409
291.585
153.168
216.58
237.508
259.049
384.766
326.687
935.283
514.712
130.01
130.668
109.456
267.687
878.675
633.806
838.855
796.051
330.535
168.008
222.726
397.577
760.299
846.915
652.189
479.051
206.835
216.171
215.002
274.57
596.667
552.528
800.047
689.103
267.89
346.482
207.324
350.894
725.782
774.219
914.179
804.452
338.748
256.26
187.336
356.688
833.886
891.31
701.852
744.402
495.212
294.257
303.059
404.724
646.75
769.947
436.915
467.906
324.08
308.85
285.596
296.452
407.332
484.18
460.019
444.477
365.658
424.274
737.043
705.02
496.934
438.015
732.298
361.174
288.331
191.891
266.499
528.166
759.654
411.969
894.431
543.842
315.698
364.44
260.403
455.58
884.616
631.497
947.888
539.929
178.255
317.78
281.044
506.93
933.736
643.892
988.627
450.899
199.953
185.641
239.937
582.313
1004.04
552.209
1064.31
477.043
239.665
280.582
238.232
428.336
1048.46
602.608
1339.48
532.359
256.733
201.229
217.742
644.286
1336.45
691.576
1157.12
457.004
164.239
214.46
176.018
632.71
1194.69
572.621
719.347
333.428
304.686
211.948
235.577
615.562
776.602
357.168
912.662
606.659
172.854
178.184
125.848
295.657
845.06
715.924
991.754
644.074
151.842
166.009
141.022
392.124
923.013
765.784
514.565
369.79
168.462
160.819
152.632
386.295
529.391
412.099
1195.93
677.503
182.635
154.78
135.962
330.307
1126.18
828.826
1031.23
640.084
251.559
215.955
236.155
333.466
956.781
768.67
861.753
655.773
287.642
333.058
305.611
433.775
783.94
749.565
1089.67
604.46
274.205
265.16
295.976
392.02
1030.38
743.112
946.263
720.816
284.67
222.127
228.153
387.943
880.762
813.948
711.438
713.525
461.545
248.44
257.14
431.77
662.267
744.42
852.468
673.463
480.135
317.008
290.379
341.517
809.587
724.531
707.713
410.192
298.56
409.556
307.225
333.803
683.825
472.403
1039.63
462.324
218.168
227.375
354.132
792.018
1083.57
556.315
695.719
316.7
280.935
372.104
314.576
419.389
706.258
373.009
850.852
333.771
242.957
336.931
311.707
594.213
880.234
413.089
1028.76
476.233
314.38
325.098
360.687
504.533
1016.46
584.317
862.457
426.926
236.322
316.616
228.051
637.147
918.132
479.797
816.452
396.569
152.858
120.168
131.244
478.915
838.551
465.425
824.679
350.548
178.855
384.338
295.724
559.926
865.769
420.4
1038.62
386.08
259.714
215.845
221.611
583.276
1068.72
491.037
1256.75
473.766
227.786
189.333
188.281
617.09
1273.73
618.857
746.218
675.994
220.516
176.73
230.412
289.182
671.319
749.654
427.635
388.341
241.049
176.938
234.517
332.271
418.486
415.086
657.51
416.762
188.349
160.345
130.755
321.104
647.12
488.42
1005.91
733.12
266.735
319.619
212.57
371.326
922.084
842.984
839.992
586.454
239.518
176.603
166.4
354.134
776.416
674.581
576.64
381.514
343.467
510.145
282.123
261.818
534.173
444.355
1152.1
706.033
253.502
297.721
325.142
359.084
1075.9
848.265
1220.82
818.007
476.759
437.954
368.752
472.26
1152.72
926.459
993.778
716.228
303.111
267.025
216.095
447.876
945.182
810.742
951.714
543.849
258.014
345.526
324.4
339.434
910.8
651.038
565.848
278.098
171.548
342.368
362.87
524.574
595.704
321.644
832.198
443.927
310.355
303.361
200.196
526.989
862.048
500.293
1020.67
477.078
237.651
255.677
192.977
524.746
1027.67
572.776
775.675
357.142
213.859
392.629
250.129
520.187
805.872
431.116
938.886
447.192
261.458
334.552
212.135
527.028
958.08
524.803
1102.66
451.771
236.377
256.77
240.123
489.654
1097.34
585.266
1310.88
607.316
368.536
270.887
332.432
518.456
1284.92
748.658
1045.9
439.92
219.768
191.085
202.238
567.631
1061.08
534.763
967.878
421.793
253.681
258.533
232.363
551.774
994.574
497.82
1085.33
390.741
193.707
309.705
325.234
574.126
1106.59
510.062
840.883
691.15
221.456
133.627
158.394
500.762
779.186
783.341
456.759
365.101
225.286
379.628
280.284
273.044
434.018
411.808
702.717
486.08
246.723
173.053
154.388
258.692
645.111
564.471
1233.84
827.663
255.052
134.372
172.818
357.997
1145.74
958.185
872.495
600.389
268.103
273.601
195.939
379.898
821.35
687.505
998.33
522.275
277.539
338.563
219.506
338.968
953.624
643.889
1056.69
627.588
274.944
336.363
379.114
371.887
997.567
745.452
1083.5
688.032
291.777
224.631
247.245
444.879
1030.32
804.001
1012.99
704.841
270.231
201.364
184.162
339.819
945.116
801.812
833.466
474.694
364.329
354.039
236.618
424.047
831.077
553.821
783.021
393.334
185.445
244.136
216.077
284.906
760.309
483.328
468.225
286.981
216.204
333.583
263.195
208.561
454.157
325.589
1056.76
495.632
300.845
356.358
277.529
616.113
1073.51
588.644
809.737
375.205
169.458
173.932
219.565
496.866
827.573
448.61
741.812
353.805
198.518
217.89
251.622
508.734
757.499
429.384
1114.16
523.395
294.941
257.675
262.582
573.819
1109.69
637.125
1068.47
467.568
230.582
204.472
245.192
573.916
1076.45
574.76
1112
559.424
190.471
172.62
200.675
589.038
1114.95
675.336
844.84
377.965
258.418
357.272
243.978
467.513
869.418
443.156
836.637
404.79
164.016
244.562
234.654
608.107
878.529
470.167
765.682
522.214
175.519
118.269
170.728
272.686
705.79
608.273
515.69
456.226
229.008
205.49
181.786
290.202
482.953
491.536
825.998
605.406
343.395
336.088
237.658
382.417
783.307
670.416
952.977
789.413
327.961
271.564
252.054
410.953
868.047
879.151
884.424
745.37
268.121
186.639
218.254
382.926
808.774
835.79
1011.47
621.975
185.363
285.617
165.612
267.063
938.908
747.7
1256.28
766.238
204.161
161.622
97.9118
329.921
1169.85
923.421
1498.82
717.972
292.579
432.07
275.848
507.73
1452.39
904.636
1020.66
691.904
368.832
430.719
334.93
446.823
975.033
793.523
859.403
530.81
263.141
378.149
320.335
425.616
838.081
610.865
482.809
276.25
232.767
327.787
279.052
284.4
477.851
320.352
555.823
348.456
297.664
432.707
303.741
294.234
551.816
397.179
765.264
358.921
195.651
287.974
279.226
489.481
786.427
433.704
840.613
411.398
200.325
184.103
255.667
643.442
883.707
474.932
665.5
305.923
251.297
377.669
252.791
393.452
674.73
374.521
1025.52
499.689
212.688
218.252
220.003
653.656
1054.47
585.493
771.422
442.895
227.479
304.697
320.761
633.494
803.278
489.202
867.338
471.001
222.665
320.529
307.761
698.274
917.016
540.028
924.205
427.313
250.706
169.121
215.326
686.173
973.633
489.685
1000.03
436.551
226.522
288.616
220.578
665.698
1049.17
518.629
647.659
476.344
273.43
396.965
327.388
321.094
611.574
545.759
906.805
684.66
206.046
155.647
190.357
269.721
823.305
781.77
847.563
692.392
283.998
230.913
135.499
273.928
773.726
765.863
868.754
710.226
255.427
256.475
233.146
290.847
783.091
801.659
1008.98
713.015
275.743
164.356
301.065
433.104
950.606
815.467
876.542
569.183
299.443
186.439
259.943
425.308
826.959
648.821
908.414
540.906
276.324
220.499
225.751
458.132
878.995
637.388
864.795
486.256
253.395
399.448
277.449
386.96
837.96
576.572
697.952
461.095
315.41
528.364
365.627
372.325
667.409
533.639
494.89
296.717
379.106
537.727
324.419
276.669
487.823
329.752
384.173
254.653
237.595
349.563
325.042
286.701
384.454
272.953
462.688
359.693
342.367
301.891
249.183
363.964
467.514
363.506
419.186
239.666
194.679
309.514
298.56
265.831
420.573
275.406
579.643
307.623
238.556
435.414
341.923
358.587
574.359
357.577
543.733
357.526
224.844
300.321
287.906
334.935
535.105
410.982
892.037
370.409
263.978
307.367
287.982
508.021
907.763
459.997
1046.07
544.747
362.173
376.699
394.617
604.224
1040.56
645.635
955.034
450.112
284.761
202.122
217.479
555.505
958.594
525.327
1248.26
510.433
297.097
384.322
285.482
601.476
1261.76
640.875
765.336
421.954
283.617
296.962
263.941
624.268
809.466
463.9
625.037
611.035
354.43
224.564
211.767
427.598
637.406
625.249
1019.47
997.387
503.629
240.19
216.636
407.548
932.021
1044.1
955.537
854.672
341.299
287.767
201.917
331.399
860.817
942.794
988.008
738.134
300.182
259.597
192.026
311.497
903.438
841.427
682.936
575.762
410.943
295.803
362.763
442.553
668.39
608.236
740.092
431.125
202.822
200.7
196.752
200.375
688.414
514.161
705.832
378.681
165.192
107.655
84.7995
183.81
664.294
453.059
974.396
571.039
301.648
256.371
222.475
441.833
952.901
668.177
746.831
413.576
225.085
404.503
360.055
408.065
738.399
489.718
637.827
381.228
240.528
310.287
271.206
344.598
630.349
443.475
577.17
417.749
211.949
195.736
185.84
202.438
544.175
468.9
851.18
476.747
238.579
247.117
166.552
430.136
844.015
563.968
935.702
411.257
182.177
234.568
186.558
347.147
914.1
528.328
677.518
353.977
206.176
312.466
247.245
412.373
683.215
422.862
568.488
338.534
246.898
374.401
264.85
328.02
559.481
392.698
744.77
307.828
162.305
207.001
248.031
447.552
757.872
387.312
692.375
285.197
217.491
269.667
263.077
483.024
720.287
351.322
979.525
511.04
131.131
151.764
202.435
559.767
988.824
610.829
833.381
319.222
290.743
316.131
389.429
707.047
882.989
396.952
982.217
377.539
137.114
155.186
218.379
563.808
998.622
483.148
847.537
847.926
404.76
215.226
216.701
404.231
768.816
891.923
874.956
831.976
373.804
176.406
227.889
401.143
791.467
883.391
933.918
864.28
312.405
229.19
245.992
451.181
845.146
961.005
781.232
761.386
336.039
125.29
149.869
296.877
694.232
812.357
833.734
688.51
250.784
311.103
260.208
313.298
753.23
780.954
961.974
528.433
218.008
238.147
222.019
299.05
914.496
646.458
999.735
621.671
159.094
113.1
159.023
370.703
950.646
733.08
746.765
384.079
273.826
401.819
319.502
442.483
757.748
453.991
723.285
409.44
343.209
387.414
315.974
421.96
722.895
474.726
631.866
392.69
235.724
232.991
275.976
450.964
632.022
439.493
821.153
346.749
175.733
343.866
255.393
362.151
817.314
445.901
801.639
358.749
231.558
252.047
255.383
478.012
813.34
436.688
679.062
355.034
120.28
91.484
134.388
340.872
675.574
425.951
414.539
228.278
177.953
243.309
256.92
328.9
425.315
258.39
840.719
419.624
175.776
191.222
218.174
496.288
848.656
506.426
751.19
351.388
252.124
323.168
313.735
480.51
758.771
430.675
1014.96
442.686
304.728
336.83
315.528
609.831
1039.95
535.832
1063.05
423.667
233.854
244.022
245.942
629.043
1077.83
536.505
887.903
372.564
181.155
227.375
242.547
634.799
925.833
460.698
851.271
371.905
332.862
413.895
417.753
688.303
885.41
443.921
955.545
1026.16
440.191
242.917
244.747
473.33
852.202
1088.67
794.66
839.008
460.133
380.289
275.737
456.224
733.572
876.893
1034.83
952.897
350.76
182.686
200.446
387.527
929.511
1051.31
983.549
626.355
353.514
371.751
217.83
318.549
917.105
734.818
1005.51
793.61
432.384
453.439
354.912
409.526
938.563
880.296
800.306
643.637
290.71
298.386
316.657
350.511
739.218
720.398
771.948
425.553
286.267
349.62
243.988
403.525
762.588
494.212
704.974
400.879
322.227
393.647
292.441
472.025
713.271
442.769
780.314
463.275
401.291
361.078
449.036
456.191
770.825
528.697
694.845
454.814
408.235
447.858
439.468
327.586
677.208
511.414
715.671
470.224
336.275
426.902
435.455
363.792
692.874
536.814
982.369
412.692
309.805
341.404
197.754
533.718
999.034
500.018
522.287
288.285
229.488
272.647
216.208
328.099
529.599
335.554
688.181
323.811
394.206
414.679
417.612
517.945
721.075
379.841
795.109
360.839
162.372
228.083
178.02
489.586
821.861
430.362
632.824
298.775
217.808
334.276
285.163
465.577
665.027
346.944
692.235
452.927
333.609
459.195
422.69
453.208
698.793
479.989
546.804
316.895
205.979
293.286
337.043
338.347
540.438
367.016
1182.44
566.708
478.596
472.478
487.704
582.114
1173.5
674.123
1214.75
529.428
204.545
190.288
276.672
821.791
1263.07
644.075
