269.859
439.868
262.535
185.2
244.926
315.015
266.627
424.772
442.631
430.52
414.224
220.932
230.191
250.448
440.437
419.624
212.897
346.042
375.641
200.035
190.123
204.019
209.397
309.253
234.485
368.237
424.571
273.513
197.502
163.108
225.209
336.883
218.009
366.258
479.956
282.915
247.349
181.177
203.954
339.678
307.737
446.186
551.572
341.667
299.912
230.967
305.678
414.256
271.638
393.718
517.095
511.103
217.471
278.841
255.913
370.543
225.236
349.402
700.169
666.809
414.295
240.04
213.614
301.115
206.187
345.037
684.26
775.192
398.803
199.548
195.434
301.379
161.475
228.575
535.978
732.821
350.486
158.549
162.343
192.455
285.153
271.361
592.107
876.625
463.378
261.034
300.634
259.868
249.528
237.008
476.725
915.204
415.168
145.932
237.828
239.909
163.323
119.092
316.499
880.182
663.182
261.767
171.039
120.522
192.82
191.617
344.344
784.481
706.363
305.534
188.138
188.201
159.157
177.291
383.396
873.25
826.632
442.974
182.379
160.171
266.927
216.543
367.239
469.544
760.349
578.987
303.001
203.428
353.583
282.633
417.227
478.133
743.234
640.996
401.516
287.577
425.344
303.974
217.833
366.302
591.233
658.838
472.151
320.03
449.232
344.601
316.913
388.285
633.674
702.108
496.565
347.487
422.119
331.821
237.578
362.56
616.298
740.238
482.753
340.709
313.668
297.229
226.964
191.616
194.575
201.134
305.074
298.187
211.649
340.618
337.357
161.147
193.772
242.515
218.851
311.295
246.55
370.354
434.997
305.58
254.048
221.087
246.215
334.63
254.416
515.74
580.563
306.589
260.79
199.707
219.876
474.045
281.136
502.599
566.535
387.76
249.269
274.598
247.199
458.649
232.162
499.177
556.788
314.931
254.096
313.048
217.254
444.591
220.038
430.689
709.719
581.766
326.714
242.903
202.335
380.852
261.267
376.473
638.998
632.878
360.239
224.392
252.475
337.044
263.086
364.825
582.296
546.96
301.151
252.337
272.172
332.879
152.306
264.108
555.921
668.449
332.297
183.034
146.323
226.009
137.295
227.33
539.556
869.037
352.663
149.442
129.092
202.771
194.798
154.045
449.581
837.58
538.812
184.265
198.242
150.615
189.118
173.506
332.751
749.369
585.386
238.423
190.878
167.461
202.889
178.589
292.276
717.125
638.111
336.071
217.089
174.112
213.635
210.24
313.057
612.609
695.568
413.123
214.873
218.399
431.933
437.688
345.792
446.616
673.318
715.961
470.867
448.863
467.053
427.784
310.024
372.512
651.019
757.951
509.585
446.48
603.051
393.452
361.32
418.496
694.888
851.833
667.426
418.192
589.806
511.121
291.688
293.543
572.515
861.892
651.917
529.554
635.142
408.35
228.446
262.07
563.076
840.82
698.98
436.235
227.866
400.773
333.103
111.19
193.472
232.453
209.353
372
219.726
350.864
368.596
161.442
189.335
218.462
213.31
310.77
315.107
488.769
438.862
213.226
223.971
249.643
297.929
465.389
242.976
510.476
524.705
272.096
227.812
280.021
226.85
461.173
233.121
494.994
507.496
226.215
291.574
346.127
209.512
446.006
275.349
498.764
588.841
458.963
233.557
293.631
266.466
453.579
280.734
388.137
474.631
440.443
238.107
214.654
257.574
377.986
157.763
267.483
489.256
405.612
257.554
159.268
144.361
238.925
235.384
395.292
508.306
411.562
249.385
189.307
226
366.97
393.95
401.018
549.691
833.757
399.144
225.969
374.853
392.676
71.4415
146.965
554.151
850.997
435.382
110.545
74.2356
116.435
168.32
113.225
396.751
824.54
505.077
150.048
168
112.393
169.975
123.707
308.662
755.157
664.89
304.14
177.846
129.621
310.527
317.044
415.84
433.191
706.386
608.989
340.596
304.063
371.131
397.458
373.748
334.692
618.465
678.077
400.117
376.643
589.162
471.315
230.1
179.882
405.725
758.384
647.323
479.118
560.156
325.848
359.601
410.744
585.846
761.079
617.811
340.932
578.124
404.493
395.715
383.844
620.559
792.749
632.733
420.129
714.019
305.51
250.895
212.31
492.516
784.545
778.631
358.453
667.538
330.395
232.6
269.167
459.928
697.106
720.356
375.673
271.339
334.08
294.871
195.305
160.23
213.096
261.783
318.08
225.593
401.56
348.433
196.713
193.65
197.932
202.384
377.812
355.928
536.205
506.274
316.446
191.89
178.522
314.94
520.759
319.606
490.246
511.469
363.561
210.682
225.955
288.352
467.356
400.789
642.613
567.91
246.363
245.006
283.301
359.903
614.61
276.08
416.165
405.715
338.173
253.165
217.056
261.318
401.178
318.173
446.081
488.949
352.886
186.501
170.746
286.559
423.25
305.905
438.106
555.909
458.232
416.18
253.786
283.957
420.374
190.718
309.367
628.389
541.009
300.025
180.592
188.533
263.624
149.63
234.934
503.013
775.708
423.793
151.306
150.037
213.918
175.204
202.659
398.591
672.287
346.861
193.707
177.082
187.928
147.011
142.192
388.708
746.421
377.217
118.37
148.757
133.746
184.631
185.617
260.849
627.91
602.331
384.639
202.741
185.036
332.15
290.039
347.07
451.029
768.608
658.296
366.939
287.58
277.028
298.117
311.357
576.352
707.916
563.633
297.196
276.76
563.449
308.585
296.104
373.124
620.438
741.419
617.203
328.565
715.049
344.27
213.384
225.075
470.851
742.482
763.195
399.464
471.814
330.948
315.091
306
475.865
670.309
523.304
341.891
675.359
417.77
283.617
338.898
577.641
794.555
726.421
446.957
622.23
376.587
300.217
293.115
521.317
797.325
682.905
391.155
352.691
520.025
412.069
195.176
221.707
273.905
344.259
502.512
296.111
508.863
549.634
385.857
289.454
226.89
263.877
478.576
319.576
521.283
509.809
339.907
241.545
227.495
282.431
499.249
434.282
642.821
556.181
391.968
234.195
316.473
396.872
627.783
430.831
634.511
467.88
284.247
225.319
337.179
393.089
625.648
331.732
377.139
382.57
303.467
225.161
146.714
304.975
379.33
350.218
422.181
417.901
279.096
253.613
260.264
332.143
420.118
439.414
267.139
293.353
251.724
259.35
238.168
436.747
285.013
188.077
375.921
617.694
498.475
314.012
262.091
191.555
326.889
131.025
248.168
462.969
635.182
338.587
133.573
121.506
224.202
172.851
196.735
431.265
610.113
325.908
150.468
176.412
176.777
131.924
131.317
291.667
628.776
507.713
243.554
140.1
124.091
182.203
165.974
273.895
626.551
534.624
316.243
195.484
168.706
497.013
327.348
233.246
257.9
458.598
633.467
538.265
351.639
437.375
260.574
242.044
226.735
518.283
634.348
476.203
261.719
567.516
290.772
250.186
253.016
518.686
684.54
615.119
320.442
568.087
277.208
287.913
233.99
443.168
636.073
609.162
303.108
613.534
311.688
186.575
235.036
322.93
510.25
647.59
363.006
564.257
336.829
227.214
271.907
287.465
367.417
573.511
389.335
533.358
402.784
338.705
273.007
503.067
806.421
597.539
406.288
261.405
418.56
248.435
124.253
136.348
230.266
245.142
408.315
258.798
424.466
585.701
493.427
262.128
174.43
229.824
394.971
425.738
644.848
468.384
269.141
203.391
243.94
372.098
633.525
402.307
606.895
538.866
329.138
201.079
289.992
368.078
588.767
409.14
566.952
511.828
271.788
235.977
217.829
362.089
553.063
233.542
413.5
475.615
349.599
293.889
220.279
220.11
381.155
265.487
399.151
603.929
477.253
406.29
218.488
243.116
372.249
318.668
415.858
442.505
494.046
281.745
221.459
289.774
411.27
159.006
252.635
384.984
448.97
228.225
154.501
149.794
231.52
215.523
248.357
409.015
558.049
296.393
180.568
208.117
236.99
240.372
264.641
435.382
563.557
323.764
167.5
222.922
263.181
187.441
188.151
355.055
713.424
513.083
204.323
185.132
188.254
450.059
218.192
288.764
347.427
554.515
558.912
481.723
232.911
369.901
222.413
231.487
301.167
332.613
375.704
395.815
239.927
547.187
262.024
256.545
259.691
414.929
588.759
586.4
293.153
601.505
392.849
204.875
180.826
366.685
705.285
657.947
405.956
757.993
353.654
226.959
234.286
473.915
811.069
818.202
407.841
526.32
272.341
267.453
155.577
414.081
619.721
574.04
294.427
773.714
285.372
263.082
291.825
301.337
581.728
806.65
350.477
677.255
380.916
220.511
191.481
263.626
621.053
721.617
416.927
268.383
440.081
381.807
213.441
208.104
215.106
256.12
416.013
346.552
387.664
304.664
228.244
198.194
243.688
325.493
389.11
406.084
549.99
491.663
287.206
230.491
229.094
358.433
536.962
378.208
539.084
505.603
297.07
229.976
201.516
338.622
521.346
406.049
606.083
453.203
280.229
204.734
261.467
358.904
598.333
250.953
298.904
343.444
239.946
290.706
232.749
248.614
282.891
240.346
463.407
498.125
335.982
166.26
180.217
210.824
425.126
330.517
446.73
481.856
364.052
232.588
252.093
313.196
437
307.054
417.79
370.02
319.6
286.273
295.148
301.376
408.522
195.372
242.949
478.065
539.197
270.665
132.83
194.69
222.932
170.594
179.273
250.032
312.782
215.382
123.799
165.196
174.033
145.867
188.911
274.818
518.676
403.282
292.151
152.924
172.174
402.719
342.561
261.677
299.428
467.194
616.003
449.175
342.62
479.053
320.461
213.131
295.201
389.034
506.698
510.52
344.507
593.708
419.488
274.929
262.782
404.01
708.542
645.199
437.127
667.755
481.552
252.828
214.291
358.792
734.926
719.07
494.163
626.984
387.315
223.468
152.053
293.344
577.669
654.192
410.173
706.409
326.641
179.139
162.659
349.128
628.738
748.553
386.153
778.075
442.905
334.014
286.491
251.68
435.155
797.023
477.385
585.111
265.534
279.347
323.18
311.396
594.922
632.055
297.86
254.965
398.744
341.022
170.181
178.372
209.593
222.079
384.412
367.597
537.907
353.807
187.355
189.112
336.266
345.3
530.534
526.718
655.083
487.291
331.008
285.855
381.142
490.473
657.817
487.824
613.348
512.844
356.491
272.349
329.314
445.553
616.385
312.607
482.771
528.605
363.369
200.98
233.298
282.825
459.617
341.416
592.138
538.007
208.84
224.725
262.606
296.152
559.109
356.722
530.304
525.838
368.06
236.25
180.503
314.202
513.733
229.011
345.494
441.194
445.352
224.029
190.048
225.907
317.88
230.482
288.801
359.059
323.872
154.568
175.421
225.158
275.138
228.922
301.018
490.725
587.491
302.034
229.008
230.313
278.96
217.477
346.895
447.301
536.112
250.707
175.504
199.669
329.722
280.013
283.058
193.901
259.2
304.314
323.372
284.158
291.638
373.677
235.282
246.597
239.666
435.757
532.62
410.536
231.464
369.041
222.97
205.317
167.644
200.429
323.233
380.845
246.468
632.358
342.651
196.085
123.899
277.846
605.195
670.302
371.377
657.434
308.602
155.136
141.96
280.767
599.507
692.674
358.065
677.448
309.269
244.002
209.55
312.721
541.849
700.527
368.541
938.405
441.252
131.468
145.577
242.349
637.824
968.696
537.706
684.731
302.186
187.006
140.373
238.347
551.369
713.125
347.671
684.25
308.581
244.768
249.231
410.267
656.397
730.054
350.567
359.805
424.506
337.136
179.055
159.999
161.353
326.175
426.468
316.632
409.77
432.77
349.669
324.263
343.394
326.367
378.065
354.747
528.153
467.323
317.148
281.149
260.847
327.719
517.634
309.107
501.05
512.478
320.755
296.182
278.842
283.886
458.32
335.24
459.576
446.822
316.263
315.01
290.828
328.084
447.232
420.7
599.844
416.434
249.205
225.115
260.174
375.706
593.864
231.767
451.705
468.925
306.495
240.179
210.77
203.599
413.817
372.384
320.649
306.208
439.066
252.496
230.685
358.11
335.618
223.382
428.635
481.398
283.288
159.129
168.151
203.736
384.252
179.223
263.106
466.109
470.327
290.801
161.403
178.576
229.554
377.064
289.382
344.312
307.589
354.895
335.043
383.394
282.992
323.294
343.918
413.153
329.236
352.645
292.508
316.94
319.655
515.591
235.965
144.285
276.648
208.343
367.897
532.176
281.846
573.922
338.995
245.095
269.016
362.658
703.171
631.298
355.349
752.057
392.148
191.717
203.251
209.43
502.429
772.709
446.775
747.788
340.415
161.148
161.891
293.602
557.929
776.502
409.46
807.23
396.194
163.684
190.391
237.869
468.312
817.441
477.453
816.581
339.574
174.193
170.187
303.922
703.953
864.249
407.118
836.06
348.174
205.321
182.688
242.73
566.564
866.786
433.815
973.315
412.504
163.406
145.184
227.912
578.709
988.199
512.234
349.357
480.369
305.113
163.466
134.352
204.787
312.878
478.344
428.526
580.496
480.699
259.478
230.439
269.613
380.24
567.274
347.333
548.58
520.819
246.864
202.274
239.766
307.945
517.238
297.176
420.661
384.628
309.348
232.206
232.403
272.321
412.451
299.87
474.773
462.206
243.481
203.526
205.205
265.896
445.276
391.715
468.231
349.878
223.741
219.652
304.797
361.559
472.386
313.272
367.628
327.719
282.587
156.839
270.748
296.416
367.43
353.791
421.842
426.839
268.862
197.898
228.81
326.433
413.3
262.542
531.375
588.678
396.092
387.079
325.192
237.975
475.265
213.533
360.666
511.842
430.366
431.886
274.24
214.341
329.655
214.696
184.3
217.046
366.99
300.958
213.772
219.65
189.064
355.077
245.535
333.91
475.518
423.312
373.3
364.551
260.49
656.527
330.592
117.846
105.412
138.474
418.287
678.238
389.078
664.496
409.108
248.896
427.129
347.588
384.038
653.576
474.247
670.934
368.098
188.777
196.288
142.528
317.855
662.61
438.384
965.036
474.667
176.504
210.827
208.903
374.452
940.361
583.121
766.101
372.627
147.98
187.644
175.419
403.67
768.351
453.608
893.089
450.335
132.386
116.295
151.777
458.697
890.825
549.47
947.26
449.527
183.284
143.47
204.152
583.967
968.981
543.162
871.319
357.066
153.032
126.739
222.369
582.283
902.419
447.881
317.527
557.274
495.875
290.773
280.231
232.257
277.384
531.797
473.232
636.644
391.425
239.408
207.909
308.717
425.619
638.436
333.72
449.125
441.64
337.129
254.734
279.65
309.447
442.873
298.931
465.647
497.837
376.51
192.724
179.725
271.377
433.415
414.729
546.377
496.814
359.965
279.086
266.107
376.432
542.931
190.708
365.283
410.487
344.575
335.653
240.865
168.739
331.099
248.21
312.618
413.441
319.961
266.229
155.449
227.464
301.955
302.371
466.919
444.622
270.03
220.031
247.6
271.764
442.221
403.403
525.736
472.835
292.54
262.475
286.695
366.843
511.249
292.092
391.706
458.745
392.068
391.689
289.705
277.628
377.074
486.3
239.543
150.611
197.706
181.456
228.25
474.181
295.1
746.499
341.144
168.361
114.735
193.8
529.108
780.524
405.724
935.285
385.761
158.058
252.721
206.849
447.327
931.656
495.874
858.647
399.256
195.108
253.932
327.603
495.81
861.559
478.436
713.917
420.534
186.746
227.171
169.831
341.811
703.054
494.583
591.226
279.271
134.002
178.276
191.371
386.975
606.151
335.586
470.336
274.346
248.188
349.166
344.988
329.002
472.778
306.352
578.116
386.292
229.544
287.274
313.536
301.129
559.831
433.915
700.386
396.629
227.578
300.571
224.982
381.5
697.68
459.516
755.866
384.832
198.884
211.401
158.534
407.122
759.527
458.444
370.642
580.967
572.728
333.805
239.795
234.051
328.883
556.896
345.924
530.447
508.574
317.421
184.554
219.231
306.764
506.757
368.735
647.072
656.491
376.809
329.162
306.894
322.545
602.749
443.988
648.386
621.834
410.407
320.947
261.913
400.753
631.512
190.324
361.81
693.947
803.453
399.879
164.386
176.031
316.741
296.667
295.441
328.131
426.664
311.691
218.493
286.35
299.534
224.612
345.405
344.353
286.87
196.217
214.661
230.042
327.854
375.149
394.8
281.355
245.669
184.69
180.263
350.932
403.612
417.143
590.611
398.493
252.304
164.597
294.036
389.306
579.764
513.487
498.626
396.917
338.961
315.295
263.023
478.608
512.779
714.048
513.317
257.55
324.277
299.648
247.201
666.771
575.096
731.46
379.022
109.494
116.863
96.5036
351.941
725.818
458.942
1039.11
458.508
176.502
148.956
147.176
445.254
1028.85
579.143
590.303
353.223
263.598
250.14
297.37
382.591
594.648
383.698
673.548
356.037
170.408
157.309
181.382
387.002
681.695
418.76
781.72
494.513
163.184
186.219
120.061
352.925
760.234
574.399
541.482
288.283
216.32
301.459
232.431
307.765
538.487
344.06
677.906
278.108
162.205
246.387
204.075
300.637
677.477
356.549
517.297
232.871
144.992
235.537
265.386
339
529.353
282.534
607.645
327.024
236.687
325.851
287.772
410.606
623.553
378.673
409.686
376.786
334.979
346.735
227.456
166.366
381.485
395.942
234.769
282.849
382.886
392.544
306.44
230.09
220.557
276.587
332.338
402.662
409.705
431.607
323.315
238.414
301.993
402.92
250.873
426.42
564.912
408.386
257.457
190.98
239.962
397.068
261.203
400.974
506.762
443.936
327.81
190.35
234.379
384.181
212.594
267.026
368.625
309.774
253.199
172.356
208.816
248.446
455.016
510.605
439.011
297.508
230.99
270.021
424.989
501.37
381.153
575.553
390.175
219.691
198.7
221.667
338.946
565.139
439.229
446.367
425.458
298.58
392.007
330.919
428.159
447.753
269.897
404.365
359.788
318.704
285.337
342.074
268.826
378.914
660.127
525.565
289.795
224.484
176.075
254.605
622.636
574.38
722.822
537.986
176.32
221.961
162.425
289.965
674.283
615.484
666.59
435.953
178.492
257.265
180.953
254.848
635.335
502.299
850.452
583.613
164.252
141.497
125.396
338.099
808.865
674.167
881.753
473.228
205.48
195.401
157.973
327.007
860.665
571.7
758.223
418.094
136.847
108.178
123.028
400.602
756.294
496.832
678.623
440.328
136.483
164.124
119.268
305.653
654.573
512.43
787.008
421.564
249.111
329.834
260.683
276.767
754.542
513.358
448.406
224.447
179.169
257.715
182.212
307.159
453.16
261.717
678.118
327.316
257.069
231.384
214.55
326.704
672.798
396.606
233.669
459.277
551.692
430.05
191.555
220.805
211.002
414.513
370.06
656.824
643.623
332.063
248.846
289.041
326.125
612.369
331.997
633.041
480.005
237.73
183.166
284.642
293.705
602.997
425.644
588.231
503.559
317.871
349.3
254.583
374.783
583.337
419.022
597.986
549.855
436.819
255.37
279.624
382.418
587.3
365.313
475.773
445.638
439.719
225.488
171.072
327.477
471.022
410.256
435.217
444.477
505.472
374.015
296.193
383.767
441.319
371.34
387.394
396.156
346.033
271.551
220.544
357.95
383.8
437.557
516.199
405.411
311.546
208.876
224.905
398.992
523.931
313.108
514.924
505.645
296.537
248.188
272.665
312.619
475.962
584.423
467.176
206.067
186.906
175.553
270.995
550.963
518.263
640.269
574.358
294.595
151.227
120.652
254.249
589.963
623.088
621.462
537.361
296.882
303.592
201.354
240.586
584.36
576.577
713.022
565.113
254.73
131.474
146.747
272.195
667.695
620.357
771.764
624.56
290.697
170.814
126.093
273.331
719.219
692.463
780.686
629.641
263.703
318.71
192.755
343.824
727.834
705.857
773.914
367.737
150.363
155.954
154.663
303.767
754.938
458.106
634.661
404.27
253.033
185.26
187.784
205.441
598.129
468.716
439.463
279.747
173.288
283.911
194.42
273.027
445.119
310.79
703.874
319.491
177.607
171.358
172.342
326.73
699.376
391.12
230.055
500.805
558.661
316.992
226.935
228.479
196.003
452.307
347.606
633.188
573.975
219.526
281.432
325.214
298.298
594.717
418.636
588.62
419.577
182.462
231.065
307.355
373.865
582.307
280.447
357.76
589.227
488.643
293.957
233.322
269.868
322.609
322.004
590.273
641.852
344.32
253.352
336.411
317.831
532.528
256.617
490.012
564.249
375.296
264.945
232.316
241.56
450.613
338.282
310.554
372.355
227.225
207.47
203.457
335.278
305.449
520.073
504.109
292.581
353.173
235.33
234.752
476.961
542.443
411.713
549.033
447.851
485.201
337.826
362.515
412.828
535.603
468.441
569.762
427.325
266.069
231.24
238.42
422.61
573.586
458.166
584.371
406.291
215.483
226.514
264.296
407.435
584.877
773.505
766.138
488.077
300.893
216.834
268.386
701.185
815.177
653.043
699.718
428.531
234.55
175.966
295.863
589.693
723.361
607.261
464.428
227.318
296.934
149.032
192.873
564.386
521.568
483.495
249.922
168.143
246.316
150.853
201.812
466.427
302.987
519.643
302.878
187.265
196.593
192.439
198.177
494.857
358.478
381.288
267.088
236.882
325.543
248.643
185.303
366.024
291.861
460.178
385.507
311.26
386.859
279.953
225.489
425.047
425.062
270.058
272.751
220.96
308.405
220.368
223.765
248.835
285.806
628.461
315.063
263.679
183.348
338.618
343.369
636.166
365.494
278.155
461.329
438.911
283.286
189.832
204.101
247.951
441.994
281.637
567.943
658.995
384.807
277.609
273.382
268.631
510.518
290.878
560.707
588.376
314.497
223.823
268.441
256.302
512.613
342.082
552.453
652.846
448.42
271.611
235.326
315.524
525.808
292.713
525.179
639.51
383.08
235.927
236.657
261.649
487.82
294.138
494.686
521.272
359.013
242.463
270.284
270.004
464.958
524.855
731.753
497.237
293.328
291.836
367.768
469.352
728.953
578.265
754.969
562.444
411.755
228.485
386.142
528.791
755.321
416.342
534.134
495.477
434.457
333.515
233.749
377.266
531.443
404.24
360.589
430.349
467.246
427.889
279.552
391.57
369.523
429.192
371.849
229.053
253.247
199.293
272.745
432.843
385.088
429.948
304.471
253.092
277.74
248.215
269.096
425.083
330.243
390.82
287.496
239.115
302.906
280.68
254.367
385.682
315.012
302.338
251.071
180.629
243.541
253.618
207.71
292.652
268.417
551.833
371.527
144.917
119.723
149.858
291.879
532.766
426.101
592.681
387.367
241.91
250.828
228.21
271.65
571.567
446.142
485.751
454.352
320.819
434.788
289.749
234.264
454.671
480.73
318.86
324.491
198.587
287.544
225.093
231.802
298.118
346.827
499.812
456.479
279.323
286.115
215.702
241.529
458.33
500.092
358.972
277.326
282.971
391.689
246.069
287.021
362.129
276.486
293.649
532.904
495.313
245.131
221.553
251.569
257.867
501.9
258.384
652.677
730.251
337.209
366.024
429.187
235.984
571.124
234.792
627.536
726.741
386.434
310.618
408.44
207.351
544.751
288.639
541.333
644.552
456.867
273.931
248.974
265.819
497.609
308.211
448.392
506.124
479.616
388.688
295.159
307.807
415.352
310.327
369.471
330.202
266.338
175.695
199.311
286.51
369.933
319.588
530.964
501.421
297.849
262.395
240.623
277.637
502.902
334.247
445.383
490.362
385.683
334.667
250.473
307.327
424.69
341.133
393.372
292.74
222.16
164.954
200.592
314.005
402.251
286.274
366.206
336.42
270.277
227.208
175.054
259.692
364.544
300.666
417.6
340.367
181.185
180.882
155.994
265.703
410.732
359.823
421.193
263.196
272.752
224.163
274.674
335.964
431.93
424.221
484.737
291.816
225.916
132.211
166.124
380.134
496.567
489.695
634.506
372.449
159.15
153.53
292.585
436.488
644.174
514.536
520.363
303.278
338.672
170.284
234.53
469.546
543.077
531.419
509.551
309.105
332.51
243.807
225.916
487.115
536.431
621.961
566.514
260.299
322.079
211.752
269.361
571.61
620.909
487.908
584.738
309.961
168.838
152.79
238.829
431.572
598.662
550.241
612.091
302.084
387.607
224.205
324.545
504.678
651.838
578.306
614.159
368.624
290.259
212.988
322.951
529.491
643.785
301.362
451.81
491.233
323.954
294.965
286.228
308.047
423.761
323.629
561.109
563.564
354.785
312.662
268.041
295.658
520.259
323.795
589.328
745.571
563.941
334.867
290.635
312.945
541.207
270.762
444.951
566.076
445.647
245.487
211.957
249.839
417.353
294.974
457.225
545.426
512.619
313.85
308.885
278.337
427.17
332.958
375.407
344.162
351.282
269.143
219.078
324.692
373.386
484.802
528.689
448.901
354.485
199.278
249.091
444.166
531.936
342.034
485.277
633.408
626.05
362.646
217.718
308.406
467.521
375.479
573.067
470.883
225.241
156.662
225.684
335.708
556.14
293.404
465.436
580.006
442.503
309.443
191.38
265.243
444.05
301.83
394.54
319.808
224.478
233.828
299.66
282.776
383.125
359.329
377.475
335.515
241.48
244.364
208.531
338.332
380.558
520.911
494.134
307.025
231.394
199.017
296.843
483.618
524.595
504.43
413.379
266.68
217.255
221.832
285.188
482.378
444.113
415.605
488.108
387.805
282.341
368.896
264.167
380.384
491.72
495.465
580.471
293.248
387.457
228.388
390.592
454.26
602.347
660.715
575.29
287.974
300.357
199.645
326.636
615.249
620.812
591.126
627.299
330.86
314.065
218.174
311.6
535.832
654.237
587.349
697.95
376.981
190.985
171.159
320.312
529.908
713.266
658.725
447.751
224.694
172.054
128.351
305.09
631.422
506.824
138.291
297.993
505.735
461.97
346.321
199.322
129.076
259.175
241.372
220.506
354.772
488.043
329.412
231.253
242.874
219.633
238.125
493.309
538.33
354.571
233.248
247.753
211.559
441.903
384.482
544.83
508.223
433.932
258.616
301.114
358.732
535.742
141.624
335.521
522.516
582.492
293.45
149.474
125.144
293.649
264.51
372.433
513.835
519.447
396.072
225.038
245.968
359.509
290.605
435.169
490.739
557.57
330.613
256.219
269.522
415.789
334.659
501.297
668.753
455.571
298.245
228.663
315.08
468.182
305.597
570.504
706.208
447.77
323.282
195.302
261.87
529.848
258.378
327.889
371.745
401.473
299.508
222.159
242.296
317.171
346.397
489.162
417.332
298.205
180.856
253.245
323.198
481.578
365.186
523.726
333.405
167.79
166.096
263.156
338.805
518.404
540.69
559.957
323.074
395.627
337.859
375.206
507.833
587.019
351.857
504.276
357.764
356.073
276.194
249.174
323.529
490.089
475.308
573.759
361.944
229.646
144.278
302.1
435.149
586.48
489.777
569.938
422.853
334.664
426.357
314.405
448.811
575.899
590.024
733.508
441.595
271.357
253.587
470.12
543.797
743.58
471.796
532.438
356.69
216.682
222.995
273.335
440.66
546.304
466.433
577.903
437.404
270.483
209.279
314.876
448.866
584.241
613.977
570.841
317.287
258.667
264.801
332.615
573.039
604.827
217.291
336.015
411.462
404.757
214.179
198.907
199.298
320.345
220.563
289.749
445.482
506.51
286.101
154.214
209.168
270.069
200.762
375.361
563.042
493.515
274.722
185.18
186.193
332.534
297.913
410.459
554.145
491.533
323.628
298.155
296.278
377.141
281.025
345.914
439.164
364.441
226.072
242.368
282.244
335.289
294.559
497.15
656.78
569.814
415.168
328.694
288.212
458.667
335.131
492.331
643.736
524.081
445.433
269.24
307.598
463.86
264.508
608.053
737.604
394.233
296.172
429.703
269.056
527.375
303.875
453.25
587.585
640.227
329.246
222.287
281.633
427.811
327.184
485.414
580.853
457.537
342.567
332.54
308.119
451.339
302.66
601.189
642.345
399.122
215.106
242.754
259.652
545.52
420.216
546.317
388.468
340.899
240.343
245.749
381.258
548.473
400.923
427.797
362.043
194.668
217.364
255.576
374.981
422.103
527.583
578.269
474.924
267.34
283.533
294.904
483.385
577.999
476.189
507.749
444.136
266.872
243.341
284.463
444
511.058
526.503
619.726
428.604
353.827
377.926
341.095
476.997
631.56
604.27
647.137
432.354
273.714
187.112
285.613
550.45
670.373
302.677
505.77
558.401
333.441
266.047
236.296
289.014
479.23
550.888
684.983
528.609
327.51
292.069
287.169
496.432
689.687
512.863
694.971
485.053
261.829
237.11
323.216
461.344
695.573
