257.68
389.048
301.597
284.216
211.308
165.421
230.957
379.789
239.728
425.93
447.035
240.256
199.702
246.94
227.588
385.885
210.835
346.928
356.415
291.662
183.842
243.398
203.663
312.218
464.885
443.162
425.308
206.669
195.339
217.433
455.994
432.646
182.659
352.64
443.222
275.226
247.041
223.787
176.464
307.156
270.624
480.133
587.484
328.291
308.097
234.094
239.769
438.606
297.975
318.726
487.177
441.999
314.817
256.177
309.485
300.175
250.822
259.645
650.045
721.092
368.339
208.719
254.38
224.132
170.18
301.068
672.614
781.571
375.303
205.737
159.49
260.725
129.873
233.793
554.91
801.327
406.724
205.959
131.472
200.687
214.239
211.727
606.538
914.163
475.536
158.964
209.571
188.299
143.447
195.954
510.424
934.357
454.942
139.369
139.975
171.468
191.72
113.937
304.586
817.591
674.847
347.822
208.967
116.236
171.744
199.144
443.789
814.663
812.166
397.954
183.285
173.492
159.766
249.724
405.417
796.013
828.007
406.808
168.322
217.56
267.649
334.778
347.605
583.764
801.619
593.41
279.855
315.48
535.747
588.961
334.19
386.714
642.184
725.879
564.707
604.76
292.433
307.178
346.199
333.789
607.272
623.766
330.672
292.924
456.21
392.889
342.18
316.226
663.725
819.864
521.331
388.255
484.124
357.392
341.393
353.042
568.707
785.885
541.932
352.661
309.4
358.072
227.108
144.666
202.78
213.887
296.833
355.23
405.905
390.046
329.905
145.086
150.373
281.108
417.541
378.616
188.946
316.584
371.34
221.054
201.148
230.505
186.829
281.49
264.334
344.025
441.931
246.243
229.3
200.1
267.014
313.972
320.528
425.235
496.382
320.609
208.825
277.726
324.039
383.62
248.813
543.868
649.011
411.32
266.252
343.374
240.89
478.34
269.543
423.953
663.87
521.123
291.619
268.304
279.379
382.303
200.591
383.826
628.892
648.763
331.377
190.39
188.312
340.323
187.921
381.793
575.889
563.63
282.78
233.096
183.74
334.998
175.618
237.46
551.259
749.938
385.083
168.501
173.507
210.66
157.965
245.997
615.177
909.529
435.389
214.566
149.094
208.897
265.598
204.592
482.643
874.947
550.928
184.983
264.668
199.869
106.706
129.594
415.881
896.01
698.557
216.929
111.075
116.367
140.821
137.322
335.902
761.417
727.673
364.617
154.931
132.48
105.545
253.95
444.327
806.044
869.353
416.174
112.416
213.313
253.312
274.513
450.168
498.087
814.687
652.324
298.815
252.385
440.601
420.338
312.322
355.624
676.726
720.05
473.8
442.879
481.698
464.644
434.037
428.557
677.383
816.474
534.932
471.8
476.343
376.244
449.221
405.089
595.573
731.018
529.843
366.963
421.007
422.553
395.038
390.921
485.605
729.27
478.656
400.125
187.922
369.349
274.078
126.29
166.441
244.641
186.365
342.642
242.591
349.528
344.413
158.017
215.366
228.849
235.481
317.962
218.483
470.996
475.68
250.944
222.514
264.851
212.893
429.404
254.748
554.648
584.132
267.837
266.323
297.3
231.791
494.679
173.186
451.896
526.922
275.807
244.026
289.094
153.502
393.538
238.391
552.183
667.233
416.179
306.665
363.687
227.298
486.198
272.376
384.216
479.722
441.594
294.24
283.31
274.58
353.791
226.753
269.003
380.103
463.655
247.754
166.699
218.056
257.224
166.316
418.008
542.974
479.519
215.051
205.132
143.249
368.075
241.013
275.158
590.212
763.945
361.775
192.282
238.017
241.837
79.2033
127.196
460.855
911.218
403.046
76.9767
79.0338
108.494
123.648
114.122
404.807
1122.44
621.327
164.051
126.178
115.919
229.458
221.914
374.146
794.119
761.897
410.118
236.604
223.306
308.091
341.016
405.371
408.708
477.408
526.169
330.918
330.541
273.897
368.896
415.858
391.153
637.167
617.306
310.774
321.308
562.828
382.895
434.513
366.307
511.924
707.461
611.804
391.662
620.823
514.267
368.51
374.005
583.691
835.108
680.626
525.391
573.337
541.241
318.977
361.124
611.794
814.914
625.022
556.955
613.412
434.17
342.103
269.609
533.032
817.355
677.182
449.391
671.396
356.393
374.95
279.843
462.166
728.926
728.338
371.931
275.047
310.769
277.095
173.922
251.119
243.243
270.552
299.155
260.463
380.18
376.563
273.584
209.783
220.506
254.748
353.564
275.291
486.454
511.721
252.775
228.015
271.061
255.279
438.982
283.031
560.732
570.837
304.67
217.522
254.793
243.437
517.462
401.896
597.744
542.806
266.506
271.938
274.771
362.772
570.942
261.602
484.81
553.324
354.351
262.697
251.325
229.232
439.958
320.851
481.21
550.887
431.049
359.199
246.45
295.893
463.743
162.778
406.411
587.884
516.372
338.06
247.032
147.607
354.607
216.414
299.172
495.629
596.798
285.809
173.525
216.894
272.114
280.405
300.901
573.887
1000.4
457.395
313.786
294.121
280.754
178.582
141.73
463.487
789.564
475.354
192.812
186.318
130.409
108.123
134.453
506.245
904.993
552.982
142.908
108.81
114.907
256.554
186.662
349.903
653.652
717.97
395.115
257.611
188.13
266.23
315.531
378.358
475.924
749.795
691.215
312.639
272.259
311.982
291.766
396.575
651.647
823.805
480.02
303.901
299.406
553.814
290.933
263.273
284.349
634.088
803.036
617.361
303.855
636.286
260.763
223.611
200.647
470.136
655.172
672.009
312.212
594.506
301.824
240.848
199.041
454.322
697.863
653.691
340.287
554.783
460.007
366.29
226.552
561.373
855.259
621.298
463.516
633.379
529.326
250.937
226.75
440.797
859.118
700.165
539.756
271.067
402.483
353.644
183.548
180.804
195.796
263.585
378.132
295.545
476.682
466.279
246.514
223.581
255.303
263.537
444.501
344.06
580.821
529.696
241.412
197.506
282.337
319.645
544.323
300.321
566.369
578.992
328.843
226.328
268.852
270.804
517.306
416.646
608.881
529.664
219.268
235.88
253.018
365.506
588.999
299.295
431.494
425.656
284.227
183.212
211.122
275.293
412.942
328.049
425.916
396.447
301.631
287.096
222.646
300.089
419.262
352.528
347.467
432.519
366.867
318.692
260.155
348.586
337.105
248.449
364.969
515.626
445.553
219.686
208.723
236.522
340.349
121.536
275.85
571.772
694.737
368.366
149.305
110.81
237.378
182.599
167.671
457.2
780.188
478.753
185.733
181.802
160.334
147.622
134.587
348.787
700.103
533.607
200.024
147.238
128.737
241.373
219.898
280.449
553.641
620.959
405.608
255.697
230.083
315.379
286.872
278.042
239.511
492.84
605.449
352.251
281.018
479.471
400.045
328.904
384.58
618.854
742.609
531.855
414.299
608.344
452.245
225.855
239.614
446.035
774.18
666.157
468.118
583.059
430.742
275.957
284.566
466.992
771.457
644.43
443.11
600.412
425.681
283.743
256.603
301.992
525.725
633.92
453.117
529.089
360.901
374.427
383.613
577.128
546.654
541.016
393.233
561.387
382.628
305.661
289.077
570.942
794.932
620.724
403.571
285.346
472.134
285.661
196.849
146.233
294.818
274.348
449.615
234.009
476.691
550.334
415.05
247.344
232.419
209.285
429.169
389.386
658.437
542.592
288.929
208.586
337.605
360.251
629.029
387.331
626.938
587.143
362.277
258.301
358.76
361.783
596.975
486.161
666.935
520.82
285.151
264.43
333.176
440.041
659.31
252.01
429.021
460.31
291.232
208.514
215.73
227.994
400.087
206.78
444.043
588.734
481.359
273.011
206.173
179.842
398.468
264.069
423.01
468.921
378.537
239.374
191.857
241.613
406.128
227.245
297.274
415.638
409.931
238.331
182.464
214.156
275.383
154.087
268.862
429.655
428.377
233.467
120.432
142.693
246.729
218.063
233.942
334.551
403.037
259.138
175.637
203.014
238.461
187.848
171.172
314.165
678.415
534.234
206.838
183.84
166.477
412.762
256.09
279.274
277.803
402.079
477.302
433.356
266.624
416.724
337.114
292.304
385.694
423.387
545.627
453.734
342.178
524.874
360.533
223.025
235.614
446.696
636.217
565.328
372.716
593.305
294.18
300.262
260.679
422.467
643.688
636.187
323.764
682.359
373.422
201.055
249.127
455.589
713.953
729.65
409.245
554.34
354.489
223.019
150.78
262.331
601.452
602.47
371.924
606.752
290.9
274.613
299.014
303.125
610.941
649.857
309.277
689.122
330.133
264.223
164.995
291.491
659.552
733.942
363.639
220.511
401.96
384.869
262.16
275.347
303.673
216.85
366.394
264.741
326.973
443.03
509.716
342.247
307.197
265.031
313.135
388.959
538.816
473.921
330.87
350.452
318.57
357.036
531.87
484.085
670.773
572.534
386.126
351.616
305.679
434.891
664.391
334.464
514.506
491.044
272.734
262.005
242.621
298.752
488.17
185.922
225.988
255.318
237.64
262.962
246.396
185.274
221.832
289.977
421.033
505.509
390.132
247.918
174.087
260.018
406.596
220.843
458.747
530.339
317.446
203.886
241.198
202.906
408.106
246.925
353.449
365.004
381.076
235.15
257.395
241.295
342.098
159.487
299.734
490.549
495.414
239.783
168.123
142.05
270.574
160.581
160.296
339.482
571.807
358.041
180.936
155.191
157.003
254.916
198.201
245.955
468.867
388.72
275.181
267.39
205.489
433.461
263.465
207.415
287.004
449.385
625.159
484.643
275.729
425.271
221.298
217.869
291.275
453.084
540.469
459.304
239.356
654.709
258.551
175.017
237.028
447.099
650.333
699.714
319.419
705.707
287.49
145.939
173.165
350.054
655.874
754.864
351.604
668.361
284.685
177.439
181.507
316.058
582.924
704.105
341.874
687.862
330.581
281.266
249.241
353.207
637.065
724.641
369.807
582.035
429.014
241.371
239.671
228.951
559.453
626.164
455.16
641.412
337.77
161.967
264.628
225.469
505.908
683.762
383.209
301.312
410.238
331.683
222.405
182.132
184.696
282.629
407.833
377.592
458.193
317.44
122.975
148.513
174.297
336.024
462.834
383.545
610.16
544.334
273.615
221.798
264.871
341.041
588.884
368.165
562.559
584.471
328.55
230.295
269.4
332.078
523.158
412.689
530.504
608.699
467.122
357.833
222.141
372.187
519.91
425.213
672.672
548.034
317.748
232.662
337.772
387.355
654.029
357.75
521.618
567.582
434.657
284.971
207.115
320.524
506.149
204.444
354.141
532.132
444.224
278.962
214.376
201.891
320.565
188.125
318.946
386.886
385.997
186.57
232.277
177.411
294.334
148.743
254.046
504.783
525.024
253.115
140.877
139.869
221.497
224.55
344.655
493.99
596.2
343.712
246.387
213.909
310.661
350.359
318.6
284.53
276.867
334.766
357.48
354.067
325.99
621.964
254.161
224.893
299.356
307.093
439.662
640.059
319.853
440.879
334.886
205.081
198.506
223.914
282.534
429.229
368.564
734.813
328.229
113.687
147.759
276.926
520.451
758.856
407.809
708.151
365.148
180.758
193.139
286.362
596.732
749.622
416.738
649.734
505.692
286.345
203.23
247.666
578.923
678.706
516.702
714.012
295.014
159.706
191.554
252.667
524.47
737.651
367.848
796.218
323.942
190.665
95.1348
192.689
547.351
827.721
380.863
747.205
394.212
214.829
296.074
338.365
595.692
792.146
446.489
275.55
410.141
388.144
216.973
223.986
236.609
261.516
382.582
363.062
440.799
296.711
345.303
307.311
402.934
369.855
438.188
348.108
568.561
509.436
262.402
287.422
271.955
317.728
540.596
445.988
598.044
544.638
368.764
228.165
343.907
408.733
593.526
345.819
498.938
447.021
303.936
291.023
251.667
312.879
488.399
401.344
546.052
442.771
230.342
174.07
194.769
357.675
539.115
272.604
412.219
459.95
313.116
205.522
165.165
242.664
395.308
273.65
234.228
256.393
382.563
247.797
163.501
266.256
243.241
210.968
415.614
573.26
423.008
306.875
201.501
183.978
375.181
151.014
235.965
446.974
456.972
296.882
150.721
145.697
211.12
291.293
298.858
339.193
400.801
337.905
213.839
274.286
300.944
204.98
189.432
331.908
444.703
486.8
312.303
218.27
183.9
428.262
263.396
283.929
356.976
375.43
366.423
450.99
272.984
563.139
254.52
215.091
200.322
361.422
545.689
593.59
291.712
726.066
340.013
117.172
193.435
207.635
460.672
745.108
414.304
768.556
308.519
120.592
101.103
234.001
571.694
797.231
383.641
789.858
360.119
173.129
214.046
166.419
456.154
800.451
440.501
871.018
386.031
194.055
268.844
306.83
669.697
916.451
468.777
845.191
466.784
246.561
197.343
242.216
643.403
873.386
500.548
827.074
358.148
190.69
267.801
245.13
576.286
861.855
433.804
342.515
388.055
286.999
147.194
141.624
214.67
321.041
393.821
421.828
622.625
416.776
238.816
179.301
344.783
394.808
613.711
389.563
606.354
567.817
373.271
271.873
294.338
354.136
588.354
318.58
420.706
440.473
318.331
203.874
161.951
292.304
405.052
383.014
514.662
473.158
304.15
206.42
240.561
348.885
502.986
416.27
451.899
340.401
208.739
171.745
312.423
386.394
467.587
301.796
292.852
279.152
251.587
182.708
198.898
287.202
298.795
303.639
429.988
369.078
272.92
183.088
277.733
291.17
419.759
252.382
388.117
462.49
378.777
243.638
188.076
236.949
359.276
217.246
292.827
475.762
415.082
475.315
279.934
214.272
265.283
341.567
293.551
225.919
369.724
372.124
324.688
333.517
309.478
520.315
271.25
197.684
226.045
234.034
295.869
524.318
317.411
680.606
293.829
192.217
174.926
182.86
380.136
683.469
358.618
669.051
344.757
210.701
329.355
311.528
370.194
670.381
408.108
798.302
348.199
158.302
199.76
169.173
351.249
789.873
443.307
780.828
445.721
189.021
217.282
192.807
380.084
768.735
527.605
886.944
435.504
128.441
112.039
145.735
455.323
887.513
531.077
949.477
445.88
146.183
150.847
201.795
573.017
967.916
538.882
892.828
395.177
166.95
172.072
209.401
576.093
918.425
481.328
906.994
392.34
192.423
125.813
219.779
605.306
929.746
462.264
301.792
549.113
538.601
257.212
213.669
276.252
282.563
504.161
441.439
619.188
506.718
254.833
270.155
257.248
390.137
607.088
297.186
469.61
409.776
263.147
167.09
188.405
262.59
452.773
346.456
483.689
605.624
514.456
303.615
211.966
316.211
467.219
442.247
565.333
441.868
274.247
208.741
351.658
408.453
567.041
304.434
389.847
355.891
324.875
219.819
198.131
274.598
390.11
298.078
375.828
339.42
244.405
244.737
273.082
280.328
372.652
270.567
386.254
383.969
187.474
146.998
184.288
252.707
354.895
350.172
472.687
463.792
388.783
291.405
246.49
314.507
464.984
225.023
295.596
390.29
391.225
267.246
202.01
215.944
286.952
430.327
386.093
208.799
377.623
267.068
321.242
433.718
403.16
523.916
222.281
194.559
179.756
213.485
439.751
551.466
257.753
702.489
341.8
173.892
227.861
226.917
403.37
712.829
411.257
615.592
304.458
152.785
255.541
366.503
436.721
625.65
365.713
716.159
307.091
201.709
200.109
190.253
311.383
705.687
392.172
593.247
273.258
230.911
238.515
229.39
392.103
610.259
329.917
544.733
335.092
300.456
447.386
397.554
339.751
543.511
380.618
628.344
431.768
275.747
353.713
358.341
316.411
607.724
485.627
769.335
331.145
241.995
288.179
209.504
389.829
772.684
418.735
751.145
368.222
182.565
152.014
189.907
530.898
782.33
432.055
366.097
592.136
589.698
355.226
279.656
252.787
329.42
564.513
437.825
590.242
551.477
332.179
286.688
241.111
395.904
578.002
415.035
608.505
584.756
383.211
351.785
250.725
371.886
593.298
433.284
622.528
634.891
413.913
329.95
333.952
400.727
597.186
224.271
390.921
652.99
804.66
359.067
206.035
205.227
351.407
305.116
378.719
362.55
280.206
253.138
330.183
286.333
367.409
189.271
328.968
337.842
295.014
233.56
209.048
187.482
310.567
290.119
374.454
343.216
292.311
235.113
233.002
270.413
370.867
415.235
482.149
320.897
180.805
112.736
200.267
386.242
483.719
423.265
414.844
352.578
305.4
261.104
215.809
397.423
434.813
768.689
585.328
254.338
258.088
194.096
252.646
716.679
656.719
596.956
305.492
87.8417
100.447
112.954
311.472
597.95
366.99
586.902
236.278
131.037
180.054
117.08
241.1
578.508
291.511
868.858
339.125
153.959
225.759
238.713
433.415
881.133
436.941
661.025
357.441
166.534
137.485
152.485
356.055
659.451
421.99
843.861
388.554
160.514
227.188
222.322
309.65
822.999
491.237
630.08
340.472
217.617
266.01
194.737
303.017
620.962
404.432
693.812
352.717
158.384
229.639
183.814
394.522
698.516
426.129
553.514
272.022
165.125
251.832
242.018
364.23
572.991
314.756
525.986
267.553
242.387
425.248
386.301
352.678
532.873
311.289
386.928
509.676
444.741
394.766
276.252
257.203
348.139
508.695
312.795
294.812
450.631
571.327
404.532
177.891
295.045
301.899
381.429
344.558
400.727
518.951
338.852
221.145
356.579
368.207
313.503
438.925
520.51
562.286
272.439
250.398
289.075
426.478
272.204
390.879
411.063
335.592
191.34
162.953
247.315
378.037
200.719
271.111
434.899
370.958
297.506
172.653
188.232
250.001
343.517
338.815
334.589
334.681
160.824
175.978
326.741
345.712
378.358
583.984
399.263
299.977
234.161
264.684
332.089
570.531
396.001
400.739
327.147
264.473
255.809
238.738
368.058
411.127
332.966
340.65
286.474
329.842
227.624
260.696
336.815
338.72
656.868
526.612
301.65
226.628
185.189
243.907
611.833
573.366
668.219
482.293
208.128
211.139
181.352
250.117
625.449
546.383
677.029
451.112
236.668
272.33
210.673
297.523
653.66
515.554
672.113
395.38
231.798
201.819
194.553
272.251
647.948
457.464
719.712
414.903
133.388
164.24
132.652
362.215
710.19
490.782
740.393
293.271
127.107
334.272
209.985
338.671
737.772
385.545
677.698
375.891
136.056
201.737
149.355
237.55
651.687
450.369
751.373
428.721
166.753
196.27
185.164
310.686
724.484
514.713
665.701
374.724
175.124
271.34
166.945
330.585
658.137
442.123
676.606
355.897
217.663
239.649
154.401
349.311
675.699
412.044
271.247
501.045
582.099
418.275
270.414
221.253
240.393
458.937
381.553
652.589
608.333
316.54
257.913
288.429
334.711
621.642
267.154
501.412
472.507
244.152
244.92
234.414
243.304
463.198
486.288
624.199
513.66
368.129
312.777
218.5
429.873
625.711
290.884
585.808
639.29
376.752
244.828
304.719
261.118
530.711
372.111
508.623
489.037
463.02
257.729
167.993
332.007
498.825
415.861
437.391
414.655
397.434
267.829
368.712
398.564
442.43
282.414
291.959
291.028
263.493
211.107
211.813
269.547
291.895
363.617
393.04
310.061
263.659
203.775
199.019
340.492
401.41
332.254
526.811
540.162
331.166
305.1
316.912
335.331
483.571
453.949
339.751
210.31
204.574
165.052
235.807
438.411
374.174
574.545
519.478
347.735
228.038
221.148
281.502
534.036
556.026
626.48
544.724
247.053
153.674
123.74
275.931
588.885
584.851
762.276
586.666
204.793
158.72
129.793
315.299
714.664
661.327
802.435
553.72
235.878
180.061
177.281
231.79
747.868
634.619
694.651
494.756
249.288
283.809
158.108
289.875
654.917
562.223
581.799
377.104
224.992
188.741
209.37
288.519
565.992
431.448
488.07
363.931
240.64
215.264
144.786
184.409
460.745
405.795
788.787
365.497
185.38
194.542
200.05
393.257
789.572
445.384
711.529
380.488
142.125
78.5657
109.439
391.115
719.852
445.733
302.185
555.345
617.273
375.748
310.098
282.147
278.25
512.855
382.552
667.057
602.994
289.355
272.031
333.065
347.734
632.935
385.777
609.254
512.656
214.207
350.764
378.378
339.174
581.157
276.045
471.364
616.176
432.166
328.246
355.738
258.613
416.451
303.846
577.083
655.05
358.376
297.589
405.262
304.229
507.73
269.058
448.908
491.471
304.042
200.077
259.483
262.021
410.745
255.842
221.086
286.118
274.906
211.252
240.486
264.721
213.622
449.66
375.01
286.408
382.188
259.962
199.362
419.783
409.373
403.51
463.058
363.263
440.688
303.912
240.703
378.72
470.199
413.593
586.88
383.836
215.59
207.403
293.632
369.61
583.518
542.4
594.601
338.823
207.139
159.717
258.966
488.008
628.117
738.312
737.02
446.536
192.285
209.316
261.157
664.572
780.507
625.768
692.062
346.837
328.323
177.343
296.217
563.94
712.783
583.111
460.61
258.243
304.775
163.899
213.697
542.517
510.08
421.277
290.51
194.018
273.301
184.732
224.021
413.303
319.89
526.474
329.921
157.269
186.387
171.547
241.988
510.674
383.343
484.98
349.315
233.355
299.954
242.69
263.775
463.09
395.128
583.67
383.958
236.561
336.093
206.784
247.426
555.789
433.183
251.284
258.835
245.036
293.12
213.269
211.779
235.85
269.187
538.819
303.797
215.482
321.031
281.621
304.937
531.958
358.407
351.332
511.756
515.426
384.375
325.683
209.307
314.045
498.835
346.512
599.822
580.161
339.521
281.223
306.399
328.583
564.684
350.502
571.063
565.25
341.361
261.731
283.275
316.379
544.55
316.546
521.125
646.064
463.47
293.883
238.083
287.774
490.46
260.139
527.585
588.418
316.025
254.714
261.417
225.387
479.869
284.473
461.73
502.095
392.069
206.41
234.024
262.429
439.191
421.539
686.575
467.459
273.208
281.369
371.694
390.318
666.909
471.395
720.285
602.743
372.714
296.263
341.178
429.631
700.926
367.787
583.887
475.115
436.781
271.112
309.577
331.729
568.739
417.756
390.838
487.855
533.876
427.214
256.549
395.61
401.673
304.762
259.58
291.582
391.665
343.21
211.461
297.263
268.733
411.861
321.354
272.619
323.289
256.333
258.365
402.979
341.297
255.872
269.709
264.406
305.126
235.866
185.588
242.764
270.971
276.421
233.158
202.764
243.813
189.913
143.172
261.781
250.619
399.698
340.934
167.168
168.649
116.406
179.681
374.011
370.667
469.112
425.883
261.864
258.285
222.011
231.167
443.567
454.023
485.131
426.603
281.943
488.129
245.418
203.258
450.829
456.17
360.759
265.195
229.257
268.161
178.218
183.47
342.908
292.976
498.685
457.585
303.377
307.633
185.641
226.003
465.158
481.359
586.198
354.889
290.883
445.331
278.718
310.834
590.693
397.551
321.052
578.237
522.99
284.648
219.846
263.152
294.921
548.765
319.012
632.073
685.465
371.851
315.265
349.757
301.429
575.342
260.614
599.321
721.65
426.316
287.863
380.702
240.942
524.808
322.918
503.995
658.686
478.923
350.819
292.009
317.843
470.438
364.16
411.189
453.588
315.759
267.527
248.725
354.083
392.935
323.725
362.035
291.231
223.664
153.224
159.12
299.725
367.171
354.548
585.504
530.611
308.927
272.01
306.449
314.909
552.699
249.494
446.66
450.83
324.441
283.435
271.336
227.341
411.437
314.906
330.066
308.492
231.825
197.208
175
298.724
328.255
310.423
401.556
304.532
227.841
166.378
223.327
288.841
400.681
254.948
392.438
268.92
161.382
121.425
162.291
228.976
381.858
438.695
455.037
248.294
360.837
221.416
308.374
413.972
487.881
474.962
492.625
278.452
262.271
238.338
173.119
427.054
526.015
507.515
620.057
449.76
200.092
202.506
252.493
459.206
631.347
584.982
568.8
334.543
396.6
245.123
256.571
529.947
620.557
564.844
505.699
290.219
299.698
231.358
219.769
518.529
546.805
483.567
519.188
260.889
242.776
198.593
218.089
430.281
541.861
459.491
516.708
277.312
292.332
263.305
271.515
409.735
548.294
499.432
564.307
275.504
263.888
220.909
348.742
455.84
582.944
426.626
368.602
281.837
295.048
196.927
153.838
392.217
402.297
263.521
480.279
508.183
264.359
251.755
262.374
249.462
434.532
339.753
592.81
550.089
337.595
304.223
315.362
300.232
561.543
288.323
590.476
656.853
421.776
220.694
291.782
263.972
530.567
299.153
456.08
535.333
443.763
328.688
239.444
284.747
435.378
326.424
469.108
485.963
358.365
193.072
241.723
299.737
451.182
378.109
367.666
332.597
304.944
163.204
210.122
367.389
372.462
410.691
545.521
502.467
306.275
271.019
233.62
368.322
528.62
283.205
433.795
564.276
509.908
394.843
229.284
254.414
411.265
340.173
522.73
439.182
258.02
200.359
270.826
309.643
507.963
327.21
443.155
491.507
430.764
302.171
176.895
296.405
430.909
271.165
354.157
346.619
294.297
217.224
180.787
244.679
350.042
342.471
336.975
236.946
148.068
145.311
161.298
320.774
351.747
484.551
440.665
369.347
250.321
245.327
295.136
462.105
452.773
413.626
334.148
208.424
249.866
241.784
320.206
410.408
360.9
511.456
466.262
345.624
223.667
256.522
351.212
486.591
484.761
530.63
409.496
199.193
302.485
182.103
240.835
505.019
458.22
556.281
441.221
312.594
347.12
211.436
314.116
540.414
481
570.367
588.876
314.538
293.216
216.325
303.926
521.157
627.818
428.065
500.996
287.248
254.556
184.028
248.041
386.171
523.101
789.513
345.79
218.489
246.307
202.004
370.748
779.549
435.637
215.833
312.658
387.849
391.696
175.948
151.184
201.046
291.282
423.021
327.57
368.319
550.14
325.12
318.886
438.637
351.755
280.76
469.678
529.123
401.495
211.856
253.783
250.683
431.825
322.76
467.964
553.13
395.333
331.298
274.552
302.992
448.761
130.937
304.148
539.04
580.948
372.252
202.641
118.915
264.862
257.744
362.588
507.512
480.826
394.659
274.689
238.946
337.172
225.351
382.162
504.189
557.144
310.836
180.341
204.28
353.645
311.903
490.691
560.311
376.283
219.558
193.527
284.075
467.16
279.453
599.514
659.4
384.696
317.862
304.557
236.414
539.653
327.152
404.175
369.066
369.964
252.583
321.671
310.467
399.493
270.099
357.846
357.369
267.76
195.445
177.024
248.86
344.549
389.653
522.376
335.728
171.453
172.275
350.458
376.815
520.227
538.778
579.585
396.892
389.937
343.143
338.31
492.616
611.196
380.816
521.259
442.087
266.153
360.522
292.434
341.514
498.056
509.921
640.501
408.669
237.997
152.365
236.703
452.144
649.572
373.568
556.12
371.688
249.71
217.425
295.431
331.148
546.309
503.311
575.249
354.612
278.391
186.161
206.727
446.917
589.611
395.544
557.674
367.718
265.043
202.628
287.752
376.721
542.19
407.871
588.746
350.114
226.067
258.593
371.799
378.819
585.719
587.833
555.988
329.835
287.142
157.811
222.338
539.962
588.743
246.582
332.921
342.596
303.059
208.505
159.94
227.833
326.215
214.975
254.616
507.897
526.125
394.071
212.419
210.177
227.804
252.152
358.316
541.311
430.815
298.247
256.33
248.207
324.141
282.69
374.295
520.335
527.162
294.273
201.083
268.206
347.161
229.686
237.897
319.961
324.14
177.026
141.579
222.568
231.124
281.547
424.977
542.789
457.679
312.402
250.409
265.155
400.088
326.861
492.038
586.982
466.324
436.358
330.577
317.929
461.166
281.173
572.54
623.675
365.429
195.542
292.84
266.209
511.231
314.503
487.444
635.698
565.45
369.965
303.594
290.381
457.16
257.946
391.79
437.479
417.603
259.852
250.03
240.92
369.871
306.498
529.57
526.885
438.368
266.388
182.606
267.732
501.086
360.069
474.796
444.161
429.665
270.435
258.455
334.279
472.28
324.827
457.575
442.704
304.053
319.247
262.751
292.394
440.912
499.692
542.325
434.632
283.017
258.459
300.514
462.354
550.375
427.225
442.746
387.48
280.968
231.219
222.471
401.426
445.526
603.948
533.448
363.943
267.864
244.015
277.738
564.104
572.863
497.35
483.379
384.63
241.807
210.28
217.289
459.105
505.395
340.701
485.389
496.852
277.359
264.318
314.524
330.411
458.746
480.05
570.461
521.199
299.002
296.643
279.44
438.248
562.446
578.361
574.063
430.043
218.379
219.471
301.441
536.007
596.027
