290.605
340.034
148.71
102.135
114.024
211.035
284.74
350.883
278.262
355.157
224.824
167.757
102.043
145.647
250.973
355.959
442.403
381.406
228.801
168.645
168.527
192.382
416.352
403.279
492.562
629.501
492.895
252.621
250.453
260.033
443.348
626.012
321.318
560.46
611.761
358.95
264.591
297.853
300.748
517.179
248.35
498.168
580.634
422.466
251.329
272.667
220.376
452.413
263.707
494.631
725.064
562.068
364.189
281.777
260.075
436.218
144.382
283.996
675.187
799.921
371.81
150.124
143.157
240.977
210.756
314.623
576.682
743.041
350.834
198.848
200.539
280.808
142.005
268.734
598.669
829.44
405.55
137.244
140.503
234.301
120.176
243.834
589.926
741.748
361.699
168.341
110.749
203.826
239.055
260.519
445.634
649.461
387.474
201.464
221.11
261.277
150.8
207.804
286.038
688.647
527.408
252.555
150.653
199.29
327.658
254.696
269.123
499.761
518.247
332.697
324.382
268.906
264.623
257.955
246.529
394.185
575.172
534.165
287.271
257.439
479.541
283.481
212.206
384.176
500.73
446.396
492.221
310.893
533.565
362.969
290.609
177.373
422.868
673.993
584.979
377.858
652.94
346.825
191.026
246.919
447.29
715.399
707.184
388.394
519.603
302.142
186.678
228.817
449.352
741.773
583.169
317.101
719.826
357.875
257.419
177.363
399.379
772.168
792.525
399.673
341.126
376.421
139.206
121.427
103.514
193.942
308.621
402.105
331.523
298.872
240.575
179.664
165.997
192.586
321.201
309.773
321.988
500.493
375.381
199.879
187.451
246.685
285.067
483.286
291.918
467.458
422.204
269.247
265.394
232.296
262.047
443.6
381.622
562.876
503.752
242.343
250.107
276.079
336.983
542.997
376.34
544.929
533.523
350.301
274.569
304.219
374.735
522.811
262.947
500.554
550.044
338.705
302.475
281.947
244.982
457.42
203.07
359.224
694.562
630.173
332.338
207.462
203.493
306.723
261.327
282.605
522.967
558.843
334.791
265.246
261.698
268.165
190.555
272.872
616.851
808.47
353.893
160.654
185.109
238.396
137.476
192.212
496.596
731.326
399.875
183.172
145.202
168.648
303.49
278.91
263.811
439.281
343.25
271.876
290.403
293.32
175.125
123.12
197.964
388.423
457.125
291.062
183.799
130.372
295.926
160.126
156.727
338.239
363.848
278.513
306.43
179.553
253.377
249.595
293.503
328.081
544.602
507.45
280.234
242.652
352.21
326.987
323.007
294.464
525.696
588.642
377.274
296.608
597.891
406.401
283.241
171.372
412.291
764.53
660.585
418.842
752.464
382.915
309.2
219.958
399.341
784.492
825.725
430.016
395.14
338.891
219.916
187.575
214.949
475.6
431.883
354.401
655.391
372.847
183.032
95.0411
281.784
725.212
714.147
390.108
579.522
528.204
213.194
75.328
96.5704
205.072
522.812
579.892
559.187
587.08
276.771
135.509
145.749
325.454
512.978
610.368
503.808
575.23
420.312
183.049
242.951
274.587
452.403
589.29
473.167
565.965
364.573
207.896
198.802
220.523
426.654
576.779
408.871
534.182
388.886
226.819
228.007
238.935
374.538
534.441
349.577
479.891
418.532
209.865
179.83
223.201
312.756
465.79
318.999
527.529
530.014
286.426
198.337
244.676
278.972
493.216
271.527
420.817
634.808
508.486
344.406
209.047
248.944
394.161
194.782
375.044
559.535
511.166
268.806
159.685
173.362
340.362
221.524
243.849
529.059
695.688
330.314
174.511
210.424
230.527
185.877
132.529
406.922
799.095
540.916
158.26
179.357
135.96
135.453
153.791
267.404
497.286
273.735
98.4317
128.049
147.377
188.116
125.123
215.764
425.426
374.463
273.08
194.832
136.71
365.646
306.053
306.376
352.676
456.57
305.241
344.126
330.051
356.854
214.579
166.427
182.609
373.081
525.486
396.283
221.648
507.982
270.346
291.786
171.04
399.733
546.608
529.489
274.471
631.517
347.63
234.715
245.3
399.025
746.616
688.099
366.507
630.663
351.431
169.18
155.287
378.074
780.183
694.897
368.685
529.978
321.904
184.231
120.389
231.847
547.729
585.249
341.417
845.961
421.617
195.659
158.327
280.703
753.676
907.82
480.317
611.23
568.139
255.78
126.932
125.928
250.082
558.144
602.563
634.743
620.249
259.602
120.178
142.504
224.129
568.733
666.234
528.45
626.409
343.463
150.523
149.288
357.459
479.494
640.467
392.94
623.998
457.844
172.828
254.478
339.958
349.557
607.168
421.003
582.825
374.265
230.42
222.199
308.213
385.606
579.971
451.126
633.02
486.04
258.202
205.006
318.166
406.95
625.825
448.405
607.89
504.817
352.609
233.461
212.996
399.418
605.833
275.266
420.685
454.016
343.157
233.179
189.725
247.782
396.609
298.638
449.201
546.858
400.971
336.492
250.96
273.927
430.817
234.576
330.631
570.58
659.894
309.171
182.691
229.417
306.939
179.281
228.803
434.337
550.612
298.008
199.046
186.693
204.971
138.083
174.964
428.527
730.876
422.444
128.026
137.294
157.799
150.911
151.724
287.391
590.378
529.084
235.848
152.966
140.336
356.491
355.41
196.706
296.398
404.539
447.831
372.121
369.29
315.372
287.794
281.945
297.425
442.152
482.022
343.414
294.887
534.672
363.103
216.251
221.48
379.028
674.275
586.757
387.128
657.48
353.058
303.17
201.939
429.647
745.376
724.583
386.442
611.234
415.147
192.404
202.995
335.27
692.24
670.195
465.103
832.083
447.231
215.167
171.29
339.327
766.634
878.409
487.112
575.312
450.189
210.022
130.418
298.581
711.671
632.82
460.117
539.423
568.207
224.932
134.875
152.491
275.244
481.822
609.793
621.598
685.913
289.739
141.835
168.215
367.931
577.013
728.915
561.19
665.634
417.059
161.915
189.858
245.386
499.85
691.485
697.626
675.952
337.679
148.714
159.638
316.811
640.5
711.198
384.755
469.683
423.567
236.358
181.697
214.961
348.61
461.824
418.495
572.159
436.91
212.636
168.63
218.464
374.509
568.432
351.444
493.258
421.822
221.069
215.281
208.95
310.265
481.374
335.861
487.796
548.039
476.721
270.41
243.23
309.732
471.757
265.85
401.903
487.294
353.964
226.504
236.683
260.472
368.368
235.581
225.832
516.806
705.075
461.871
227.352
226.721
208.667
145.635
190.19
367.351
485.893
268.58
148.871
148.325
172.225
144.104
170.477
472.81
832.737
522.46
148.95
138.524
163.663
167.903
177.481
244.032
553.774
481.048
247.725
166.36
174.006
392.349
236.119
258.423
293.42
407.341
445.71
417.513
251.091
379.917
230.539
354.903
404.198
382.573
465.966
412.64
233.156
531.528
290.765
272.638
267.612
496.197
649.532
579.575
314.561
602.12
297.851
252.261
237.625
441.729
781.745
669.667
307.441
507.152
513.133
287.204
217.417
254.907
469.125
474.252
538.154
535.573
303.352
177.539
182.517
298.855
612.519
585.52
315.768
780.867
395.29
168.453
124.751
252.626
686.502
842.381
455.384
759.269
530.784
222.973
169.491
154.984
286.655
717.804
602.497
429.635
606.518
405.686
195.383
217.748
298.39
382.411
595.375
508.797
636.594
338.391
123.655
134.067
264.623
453.03
647.38
605.726
687.951
405.104
195.717
212.684
250.587
541.263
722.677
491.949
572.881
384.461
259.573
212.122
367.064
457.627
581.366
421.458
572.62
525.01
310.657
272.002
336.621
389.911
562.268
515.873
566.797
471.926
346.154
194.597
265.093
476.615
578.429
327.787
332.157
371.107
410.844
315.299
181.769
307.774
333.278
217.214
370.421
633.095
688.882
373.837
255.442
218.633
326.01
250.978
277.808
401.298
488.825
253.952
211.815
245.014
262.137
128.483
253.458
474.175
483.647
261.212
128.82
121.969
224.783
185.359
142.466
431.562
754.41
464.016
154.481
184.373
142.85
187.627
155.661
232.644
363.408
460.818
355.833
205.835
151.42
325.432
292.742
308.87
249.072
535.289
663.369
369.026
267.436
582.777
334.344
266.731
221.251
367.183
577.173
619.842
380.641
547.051
513.978
314.441
284.269
364.594
637.687
579.713
528.055
701.937
352.291
222.304
140.81
323.971
701.052
768.119
402.436
812.734
385.257
184.874
136.816
221.078
657.457
869.063
446.675
578.654
304.069
220.931
180.533
308.263
612.412
637.899
335.976
660.644
344.539
200.568
185.722
384.906
690.443
716.164
391.898
587.607
697.091
377.83
213.194
212.219
399.919
540.083
712.347
485.664
565.36
369.266
162.998
201.953
245.553
433.887
577.911
772.125
719.242
361.592
156.867
181.811
318.953
708.151
770.488
589.063
582.674
280.434
108.208
106.335
230.229
535.579
624.071
360.552
448.341
420.878
288.942
235.229
294.831
360.892
433.162
361.52
445.701
348.059
264.992
251.98
281.846
345.021
446.859
410.051
483.606
502.888
359.286
226.907
253.866
377.219
465.376
279.017
434.861
521.544
419.255
302.38
222.605
246.808
419.903
381.271
449.005
561.718
433.978
358.54
316.084
372.645
431.931
263.858
272.589
423.769
412.444
281.19
243.751
271.31
262.806
166.229
252.937
443.025
464.037
273.918
145.253
151.847
233.561
148.754
155.438
261.848
505.793
386.498
200.639
151.248
146.36
193.181
146.931
214.068
492.666
480.804
319.139
199.365
152.654
356.829
307.023
342.848
362.357
417.87
538.448
392.805
299.815
421.949
294.81
237.552
231.731
323.71
552.842
465.02
307.589
548.573
487.431
263.869
196
252.424
548.679
585.109
517.572
779.35
375.741
244.047
156.783
352.343
711.792
826.055
423.272
674.881
283.427
162.354
181.343
247.94
508.954
698.857
337.695
583.318
388.497
173.51
196.393
250.347
616.173
627.99
411.03
513.43
336.644
240.346
198.983
266.311
582.825
555.233
344.843
539.255
624.046
352.253
160.862
156.914
301.186
489.54
638.422
582.627
682.286
354.665
135.25
159.083
331.124
525.166
701.763
653.248
642.702
301.621
127.101
124.217
269.65
592.125
696.901
438.122
488.979
341.544
272.202
202.902
364.554
416.761
498.869
303.365
417.519
420.868
308.675
201.498
290.215
291.52
399.243
337.631
500.655
477.035
275.311
171.157
201.762
299.524
484.153
268.96
326.104
329.171
275.715
240.683
166.869
249.047
326.084
303.853
369.226
314.096
297.62
232.529
231.53
284.012
368.236
322.889
450.53
550.358
567.214
365.289
176.539
288.51
437.446
173.594
205.646
379.809
444.215
266.563
196.706
173.134
192.763
278.096
274.733
517.856
582.872
380.786
193.609
264.309
264.015
198.168
169.489
290.854
425.48
465.658
298.789
203.092
166.152
278.596
366.26
452.993
516.205
428.85
309.3
275.264
358.703
373.186
243.884
245.99
246.548
379.746
513.082
409.776
248.432
559.066
378.941
185.134
153.726
296.58
642.693
607.902
388.649
593.676
293.933
247.788
154.502
343.778
582.129
635.201
326.316
557.837
445.503
291.684
255.256
435.79
682.592
603.029
457.848
722.268
285.118
176.143
299.557
281.158
589.318
767.054
345.217
618.77
304.482
182.7
125.195
256.254
610.643
657.665
334.748
659.657
270.31
178.529
238.948
290.886
614.862
704.373
316.478
660.187
636.164
320.307
193.387
162.865
229.399
598.373
685.402
833.155
626.804
288.9
282.986
220.16
402.639
790.684
687.864
650.477
613.931
263.529
148.909
121.197
215.266
586.904
671.838
532.538
645.952
416.02
253.135
183.277
235.529
477.098
656.687
367.2
513.798
340.346
251.356
209.83
228.176
328.473
509.862
385.657
562.502
457.206
253.865
240.386
326.886
354.032
547.083
243.024
340.177
344.759
272.547
235.225
187.453
225.528
324.104
433.972
423.817
396.627
350.699
255.223
349.881
419.207
438.621
310.345
385.336
471.844
363.151
262.025
210.004
300.505
371.434
227.041
204.643
339.348
324.703
251.613
182.001
220.802
205.512
152.307
186.769
346.182
638.602
412.349
202.972
161.285
173.042
288.785
242.453
330.932
427.017
531.586
442.194
317.001
242.038
426.239
240.803
263.97
283.447
358.816
402.241
437.189
268.548
443.972
298.913
239.843
324.728
465.958
580.562
482.028
310.001
697.7
376.484
304.703
227.584
328.287
567.007
738.557
402.907
435.632
280.448
191.323
200.748
241.469
510.14
477.193
299.163
716.122
330.503
166.633
165.664
254.984
626.373
764.73
387.121
564.815
255.044
218.445
294.643
339.182
552.066
612.047
298.083
729.418
396.997
210.07
271.698
322.848
709.549
797.228
450.077
657.682
329.558
201.548
157.996
285.469
612.246
712.79
376.963
755.908
683.338
307.601
132.183
126.958
276.746
691.176
748.8
645.037
649.38
287.261
91.1128
138.769
306.57
582.276
687.148
707.159
651.412
300.198
117.582
157.664
274.766
642.709
711.253
614.998
746.689
400.226
216.784
215.53
393.204
559.419
761.633
565.862
564.075
350.241
199.335
195.381
303.359
528.105
589.71
364.484
366.267
319.151
317.466
225.859
256.408
350.893
374.834
383.837
355.651
276.251
290.773
259.431
257.551
367.727
373.65
380.104
515.566
471.435
377.309
277.22
256.415
343.268
512.686
334.011
385.605
429.472
357.008
288.386
213.908
309.079
381.001
277.835
367.392
650.478
575.589
379.291
214.656
264.343
329.707
273.993
212.67
343.418
513.868
359.083
259.068
276.781
215.342
323.569
281.922
237.262
244.565
448.07
476.279
316.9
292.916
528.877
230.23
190.948
296.775
288.845
462.835
559.47
267.391
418.17
271.494
234.479
250.977
400.371
465.5
438.414
282.572
1031.32
369.494
177.048
267.622
235.999
608.533
1063.85
478.386
750.662
360.715
120.99
129.405
204.265
631.15
810.816
416.154
738.334
314.823
148.156
138.961
309.385
647.943
793.904
374.864
576.891
432.607
236.489
198.184
281.371
562.798
611.469
444.282
702.071
391.212
236.776
180.042
290.859
730.507
761.684
405.724
641.749
281.004
219.79
208.179
349.169
633.447
690.229
321.389
478.807
507.64
311.57
156.59
135.192
268.333
453.85
531.781
751.507
695.696
325.383
162.67
182.404
360.771
696.495
740.835
734.466
680.166
299.999
276.663
221.565
308.772
667.291
745.342
510.341
571.065
281.298
89.6584
131.497
282.64
462.766
592.591
439.798
569.338
494.647
231.572
297.998
259.164
394.652
549.444
496.714
566.49
380.039
368.31
268.83
367.982
478.932
576.5
377.866
406.677
403.948
294.644
159.544
254.685
355.883
407.652
460.333
530.117
484.342
360.93
344.39
357.078
443.506
527.742
548.265
703.751
588.307
418.619
312.594
368.444
505.767
701.895
284.672
428.447
571.426
416.196
410.5
279.864
276.74
398.808
319.161
305.386
229.362
298.411
256.485
224.1
317.739
307.419
407.931
273.516
308.483
312.228
464.416
556.019
449.435
281.379
856.524
390.314
139.104
103.397
207.909
550.598
878.46
474.781
686.958
276.4
115.167
190.646
181.028
458.328
720.559
336.353
921.85
316.93
117.861
166.701
221.4
574.635
955.433
414.215
811.806
392.283
215.617
280.058
284.917
701.109
874.492
450.212
614.817
245.871
195.861
246.547
265.849
536.568
661.957
294.133
629.534
305.921
231.383
272.349
275.761
547.067
665.266
340.86
710.403
396.563
227.9
216.754
336.074
693.642
757.316
417.689
484.357
226.118
205.53
183.861
233.94
440.235
523.032
225.701
464.676
500.117
303.223
165.253
171.099
242.059
432.473
510.672
534.158
626.862
370.368
192.12
188.855
324.164
487.699
642.207
755.956
644.741
326.927
189.271
127.919
264.221
698.357
707.614
638.742
599
294.472
172.879
185.291
323.106
593.757
632.897
651.604
607.976
381.83
409.771
355.16
283.904
597.654
657.039
448.832
506.219
407.013
251.439
200.935
250.812
413.669
509.008
292.712
431.149
383.493
357.334
252
219.449
266.531
422.709
568.185
645.846
529.389
239.265
210.496
207.896
513.792
653.516
503.99
669.674
649.837
390.231
322.084
366.967
454.463
630.458
558.914
516.456
348.313
369.947
216.712
315.532
535.352
537.792
354.767
283.384
252.356
349.106
258.661
292.425
366.104
288.806
689.271
276.183
194.461
158.794
200.52
340.751
698.036
348.72
737.986
362.22
127.395
159.806
149.016
397.187
745.187
437.892
959.295
365.084
172.415
208.182
170.344
480.474
968.533
476.789
971.784
400.852
187.441
168.65
206.267
565.085
995.282
492.037
711.781
311.037
218.83
246.204
279.559
637.626
768.555
360.234
562.955
271.526
230.1
256.351
425.427
669.096
622.266
294.305
798.078
379.955
227.134
248.271
306.87
638.484
834.144
436.774
538.854
325.428
323.059
203.003
393.991
646.711
593.048
346.564
687.813
377.344
205.68
287.134
355.215
396.685
676.709
446.617
384.224
509.526
394.169
290.982
216.593
293.478
351.176
506.379
494.631
606.97
393.979
159.074
181.792
275.409
446.567
610.147
593.991
592.857
273.519
180.411
151.62
261.454
537.992
642.301
661.767
379.359
285.221
217.439
236.656
324.043
653.989
432.164
457.576
662.124
546.684
368.866
360.947
350.477
415.32
650.091
440.839
604.025
383.106
216.954
216.954
355.968
414.914
598.87
525.024
628.535
529.508
326.064
249.815
364.022
511.992
620.422
441.928
543.027
394.143
315.387
324.587
446.244
425.812
546.254
431.019
461.226
390.408
417.198
370.486
460.417
437.864
464.453
374.271
472.577
292.995
224.396
220.386
303.911
357.03
475.159
412.074
465.021
264.216
365.114
226.214
274.682
377.048
482.908
621.347
391.767
193.379
247.667
276.252
242.327
581.182
458.967
788.002
454.995
210.039
164.51
216.748
379.649
769.999
536.53
640.127
369.185
167.829
250.242
215.69
297.097
621.173
437.086
719.952
328.909
169.435
175.133
239.378
623.507
774.564
382.228
753.19
432.997
255.851
186.214
362.266
770.014
806.545
451.033
654.146
336.232
171.933
222.833
323.091
690.053
700.461
367.778
609.498
339.642
251.496
297.553
356.617
669.503
667.743
361.619
462.479
318.649
303.654
303.618
440.886
598.608
505.718
330.216
601.223
341.344
204.962
134.3
349.16
668.385
649.288
378.69
244.53
416.394
412.775
209.913
166.555
214.454
234.376
386.227
421.215
533.893
381.373
161.904
193.686
257.237
374.833
535.74
607.711
573.644
265.619
163.166
185.533
283.861
552.99
625.525
426.304
399.347
254.723
202.366
159.793
181.141
402.824
420.192
568.358
561.894
436.663
289.113
260.747
234.215
525.811
581.964
363.962
505.266
381.184
477.793
400.692
323.15
333.165
503.427
475.752
351.259
311.216
311.341
221.937
279.484
472.013
372.505
294.879
405.575
321.678
156.593
230.865
206.948
273.672
392.432
383.461
430.851
267.76
159.058
274.111
296.948
384.694
435.95
489.471
451.542
246.586
229.902
215.466
342.47
483.732
476.018
571.449
539.949
220.44
220.034
169.767
245.26
516.328
588.818
598.487
341.763
219.969
199.205
183.116
203.344
571.583
408.957
788.921
491.563
156.718
73.0483
94.8248
288.408
752.499
578.426
681.431
345.387
197.062
258.772
213.208
314.282
667.938
418.357
848.601
317.732
176.998
206.156
187.365
441.506
863.46
408.626
733.417
394.788
205.407
211.108
354.9
742.605
785.42
428.93
543.029
370.346
428.368
316.023
495.047
744.372
605.749
355.662
482.767
294.828
235.146
251.194
293.601
570.979
527.836
303.131
628.857
304.536
178.446
243.395
471.328
667.594
682.248
355.845
697.445
361.177
211.555
209.959
344.412
653.615
735.306
397.858
353.332
518.225
466.658
322.564
273.222
258.448
317.738
506.545
442.075
614.384
415.076
249.407
226.04
244.241
392.603
610.997
443.075
640.304
434.142
263.044
216.22
234.222
387.682
634.217
395.77
407.378
248.99
268.351
219.505
306.466
373.85
421.854
452.139
434.879
311.825
223.758
240.578
216.64
418.424
452.622
526.392
539.751
308.858
246.396
304.131
295.91
482.258
570.185
439.618
558.979
368.616
336.595
266.721
382.787
411.534
562.455
391.646
429.85
339.382
393.191
245.149
230.665
375.69
432.132
522.837
480.069
449.226
342.417
283.386
242.031
492.018
496.336
546.065
546.057
357.179
275.925
272.706
265.785
505.82
567.953
550.21
448.182
276.847
201.671
221.437
247.457
515.895
488.42
606.452
439.828
243.924
289.514
192.682
288.968
582.61
493.686
559.58
355.977
137.275
178.859
161.225
285.975
540.214
411.17
642.082
435.652
162.188
167.362
230.571
325.493
611.495
503.428
561.446
336.061
147.264
175.011
313.65
591.151
609.223
367.904
539.354
366.39
209.618
169.675
376.47
656.915
594.59
393.477
647.726
419.084
227.426
157.208
348.869
790.365
711.326
427.398
539
386.664
160.635
198.916
330.823
576.529
580.754
435.046
474.069
296.432
226.431
265.048
413.077
621.611
524.323
302.788
500.924
315.225
266.725
177.831
412.053
649.286
548.302
335.563
411.902
535.068
519.682
332.289
252.801
302.789
411.402
514.741
260.72
475.107
447.436
282.454
196.721
198.876
230.334
446.016
377.29
573.28
410.593
178.756
222.38
303.86
348.071
552.196
474.43
534.951
309.555
168.789
224.403
276.223
433.092
550.425
575.29
565.784
363.778
334.301
261.807
242.014
519.25
608.718
457.27
670.06
516.267
228.477
267.33
305.218
405.711
657.215
341.111
507.323
455.437
377.627
342.24
330.585
338.285
490.034
235.509
255.688
340.816
382.347
260.97
235.547
239.547
243.293
489.051
682.907
481.061
307.07
225.791
304.283
439.326
681.851
415.215
457.825
414.024
305.747
255.015
202.102
380.755
468.719
484.073
489.58
317.039
351.686
229.726
193.233
440.037
518.031
507.075
514.646
371.288
234.13
286.091
224.621
463.469
539.433
508.5
411.107
172.858
188.469
111.595
215.805
475.472
462.743
515.883
377.604
188.494
321.87
251.589
275.001
481.571
421.199
600.721
355.912
186.65
147.44
206.006
425.438
615.71
400.038
443.851
327.958
237.231
274.487
456.903
759.259
511.254
326.484
483.415
425.627
399.482
259.617
500.659
717.974
509.87
437.505
509.732
384.764
263.407
311.404
545.571
770.55
570.142
394.729
460.95
287.043
239.028
175.472
474.378
662.205
507.518
312.668
482.485
305.383
288.635
247.475
510.461
683.229
529.604
315.736
412.511
451.062
460.64
332.666
203.271
286.797
404.344
425.628
418.519
399.348
421.649
305.087
269.048
314.522
426.026
391.946
454.585
636.932
512.742
215.045
204.995
293.389
412.873
625.257
498.3
563.961
427.358
188.254
192.609
244.689
449.409
576.893
522.163
511.551
404.235
296.783
263.721
231.169
484.873
529.962
485.262
667.397
653.825
474.091
292.544
298.569
437.017
658.305
288.75
421.051
455.67
389.148
209.988
193.425
261.992
401.245
406.205
504.885
591.731
452.257
395.342
254.897
386.549
493.194
383.653
632.169
586.368
315.821
273.776
338.247
355.984
601.204
352.755
579.55
539.632
277.658
202.646
268.192
321.918
549.791
575.174
519.502
266.815
244.033
243.395
321.634
534.927
566.745
481.054
459.04
247.751
253.117
266.506
260.999
448.557
485.414
447.966
502.334
442.61
335.536
287.53
375.247
415.235
507.378
402.176
472.539
269.465
175.644
171.7
287
367.742
483.848
340.382
175.405
257.706
275.927
491.889
440.854
368.942
188.024
462.104
309.473
320.08
338.564
443.118
675.546
520.749
315.564
446.846
398.254
387.832
198.141
549.526
740.869
475.488
397.509
394.346
378.779
197.837
306.623
520.734
665.202
428.335
396.491
489.792
279.299
273.606
264.863
287.819
470.683
525.879
304.08
573.258
327.608
282.945
310.444
480.962
576.852
608.196
369.068
286.005
275.72
382.557
391.017
203.226
204.457
292.324
260.73
379.732
411.329
386.58
252.039
172.039
325.272
380.541
415.385
356.226
588.362
518.492
324.547
225.267
315.795
338.611
563.57
367.519
522.447
567.649
485.101
355.401
256.529
333.693
508.401
596.279
590.13
335.007
174.779
172.114
296.517
547.758
624.411
250.592
348.896
545.146
587.744
311.352
142.843
229.96
328.532
543.742
686.303
600.909
419.667
299.69
302.187
493.476
688.742
290.239
645.835
698.082
347.948
332.194
383.569
258.83
572.358
469.07
604.485
557.785
327.521
166.537
231.423
432.108
590.305
401.586
476.901
409.015
289.028
266.052
398.284
381.697
482.926
334.776
436.683
439.135
319.486
250.779
277.4
312.893
430.704
461.981
502.724
381.185
269.925
186.365
241.091
432.634
503.529
328.376
578.55
635.482
404.179
248.26
277.068
305.883
524.28
362.731
533.112
494.827
300.907
234.653
239.678
326.196
510.057
261.309
244.201
346.506
512.713
400.747
237.207
253.66
245.007
278.759
268.754
435.232
467.659
540.828
300.686
264.948
276.457
285.116
249.194
217.75
370.62
499.638
413.892
290.528
257.345
353.065
282.059
313.877
389.649
613.581
655.993
405.893
272.455
361.043
298.87
315.14
379.653
532.339
443.285
385.969
301.632
373.33
278.756
312.9
239.477
517.286
615.532
412.361
244.299
259.373
295.005
304.189
226.346
131.708
208.87
250.293
286.323
624.56
519.27
394.135
310.622
225.012
256.984
590.889
555.307
465.084
457.029
510.378
474.026
299.895
285.143
442.421
450.876
296.184
423.739
589.91
606.296
331.717
258.409
292.414
403.636
336.482
459.353
639.164
501.591
383.141
247.408
316.251
437.657
343.026
495.476
547.079
516.315
286.013
270.068
322.974
471.306
365.297
603.902
646.706
451.25
329.24
321.182
339.502
560.631
386.496
638.254
578.917
332.425
206.728
295.206
350.921
611.354
423.546
633.228
629.433
427.688
360.267
303.643
389.998
614.393
411.173
573.044
552.841
390.323
235.092
299.892
385.434
554.648
327.516
569.167
561.522
298.099
258.536
248.28
290.183
528.346
271.251
470.954
583.858
430.373
259.774
221.324
254.537
437.679
332.049
584.083
573.974
331.987
247.292
263.733
300.665
543.495
428.607
533.864
583.248
440.173
267.916
216.061
388.299
526.225
191.031
274.403
467.23
665.287
344.304
152.281
178.105
262.124
227.799
274.942
440.365
435.134
310.47
229.745
215.813
257.209
136.786
218.455
358.108
593.191
587.42
280.963
139.565
191.998
367.257
260.47
283.937
466.303
588.546
509.025
401.09
271.691
312.001
166.722
310.724
341.84
572.288
524.854
347.271
166.229
289.971
306.923
269.614
297.545
477.012
520.405
296.611
302.045
342.105
350.542
333.327
351.554
235.218
187.608
319.154
357.218
397.755
379.553
385.293
292.87
235.65
183.362
367.921
398.149
280.415
369.81
490.987
546.325
277.597
262.39
285.436
337.873
235.277
455.586
670.13
584.06
338.982
220.365
219.552
414.316
262.903
348.824
458.143
435.04
265.897
215.817
246.052
331.793
255.875
427.163
629.751
534.825
393.547
253.468
236.346
389.337
352.083
510.605
598.914
498.937
287.72
307.704
337.006
493.587
523.593
521.119
385.185
393.081
301.654
284.799
493.784
535.622
290.446
330.115
625.32
591.618
456.441
254.459
274.555
309.638
293.135
642.311
707.876
399.309
310.043
359.093
259.293
573.249
382.67
602.904
663.173
465.558
331.695
251.65
347.46
576.968
248.229
551.618
637.582
466.83
256.061
339.466
227.232
491.738
302.423
508.695
519.672
335.969
287.904
294.419
270.863
481.545
350.104
533.582
788.065
677.239
497.781
241.381
315.944
497.781
232.598
377.566
624.753
621.049
346.727
245.533
223.134
344.915
250.166
220.047
398.927
665.723
394.172
163.346
242.168
235.724
244.945
233.63
280.933
449.678
269.543
186.335
249.475
232.714
360.437
277.531
237.469
292.646
436.845
366.421
352.739
293.058
315.119
231.825
284.472
378.202
641.662
550.388
352.592
235.002
376.746
402.015
408.482
440.494
713.34
723.765
393.296
384.914
