375.224
435.89
197.121
107.748
176.432
212.227
332.2
456.836
522.551
382.059
301.365
314.896
279.222
229.396
493.588
420.017
604.604
521.538
303.293
169.052
182.789
243.569
561.246
569.62
397.175
635.376
530.014
318.277
263.014
316.323
362.663
615.465
417.136
596.273
525.887
313.674
254.428
388.625
423.102
575.41
355.86
568.147
761.283
564.152
384.021
291.225
338.363
534.288
295.769
453.475
700.794
684.039
320.551
226.59
283.542
402.591
250.649
334.813
647.78
708.856
356.508
261.964
250.113
292.336
157.919
276.163
661.726
801.383
415.924
145.647
146.398
243.439
103.44
248.957
605.783
857.438
421
141.35
97.7528
210.58
160.021
268.304
580.307
748.466
338.96
153.009
156.247
232.536
157.697
203.167
390.693
674.968
437.722
194.874
155.361
197.964
286.022
230.848
296.712
575.654
522.315
241.965
281.733
241.29
380.084
251.816
342.25
579.252
630.734
391.329
367.722
268.772
283.852
238.223
252.207
304.955
486.421
499.925
305.558
239.004
379.653
226.267
209.031
240
436.782
499.703
414.409
237.61
507.711
390.143
311.223
217.133
513.145
754.921
563.307
403.174
831.815
392.078
261.175
215.094
307.311
569.348
842.593
461.452
722.721
419.433
270.217
296.042
353.44
708.656
786.737
466.151
758.978
434.235
271.349
212.385
380.995
783.468
828.809
492.598
388.822
398.134
160.892
159.945
132.706
186.443
347.757
432.213
433.762
637.03
558.944
360.262
241.511
291.101
392.763
623.662
402.619
539.851
362.324
194.572
170.06
233.771
355.404
539.51
325.269
544.284
525.466
348.013
272.059
281.281
297.334
517.086
454.324
713
579.289
349.246
271.728
279.868
397.904
695.003
351.001
551.238
668.377
439.317
313.549
253.33
346.892
519.798
265.931
515.026
623.131
476.631
293.365
274.819
244.227
463.279
241.024
274.088
500.126
534.377
387.209
262.559
252.835
245.907
188.486
297.932
636.854
754.743
341.215
216.941
193.382
252.601
109.882
233.445
566.925
817.692
419.154
139.704
107.596
196.217
190.432
225.928
372.411
610.033
357.243
183.824
183.615
220.022
157.153
212.008
362.843
373.571
415.308
256.458
156.027
192.309
237.468
222.591
222.623
466.099
507.995
366.403
240.97
216.224
143.866
138.114
222.982
447.141
460.666
256.867
152.465
131.598
363.143
319.717
265.747
312.046
515.107
542.973
383.94
338.84
402.578
325.906
266.307
244.298
486.319
652.01
435.247
333.55
561.073
374.098
246.196
231.432
328.166
726.288
623.026
381.159
686.04
474.275
236.05
202.773
415.715
902.139
765.073
486.405
486.933
241.179
202.989
108.105
228.15
558.914
545.849
259.41
708.509
415.609
237.067
153.558
311.074
778.016
772.301
430.453
594.648
529.917
166.645
106.118
134.555
242.887
538.353
588.482
584.645
614.083
334.891
189.993
185.528
268.887
529.45
650.806
521.678
691.395
366.538
116.687
201.166
334.713
463.74
696.032
422.946
630.232
530.22
204.59
227.029
295.231
386.216
606.217
394.424
614.37
468.606
275.739
182.946
296.208
366.024
596.969
343.219
585.328
518.805
284.95
226.466
258.533
307.951
557.227
410.779
563.77
527.548
283.596
190.355
219.989
365.796
542.511
242.175
394.205
602.542
524.77
371.901
211.181
219.089
368.637
188.661
375.658
661.387
587.41
422.914
221.888
177.899
329.865
244.153
261.679
458.308
533.299
271.834
156.963
239.82
242.146
169.484
194.253
381.504
670.008
402.215
155.507
169.734
183.158
163.935
142.803
314.432
449.648
288.872
231.957
179.846
131.34
225.768
185.532
205.693
370.039
500.065
372.831
227.682
189.637
267.418
155.246
248.886
318.445
525.601
423.447
290.948
154.872
403.678
207.378
160.496
208.912
397.938
535.148
439.03
230.635
611.523
383.416
250.473
252.708
474.071
736.72
673.314
429.602
581.289
383.104
306.008
220.122
373.564
693.703
640.511
416.724
596.085
452.715
288.3
200.534
426.977
852.546
670.593
459.196
584.026
378.135
273.317
253.249
250.033
310.359
583.265
427.881
905.336
435.509
238.663
237.611
412.191
857.925
985.413
503.618
674.042
656.17
258.17
86.3114
158.487
312.079
611.821
714.15
600.494
653.666
326.423
252.289
213.98
262.207
533.247
694.617
622.891
696.391
343.391
163.345
230.59
386.307
578.449
732.839
543.474
780.85
462.605
190.61
202.344
448.548
493.042
775.6
506.594
627.861
433.764
170.301
210.749
348.837
463.411
627.747
425.271
543.502
471.25
253.603
215.369
255.179
387.15
538.383
531.477
647.577
532.312
357.101
245.025
327.632
488.471
652.437
326.208
516.197
516.049
290.143
237.067
273.144
295.248
478.969
275.473
414.779
568.632
438.229
353.307
179.808
249.141
396.091
235.167
365.827
613.846
611.018
321.385
280.895
248.471
323.391
169.805
194.858
495.095
814.377
458.35
154.419
166.361
183.76
127.714
153.889
328.138
753.255
434.704
218.84
135.007
138.042
200.331
175.254
264.164
581.23
474.498
292.087
198.648
174.212
340.934
234.755
367.28
386.824
580.672
539.887
380.116
245.016
400.478
291.441
282.379
288.911
319.939
556.633
445.69
288.714
536.093
405.089
227.487
233.813
450.169
784.77
600.573
414.777
660.366
355.623
247.221
156.359
407.717
770.689
722.393
367.415
703.739
435.967
285.664
178.383
370.71
718.607
758.999
453.615
689.431
310.271
220.113
198.959
378.18
700.002
750.226
362.413
622.245
360.807
239.292
210.378
365.054
729.962
683.542
371.37
545.09
537.277
252.799
146.407
165.099
268.429
490.832
569.849
578.441
651.662
345.041
202.842
207.094
316.208
522.076
666.606
537.707
739.754
411.664
179.914
165.443
366.876
479.605
742.64
656.169
709.255
365.671
177.96
178.009
308.839
589.877
754.864
457.372
589.803
464.652
250.125
241.048
298.63
419.06
589.454
391.272
572.681
511.121
316.013
286.65
268.688
350.192
556.216
292.667
540.532
528.024
239.441
235.709
279.588
256.132
494.592
325.472
438.81
459.529
435.05
325.042
214.834
297.641
432.088
211.287
282.331
515.617
607.852
423.659
262.908
211.038
257.421
190.137
247.529
565.499
666.43
319.54
199.292
199.332
207.121
214.292
182.025
491.613
758.302
394.948
182.487
214.233
176.16
181.686
159.748
279.633
621.255
504.421
248.858
187.422
157.313
249.22
212.687
379.219
499.89
544.631
340.56
249.458
212.906
427.73
264.554
219.516
262.751
319.721
439.911
454.26
284.775
600.896
316.156
193.162
197.202
392.996
622.408
645.441
353.237
580.473
414.853
350.725
177.304
363.304
615.256
612.04
425.366
681.193
425.343
277.593
267.072
407.94
808.874
744.983
442.029
661.201
347.675
196.942
198.074
256.517
488.939
678.006
387.997
655.745
302.145
154.651
229.718
323.707
599.196
697.832
344.51
828.855
363.697
184.102
124.091
237.828
674.688
869.54
416.881
578.273
483.244
275.549
200.52
189.933
330.682
568.796
515.538
635.336
712.942
392.838
165.279
204.134
338.322
573.957
747.77
618.471
757.901
482.07
205.277
192.745
333.099
558.726
766.986
615.861
682.262
378.542
238.281
187.737
283.356
551.556
708.994
399.897
663.558
528.351
236.283
234.941
248.372
351.554
638.114
380.719
625.687
557.419
298.765
293.049
278.957
339.958
598.913
369.788
466.786
340.7
227.692
161.091
254.609
340.011
469.733
270.168
431.643
581.196
464.715
259.677
192.25
242.624
398.715
262.704
342.931
527.667
557.494
452.497
350.249
273.916
301.883
149.486
231.627
503.942
514.817
353.266
182.701
142.657
197.487
92.3403
168.811
537.342
803.445
422.536
144.906
90.6236
139.888
164.26
168.419
268.911
573.841
412.732
196.804
159.916
170.679
273.319
175.87
218.243
318.064
379.184
394.287
302.659
178.601
482.081
386.848
191.584
216.037
436.266
662.358
530.945
403.292
530.651
374.723
227.62
257.707
452.717
697.133
581.555
392.226
761.52
352.244
300.355
216.21
402.984
655.488
791.743
400.971
747.48
370.03
183.145
190.955
373.827
783.735
800.525
411.47
781.564
422.818
180.086
129.013
352.733
814.153
850.161
472.751
704.043
337.397
200.968
150.922
261.203
656.971
753.28
358.963
740.123
365.947
221.138
210.093
294.793
671.326
798.335
419.386
763.297
772.063
329.622
83.8866
171.65
362.26
689.009
828.808
606.101
720.682
367.414
146.828
165.124
330.584
544.195
740.082
639.5
662.273
423.923
225.117
244.096
277.077
578.257
698.852
412.982
412.024
256.149
151.632
166.243
250.277
392.219
426.359
378.292
530.216
496.269
347.39
225.212
261.718
342.601
521.969
300.285
471.086
430.885
333.031
323.348
262.926
270.051
451.773
476.497
482.779
462.683
382.57
198.123
222.87
447.454
487.916
273.455
381.778
485.74
473.388
346.639
210.382
250.543
361.94
375.643
469.659
619.737
529.875
390.237
336.751
356.719
451.506
192.952
299.228
453.933
460.795
242.289
153.009
178.649
279.24
161.189
221.253
497.762
764.27
418.792
166.167
165.963
194.298
186.919
168.78
262.74
564.283
466.209
256.202
191.592
170.676
278.367
204.003
172.205
291.819
421.405
430.398
301.854
208.274
406.179
322.716
141.923
191.113
305.471
532.32
436.098
356.328
615.355
284.771
227.459
178.408
307.4
581.375
665.021
327.689
653.122
374.713
263.602
204.737
319.381
598.138
681.536
401.788
693.64
432.908
225.918
173.096
298.392
642.913
735.686
493.142
590.196
328.446
208.346
242.06
224.361
523.196
635.543
361.757
684.729
346.538
266.481
247.79
268.855
569.69
727.403
396.112
535.917
327.264
211.811
249.417
260.395
540.433
582.873
355.117
677.924
751.198
408.677
208.3
227.317
324.512
609.923
794.32
679.854
697.458
419.71
206.827
254.033
396.84
628.407
723.54
718.112
690.589
307.898
168.648
123.468
255.918
649.959
749.149
531.068
596.827
393.306
239.559
268.857
253.263
483.019
612.172
311.079
483.158
518.65
364.939
225.714
213.151
280.04
451.509
343.136
473.836
486.366
343.525
321.938
317.042
324.715
456.272
292.22
489.291
452.335
273.721
178.073
261.438
260.884
466.024
249.174
473.358
708.363
517.608
445.524
250.2
232.221
415.674
265.325
318.173
432.638
467.723
276.392
238.231
256.06
309.655
205.461
190.588
275.616
307.353
168.97
167.725
207.589
175.814
326.439
233.226
353.951
761.707
444.831
210.954
316.765
258.35
298.611
238.577
299.142
411.16
475.467
354.597
312.279
237.773
484.443
469.706
344.827
400.023
442.054
454.069
508.98
463.419
583.275
441.196
218.893
283.011
376.398
643.698
623.864
454.99
588.463
305.265
160.706
268.077
382.635
602.39
630.709
343.897
616.526
426.026
293.385
163.475
371.164
689.017
668.027
441.135
633.909
451.845
227.673
209.582
316.045
659.911
679.972
500.727
625.332
319.167
204.896
127.015
272.215
636.513
676.952
333.003
773.01
401.83
197.201
168.008
262.678
676.041
829.776
455.718
719.099
346.909
238.94
174.819
312.489
715.398
770.283
371.495
735.534
698.982
337.212
273.398
183.904
308.397
671.579
762.354
827.355
791.833
374.208
149.167
152.293
344.74
755.893
839.423
679.112
641.718
332.07
148.492
175.301
319.366
629.256
677.223
609.953
643.366
454.835
290.957
257.718
326.808
565.413
664.002
420.59
570.258
392.112
299.011
290.831
417.794
413.155
565.877
329.432
428.923
508.584
363.774
229.459
166.86
299.226
413.99
379.403
525.125
367.29
325.576
261.771
335.964
349.716
523.224
371.365
436.784
482.271
372.124
257.733
269.244
356.79
421.549
379.191
430.555
349.325
347.391
207.703
268.184
368.605
431.241
215.621
275.349
351.699
462.185
287.106
302.906
232.847
256.336
147.419
155.722
310.237
598.827
548.36
256.455
155.022
140.956
301.453
238.207
263.072
442.364
570.649
440.191
320.28
247.498
536.468
281.446
226.13
206.509
358.272
574.963
578.507
309.968
608.387
359.192
226.494
245.103
436.993
652.762
656.878
379.464
541.483
302.413
310.69
266.428
308.66
398.939
561.687
315.055
596.745
308.933
235.307
243.78
337.768
600.174
648.205
339.626
704.498
384.519
268.341
240.71
302.62
696.906
760.787
421.341
680.803
390.842
212.303
182.436
330.937
699.036
733.397
413.867
611.176
328.686
237.808
232.07
385.722
770.862
675.674
328.116
756.743
335.674
185.478
137.986
277.343
659.475
798.088
384.715
766.367
729.994
383.299
248.735
213.87
308.34
697.226
788.099
727.466
738.03
390.636
177.148
219.671
401.51
671.392
770.894
758.861
725.417
394.337
231.227
149.241
273.497
693.139
776.018
628.05
772.535
442.312
217.709
163.948
361.727
564.855
786.405
478.345
541.138
374.055
279.808
208.548
236.425
433.517
554.748
419.784
580.808
511.28
337.669
276.411
308.274
381.922
571.661
228.07
385.554
404.546
251.544
210.328
229.893
218.41
358.319
432.175
527.761
450.95
385.99
340.508
284.926
395.279
529.967
394.174
592.715
706.58
509.971
372.803
261.335
369.614
568.284
186.73
316.298
560.316
587.178
340.912
285.544
186.677
279.027
535.856
365.629
175.642
330.816
347.331
397.632
540.512
399.319
439.503
331.924
312.884
318.948
555.738
575.906
446.926
338.941
694.722
298.417
155.001
275.076
264.657
489.328
726.726
366.389
566.644
315.158
311.789
197.372
373.514
622.934
619.021
339.796
962.927
416.199
171.507
143.176
154.484
524.73
993.245
489.176
932.956
414.495
189.399
115.287
267.361
734.614
972.621
485.289
736.802
330.778
170.516
153.268
280.336
629.394
777.149
377.396
465.96
385.179
253.883
186.058
295.977
490.718
500.879
388.524
720.805
450.276
214.85
310.603
345.041
702.486
781.403
507.376
674.443
357.669
187.667
180.004
252.584
597.697
723.319
403.764
623.676
708.037
331.399
204.148
143.535
367.19
572.418
744.189
755.676
685.732
342.401
158.37
200.966
261.467
692.249
735.665
758.446
621.085
275.671
301.498
234.864
275.164
697.572
692.837
586.211
635.351
327.882
170.189
166.173
339.516
532.456
662.966
526.117
500.792
395.718
250.436
198.98
240.926
494.164
517.804
392.002
407.28
474.47
509.928
465.836
330.145
387.987
392.086
276.242
391.222
563.708
603.309
305.83
177.902
251.212
369.841
585.927
757.772
536.356
363.64
258.477
457.321
558.756
756.605
568.136
722.66
594.862
411.234
406.11
395.465
515.857
724.524
334.475
337.621
327.807
288.929
215.28
217.266
325.97
342.1
268.088
308.148
402.182
407.46
321.444
315.432
279.75
290.018
757.257
347.013
187.619
151.236
323.221
608.606
794.143
416.594
889.371
364.243
175.858
136.57
171.778
446.723
898.07
460.949
790.749
312.291
119.478
184.781
172.235
452.572
815.136
390.881
887.753
327.472
243.456
269.103
277.067
568.508
919.491
417.029
1033.29
422.672
204.756
126.338
258.109
711.512
1064.97
504.588
624.881
393.054
255.576
214.424
335.651
606.021
659.974
409.532
614.993
333.972
288.519
205.849
348.985
623.683
665.883
375.951
835.974
346.339
181.515
192.808
235.879
616.872
878.128
427.089
578.395
329.036
161.184
204.116
263.374
488.888
622.773
369.347
563.987
646.331
373.919
181.973
226.496
391.149
524.207
658.596
711.038
599.113
295.611
132.415
177.808
336.356
667.514
641.986
704.344
638.359
323.62
180.861
156.55
276.911
646.712
693.086
846.665
762.57
344.045
218.292
183.497
304.756
774.777
829.904
631.164
605.162
368.341
354.767
259.193
294.805
581.141
648.022
281.719
356.893
555.65
522.9
400.09
236.173
267.818
339.823
400.448
535.932
493.492
335.022
365.165
350.976
369.597
521.887
528.07
563.126
447.219
305.024
281.113
283.725
491.525
572.783
573.841
567.711
445.446
377.812
271.248
301.448
542.903
584.391
451.651
521.067
361.773
336.22
269.111
314.107
416.616
533.316
393.415
333.269
232.491
246.862
200.195
412.305
423.819
346.034
594.872
326.78
171.192
168.856
149.908
362.821
604.16
377.052
816.822
394.447
173.084
198.62
170.36
392.888
814.842
478.841
973.969
368.911
139.542
171.579
159.535
481.026
988.68
479.517
1072.93
463.122
219.559
161.011
282.899
716.801
1106.43
553.546
764.561
416.596
245.066
204.254
285.468
711.112
813.715
453.945
557.692
348.372
265.988
266.75
353.021
689.338
614.452
369.797
615.996
303.079
211.966
306.746
455.119
700.714
678.34
341.327
474.147
218.423
269.81
330.837
401.166
573.118
518.621
236.821
705.129
340.95
181.371
307.687
282.585
497.313
728.237
413.442
499.731
585.431
387.785
238.058
237.352
255.275
451.581
598.849
539.472
538.859
375.429
207.411
199.981
283.732
512.857
563.503
633.245
561.346
295.693
228.215
176.986
260.079
584.022
611.606
560.894
470.623
499.996
334.318
261.985
310.189
543.74
487.869
481.326
591.48
433.836
388.222
232.736
273.863
437.505
599.015
341.848
401.761
354.859
389.676
314.267
214.049
311.176
404.162
469.244
602.895
613.913
420.122
452.037
430.861
453.272
581.131
460.967
643.558
346.96
261.248
218.437
366.312
421.37
646.696
585.002
401.915
300.133
308.013
274.092
385.097
591.769
430.84
361.848
395.847
354.055
281.202
310.541
246.1
348.07
397.964
565.123
464.326
191.099
278.376
187.813
212.637
517.327
519.982
722.438
483.352
180.9
120.153
163.366
321.388
697.288
556.997
702.473
409.674
152.937
186.544
203.991
316.36
687.537
483.132
481.419
283.217
174.404
209.126
283.239
259.396
474.756
329.559
834.391
367.368
240.358
222.787
284.049
686.046
876.843
411.801
724.102
416.804
201.183
227.794
425.917
800.177
794.995
465.177
770.009
380.754
185.979
168.099
333.881
697.716
826.201
443.171
599.368
433.942
233.574
232.725
424.842
690.867
646.005
451.482
478.821
276.372
248.722
292.542
438.006
571.162
519.25
297.677
587.16
369.778
392.389
258.297
528.17
784.361
649.228
380.842
397.778
545.418
450.746
224.335
173.193
227.145
359.305
533.782
338.928
329.737
355.644
236.06
225.712
288.338
334.032
314.195
347.002
358.571
326.052
291.955
229.133
199.358
324.632
364.763
511.948
479.179
329.729
211.192
184.01
265.338
481.307
495.882
427.713
401.755
352.37
293.868
204.855
245.117
401.964
418.201
438.792
559.079
371.169
389.346
285.573
439.414
444.277
554.179
267.549
337.64
439.387
300.398
246.897
196.266
248.98
322.032
379.012
343.849
266.118
230.274
209.897
231.94
366.203
360.49
368.391
538.381
351.919
334.075
228.745
311.644
345.443
528.627
466.629
502.691
422.472
346.377
336.061
348.013
438.8
498.317
606.057
448.572
221.896
193.873
159.748
277.536
575.764
504.103
734.642
469.364
268.541
233.313
152.348
243.796
701.36
532.964
668.4
390.131
194.219
166.393
157.701
330.045
656.437
449.955
682.026
326.557
183.61
223.753
288.244
385.025
689.487
396.734
786.54
347.472
247.411
225.085
267.99
548.07
821.411
417.154
629.31
310.827
215.326
195.49
398.082
760.444
697.559
336.511
542.053
349.64
220.347
222.201
375.963
676.425
594.904
361.687
492.186
358.379
288.361
257.409
488.844
610.99
526.848
386.416
453.385
298.97
251.471
251.226
459.844
690.898
509.257
297.749
608.23
403.583
300.233
259.238
525.569
769.972
662.897
412.113
397.972
528.726
538.142
360.556
284.232
307.609
400.894
515.5
533.046
525.504
405.423
272.287
265.878
262.975
502.696
543.16
551.193
631.215
428.459
257.481
205.701
359.01
523.053
657.248
613.971
637.212
376.105
256.763
184.37
307.577
559.317
663.049
416.446
449.724
347.825
367.572
345.714
221.327
380.557
463.854
390.976
469.853
371.412
292.282
234.96
249.561
358.614
475.619
382.646
371.778
333.524
237.105
260.291
260.453
368.319
371.937
318.166
426.146
491.871
388.728
322.846
172.559
289.304
418.223
560.543
745.507
665.164
367.002
338.297
371.878
505.588
719.953
602.436
638.199
328.375
209.229
211.33
297.77
544.708
663.307
641.779
549.392
220.936
224.53
183.248
246.555
588.573
611.262
592.861
504.549
211.736
207.3
226.255
246.328
545.458
563.457
565.504
370.212
178.709
153.675
172.645
218.47
528.658
429.008
609.549
477.461
155.6
213.748
220.262
382.874
579.497
543.675
573.69
336.731
264.028
159.713
502.369
778.978
638.903
365
492.891
425.416
256.209
289.209
382.42
655.998
540.428
430.628
625.524
399.962
267.105
210.04
449.235
742.86
685.917
444.055
592.802
464.819
257.237
293.178
400.509
801.347
657.622
474.949
417.707
276.458
166.876
207.815
403.85
592.495
463.397
293.714
471.358
303.707
272.135
219.637
444.354
654.226
524.01
312.095
396.955
432.341
446.116
347.511
214.37
402.541
406.18
423.55
482.514
438.653
424.614
277.817
183.112
236.918
468.508
435.2
557.159
623.314
401.096
231.116
180.61
301.039
507.316
639.849
401.67
378.629
285.269
199.385
189.379
220.083
380.604
394.096
564.683
603.283
430.27
286.087
264.022
328.831
523.716
620.372
398.923
542.352
551.049
375.245
411.506
399.646
373.712
517.435
418.811
599.157
438.869
300.723
206.213
364.655
406.12
586.916
416.018
630.627
584.145
427.544
234.309
306.236
395.602
607.718
535.88
757.36
545.396
337.693
347.631
439.943
491.49
750.236
440.06
577.909
432.529
283.167
258.016
379.134
410.259
577.665
486.456
522.437
364.26
253.067
333.666
287.615
446.943
533.752
463.027
492.954
399.394
347.362
244.129
270.672
431.846
503.793
402.016
280.426
193.877
160.02
189.975
198.496
388.405
313.393
501.58
312.867
294.414
262.445
266.26
216.917
482.621
347.077
533.766
324.66
296.512
279
364.167
477.355
531.171
374.972
534.616
347.024
318.056
288.043
527.989
776.651
599.102
358.386
499.163
436.218
231.094
219.834
516.399
738.924
526.062
467.159
523.782
413.121
269.987
318.035
582.743
761.893
576.809
425.445
468.151
337.449
350.843
213.39
514.221
711.656
520.698
308.939
453.505
313.195
263.102
289.186
537.956
668.926
502.492
327.358
439.556
412.83
478.523
326.157
274.099
306.422
445.206
391.116
377.931
426.068
429.82
330.824
234.364
432.614
389.199
405.382
495.635
649.639
539.619
307.258
176.492
254.697
444.862
649.938
514.777
662.486
529.964
226.698
178.366
231.353
458.149
662.287
609.798
700.149
456.029
271.96
362.385
367.893
548.909
719.973
453.913
775.075
709.568
489.711
359.914
300.832
392.686
743.764
297.854
508.786
607.091
467.741
238.406
243.334
272.441
472.834
493.349
612.755
545.969
411.705
244.306
282.054
451.687
608.76
441.425
543.755
541.125
388.406
317.549
271.976
401.306
538.557
429.136
556.133
484.676
284.848
204.766
276.762
392.571
542.716
491.44
576.729
396.154
330.355
339.077
301.949
450.511
590.055
592.203
641.482
350.06
325.348
241.687
302.653
536.983
676.554
419.314
594.237
551.493
315.432
224.494
244.476
375.454
581.787
420.589
469.015
291.887
229.879
143.878
219.739
383.058
484.808
409.621
252.18
334.602
526.505
587.71
367.681
417.971
276.291
421.154
237.346
254.888
227.897
513.015
621.041
454.214
246.106
436.397
369.875
226.946
227.262
492.512
652.617
447.647
390.794
345.548
240.399
381.28
410.962
683.762
614.797
381.563
247.73
409.15
394.803
254.619
354.486
342.916
561.241
445.621
398.046
475.746
459.308
374.483
299.2
504.958
570.607
485.706
467.638
306.853
369.617
386.498
227.721
200.444
265.264
307.107
345.78
414.161
545.545
450.08
253.058
197.772
371.287
424.667
529.624
377.824
659.052
697.133
406.45
307.829
254.299
332.723
620.343
345.376
373.522
454.895
408.071
204.272
245.396
323.029
374.566
380.969
400.236
434.224
436.518
303.432
264.61
363.136
401.961
365.817
511.242
635.861
537.997
271.549
197.692
336.28
483.44
639.025
702.452
577.921
376.341
276.603
436.764
595.691
709.307
450.995
606.568
586.63
377.31
269.985
276.83
402.765
589.891
487.8
535.309
570.481
459.257
428.956
312.612
453.174
530.081
476.528
629.914
499.755
355.281
359.701
313.703
427.952
630.883
305.868
571.172
551.742
265.019
242.162
236.409
264.48
525.341
455.171
373.287
307.319
324.771
284.394
267.907
433.713
397.108
352.043
548.883
576.116
415.629
266.224
227.634
320.231
517.734
354.214
542.67
535.33
329.168
232.604
250.237
318.41
515.993
243.397
249.659
371.95
610.023
349.695
164.639
229.458
254.545
470.022
450.61
242.198
373.825
402.495
426.178
447.278
482.854
553.811
355.063
254.266
454.019
402.048
425.15
545.665
409.418
463.26
429.19
227.336
347.062
585.774
668.266
496.111
451.064
275.044
241.533
217.733
329.83
547.646
540.176
305.685
232.958
337.074
270.646
255.641
367.595
553.903
512.876
346.414
284.804
434.768
343.733
310.579
241.479
233.44
284.226
417.744
370.969
678.42
480.218
306.64
351.487
239.108
290.82
651.437
537.876
283.51
466.482
694.787
529.357
327.121
196.987
257.832
428.532
309.746
479.531
600.869
577.435
314.346
324.294
300.631
436.76
393.967
540.889
707.424
576.366
316.131
366.186
381.447
504.644
409.004
552.32
583.306
493.78
441.757
410
402.621
539.761
385.098
607.275
613.816
397.14
327.804
270.34
343.33
578.931
461.659
672.468
657.048
417.146
326.695
376.826
423.117
655.134
325.778
551.368
778.304
536.528
331.515
250.65
313.894
500.155
353.216
627.918
681.103
352.579
266.011
340.059
344.064
564.708
497.12
542.362
416.247
314.763
265.324
449.062
489.207
544.043
308.968
434.205
499.498
473.379
245.977
231.813
287.966
414.894
418.934
608.707
555.995
316.245
265.014
400.464
400.949
584.492
475.078
582.929
614.743
443.844
329.56
248.241
432.846
569.24
276.72
289.041
501.117
618.565
373.839
249.334
280.564
276.426
238.141
256.326
525.553
716.838
423.576
261.217
235.911
247.067
211.766
201.962
319.081
567.824
695.62
406.948
227.047
196.545
300.64
322.382
312.071
429.547
555.179
517.698
317.138
309.946
418.125
338.256
218.13
360.655
561.055
621.033
451.262
362.367
258.035
272.303
237.968
327.982
452.267
432.941
260.642
278.029
238.769
253.696
397.799
451.162
277.371
156.062
230.127
243.487
411.78
330.723
379.955
337.348
281.394
264.214
407.613
347.678
209.025
392.283
740.673
702.547
373.916
242.435
200.924
343.025
191.875
478.846
645.459
686.567
362.833
331.217
172.961
418.136
265.735
419.694
526.254
578.53
316.148
241.885
244.091
397.408
269.099
395.29
578.079
555.28
272.782
245.724
258.052
355.988
447.235
601.828
673.617
535.81
308.471
245.18
411.287
588.567
441.464
418.166
524.63
520.583
275.803
296.629
418.071
425.29
239.221
566.642
724.397
647.39
314.645
277.668
211.521
499.515
315.21
518.948
647.735
465.859
424.502
285.655
293.81
482.618
374.027
587.526
599.752
404.265
305.934
266.163
335.958
562.33
322.586
598.111
651.848
482.362
223.728
251.023
292.054
549.83
382.316
583.35
617.633
510.409
332.935
316.276
367.305
555.436
394.377
661.325
849.153
662.905
386.994
430.994
382.266
581.197
200.402
299.209
440.231
587.706
403.888
232.76
194.562
278.075
249.907
262.303
509.259
768.489
384.314
145.493
233.442
257.959
177.537
279.519
470.628
914.088
508.855
207.307
174.027
252.023
291.005
178.596
236.363
450.12
422.186
330.866
296.85
193.397
385.66
349.149
417.17
405.848
696.116
642.246
426.579
357.586
431.518
288.196
405.589
486.93
707.636
677.152
460.926
279.383
