441.567
445.779
163.063
86.688
126.328
228.625
401.099
482.19
393.67
462.032
445.807
334.32
248.397
294.743
384.38
462.661
429.569
557.632
306.809
220.519
157.265
290.945
395.972
559.776
377.899
589.836
535.97
234.575
236.537
278.904
333.834
556.976
385.971
591.59
574.588
275.691
305.828
368.919
350.225
555.214
411.767
619.338
652.929
432.569
258.978
283.242
367.875
589.462
258.207
465.378
735.881
722.793
353.133
280.706
253.214
419.581
260.834
373.621
644.242
749.782
365.301
250.562
259.116
335.497
154.911
287.864
684.262
791.091
477.741
255.713
151.751
236.018
115.741
286.01
674.652
910.542
423.818
171.509
112.198
238.486
158.149
246.905
580.742
784.536
372.693
140.428
159.462
216.541
173.54
202.124
292.506
371.078
289.619
181.591
168.037
195.102
234.759
239.737
231.67
565.641
488.337
294.566
236.002
240.144
285.087
310.443
234.244
522.395
535.951
341.064
281.871
314.419
292.089
316.823
288.806
353.274
563.276
568.438
303.777
309.484
440.028
355.728
254.103
265.088
427.81
522.887
452.354
371.434
471.078
352.931
384.761
275.334
529.313
747.367
532.904
329.398
1026.94
454.424
194.735
151.242
287.549
746.772
1074.55
544.203
460.111
310.322
225.462
196.938
263.058
623.034
521.174
307.067
864.302
508.3
222.8
266.565
362.69
848.753
943.42
574.604
611.559
483.565
167.22
121.445
139.264
255.889
562.655
542.708
431.026
699.296
543.807
268.912
228.155
322.372
380.249
677.446
493.872
607.259
318.494
128.787
152.462
249.968
438.217
618.788
407.935
603.635
512.098
282.195
191.126
344.875
392.347
585.537
424.536
692.017
646.113
283.778
271.104
322.041
373.806
656.026
268.615
551.518
581.973
320.588
251.532
285.093
231.209
503.07
319.135
559.664
659.922
471.915
295.031
255.042
283.445
521.356
199.625
290.61
550.329
688.913
360.659
160.515
189.916
260.11
265.921
319.518
662.972
802.651
358.875
252.768
266.48
288.982
116.675
214.364
565.15
843.106
441.587
148.703
109.119
181.841
252.572
219.69
503.311
767.03
418.681
200.21
258.795
211.009
155.937
161.712
271.756
465.865
485.663
195.435
150.729
159.985
213.75
175.484
185.149
332.677
452.148
345.796
224.176
182.333
249.07
175.804
233.399
419.087
439.7
290.216
255.412
192.377
315.487
278.8
322.208
264.907
535.731
591.422
350.341
256.353
463.218
293.63
241.633
211.277
486.951
620.735
484.619
319.846
603.407
468.075
263.474
227.932
349.599
768.575
665.84
471.731
636.471
425.656
273.836
288.79
472.107
841.276
703.572
439.884
555.118
330.212
182.442
76.3163
261.145
679.806
624.25
341.152
602.179
364.892
210.957
138.146
283.376
734.955
670.906
367.614
607.157
559.628
215.079
127.384
164.353
226.946
546.603
612.511
647.495
713.523
373.577
213.06
209.847
406.101
592.934
740.322
664.187
759.913
392.479
132.948
254.893
371.573
597.897
795.844
504.133
740.676
533.313
270.302
224.214
399.759
480.274
725.469
489.689
696.341
533.438
355.321
192.866
337.612
441.968
687.841
388.269
605.459
529.177
330.156
238.898
276.529
347.472
587.884
446.156
666.817
571.921
389.435
287.633
312.945
402.065
652.517
269.529
468.172
566.729
464.904
222.102
193.228
240.09
432.42
224.593
413.261
555.285
558.368
250.075
192.44
209.162
377.502
293.634
270.452
497.139
690.691
352.027
197.965
297.135
252.129
125.411
159.922
467.996
959.393
430.109
76.8502
115.599
148.539
234.067
190.011
437.611
722.425
355.065
141.89
227.608
192.435
275.599
232.282
320.661
389.839
486.203
403.307
298.26
231.759
324.987
266.257
246.726
323.571
552.586
569.184
359.722
276.387
438.716
303.024
290.495
320.654
515.093
647.539
486.192
309.94
573.822
443.497
236.602
213.388
388.372
720.073
627.252
452.826
655.853
365.421
230.447
213.836
358.454
697.159
718.738
416.018
734.938
382.409
251.23
156.508
375.814
753.71
797.344
425.748
843.231
635.628
297.427
235.847
321.81
595.083
825.735
710.385
855.336
394.873
217.33
200.977
335.341
761.823
919.925
455.525
726.62
656.467
276.987
69.4053
138.921
285.986
661.183
698.419
566.355
640.611
363.397
230.041
223.714
274.534
508.105
661.666
665.101
742.76
378.583
162.668
243.905
382.187
603.97
756.625
628.468
787.278
546.011
192.824
304.393
371.652
562.257
797.914
536.169
600.852
405.568
186.558
224.663
267.627
483.956
618.233
410.899
521.784
470.87
262.93
194.794
203.477
373.37
508.296
485.948
576.695
533.579
430.141
244.263
260.066
443.451
573.895
469.688
629.439
536.998
355.256
233.47
331.342
430.678
626.199
237.39
435.961
489.439
374.312
279.932
228.341
211.765
401.347
279.345
349.328
562.818
639.036
304.826
286.308
275.426
330.824
182.434
213.144
456.426
782.681
390.015
164.031
183.933
196.728
144.064
167.439
451.152
843.353
553.135
214.356
145.935
156.541
195.978
216.359
191.508
318.865
321.202
234.964
197.531
214.753
285.544
294.22
291.616
286.697
481.445
505.517
299.719
287.451
426.391
332.797
244.73
319.207
327.799
519.152
457.818
341.22
635.702
285.412
207.091
185.435
458.498
705.983
696.432
329.986
591.701
435.079
270.99
191.48
394.149
821.939
661.551
434.433
797.046
406.744
254.854
137.682
343.795
601.357
801.218
460.174
698.148
351.603
225.39
241.679
358.031
672.466
752.169
404.66
733.556
354.273
150.582
176.054
358.864
756.803
789.259
387.327
613.592
572.114
266.16
197.298
177.916
340.932
566.498
625.522
694.099
765.285
398.666
209.43
228.753
361.974
625.537
811.187
644.742
773.878
471.619
181.414
212.307
389.565
582.964
789.717
707.929
759.516
423.37
191.387
201.514
361.915
643.892
790.687
570.133
689.986
460.897
273.954
266.961
376.191
524.507
698.714
532.614
658.132
518.36
332.267
306.946
380.751
491.947
663.385
446.523
643.467
514.447
354.792
314.126
442.273
439.393
628.112
221.866
375.823
448.135
584.417
321.613
187.566
196.582
353.626
315.603
335.258
490.587
508.173
272.157
228.492
318.089
327.441
230.432
276.063
566.705
743.894
369.685
176.011
229.198
244.019
196.707
200.937
466.488
611.403
353.071
170.688
193.308
184.955
222.372
163.072
327.22
722.875
567.258
275.813
225.819
171.747
227.222
226.156
245.137
344.212
439.94
346.896
238.009
231.776
438.652
266.431
190.295
188.577
322.551
482.084
466.549
283.332
677.993
300.664
203.992
165.141
363.702
690.995
725.082
346.287
446.026
323.983
213.946
235.559
395.669
561.263
483.953
336.862
709.315
389.356
359.349
226.356
446.209
774.808
776.156
426.254
688.73
339.473
185.447
175.751
272.664
665.434
743.646
377.611
672.903
366.217
250.342
164.808
341.144
671.11
729.107
407.303
733.724
345.642
220.142
222.95
334.901
661.032
772.869
388.906
800.156
662.47
327.279
187.58
171.745
325.72
751.295
722.297
602.916
716.759
371.491
132.34
180.995
432.793
550.173
731.406
606.501
733.367
470.253
171.963
171.486
259.991
538.09
757.436
705.951
750.148
388.335
181
163.479
299.17
639.341
782.015
462.787
718.521
559.993
241.227
224.303
329.471
418.219
699.206
414.856
570.361
580.834
386.1
221.015
176.709
369.75
553.431
307.74
452.867
420.043
269.332
262.226
206.764
277.393
434.844
288.149
460.776
561.892
526.197
274.25
206.298
263.963
427.782
396.642
458.66
419.777
491.572
281.664
386.726
395.242
460.791
150.775
250.488
580.597
779.4
417.268
202.195
148.517
219.819
99.741
218.661
489.074
579.203
312.27
166.462
98.5869
182.957
160.42
209.414
367.665
455.572
401
226.479
165.601
184.547
270.017
205.722
221.444
375.651
410.446
302.8
272.871
215.604
474.585
314.466
307.036
273.522
457.724
635.8
524.853
323.361
428.04
250.636
321.784
314.326
548.855
647.807
478.174
240.753
898.28
413.476
157.316
145.417
293.851
665.877
936.438
499.412
745.674
423.034
272.65
248.94
392.385
769.99
808.4
458.428
616.741
384.5
216.823
195.719
362.244
696.675
669.51
394.234
681.465
332.314
190.699
210.867
247.527
613.309
713.507
354.182
701.298
330.934
196.648
155.802
335.427
674.099
751.139
379.039
779.11
742.869
281.728
151.204
148.516
309.881
701.886
812.393
675.005
743.195
424.16
164.599
195.974
298.188
605.79
769.181
660.972
753.925
466.671
258.959
233.551
367.934
606.472
772.704
469.053
476.198
322.02
224.688
246.306
351.617
448.426
491.731
368.747
506.186
532.239
359.945
234.763
279.614
345.166
476.139
433.153
575.384
338.807
221.531
164.03
344.627
399.125
579.145
476.463
501.761
464.016
389.681
223.922
230.578
438.751
513.914
311.335
405.998
512.543
418.778
290.001
196.302
287.272
397.513
299.579
530.168
718.323
583.245
473.378
360.535
289.497
470.052
233.382
333.552
488.473
439.275
218.83
159.327
211.754
312.623
192.827
269.745
571.221
703.024
356.324
172.435
192.659
235.269
156.935
159.078
295.09
604.062
531.04
275.803
163.372
157.261
355.127
262.463
275.006
386.407
419.15
331.306
353.605
267.224
378.893
372.55
310.223
192.313
322.035
541.932
400.229
372.902
695.879
388.805
229.904
197.349
245.309
552.384
724.681
411.881
691.958
374.862
203.78
135.916
265.98
596.914
740.362
418.742
617.661
427.373
228.135
170.887
327.631
673.096
665.686
434.333
576.201
321.865
170.699
181.762
285.778
607.695
625.846
346.257
761.492
313.186
151.189
178.855
242.156
625.978
814.792
381.077
534.614
333.64
199.532
225.639
378.66
570.519
579.88
368.09
749.102
743.756
376.287
191.419
196.959
325.514
682.869
784.126
789.474
707.993
377.378
193.166
231.156
300.484
726.754
769.557
769.685
686.12
365.075
222.745
200.184
236.753
703.89
733.497
480.231
625.841
392.177
247.778
186.257
223.519
429.437
628.818
418.018
639.157
576.659
342.02
333.798
265.767
368.646
618.998
472.315
478.451
439.87
273.022
173.96
226
444.623
478.693
430.236
558.374
532.589
414.801
273.415
391.233
406.683
553.759
297.125
545.653
622.748
355.652
264.284
300.064
279.269
487.875
255.356
437.737
519
429.025
318.21
256.54
233.482
405.35
230.237
161.2
260.114
412.687
273.655
207.525
232.092
164.017
261.089
215.989
363.017
627.506
405.232
240.009
251.966
228.558
223.76
183.148
224.567
403.847
470.446
399.091
240.756
183.623
394.349
414.67
253.582
201.582
349.838
449.14
409.872
425.895
519.825
296.692
288.45
246.951
470.156
644.462
565.183
308.713
805.354
404.8
221.278
204.362
342.494
598.759
823.911
461.748
570.495
375.332
293.895
154.882
365.708
676.852
616.905
378.275
631.731
433.393
218.173
138.474
284.983
643.799
666.828
450.103
753.617
451.621
113.7
131.402
231.063
685.581
817.736
509.237
652.195
369.87
235.127
168.45
301.707
635.868
709.22
413.308
660.428
321.89
174.934
141.428
361.512
684.84
719.092
364.909
787.968
701.472
380.328
204.759
144.68
244.441
722.151
760.117
903.854
836.365
394.166
138.274
165.448
342.128
826.079
904.264
719.929
665.982
305.939
179.529
186.008
383.111
671.342
708.559
601.072
690.54
427.9
222.921
177.238
321.96
551.801
705.855
508.521
558.238
337.538
276.209
182.135
366.722
486.594
572.631
397.116
545.684
517.337
398.826
338.188
239.661
360.691
535.129
419.843
501.15
451.882
595.461
353.71
338.013
387.16
504.224
419.99
619.872
595.371
426.758
333.768
427.096
413.457
594.888
332.606
397.991
398.804
318.705
301.818
290.582
331.196
391.684
286.562
362.63
453.421
425.759
244.047
319.343
299.536
353.798
160.728
149.617
311.632
559.954
573.069
285.627
166.325
133.794
286.545
270.927
183.303
344.15
426.668
374.218
293.198
277.329
554.914
338.09
244.874
207.392
361.515
521.593
577.961
361.866
476.326
247.147
277.222
329.218
449.819
500.644
504.978
275.655
824.491
402.434
235.54
315.54
267.475
450.131
830.053
491.878
671.469
305.6
164.801
165.886
265.978
635.99
723.776
350.471
729.63
413.547
194.714
269.668
315.918
695.461
795.306
461.345
653.708
325.15
216.889
196.241
368.838
599.66
689.79
374.049
834.056
359.396
202.082
199.386
359.68
766.329
888.427
413.574
721.171
337.417
177.517
131.622
272.852
641.395
766.827
381.309
924.839
777.921
385.754
220.139
227.767
375.897
861.676
850.791
738.404
752.633
404.757
166.414
143.037
309.408
671.751
799.135
749.383
771.936
389.067
206.427
207.76
302.806
675.165
809.108
697.672
694.636
398.042
180.723
177.961
283.854
632.522
738.439
440.306
563.958
503.243
339.453
341.216
281.078
396.625
551.031
555.606
668.679
442.795
277.11
219.217
388.113
511.723
681.4
301.292
373.597
388.899
272.698
265.128
203.479
282.202
360.322
388.678
517.179
582.345
503.796
294.595
240.428
351.36
510.421
378.261
676.408
737.69
475.02
267.843
306.262
347.114
616.384
271.975
356.834
614.16
534.796
367.684
275.158
281.83
326.813
590.343
272.808
201.502
323.51
392.597
424.434
602.974
331.683
414.01
338.614
352.207
205.331
489.971
584.167
446.425
316.218
759.784
340.346
192.015
189.108
276.036
550.445
792.464
407.864
560.951
343.172
175.895
206.692
318.216
616.042
612.832
357.1
955.47
495.246
191.124
147.369
185.075
616.583
1003.45
555.802
864.099
373.878
205.779
165.508
312.102
719.493
919.76
446.136
799.94
400.471
174.19
186.655
283.96
688.365
858.852
463.849
762.763
365.155
277.198
388.096
363.726
483.477
775.504
433.642
797.713
398.158
278.132
237.479
369.025
791.162
859.55
441.466
645.623
274.011
208.484
217.667
243.722
552.568
683.278
309.436
594.155
679.828
369.15
312.605
187.418
322.98
539.718
702.633
775.11
690.153
295.803
169.383
154.26
269.927
708.112
760.783
770.077
655.952
315.054
197.905
190.825
294.505
721.46
703.678
669.101
622.522
307.909
276.449
214.171
297.228
609.252
677.767
493.817
597.889
515.068
303.397
238.37
309.437
450.976
589.324
321.34
351.075
514.082
440.604
394.541
258.415
306.268
327.798
356.83
420.761
532.736
475.634
329.406
189.401
325.733
418.873
549.837
788.201
677.198
423.064
406.54
427.506
507.608
756.41
570.162
737.924
581.991
331.381
322.073
364.563
511.687
737.412
315.868
352.624
265.523
186.024
158.881
216.117
297.442
359.093
304.459
297.302
556.96
491.578
360.677
273.1
306.486
277.419
888.23
433.951
186.978
160.785
298.827
670.522
916.791
508.197
807.461
313.871
142.176
107.448
180.11
441.202
820.608
403.672
1102.68
426.946
146.347
284.166
237.086
479.453
1101.84
562.851
819.448
378.037
237.994
272.594
266.287
678.844
879.552
431.445
847.48
424.067
134.898
140.682
256.06
723.602
915.736
487.206
690.023
309.415
177.031
131.278
256.721
591.951
737.466
365.95
608.896
450.327
284.373
215.503
266.028
646.83
655.203
454.632
666.096
358.22
295.644
251.013
345.531
647.393
719.917
401.076
576.371
271.542
226.858
266.698
270.701
396.579
603.898
299.316
613.033
647.399
338.388
136.514
190.435
417.386
575.131
669.327
632.951
550.949
313.233
140.904
197.23
248.128
590.082
590.169
735.126
692.168
341.682
181.798
145.575
320.361
673.593
736.893
861.82
803.616
309.735
188.608
141.604
324.072
782.49
881.92
550.812
673.475
453.932
466.6
371.981
341.806
504.21
677.7
355.435
416.923
463.934
506.029
385.728
244.801
339.333
403.517
518.141
709.485
575.606
389.488
398.925
408.093
475.553
703.218
588.326
590.941
385.429
267.183
269.813
378.222
554.512
617.043
552.015
521.381
430.846
338.828
247.009
294.006
529.452
531.914
492.593
508.358
333.984
286.407
234.687
241.616
451.646
529.28
503.445
345.968
276.468
420.366
277.131
409.366
529.414
375.567
652.879
357.386
217.983
184.699
151.322
372.091
661.989
407.312
908.47
418.359
107.498
123.014
97.1259
414.39
903.075
517.516
697.586
272.952
144.916
146.85
150.424
382.878
714.304
343.812
872.995
402.873
218.172
156.729
303.887
721.208
930.445
468.908
754.488
432.912
168.691
171.267
256.161
700.594
820.43
488.307
522.376
361.245
192.999
229.631
314.415
655.611
572.781
385.994
712.397
362.21
257.88
253.581
457.959
762.525
768.518
401.192
586.117
387.986
207.678
299.558
366.296
665.422
632.56
409.429
588.361
431.315
267.125
296.451
317.8
564.907
620.247
442.438
491.783
554.029
364.997
197.97
163.636
261.535
445.389
569.433
463.484
476.675
402.899
223.397
198.38
242.412
435.457
472.742
587.199
536.133
337.681
208.61
186.001
258.508
550.223
559.29
432.874
445.01
453.738
301.971
218.156
348.647
423.605
435.505
428.46
685.324
551.655
420.215
414.206
360.84
382.069
663.706
384.778
451.859
417.791
435.671
337.057
247.455
352.549
457.151
466.298
516.004
562.639
370.951
325.773
322.747
452.693
492.99
464.403
655.732
372.022
251.601
266.424
345.652
412.969
652.71
639.984
495.493
361.208
377.865
341.961
424.663
632.782
512.313
426.426
449.42
330.555
329.137
324.894
283.772
415.174
458.343
605.245
454.404
248.855
285.958
213.055
226.735
563.404
515.552
803.795
559.156
195.05
127.694
146.571
339.434
768.473
640.452
743.616
401.033
133.095
145.832
192.719
307.454
721.373
484.642
672.653
322.194
187.232
246.208
242.177
302.448
662.85
395.909
774.663
374.172
322.071
255.74
384.028
747.642
841.341
409.222
719.373
442.238
218.296
259.212
435.595
804.01
783.801
470.71
691.122
419.495
222.884
171.203
373.928
765.995
747.625
437.542
600.558
336.424
268.562
230.628
465.337
706.593
658.458
370.008
458.533
370.06
223.876
171.76
353.574
624.953
507.142
377.515
614.823
366.361
216.884
238.246
401.286
688.725
666.341
394.208
369.006
546.369
411.752
231.339
216.469
202.955
324.655
535.563
420.42
379.805
370.23
232.037
208.921
330.14
424.146
372.459
379.384
460.018
468.354
279.068
196.948
253.68
361.496
435.718
593.32
503.872
316.95
199.862
179.65
230.044
552.826
546.076
351.356
369.548
360.133
288.601
237.226
228.811
327.38
375.627
424.339
573.079
392.71
464.767
395.348
438.991
430.982
568.085
304.365
411.756
459.336
356.346
295.221
280.203
279.379
393.696
384.032
340.761
216.329
196.829
204.054
227.393
373.361
358.603
375.726
506.422
423.495
258.881
215.808
201.332
334.628
497.178
540.681
614.799
490.679
304.35
428.216
468.238
500.399
607.463
680.14
510.03
255.976
193.039
124.97
268.482
644.821
572.777
768.462
445.688
202.605
247.997
132.906
271.387
737.278
524.672
686.663
436.329
269.872
222.441
206.568
338.374
674.668
491.173
881.898
371.742
154.205
156.823
205.453
400.286
877.893
475.936
735.3
352.464
282.308
197.097
300.555
549.183
774.38
397.68
733.551
460.76
261.809
201.572
374.215
790.199
790.041
488.016
628.3
444.374
179.355
175.651
346.358
657.489
680.492
498.674
320.642
290.323
294.547
336.797
392.042
514.98
353.644
295.29
499.569
342.501
335.933
191.962
498.939
699.966
552.134
339.015
574.456
284.009
253.013
280.97
543.997
709.008
634.225
321.665
349.629
514.57
538.392
310.402
223.844
276.601
334.071
477.379
542.646
486.599
362.43
202.326
161.979
228.417
516.597
507.738
475.76
649.44
481.325
193.762
263.195
352.484
442.488
641.217
674.106
636.758
449.052
254.44
247.115
294.378
619.633
671.823
522.353
495.617
363.867
319.533
334.081
290.313
484.4
529.478
387.128
560.426
470.677
340.786
258.536
277.791
350.132
549.114
404.464
346.354
271.735
225.171
246.931
251.425
394.248
362.023
309.009
360.162
396.688
377.185
246.906
159.334
284.024
360.091
561.044
796.842
620.393
328.011
324.797
485.502
528.089
779.323
571.446
703.639
369.613
207.248
212.904
364.265
514.74
713.443
748.928
626.365
209.972
234.412
190.491
350.386
692.995
702.716
610.122
493.99
166.027
149.569
186.509
265.581
567.801
555.162
581.664
455.297
188.184
177.859
179.97
235.589
539.262
513.478
417.76
317.951
196.075
217.607
218.913
282.761
398.758
347.783
499.272
384.428
191.548
207.258
443.051
814.128
570.25
388.753
474.406
361.876
366.141
205.895
436.376
669.566
528.816
345.426
615.005
477.563
264.932
232.971
438.53
873.338
688.243
486.032
575.965
297.754
271.821
222.428
449.429
669.229
622.163
324.232
478.424
341.46
235.681
275.319
422.414
580.26
516.518
355.158
506.226
389.333
341.285
322.308
451.003
652.311
550.139
393.121
486.957
472.866
386.767
282.545
228.749
421.506
489.678
471.894
578.237
505.722
382.386
263.859
233.436
272.766
554.981
531.246
536.154
626.251
423.134
261.029
203.706
298.935
487.409
637.648
477.542
461.139
324.741
231.056
167.312
218.046
442.482
478.902
455.849
551.003
460.483
263.096
206.951
226.72
409.922
549.15
338.806
456.167
556.916
462.325
314.348
294.986
316.506
427.383
428.429
586.584
503.532
345.85
253.42
385.052
414.688
576.742
435.112
698.647
638.004
527.512
264.489
350.196
405.499
668.944
551.56
780.264
579.358
341.018
282.558
412.36
502.082
773.271
469.817
657.771
468.798
295.619
236.388
406.663
438.645
652
486.002
575.086
385.279
252.525
279.135
327.377
446.797
582.38
488.289
541.927
462.497
366.303
253.48
280.704
454.378
548.095
323.317
352.154
229.708
219.726
248.565
210.672
299.455
362.2
518.563
413.253
310.096
222.97
231.827
243.033
494.278
443.215
517.667
356.134
235.888
233.782
304.324
435.83
507.388
398.772
528.317
302.233
259.36
307.454
472.704
742.416
592
310.241
538.282
468.642
250.398
226.604
481.871
728.518
556.15
503.196
408.963
362.316
329.947
278.509
618.734
745.344
462.371
350.208
398.378
341.891
269.144
259.928
479.967
667.853
443.247
351.269
411.727
261.64
227.572
237.924
513.645
632.901
451.431
265.205
485.017
416.807
463.635
327.204
334.64
284.02
477.294
416.431
392.223
382.869
430.765
387.96
329.814
355.213
391.25
370.735
516.274
655.745
567.536
375.12
261.84
281.014
470.047
650.841
458.618
634.372
458.996
235.717
135.514
263.955
407.669
625.597
711.106
759.879
404.216
323.963
344.504
397.682
641.852
792.509
465.252
733.179
727.976
504.369
339.713
281.97
411.543
708.163
331.31
599.503
612.181
390.885
220.02
260.907
296.814
551.868
558.302
691.75
561.586
419.892
245.241
345.985
509.288
693.917
507.186
565.407
578.029
469.912
423.031
300.152
469.185
571.013
396.321
567.864
486.736
308.437
250.453
280.69
353.758
554.477
476.408
538.021
473.669
318.198
344.14
279.749
438.459
545.161
555.647
640.034
415.383
303.658
248.519
291.785
501.495
661.249
404.7
703.55
676.122
373.054
296.107
343.381
361.943
657.728
449.665
492.32
343.648
258.056
168.684
243.316
415.156
507.611
422.383
286.059
326.371
707.02
631.824
353.454
418.392
317.631
448.306
310.086
205.213
236.831
398.238
580.343
470.643
339.184
500.483
394.059
297.691
275.919
544.459
653.869
503.591
414.181
282.235
309.335
395.086
397.747
684.622
660.135
322.665
265.331
457.483
395.742
283.289
417.714
324.046
461.304
482.07
428.896
425.685
406.114
267.424
259.976
357.079
461.49
417.777
435.73
281.377
341.736
388.893
243.111
182.128
251.377
271.071
320.606
433.101
592.825
533.395
238.147
307.996
398.627
424.747
561.835
310.038
599.223
637.744
333.263
242.674
313.231
270.776
541.026
358.674
412.447
543.989
487.524
307.049
274.618
347.565
407.137
338.672
439.747
457.463
393.93
267.016
239.563
319.853
422.544
310.132
566.576
655.56
545.824
304.888
236.384
282.814
514.298
677.555
727.506
592.369
403.877
260.887
428.658
631.23
744.449
470.022
641.912
572.524
387.401
288.792
346.836
426.485
630.539
522.466
629.789
557.254
360.784
400.888
358.107
478.674
624.237
466.225
697.013
563.171
417.469
486.545
381.719
413.052
685.601
340.467
620.137
598.839
284.564
256.24
254.133
297.936
571.773
427.061
375.292
334.17
330.472
272.248
246.799
406.782
392.31
307.83
581.999
652.76
490.138
266.941
285.14
277.822
535.081
365.576
593.86
587.832
354.575
317.373
310.254
329.386
555.436
147.945
216.718
476.534
779.193
408.824
154.963
139.489
195.883
303.743
293.078
334.055
516.098
469.12
295.641
285.482
312.655
395.213
271.194
295.519
513.866
467.826
282.933
380.592
297.832
399.584
387.308
321.525
286.464
596.093
727.091
440.062
380.98
244.468
242.442
291.833
470.52
648.65
543.404
269.406
235.037
470.757
478.321
279.309
341.885
540.089
629.109
490.713
499.843
401.958
299.304
244.324
172.24
195.687
260.522
387.125
323.53
649.976
466.482
326.402
434.941
299.615
389.244
641.365
507.419
239.618
476.932
657.606
583.973
261.252
189.493
214.591
427.112
227.691
499.471
734.516
714.039
403.048
322.638
208.715
437.754
374.726
537.827
771.648
641
344.084
375.488
366.758
499.317
438.413
540.25
562.531
489.653
343.558
446.89
440.521
527.476
417.472
567.935
522.018
351.321
256.149
246.199
378.606
551.144
418.24
662.989
735.994
440.195
352.192
416.761
381.918
609.535
332.274
526.385
835.823
610.215
450.623
262.394
321.576
480.277
299.965
626.363
702.608
381.924
255.954
312.854
280.894
555.545
543.498
594.429
457.141
339.551
263.484
401.062
519.808
600.435
306.446
441.555
531.484
507.073
291.035
251.446
281.118
423.271
405.081
645.399
637.464
330.385
340.662
418.683
388.682
600.966
477.122
658.37
620.107
420.27
287.42
242.591
430.689
645.003
198.825
314.714
561.368
554.432
374.178
273.763
202.698
281.389
251.789
290.822
628.779
842.054
472.052
252.679
246.464
276.401
231.578
202.759
276.582
650.695
697.535
412.065
242.399
202.484
262.15
222.212
302.966
448.684
573.286
430.512
289.269
228.105
313.583
276.793
292.581
325.889
602.795
632.893
339.445
274.552
401.086
282.533
164.618
315.79
462.131
460.559
420.365
307.02
190.36
245.4
439.636
400.886
227.417
164.777
192.672
224.196
313.642
318.396
391.914
367.914
212.182
195.761
312.802
306.775
209.765
385.529
624.557
677.766
276.215
235.417
199.383
341.194
237.946
445.472
606.298
665.656
360.554
284.04
222.623
400.391
160.361
360.172
666.064
666.139
466.696
267.75
147.76
309.311
270.051
370.22
562.989
573.823
313.618
240.92
260.316
342.719
396.54
564.465
622.64
492.204
294.342
289.074
365.28
549.275
491.455
411.568
537.313
542.777
262.142
329.867
471.022
422.655
264.255
580.479
809.758
631.147
379.169
323.237
247.403
511.066
301.35
515.5
619.511
422.39
361.461
245.759
274.894
477.311
399.812
637.686
675.162
477.906
413.612
350.956
364.571
608.425
335.673
615.761
642.78
458.231
225.205
297.488
306.238
569.55
366.184
590.022
636.616
518.936
312.304
285.917
348.817
559.907
353.983
632.34
828.265
628.888
339.83
389.195
342.997
564.898
252.241
281.333
437.963
624.471
431.678
224.882
247.603
266.535
235.193
296.928
609.339
841.458
433.472
185.797
224.54
271.272
193.525
300.677
522.144
885.859
468.108
164.3
180.393
276.38
322.931
225.074
223.953
340.787
405.237
378.74
337.295
245.594
240.997
269.541
250.488
381.304
599.232
590.851
272.698
242.267
463.786
319.778
511.858
589.215
780.33
552.431
473.827
334.005
