487.871
754.437
704.813
367.746
409.062
409.876
438.978
718.344
476.425
710.87
621.988
427.518
334.311
359.454
431.936
685.578
391.919
608.881
687.302
493.115
338.076
368.822
354.533
570.47
341.333
603.456
657.769
373.755
273.767
272.559
301.554
555.435
358.608
651.122
758.571
560.724
461.043
285.146
324.746
601.522
310.284
518.112
727.396
511.464
407.196
315.892
300.397
476.521
198.204
404.455
608.078
548.501
246.093
247.428
195.731
349.463
222.729
421.573
742.883
799.407
400.379
225.91
208.898
375.782
205.162
294.931
738.011
1051.24
502.394
300.732
220.49
254.636
179.262
189.492
582.814
1120.12
608.274
213.198
170.603
178.969
142.976
150.253
459.024
1150.07
748.925
242.771
148.874
147.133
167.84
186.293
415.805
1017
981.621
452.222
182.313
178.915
191.716
220.759
401.47
875.933
877.679
540.877
224.596
194.853
243.617
378.976
397.536
689.489
913.129
722.9
285.386
332.45
311.139
396.462
387.533
490.657
857.398
832.302
354.471
358.64
407.193
446.433
461.703
336.999
804.421
930.221
466.581
398.361
380.559
456.379
523.111
530.587
909.422
924.584
438.447
396.94
617.415
600.854
443.743
369.037
800.394
1070.38
692.208
603.5
527.256
425.073
310.359
323.766
611.442
889.194
599.046
434.853
510.474
406.916
408.347
205.556
597.14
853.321
577.821
394.616
496.404
854.188
671.757
418.624
378.377
449.411
437.068
822.65
746.745
875.611
708.71
423.001
364.34
324.237
675.495
882.898
545.453
654.694
556.585
403.908
354.106
386.847
524.64
646.851
346.531
615.852
556.079
303.114
235.071
250.025
305.58
583.426
331.914
654.63
675.375
381.224
306.554
300.337
297.947
595.898
362.086
588.727
676.521
434.93
367.445
347.756
364.628
539.62
238.577
422.886
826.571
656.389
461.337
281.126
222.3
354.68
294.123
430.28
791.319
720.202
441.909
238.578
285.288
380.813
195.846
305.694
742.57
1075.39
494.359
184.841
189.137
260.668
150.892
186.467
629.721
1103.9
678.89
210.048
152.446
163.154
113.103
167.213
534.443
1043.94
704.527
211.912
108.421
153.946
203.529
168.514
416.632
972.891
854.974
302.603
200.179
171.083
303.87
213.546
326.287
485.893
579.926
481.377
321.397
221.369
247.438
222.676
384.063
743.701
710.685
517.698
279.134
194.854
266.492
200.659
370.707
640.216
930.446
587.279
295.901
210.827
437.755
342.31
457.137
467.566
475.276
530.547
471.393
343.686
548.773
443.561
302.998
381.893
672.398
877.604
614.983
454.909
682.446
491.309
303.067
238.148
589.932
986.077
763.328
500.893
621.161
413.534
491.201
515.605
632.561
937.152
700.745
406.298
543.268
445.421
433.745
262.178
596.262
845.309
600.357
426.427
577.665
744.381
476.261
244.11
253.676
387.262
519.626
750.018
517.776
822.561
625.706
332.267
266.03
404.662
461.021
797.53
487.247
747.99
526.209
363.97
312.407
440.238
455.313
730.32
358.011
539.531
530.757
325.562
259.592
222.493
322.3
511.541
296.356
600.603
610.406
335.063
282.448
335.062
276.706
542.303
385.745
626.733
659.632
527.586
290.861
253.785
342.443
593.25
316.366
508.1
709.94
553.469
367.78
256.358
300.565
472.775
251.365
358.164
589.957
699.546
337.697
228.875
249.027
322.934
207.568
450.961
806.231
791.834
462.665
307.775
198.823
387.505
192.692
262.967
512.292
862.504
443.398
141.285
179.21
247.387
114.351
138.731
295.567
543.642
375.937
187.247
115.93
125.94
250.662
216.781
414.608
911.128
621.324
259.587
246.949
217.212
375.422
235.785
286.782
489.423
505.848
375.395
388.982
250.682
303.205
257.957
354.504
446.756
457.543
366.864
320.622
252.39
325.119
339.627
370.914
577.665
511.07
512.464
335.941
346.291
512.261
380.83
235.5
206.913
444.927
690.455
567.604
394.88
557.437
304.48
207.785
216.821
389.202
589.706
585.608
347.096
603.29
329.785
287.881
219.29
557.73
811.613
662.771
336.114
680.646
352.17
322.932
322.728
682.764
937.747
759.242
374.987
699.254
477.441
285.491
226.498
404.507
865.198
766.416
492.47
560.278
801.568
698.415
349.298
334.713
378.487
502.063
774.977
518.78
783.712
680.006
352.734
306.812
374.306
474.562
759.286
678.197
835.539
526.875
243.985
226.503
392.179
609.308
841.059
402.656
683.739
684.487
514.667
456.253
339.56
357.96
651.134
433.663
690.021
634.075
393.515
339.275
338.743
398.698
661.524
424.543
695.676
766.702
526.084
421.818
318.44
391.909
661.555
326.271
580.298
637.789
433.677
361.034
313.59
307.979
541.883
302.055
454.841
691.037
649.259
419.715
254.95
285.124
422.854
155.602
331.704
695.89
794.464
394.803
191.826
138.59
284.403
269.827
228.992
380.238
562.472
337.37
239.854
275.676
227.526
212.313
240.813
375.153
924.312
490.109
185.754
211.368
241.945
350.846
346.146
400.301
731.373
495.797
442.876
378.186
355.746
213.092
249.579
412.138
471.347
415.813
394.739
230.263
226.6
289.487
238.704
224.77
463.74
422.927
488.001
321.375
248.576
396.242
343.176
305.5
285.879
379.792
422.672
408.497
344.487
431.499
251.417
297.591
502.427
439.185
545.714
461.696
263.283
576.893
408.384
285.185
252.647
373.593
658.437
623.359
421.637
695.555
469.469
216.371
295.348
538.948
945.667
773.561
488.565
750.384
390.831
284.337
291.47
458.927
878.329
819.176
428.025
729.753
402.434
272.481
291.717
470.884
788.421
797.041
451.577
659.704
848.364
556.625
452.16
339.214
423.455
595.213
850.946
376.786
735.072
654.343
466.582
526.513
459.951
330.194
690.839
542.177
774.887
543.838
261.137
297.188
428.457
509.527
766.412
379.036
634.837
659.742
365.35
329.645
331.327
351.215
597.52
523.883
736.515
499.069
320.035
303.278
384.262
470.446
725.307
537.834
705.765
640.768
425.555
369.725
374.668
500.837
681.918
358.214
568.526
605.294
380.831
213.733
302.101
324.87
525.014
397.08
535.253
602.508
498.389
378.098
407.034
397.588
517.39
170.171
290.356
602.812
622.361
362.664
206.983
169.538
245.613
176.952
294.896
537.295
777.728
463.883
216.79
176.911
259.391
175.97
283.025
580.806
805.559
441.904
203.029
170.888
251.398
295.991
244.238
394.531
767.053
600.969
273.919
300.296
245.588
317.554
355.153
259.862
362.115
411.087
353.018
301.177
362.221
406.253
260.857
242.839
280.058
501.333
635.135
450.411
265.776
501.947
319.503
323.242
316.526
546.08
715.746
553.522
323.864
499.024
253.827
274.476
275.903
349.898
567.988
535.309
280.201
466.13
421.149
419.028
400.124
498.223
565.61
491.125
422.7
577.068
376.11
311.22
322.747
379.614
575.543
610.106
390.691
754.471
547.396
276.545
224.899
457.563
894.933
820.312
565.406
866.535
431.92
346.486
286.327
437.698
833.73
923.056
473.032
651.329
822.201
506.046
329.308
356.218
416.874
590.442
831.74
531.916
636.461
411.54
386.745
464.409
454.701
483.534
636.541
527.406
753.237
619.875
303.987
421.246
463.799
468.797
730.92
547.066
769.065
602.186
284.744
328.343
317.699
480.867
767.451
480.055
380.656
555.786
502.621
316.345
229.337
463.413
389.876
478.714
549.062
478.231
311.284
285.249
349.943
445.643
555.104
441.811
529.761
455.749
313.158
319.715
245.832
407.226
534.767
322.124
523.54
520.992
345.861
239.159
272.795
302.071
493.224
195.071
380.693
602.836
630.309
287.305
210.051
185.097
335.864
202.339
340.797
524.913
635.613
424.744
262.333
194.881
299.622
119.197
145.814
453.153
838.497
538.716
157.045
117.735
133.621
207.7
217.359
358.465
443.708
475.945
266.577
199.349
210.928
307.979
313.214
212.182
270.446
404.528
345.003
321.856
320.595
290.302
213.255
198.836
260.966
330.115
347.116
302.554
223.174
413.947
280.616
300.372
385.57
515.291
536.463
435.673
303.02
471.048
321.569
307.816
351.612
435.607
572.482
511.731
333.254
463.119
306.959
248.897
306.025
542.864
710.645
521.382
320.916
561.588
243.501
212.547
357.916
475.916
631.103
609.897
285.232
643.513
319.879
334.358
371.558
497.645
706.944
694.461
359.294
764.941
445.946
305.759
270.017
495.607
866.51
831.492
457.515
1023.28
923.8
514.827
342.881
339.852
373.845
939.048
994.9
746.477
855.169
473.776
363.304
316.63
400.008
677.894
891.254
518.417
726.192
518.679
257.075
329.76
391.52
465.406
714.793
490.703
563.417
329.639
351.714
254.938
327.682
459.695
581.689
521.673
581.473
274.913
137.324
192.606
347.997
474.025
603.475
574.861
647.403
455.827
170.182
211.975
274.939
519.048
661.152
433.081
474.153
410.806
335.903
248.82
203.464
398.226
478.04
356.947
561.448
480.794
333.097
198.084
268.332
320.042
545.72
306.926
284.622
446.463
628.66
489.069
231.307
312.04
267.603
295.808
240.496
446.258
589.665
407.794
256.259
297.044
234.927
201.226
196.963
235.066
590.453
490.567
241.95
207.912
201.74
354.793
313.444
233.328
416.008
526.985
553.525
390.736
317.464
347.102
321.374
274.185
448.944
423.352
371.792
346.946
331.322
440.429
357.884
332.64
330.913
463.529
656.025
482.458
347.871
434.149
281.366
271.428
452.428
424.511
577.194
481.336
276.293
403.694
405.937
261.42
267.226
390.772
523.039
430.746
419.149
518.784
349.66
315.783
273.678
301.044
417.344
524.966
380.363
597.744
310.186
223.905
257.212
449.289
612.427
635.947
349.71
651.754
307.879
303.601
327.325
384.445
626.335
696.836
354.733
828.459
412.676
342.858
197.026
457.325
852.825
902.764
454.527
579.682
712.132
391.418
325.917
237.973
356.436
516.958
725.261
514.254
723.444
474.312
267.001
231.772
316.032
457.087
718.085
529.235
714.74
481.977
219.785
185.418
265.546
467.334
717.724
569.243
641.575
420.768
237.723
220.744
326.101
517.841
652.321
735.007
753.067
466.826
227.401
247.684
346.319
678.423
782.208
594.404
630.645
462.314
233.442
291.765
357.972
546.218
647.417
568.187
664.509
540.123
364.066
257.439
262.16
514.922
670.017
434.367
664.83
543.792
385.364
297.408
391.07
401.857
644.752
317.738
465.199
412.454
300.152
288.513
205.958
289.142
454.194
280.86
301.744
426.905
586.09
340.129
165.846
266.969
294.906
230.813
148.044
422.652
933.185
675.576
303.31
249.544
147.932
220.546
214.918
320.687
407.552
427.284
431.863
252.713
186.12
265.873
317.971
410.067
574.457
562.923
356.779
268.102
319.258
699.574
360.337
352.508
448.064
487.016
551.14
708.252
411.174
312.137
450.9
460.395
448.179
437.841
476.082
301.109
409.219
488.194
343.909
282.044
276.172
386.038
617.029
534.664
363.868
622.648
273.697
253.988
324.158
378.145
578.361
663.05
321.706
507.357
327.082
226.513
298.265
380.746
523.741
527.904
352.141
638.918
361.847
221.619
208.668
398.054
721.811
684.387
391.786
702.967
411.487
343.937
281.902
589.792
899.475
770.735
434.995
552.521
643.958
519.739
383.951
381.108
329.84
492.231
656.741
590.571
557.64
380.006
392.059
255.51
254.023
552.886
585.82
689.579
725.385
379.316
264.227
214.603
376.549
631.393
774.238
645.531
656.234
375.266
327.218
241.347
318.382
595.142
685.599
667.438
724.56
458.333
229.288
244.869
270.383
595.919
760.027
687.5
714.968
381.021
227.891
229.2
351.432
631.332
744.721
541.221
597.885
346.612
154.518
206.527
330.848
496.391
617.222
388.433
468.579
399.853
319.095
340.443
386.366
361.612
458.512
258.47
463.658
500.853
297.048
247.466
360.616
243.033
425.3
218.946
384.603
574.169
602.549
299.409
192.993
198.85
345.018
213.345
164.186
320.35
551.784
359.391
163.49
206.289
177.795
201.922
147.638
254.496
428.757
413.118
228.083
198.921
158.318
328.595
191.26
340.967
473.605
354.526
379.935
353.309
191.052
330.623
210.045
274.602
462.058
555.524
455.106
344.924
225.479
353.031
276.262
339.354
587.021
410.488
327.797
354.622
279.141
473.737
266.597
196.025
444.304
400.077
282.746
474.588
311.186
413.085
329.705
336.427
550.961
552.392
431.019
400.971
366.826
561.83
322.459
308.219
341.355
300.384
426.613
570.421
351.56
679.873
495.546
311.086
396.225
380.034
698.984
724.38
510.966
736.025
482.728
242.339
298.612
534.879
882.116
803.052
498.144
541.648
573.904
708.984
601.5
384.817
239.684
493.414
588.185
827.828
673.794
304.682
314.7
272.78
472.616
775.17
741.99
756.038
622.387
247.145
226.92
253.779
310.019
696.77
700.104
658.151
669.444
346.721
226.026
220.641
297.533
599.331
706.565
539.953
624.308
447.78
369.388
343.356
346.013
492.123
629.165
538.266
583.371
338.295
214.84
171.438
420.754
503.278
604.835
512.351
538.279
387.188
276.713
277.94
238.565
461.235
562.725
517.15
546.888
378.589
199.523
211.793
188.516
467.852
567.893
415.426
541.656
373.449
304.913
261.435
335.662
417.171
527.007
312.798
456.359
446.354
404.595
419.827
282.406
288.48
445.211
287.469
167.965
273.232
515.478
366.521
238.284
294.99
191.762
341.845
232.184
346.516
352.954
519.929
395.843
346.161
245.251
381.093
299.745
287.112
246.28
292.501
355.033
387.093
317.664
438.69
236.87
252.904
256.024
415.159
606.499
489.034
242.508
253.848
220.145
218.312
283.669
348.771
338.977
259.516
227.205
478.556
267.647
204.21
257.422
428.643
546.209
508.846
287.144
580.447
336.159
283.268
337.329
503.317
714.252
642.454
366.388
391.732
229.037
211.344
307.995
410.651
519.894
425.479
239.513
544.004
341.585
322.224
447.044
622.833
509.082
540.542
390.419
508.211
411.092
374.824
399.1
480.079
555.024
539.221
416.953
728.539
716.086
401.648
307.123
451.554
348.611
654.891
769.606
769.425
764.818
413.837
229.411
134.715
285.074
699.539
801.355
643.67
677.936
465.348
231.392
321.084
384.901
596.33
699.648
704.125
592.297
307.589
338.268
288.623
277.042
648.964
655.558
462.914
418.344
284.953
202.862
283.322
378.585
434.197
430.865
703.688
509.57
255.993
262.88
222.956
301.628
671.571
569.843
654.833
441.581
184.067
183.147
216.612
288.225
619.531
507.765
487.4
402.626
274.006
328.597
226.066
253.283
450.534
449.673
387.253
359.223
236.683
183.151
160.06
243.649
368.338
382.348
316.559
360.953
282.745
346.34
220.233
198.143
291.543
368.319
289.588
257.514
308.324
518.417
450.051
345.164
309.2
260.371
418.066
330.82
290.537
420.557
640.264
602.547
453.671
351.289
488.259
275.926
216.372
277.819
304.076
394.652
504.711
309.534
263.107
228.608
271.533
344.824
299.256
324.509
258.494
236.2
313.577
327.803
328.653
479.364
647.418
626.66
355.116
295.108
499.153
337.716
274.499
271.409
275.555
494.424
512.227
354.065
383.682
325.142
224.641
331.451
348.433
367.707
382.335
350.861
577.993
351.801
352.127
313.341
358.422
431.349
582.752
390.498
467.075
299.498
283.535
466.051
671.195
712.997
525.662
315.49
530.275
321.103
280.101
420.17
403.941
537.962
558.961
343.371
720.661
747.841
376.217
193.703
208.684
448.451
661.813
787.469
573.342
630.065
346.581
191.115
227.407
300.829
519.2
645.222
698.044
649.867
327.149
203.838
172.865
242.415
635.245
708.871
785.334
683.503
297.938
144.378
98.5525
285.798
721.122
746.677
704.358
472.708
354.018
349.173
303.014
351.394
662.98
547.718
775.482
488.541
255.969
336.377
253.783
284.269
738.113
558.61
972.549
506.855
131.896
188.928
166.032
340.862
941.933
618.313
915.747
409.773
195.53
182.87
175.335
437.459
910.582
509.813
577.16
417.834
215.249
195.639
185.408
237.204
551.139
469.996
592.49
345.214
269.519
308.079
337.605
347.993
585.02
404.399
535.343
314.772
302.313
423.195
354.51
387.763
546.426
353.053
465.863
349.481
225.171
258.128
264.008
325.809
457.739
380.638
428.16
256.788
217.163
248.046
403.232
514.361
457.251
263.736
378.752
276.821
304.621
429.62
560.03
576.238
419.584
284.237
221.543
219.771
366.883
680.56
441.105
304.634
240.442
212.704
462.457
279.725
266.258
358.526
289.287
430.27
478.062
302.773
402.89
224.796
183.123
336.634
272.792
409.196
429.594
247.398
599.737
321.141
189.909
242.078
408.005
564.768
621.512
364.058
389.348
256.264
214.738
331.292
327.7
407.774
413.237
277.662
739.924
485.362
363.607
321.46
382.402
690.659
779.556
533.324
860.9
784.943
529.315
409.263
312.557
327.429
787.856
848.728
735.025
659.743
352.11
256.634
247.654
285.048
680.123
708.027
585.189
460.443
381.937
295.962
172.837
265.757
556.521
495.717
829.713
778.862
392.921
363.433
313.129
417.096
760.9
826.68
515.274
299.419
188.435
233.413
219.893
204.872
494.258
355.254
519.485
220.22
204.271
261.875
280.703
312.654
532.429
264.051
714.988
398.375
163.083
148.909
144.4
287.116
689.719
479.846
313.361
285.034
213.633
259.993
305.049
402.619
337.781
287.227
513.039
299.629
275.537
347.208
237.626
357.349
526.012
334.136
592.798
302.273
361.159
331.434
315.461
464.477
616.358
350.125
274.829
294.97
406.608
494.008
405.779
319.055
284.922
279.065
235.4
257.063
295.991
297.005
274.697
334.327
248.82
249.714
320.411
255.171
231.017
301.628
361.585
490.047
356.828
251.794
325.471
246.849
174.108
154.093
160.397
169.863
315.723
263.707
301.606
201.543
341.837
385.922
439.788
448.309
332.481
187.793
499.146
369.958
272.602
373.617
489.207
565.285
522.732
378.535
322.425
354.147
293.467
270.776
370.335
379.683
327.532
358.332
554.512
395.734
258.369
292.61
435.022
535.218
571.665
402.768
610.838
456.396
278.499
386.91
417.888
676.746
649.85
478.405
788.114
379.635
257.11
262.104
429.071
803.958
844.938
424.993
545.09
633.152
550.754
244.32
331.343
354.046
495.462
622.739
678.426
694.818
366.887
250.037
271.062
328.621
623.75
726.495
772.525
735.546
421.391
181.137
208.002
293.685
705.174
787.787
573.294
445.189
407.011
428.306
303.923
278.933
554.685
480.341
618.287
386.739
210.911
235.025
151.396
226.23
591.105
445.433
831.486
385.61
189.698
186.486
185.718
371.282
824.786
484.639
337.45
194.443
233.444
249.507
201.199
269.037
350.048
209.698
828.251
444.664
320.636
333.263
260.379
586.465
854.426
494.38
352.811
291.377
243.739
222.907
260.797
334.905
352.286
314.593
360.055
231.856
241.827
277.353
346.068
392.673
380.177
240.039
454.918
262.014
216.435
243.823
246.208
340.367
455.389
303.414
445.856
352.522
391.164
342.667
569.928
685.921
491.405
321.04
367.645
263.597
387.9
515.638
411.183
419.711
385.696
240.71
487.064
277.794
161.312
296.121
313.409
473.745
506.676
313.162
301.531
285.815
441.813
523.019
546.454
431.67
317.647
274.577
269.831
277.187
376.718
393.608
334.214
268.006
266.104
272.78
411.995
364.236
260.42
359.128
482.639
594.973
447.88
386.461
526.649
373.669
259.699
332
372.87
439.332
523.644
421.117
377.238
334.858
249.428
259.097
316.126
419.991
398.762
331.152
599.697
335.44
205.37
367.829
496.863
645.766
638.922
370.628
693.926
781.741
397.336
214.788
284.155
360.85
630.456
813.099
602.661
683.396
424.088
407.084
335.392
540.698
567.861
699.22
790.374
685.365
245.939
173.25
179.62
355.786
732.15
761.994
667.269
404.368
230.656
346.925
210.078
349.094
659.273
467.524
941.728
368.006
150.497
171.827
175.048
458.948
952.701
471.81
826.276
378.822
170.426
149.304
233.589
631.65
867.204
442.97
607.954
365.981
190.328
250.62
209.486
459.981
635.697
406.536
733.327
322.253
295.16
188.49
326.036
646.217
775.217
372.7
378.635
260.152
202.044
268.344
270.614
419.71
411.062
274.926
518.216
261.274
426.816
487.214
354.234
443.209
545.024
301.991
480.483
321.654
275.968
282.138
296.446
503.606
507.612
340.18
731.948
421.43
240.032
343.135
464.245
811.182
792.65
457.96
619.012
442.441
264.628
358.595
490.823
737.436
672.998
455.035
415.609
295.292
210.727
393.346
431.127
471.133
442.021
311.617
446.66
281.149
288.124
487.851
368.219
334.802
442.617
317.96
534.616
235.665
181.569
285.84
245.777
324.289
539.011
289.328
168.589
178.106
332.791
395.372
306.999
215.331
172.122
163.907
478.679
386.144
242.75
404.265
477.838
524.059
489.062
410.873
470.563
216.341
238.182
300.269
348.883
530.089
508.615
250.384
408.25
218.671
217.837
383.785
436.051
515.35
442.348
235.793
558.115
687.642
527.657
398.194
252.135
350.114
508.306
698.845
711.219
808.787
567.124
308.285
328.918
410.039
643.599
833.828
663.217
504.926
271.476
254.55
230.353
354.638
626.807
560.466
979.13
401.149
272.068
254.27
235.291
493.413
977.988
511.288
899.845
436.284
296.531
296.755
419.084
739.793
943.401
502.358
794.313
358.817
271.848
300.225
400.477
755.303
844.222
415.215
733.128
284.344
229.916
217.233
424.144
740.892
787.924
341.916
811.58
338.738
195.2
241.378
243.686
589.622
847.796
393.818
435.96
386.318
312.705
315.317
442.792
643.055
479.69
383.325
473.125
234.068
292.45
336.629
473.816
615.537
519.252
236.94
459.431
297.403
235.603
259.923
252.909
355.261
464.882
335.351
393.802
254.912
234.27
264.236
315.301
401.051
413.254
271.65
556.045
301.976
212.856
251.073
456.476
738.749
620.321
319.677
487.5
398.155
232.206
210.958
354.754
502.234
509.085
416.749
310.861
217.135
200.176
395.973
444.096
441.102
307.45
230.875
395.762
261.636
161.707
263.442
359.688
526.222
436.318
270.899
205.63
220.643
248.409
295.027
326.957
304.668
217.829
209.856
389.942
236.194
356.975
429.513
539.402
487.909
419.925
252.32
497.796
309.514
350.805
570.785
569.037
602.217
520.394
314.783
367.574
314.966
271.765
300.005
490.213
547.928
405.251
322.015
303.838
433.168
482.373
361.705
302.49
283.688
303.519
399.28
240.978
310.704
617.743
755.969
349.198
209.947
239.544
282.884
851.687
426.174
166.017
251.441
207.25
532.99
876.035
508.679
922.266
322.951
202.133
376.646
264.544
540.686
946.737
429.489
689.185
261.239
244.938
310.569
459.712
683.201
738.782
317.936
567.578
299.794
213.539
258.722
345.507
636.349
618.208
335.115
667.32
512.432
283.898
288.764
369.572
594.016
663.526
552.394
728.216
359.57
254.221
196.645
284.136
548.196
750.435
410.968
516.416
356.104
284.184
307.526
409.443
609.596
551.806
384.927
362.905
262.941
236.378
283.948
414.622
480.988
385.891
272.848
415.843
265.672
239.801
371.973
444.473
584.067
461.891
276.779
499.612
359.915
408.245
545.641
516.186
574.452
522.23
358.674
324.862
237.764
196.167
320.049
458.724
465.598
352.491
250.191
504.615
354.841
350.718
450.407
334.632
529.433
543.044
351.905
628.108
400.832
343.483
437.904
646.028
807.015
693.621
423.655
384.165
266.224
245.667
321.776
482.325
552.349
409.482
277.055
396.525
250.518
314.474
486.002
335.424
308.649
407.695
274.002
333.485
328.079
295.054
432.847
541.914
549.609
359.597
333.518
443.727
425.616
272.204
465.857
459.189
458.648
450.795
443.228
296.796
280.268
338.725
573.916
570.753
517.067
315.099
267.854
255.64
577.214
705.328
455.563
291.844
297.186
226.818
511.417
246.191
274.374
578.821
957.68
604.477
260.47
245.725
256.945
663.305
308.827
219.1
266.178
282.218
556.21
713.912
347.788
781.505
392.226
198.26
196.162
354.612
631.482
809.61
454.833
648.782
352.886
376.615
325.534
449.936
646.294
683.245
378.394
635.241
345.334
387.87
405.478
504.792
607.475
658.16
375.187
651.511
407.928
262.609
253.843
387.747
594.473
684.967
440.077
584.435
386.225
342.05
296.006
440.225
665.841
629.569
399.959
523.071
395.087
278.711
220.386
388.863
754.965
586.747
387.397
463.025
264.761
313.237
414.307
510.829
639.566
504.408
271.488
414.692
446.441
359.7
322.61
535.615
559.629
431.729
448.862
334.014
298.197
274.264
384.755
415.986
432.399
348.73
293.725
580.81
485.829
379.145
427.106
535.34
684.246
622.135
491.416
346.03
292.903
344.369
555.528
445.228
348.675
344.654
301.203
467.067
372.005
397.545
375.959
654.527
814.673
532.258
354.905
572.453
479.696
302.045
349.855
433.608
709.831
619.354
492.937
502.195
434.225
371.643
403.004
592.314
665.348
544.971
448.747
592.806
430.261
315
355.015
497.412
650.573
637.903
449.282
306.172
216.024
231.101
453.272
536.67
487.081
333.398
220.665
383.291
232.903
291.448
445.731
673.781
564.563
421.114
245.885
438.414
345.45
605.398
859.576
537.735
358.135
429.403
344.364
209.327
256.931
453.445
745.157
546.08
286.622
205.31
238.463
400.249
207.072
328.421
327.785
375.979
378.9
430.243
211.613
499.051
473.468
307.955
279.131
393.536
711.538
551.493
472.15
558.361
307.631
307.806
266.314
374.984
727.886
622.969
318.955
715.422
374.813
271.084
282.602
558.421
921.324
790.633
389.366
601.319
368.067
318.766
385.003
428.83
776.881
663.138
382.471
614.425
318.913
159.138
347.584
387.752
650.601
659.56
369.282
427.135
260.562
305.455
338.197
490.98
562.062
458.137
265.476
302.311
307.683
260.143
418.25
446.45
459.61
326.418
297.138
558.112
446.951
235.644
298.536
403.269
629.99
598.329
458.588
416.359
320.705
298.454
455.289
523.885
600.855
454.566
341.182
437.969
306.36
258.47
345.527
365.579
427.544
445.05
331.494
474.168
390.591
321.61
382.166
495.466
578.797
504.82
396.909
319.784
308.511
387.092
559.82
711.615
659.848
365.18
278.802
506.679
306.596
235.081
223.508
317.242
702.63
570.752
303.97
525.019
316.052
270.91
293.677
611.149
785.782
583.079
335.651
396.246
262.19
313.582
596.234
497.847
516.232
414.078
280.891
416.902
290.441
463.708
574.566
643.708
532.421
439.591
295.42
481.468
386.487
244.442
371.829
531.381
626.277
521.075
392.728
397.172
287.235
595.03
732.042
620.33
409.189
406.062
279.865
235.607
198.173
322.263
637.458
571.294
307.323
239.409
200.382
505.473
412.136
425.06
444.635
646.284
767.47
561.874
415.402
711.855
466.388
259.122
329.181
588.142
864.48
771.738
494.676
597.243
519.141
312.757
424.305
642.268
780.949
641.522
537.458
605.641
562.615
436.181
380.358
516.047
791.835
657.727
571.443
733.722
419.685
298.228
355.007
510.548
762.836
769.408
473.943
617.848
341.975
203.546
348.461
595.889
862.004
679.901
376.148
562.248
310.575
312.307
305.484
588.94
802.922
621.878
321.748
626.799
495.252
336.563
343.749
490.647
822.632
688.168
511.142
553.218
430.86
373.438
329.427
469.822
603.64
584.921
437.016
241.637
236.225
329.631
433.47
587.418
368.419
243.404
233.119
648.083
464.602
286.223
388.201
650.178
932.167
708.528
486.85
479.096
352.267
412.482
383.367
577.995
664.048
524.127
353.663
765.561
400.487
507.229
637.709
646.218
827.474
814.475
442.093
489.632
424.735
288.38
300.266
421.942
475.97
498.866
428.751
510.537
439.78
476.611
521.65
760.447
763.575
554.142
435.965
486.673
308.336
293.773
572.147
960.674
952.285
551.643
321.534
600.016
439.968
282.391
359.309
543.779
733.358
647.712
456.377
388.635
336.237
270.894
595.065
637.19
592.217
427.949
348.834
