466.486
766.969
735.438
490.982
352.691
350.121
407.122
726.416
380.897
703.401
663.682
343.169
428.716
446.483
335.52
653.955
434.702
703.235
667.085
380.568
260.599
359.166
395.81
667.823
361.496
639.31
652.327
447.013
310.76
321.022
319.284
596.895
425.315
751.676
666.678
363.767
362.776
433.069
388.973
703.098
143.248
389.54
766.527
638.759
440.789
242.46
132.679
327.658
244.702
398.166
589.085
590.065
310.383
198.957
243.336
361.421
152.597
367.437
785.848
816.707
477.555
239.354
140.617
308.067
199.374
314.625
779.856
1115.38
492.89
221.889
188.912
264.933
115.913
211.562
639.37
1020.01
552.196
215.087
117.807
180.748
207.149
202.841
551.083
1125.72
748.8
236.05
214.482
190.052
180.83
190.297
452.066
1037.62
968.687
455.795
188.51
172.565
184.662
231.37
449.753
765.436
925.905
550.127
212.416
199.652
298.139
274.338
407.518
651.848
882.562
602.282
332.015
274.12
345.681
448.561
437.889
605.161
957.88
871.463
380.232
409.342
382.967
420.038
415.995
436.229
780.754
834.479
430.177
407.388
467.494
415.97
335.193
552.2
834.668
860.038
524.45
427.235
504.114
416.07
449.002
510.166
867.022
957.606
577.92
422.65
514.46
437.294
303.253
316.276
651.698
901.255
583.538
447.755
524.677
403.916
273.075
306.808
515.299
859.32
600.207
409.002
555.324
750.12
603.42
396.713
296.101
430.062
528.027
739.47
588.117
835.868
679.288
364.923
297.128
366.69
525.262
818.216
413.249
642.951
655.088
418.937
462.673
387.834
388.92
603.278
361.55
620.065
544.577
330.922
421.524
403.145
330.13
580.5
343.556
623.493
609.139
295.102
269.334
316.945
303.774
577.102
341.147
591.84
725.677
539.456
327.864
283.783
300.735
546.533
333.455
512.674
649.995
440.636
261.118
297.304
325.172
474.632
216.086
468.441
677.878
620.899
308.957
350.634
211.983
405.155
243.942
307.362
706.601
976.219
483.599
179.395
230.798
277.674
150.032
235.669
520.648
869.756
429.63
164.728
148.972
207.775
122.456
165.002
446.074
929.456
534.551
188.888
124.942
148.734
115.395
121.465
356.284
859.971
708.053
282.243
120.368
112.345
217.642
221.069
419.121
667.44
567.044
335.525
221.277
210.161
268.986
204.319
334.337
751.32
820.783
493.569
296.245
211.974
300.13
258.908
416.916
587.148
698.713
507.861
327.835
249.231
319.912
307.614
332.367
543.075
555.516
504.858
342.394
300.385
573.456
446.682
346.481
395.73
672.539
933.998
649.868
455.105
640.862
447.956
275.048
285.205
523.713
872.759
711.442
459.877
737.935
461.576
457.694
421.054
599.058
923.52
816.55
490.1
526.022
351.35
329.474
319.006
587.874
860.258
599.158
334.699
520.674
681.091
402.544
268.964
225.296
310.536
464.598
687.718
597.114
823.615
654.417
419.154
347.89
368.804
541.044
816.338
425.265
750.401
557.205
449.402
290.099
382.052
372.47
721.628
393.274
536.219
405.122
297.493
192.756
334.27
367.016
531.816
328.191
499.109
544.501
319.171
279.531
251.183
307.752
455.814
341.972
566.579
545.612
337.76
232.692
260.06
304.083
531.951
373.902
572.46
553.563
385.866
330.254
374.606
364.469
541.687
262.109
411.709
646.382
776.22
363.969
226.986
245.811
383.12
218.242
425.872
665.693
800.609
368.178
168.706
196.762
383.549
171.405
302.839
648.144
727.015
497.593
234.19
171.366
252.488
120.772
145.537
402.485
802.134
598.003
256.906
125.473
129.126
223.659
174.041
287.759
402.33
444.59
242.07
218.663
179.584
285.843
219.115
241.129
504.899
407.625
364.982
310.311
220.4
280.192
197.256
212.599
366.133
487.928
529.869
313.404
196.878
237.908
325.129
358.49
646.976
552.14
557.81
257.914
297.893
355.343
369.328
458.72
344.877
446.908
484.953
379.603
358.321
543.77
291.36
265.332
264.45
364.962
513.923
569.877
333.231
652.185
355.308
352.105
254.271
564.757
816.742
711.407
370.723
788.512
563.639
299.95
317.902
648.61
1040.64
867.978
585.891
740.425
396.237
234.594
224.391
471.382
853.254
803.405
433.351
564.952
802.428
566.203
248.578
269.201
353.097
505.589
790.525
463.718
767.849
689.174
267.767
363.468
405.83
403.928
725.125
520.132
806.966
599.92
307.581
268.947
430.739
473.496
788.252
502.943
720.019
619.38
324.373
276
473.981
481.572
698.735
508.048
704.709
582.295
332.592
291.843
299.614
454.31
693.353
336.56
583.094
737.518
501.802
324.908
272.681
305.042
535.444
391.613
622.364
612.687
353.323
304.653
306.132
365.327
598.16
331.102
497.263
685.806
675.423
325.153
211.809
301.821
464.075
217.087
391.22
712.025
909.007
441.029
183.323
200.462
349.508
213.383
296.789
379.668
409.196
248.222
184.514
199.21
288.489
163.834
276.682
575.241
991.475
614.904
173.317
145.934
258.716
272.51
230.383
472.786
595.015
595.745
346.032
275.125
214.751
289.413
271.83
384.98
529.153
415.062
403.602
320.732
258.75
332.537
336.227
203.14
285.259
306.781
417.489
353.492
344.138
558.908
295.47
216.08
342.477
444.963
531.924
580.722
339.462
442.297
351.224
253.944
511.451
531.235
620.728
483.784
370.965
500.274
248.105
221.281
287.382
372.914
508.198
528.02
276.771
565.492
339.004
295.04
366.547
493.258
693.833
605.618
361.532
825.458
407.828
276.966
192
460.909
813.585
881.621
466.184
728.021
388.101
261.374
256.83
417.087
792.437
790.351
419.742
592.928
866.616
550.379
412.126
276.424
408.277
522.502
861.313
542.816
713.808
557.068
483.67
449.494
472.434
497.706
710.966
553.732
773.338
621.424
271.631
328.361
362.07
502.604
754.006
530.592
792.167
624.643
406.836
365.926
363.076
472.336
776.225
580.674
823.181
590.443
398.245
291.668
364.847
516.501
818.217
521.171
724.827
512.494
334.063
220.733
443.004
483.233
721.42
331.287
636.333
649.791
378.122
301.855
358.194
292.13
582.823
424.868
509.349
614.52
526.402
440.61
250.202
387.216
506.413
196.048
387.939
658.686
653.406
314.121
182.4
178.058
342.142
230.109
321.507
459.192
567.927
339.156
206.985
220.088
300.309
159.443
298.322
648.052
782.048
389.307
154.295
141.78
267.196
167.163
149.793
308.334
811.344
520.56
214.884
163.244
156.564
274.856
152.278
281.748
459.64
483.731
288.745
278.495
160.565
353.609
271.908
326.24
369.43
646.271
640.452
392.415
254.639
433.88
287.682
357.83
421.279
419.24
461.405
451.949
315.078
437.033
354.041
240.827
245.704
385.49
450.07
454.84
361.978
558.874
288.334
238.662
448.929
429.846
466.009
572.198
331.259
712.688
434.903
304.723
365.907
439.502
842.257
780.5
454.897
698.916
408.642
226.121
235.141
457.431
897.892
774.721
431.08
761.249
370.555
251.681
228.264
492.633
819.596
833.949
426.571
693.623
748.289
527.604
429.94
369.326
317.7
632.767
763.073
627.025
748.833
425.507
321.251
271.451
552.672
582.362
768.35
570.102
738.068
555.491
440.424
436.361
403.268
526.89
740.946
583.8
715.278
391.29
174.462
183.197
322.499
521.582
738.722
489.083
597.847
604.485
442.116
379.487
284.673
432.598
611.518
505.624
561.378
427.615
324.527
237.434
311.925
466.039
576.833
399.753
562.482
442.587
290.479
227.624
327.366
368.845
558.405
267.358
439.034
404.037
310.307
241.146
194.708
237.693
418.345
204.454
411.534
716.419
627.949
324.671
317.161
206.244
356.047
300.966
269.742
426.91
427.563
320.421
309.085
304.951
248.522
107.105
188.46
423.75
909.129
448.324
222.793
117.548
170.006
285.495
270.497
253.277
585.127
702.193
460.338
292.052
265.329
266.415
198.275
215.786
309.405
448.675
360.225
269.956
206.225
401.608
278.725
246.635
496.809
431.439
337.057
398.324
316.962
449.371
319.02
196.211
305.494
536.512
775.651
516.878
327.399
414.474
193.56
176.983
319.943
492.536
595.874
463.352
217.928
564.964
391.083
279.178
270.303
399.464
554.247
575.314
435.423
547.591
462.927
282.962
403.26
502.405
596.394
576.797
471.1
609.874
431.661
286.852
364.405
449.068
687.816
653.939
448.341
746.692
407.407
234.414
234.196
431.58
867.927
812.165
428.919
793.902
832.401
380.588
221.631
299.502
363.032
709.586
890.012
674.274
737.495
607.745
536.466
501.088
463.49
626.444
752.54
708.45
817.913
492.029
235.783
236.826
419.264
646.27
835.079
469.131
649.328
368.867
296.124
260.611
376.719
423.914
654.399
471.437
560.124
451.676
292.897
253.729
255.196
425.963
566.116
487.624
598.635
364.621
182.401
184.828
296.37
448.685
606.257
469.35
584.594
447.97
297.837
291.644
283.6
431.761
592.891
331.662
544.397
482.461
446.408
321.357
261.626
310.125
523.18
218.71
321.431
470.787
527.101
277.313
202.193
209.648
303.639
174.795
256.263
552.742
765.165
392.686
152.665
162.217
233.506
184.171
212.551
342.184
607.609
388.397
173.018
171.329
216.207
350.252
220.997
212.397
447.282
550.708
456.691
376.217
226.641
332.889
323.396
265.642
287.75
433.927
472.4
339.671
323.57
401.069
260.202
234.256
263.045
414.553
625.763
453.521
257.119
276.188
318.417
279.371
363.331
360.063
421.154
291.207
305.647
331.686
289.185
282.361
233.087
309.492
470.941
356.728
278.778
468.703
337.566
262.697
388.885
507.162
696.153
524.458
356.769
600.792
293.924
297.374
297.105
521.548
774.321
664.111
322.034
698.373
287.776
237.664
297.284
386.427
637.632
748.324
349.263
818.352
413.049
237.762
331.978
362.127
781.406
879.961
477.044
593.799
725.137
478.335
382.636
264.538
354.495
540.398
736.496
623.703
686.02
397.312
271.578
234.027
249.819
557.587
719.171
642.732
804.684
480.413
277.605
273.269
372.145
573.512
821.154
554.793
751.942
546.332
343.949
216.016
350.238
505.363
747.749
653.04
805.084
444.26
173.077
221.152
504.333
596.746
821.174
563.746
601.298
410.96
218.202
238.81
291.961
516.182
626.397
523.301
662.281
582.963
335.991
279.338
363.7
479.311
658.835
482.591
631.292
459.054
359.924
318.295
395.168
454.907
634.81
421.499
587.985
414.094
211.916
193.144
298.396
395.611
578.046
232.959
382.187
515.224
444.877
280.371
263.028
227.337
352.016
320.697
265.562
475.449
885.144
581.02
250.069
324.166
277.864
187.071
159.856
340.59
715.591
464.602
388.278
213.968
141.541
351.189
253.8
466.77
465.482
481.433
294.868
350.976
257.232
699.111
403.01
387.13
809.459
633.463
552.736
704.458
446.187
635.307
463.64
357.991
401.405
345.038
524.542
649.107
508.913
446.241
303.923
257.827
267.254
413.452
593.28
481.261
304.775
435.665
297.559
192.093
308.669
385.655
449.396
462.02
314.511
523.057
331.645
223.94
365.573
385.676
439.251
524.408
380.301
740.62
348.056
195.78
166.711
368.097
564.056
758.868
419.344
748.36
362.485
290.272
258.73
591.328
857.424
813.678
408.073
753.324
704.813
382.272
280.181
354.455
492.277
707.73
759.544
667.721
766.665
438.349
234.964
283.501
462.873
610.666
784.088
491.371
556.429
358.261
201.791
229.376
262.519
439.134
569.6
671.142
734.179
398.525
241.068
285.73
380.426
612.35
761.284
634.321
693.966
372.175
288.699
229.739
354.211
584.85
734.953
643.27
598.954
305.74
199.461
263.026
260.614
583.896
651.906
562.651
555.836
314.805
189.086
197.608
267.757
513.459
594.248
478.785
450.089
378.153
319.203
336.552
275.192
451.171
481.612
513.064
463.792
277.863
215.941
213.003
314.501
485.41
497.566
235.106
386.855
502.08
475.851
279.617
242.881
238.318
353.114
179.298
178.08
343.878
669.929
414.057
191.865
173.424
180.264
198.496
137.776
240.891
524.846
531.018
328.249
211.676
147.755
266.662
237.003
214.303
289.048
256.436
291.66
276.839
240.567
343.157
268.533
289.685
631.564
538.626
460.04
374.369
274.561
223.83
184.027
242.618
395.029
446.514
425.514
244.818
173.259
329.927
239.076
294.161
513.429
328.319
232.646
316.567
272.485
236.07
317.755
383.767
453.028
380.372
405.265
243.535
287.276
525.32
327.211
482.369
561.565
556.944
477.165
545.876
343.524
615.376
307.844
352.289
379.819
518.779
774.391
678.205
321.355
604.82
327.433
307.432
380.8
515.992
659.86
639.394
366.566
887.603
722.376
401.741
370.739
246.622
354.818
829.843
799.465
795.962
639.77
280.57
212.663
152.443
313.886
748.996
700.42
714.192
735.103
397.89
311.842
358.974
344.647
638.588
783.263
580.488
678.788
370.733
235.888
206.097
326.313
523.662
695.834
474.582
621.502
485.404
308.964
199.664
222.239
421.723
620.595
546.749
416.771
262.728
205.999
183.577
235.036
517.292
463.865
595.123
587.857
403.329
278
242.66
365.476
553.354
615.071
564.653
576.437
318.682
236.163
177.14
234.966
506.361
617.753
418.514
456.858
273.288
199.182
241.201
280.195
395.449
466.346
407.65
523.714
367.836
456.03
271.198
341.317
375.676
527.847
174.443
160.098
263.934
388.916
302.632
195.693
174.301
156.696
502.539
342.904
272.379
408.727
338.696
299.329
494.685
375.433
550.346
444.189
252.066
346.076
429.651
670.622
593.026
462.546
446.443
324.485
213.645
207.117
245.721
503.473
473.134
347.262
309.316
269.311
262.285
649.79
530.182
428.511
326.712
284.397
580.371
340.29
279.984
266.67
474.728
680.066
627.692
375.066
363.975
280.811
291.684
247.404
305.056
415.478
387.18
281.979
503.631
422.603
251.82
270.478
321.197
492.944
518.815
434.81
566.994
422.773
285.64
401.026
609.55
666.827
576.729
464.559
519.411
431.439
315.057
325.206
504.344
677.003
563.581
435.579
730.971
760.405
474.352
334.179
389.096
360.739
657.859
804.402
528.884
650.766
357.878
230.288
218.571
259.928
473.046
663.124
675.548
590.618
294.955
344.895
275.703
415.892
632.707
648.499
862.619
641.327
278.151
235.478
163.962
313.41
805.117
730.975
709.784
536.354
176.341
204.806
259.967
445.558
669.01
610.529
752.528
532.996
241.133
244.351
246.874
385.918
722.07
613.595
575.292
419.704
229.46
310.74
250.232
229.723
547.662
470.82
614.734
413.092
195.467
193.66
159.325
253.884
589.878
472.1
439.598
340.987
224.291
268.912
209.287
178.036
415.601
368.92
414.471
355.554
225.71
277.416
211.299
194.012
388.843
381.418
572.169
415.719
288.427
369.254
322.634
393.199
577.512
438.101
340.115
258.986
261.498
372.293
522.822
453.251
356.646
267.456
494.647
255.964
326.438
364.199
440.637
479.308
514.014
295.595
523.242
308.788
270.881
270.396
364.916
521.623
548.304
333.513
332.827
225.539
283.491
325.976
413.931
411.658
349.364
224.017
290.816
210.748
334.344
357.812
312.985
286.014
296.591
201.84
394.517
254.823
326.417
477.063
487.267
534.764
420.121
258.579
543.17
247.351
248.268
314.511
377.096
600.567
586.156
270.28
477.55
267.604
295.505
363.444
506.102
689.66
530.965
285.959
603.863
380.142
351.989
372.579
400.983
514.179
628.431
402.773
751.692
753.873
449.508
306.401
279.195
317.729
689.182
792.531
751.6
751.205
412.624
278.429
276.186
358.189
688.605
788.52
575.011
613.147
361.093
346.693
338.959
262.788
515.261
648.348
848.876
623.219
264.242
179.89
151.947
295.952
786.27
700.74
654.58
532.22
301.416
262.667
202.068
267.826
608.574
581.931
648.268
487.678
361.951
331.155
283.86
390.365
626.44
536.054
592.275
342.279
174.317
216.285
230.604
336.34
595.403
387.644
521.658
276.055
307.689
273.983
280.357
442.073
547.225
291.21
771.662
397.225
353.94
325.04
410.458
384.8
763.231
473.548
394.982
298
221.562
269.088
310.427
500.683
432.251
303.75
375.873
287.749
206.447
276.348
289.28
356.57
389.942
295.86
300.909
250.114
190.955
193.689
304.634
310.071
303.601
268.822
506.435
272.975
166.608
209.543
332.216
558.442
547.764
299.726
466.84
321.164
224.236
301.025
401.909
503.262
479.979
354.248
428.264
323.717
350.648
696.68
508.954
448.352
430.899
342.818
563.658
306.795
238.441
242.339
314.539
597.566
607.028
334.348
511.254
301.583
220.893
310.105
297.849
342.546
507.114
339.972
484.403
263.003
305.236
410.649
463.307
417.082
496.354
306.081
400.319
296.417
295.166
312.167
359.91
513.264
424.196
299.916
732.139
303.302
213.108
214.047
300.65
621.932
767.159
362.786
750.532
602.621
364.148
358.564
337.835
345.368
698.152
675.433
658.93
498.86
319.431
223.868
235.408
336.453
616.572
551.701
698.742
624.69
372.087
368.412
252.851
290.71
648.25
671.4
831.656
590.343
399.867
496.259
327.072
382.799
787.506
644.612
667.279
386.828
277.662
354.293
212.13
289.23
651.497
453.135
598.822
291.515
257.541
316.89
179.757
257.95
590.501
348.896
555.257
317.418
274.553
437.293
290.129
329.595
551.91
365.92
371.829
283.739
287.436
323.902
294.095
300.853
366.935
306.111
416.228
286.863
300.908
330.697
271.698
341.201
419.197
292.117
385.217
332.739
280.266
363.241
287.563
297.995
376.47
350.122
394.336
297.343
216.635
358.001
304.562
366.064
400.721
319.046
380.126
284.548
250.574
461.176
274.951
261.913
371.033
307.728
372.743
249.197
202.041
211.621
184.079
300.354
377.306
278.578
385.504
311.167
319.303
255.975
335.97
391.003
393.265
311.455
370.069
177.079
239.333
238.969
372.294
454.742
391.958
191.504
406.952
251.061
322.343
536.646
507.767
399.409
425.659
265.059
340.169
239.572
183.394
283.599
502.083
594.399
378.734
243.609
596.133
393.437
240.25
210.96
447.683
680.473
637.43
421.307
510.144
340.37
295.714
363.919
419.145
532.955
538.019
357.348
635.765
472.425
268.833
340.495
450.084
673.513
677.595
486.055
681.398
631.521
314.659
236.343
183.467
305.658
627.135
686.199
679.496
739.869
417.796
237.281
279.197
412.184
625.541
767.262
787.079
760.257
397.559
201.046
207.389
286.19
711.888
821.113
717.689
515.518
354.454
293.906
197.518
489.098
723.042
562.863
819.908
346.399
164.33
219.556
217.618
320.432
810.773
447.709
739.863
366.835
170.696
121.345
140.255
307.293
726.148
446.027
542.483
369.381
202.689
245.23
167.152
392.851
561.036
397.721
900.023
379.039
211.86
306.687
281.145
544.186
911.723
471.575
370.421
286.87
320.569
322.468
303.04
303.031
374.102
292.631
471.706
288.717
281.05
382.818
393.763
479.647
485.201
304.05
438.048
235.363
217.49
291.892
269.285
364.243
453.985
269.891
466.738
396.953
268.522
300.087
355.522
592.924
494.516
427.734
356.843
226.257
238.294
371.289
491.354
536.092
388.087
236.99
417.095
263.199
272.682
441.83
329.086
414.537
439.428
277.755
376.354
223.101
212.48
388.053
442.936
346.33
373.125
256.347
277.802
212.299
208.969
335.155
296.995
313.983
297.06
212.865
299.365
315.748
372.788
519.611
568.748
501.036
314.171
298.542
552.772
384.546
345.541
405.75
411.09
460.503
549.663
414.36
324.327
202.118
307.244
323.202
388.762
466.752
361.573
199.649
504.907
321.592
326.422
389.121
585.758
707.858
559.374
338.443
634.953
924.523
649.562
288.752
277.549
510.104
571.679
910.827
682.128
852.877
580.099
432.031
235.473
398.055
613.242
856.83
704.225
741.754
428.946
267.886
198.63
277.243
633.57
785.492
826.494
342.323
194.045
316.963
268.922
425.147
836.647
429.238
842.908
388.403
151.726
159.305
220.377
568.28
873.707
470.912
759.678
293.866
228.839
208.312
304.346
619.628
794.46
357.816
770.078
334.385
351.24
361.63
375.806
689.228
819.897
387.811
838.702
442.383
275.492
267.294
276.629
569.259
857.164
478.448
508.869
320.658
237.59
305.634
315.472
484.447
535.913
339.464
481.109
409.866
332.925
429.194
271.951
451.686
504.953
415.826
523.38
344.711
223.413
317.874
383.91
459.174
539.678
368.059
501.764
275.823
214.728
311.35
488.879
558.063
537.512
299.203
676.139
337.327
392.27
447.783
556.5
717.112
720.862
368.205
462.631
277.486
399.149
349.832
415.138
385.829
475.514
293.923
439.16
247.242
202.249
230.93
260.99
453.348
465.56
269.237
442.494
261.504
152.919
195.773
245.201
295.382
439.099
303.769
262.557
229.172
232.601
411.642
297.029
246.217
258.381
247.17
445.344
380.12
260.294
265.288
418.547
534.186
474.178
379.224
365.561
330.83
248.354
294.477
403.079
380.836
371.926
327.799
379.901
180.765
190.602
386.747
459.399
418.12
406.763
207.162
522.215
672.5
537.445
352.751
345.694
343.796
467.926
671.121
700.704
552.31
343.951
409.078
340.735
374.647
675.094
586.68
712.981
332.837
214.586
283.759
187.139
351.88
725.366
394.154
686.117
434.808
318.163
457.964
353.671
590.954
733.106
459.24
782.915
357.603
251.87
251.345
296.933
634.254
828.3
416.118
774.838
513.404
274.085
185.811
310.669
718.927
813.259
545.587
662.871
366.947
299.404
243.772
447.086
706.047
710.087
406.401
823.452
393.031
183.895
132.19
275.828
718.392
863.373
435.206
527.385
288.341
219.606
268.883
370.123
515.834
564.432
314.362
302.1
260.661
165.626
277.98
288.779
420.828
322.033
260.219
494.756
268.211
233.67
266.852
283.087
466.435
524.914
289.18
326.191
170.214
336.779
449.016
594.39
426.023
349.846
181.802
510.73
329.604
341.603
310.887
519.427
767.123
573.87
330.919
652.097
339.671
308.88
283.628
369.067
571.452
687.872
378.835
411.071
350.598
270.644
387.84
412.234
458.444
438.377
350.866
441.558
313.254
258.519
302.903
432.699
548.673
476.279
335.121
296.301
247.784
343.88
614.732
423.773
288.694
292.847
256.578
267.762
288.374
262.458
347.935
556.319
575.458
291.342
275.448
342.912
215.021
239.061
386.58
473.687
462.406
370.747
220.561
431.986
291.936
225.917
221.45
350.492
476.589
459.478
315.926
353.275
551.271
628.544
452.291
424.712
273.897
327.715
523.943
182.431
429.405
837.672
797.509
374.158
266.757
167.965
361.865
704.719
339.198
218.651
137.158
262.998
508.581
726.145
378.239
688.192
368.611
359.494
347.584
426.616
586.838
713.193
404.421
743.702
420.024
273.716
254.514
334.24
644.646
783.926
471.706
597.181
543.561
292.838
285.664
421.682
729.97
644.222
555.91
492.064
379.696
266.649
365.957
603.452
545.788
488.536
421.003
723.943
515.994
321.15
287.969
401.031
599.112
750.512
542.632
510.178
289.98
279.549
227.691
352.394
468.633
532.117
313.096
632.601
380.588
297.007
360.472
460.217
631.059
666.956
400.6
433.49
229.445
272.105
317.139
431.605
470.304
467.035
237.965
243.427
220.475
260.653
416.116
262.422
276.149
252.202
217.437
541.321
355.492
316.817
371.007
441.941
577.701
574.025
371.829
370.232
249.245
361.926
463.358
471.443
445.694
397.889
245.109
345.566
276.704
300.184
227.992
496.628
622.742
392.064
246.507
423.163
389.784
454.957
320.956
682.037
831.218
478.758
332.248
421.412
280.774
332.176
522.008
485.09
436.926
434.629
288.196
252.971
380.106
424.893
325.789
462.236
510.961
287.346
323.745
356.083
277.871
355.339
359.534
546.625
501.169
378.884
268.658
370.2
255.23
307.32
420.724
406.771
462.935
395.606
263.094
442.739
595.893
768.135
688.572
523.049
382.764
458.759
550.453
201.828
236.362
716.408
1159.04
652.076
245.071
202.869
203.78
571.219
374.201
294.505
484.323
386.91
517.652
595.504
400.994
933.572
404.163
347.354
317.42
504.621
870.321
995.12
474.458
670.25
230.533
181.207
213.195
424.034
727.798
730.446
284.119
718.507
312.407
180.269
376.234
459.778
801.484
779.441
363.485
596.846
267.095
263.205
330.759
637.423
811.071
662.345
297.204
543.595
285.054
237.539
265.117
332.383
576.877
589.968
303.689
555.258
290.376
303.201
361.802
466.714
639.013
596.761
320.839
334.295
256.199
226.808
286.003
329.887
410.248
355.223
261.836
331.85
189.799
301.274
395.899
419.973
347.953
348.353
202.952
444.152
344.721
285.244
380.925
570.65
668.841
491.49
345.46
439.561
261.435
237.102
451.17
459.802
499.936
467.115
290.433
514.559
343.845
194.176
245.663
302.564
466.692
523.04
389.895
391.94
381.668
363.067
414.482
671.805
743.061
433.876
369.753
649.434
451.17
230.245
226.651
341.285
733.132
706.496
473.009
567.305
351.255
231.609
408.333
562.707
775.824
628.22
371.098
545.643
390.34
321.382
385.914
592.941
741.033
601.129
404.841
330.212
373.865
379.514
500.613
603.499
607.074
355.076
350.985
360.207
252.066
388.19
544.336
681.681
514.473
385.772
259.012
127.045
238.028
581.174
1232.74
575.684
170.964
114.45
221.309
261.003
183.713
383.942
911.621
690.881
220.108
252.647
191.567
398.227
275.78
337.232
427.136
368.045
363.69
407.426
293.356
750.965
393.605
209.705
176.29
267.923
423.917
744.44
471.619
729.959
368.824
300.777
428.65
403.631
595.527
755.932
426.257
558.548
314.828
292.417
385.85
498.999
565.258
578.973
351.586
447.305
407.619
326.918
309.771
442.716
520.902
463.097
407.436
666.508
570.847
362.974
324.003
468.357
706.105
704.907
583.761
391.321
297.233
380.29
368.225
455.26
540.792
431.375
298.312
431.486
318.478
274.9
298.874
645.317
790.146
486.19
312.833
358.524
252.976
405.424
448.516
582.553
549.995
393.57
262.122
324.63
246.965
266.792
243.567
334.672
380.87
332.725
255.144
502.689
327.791
364.924
534.083
755.038
806.04
564.442
346.264
292.183
309.08
359.333
316.228
541.832
641.323
337.026
268.361
390.258
301.502
404.471
400.478
654.018
749.911
439.797
278.166
524.684
448.832
285.932
305.074
357.442
554.743
557.794
469.746
476.771
483.817
296.454
325.873
502.181
620.899
507.786
487.096
339.451
208.622
227.022
338.332
529.563
568.42
376.302
211.919
393.997
214.663
372.931
556.45
863.683
653.637
434.473
223.297
381.007
224.135
273.42
364.188
543.911
589.669
413.999
222.991
386.11
347.168
321.264
565.619
559.412
458.795
411.004
352.784
318.138
227.809
363.103
856.348
928.239
447.299
334.408
235.587
524.299
496.774
309.194
443.378
656.778
820.008
572.878
524.408
619.91
310.809
204.558
330.449
566.07
841.801
685.698
334.393
538.44
334.173
303.67
374.791
658.055
861.147
607.392
350.196
607.335
322.78
326.248
418.351
652.517
920.402
686.268
348.219
663.363
502.265
254.736
359.502
609.64
939.832
732.379
522.508
587.39
331.546
328.012
396.797
616.442
709.095
633.951
360.751
469.784
255.782
236.716
360.389
514.448
564.812
500.87
270.413
540.317
397.203
381.54
376.837
616.354
714.222
577.489
394.475
579.986
327.606
243.636
385.83
536.058
722.409
629.091
360.774
539.531
353.325
289.152
446.351
448.22
524.206
556.736
372.176
325.33
320.187
367.197
450.893
506.519
482.396
350.186
313.018
334.403
312.498
480.574
472.334
596.933
491.478
347.732
315.44
699.294
472.301
430.602
350.201
412.571
667.607
725.06
502.476
429.999
335.639
354.174
450.79
769.587
818.949
491.362
346.622
519.06
399.148
281.233
400.996
678.381
813.256
568.35
402.677
432.189
440.812
539.458
513.839
764.416
776.767
477.956
419.894
416.452
415.197
361.23
561.677
755.074
712.481
455.121
409.115
424.684
320.885
328.408
453.653
644.248
660.641
471.289
337.075
