740.051
925.284
625.432
280.508
236.579
338.556
660.773
929.519
616.519
916.899
750.366
343.724
381.943
414.472
546.779
891.54
634.1
1034.75
940.058
488.161
425.676
456.754
563.69
991.934
458.062
821.722
781.861
423.825
398.637
372.578
428.121
772.791
456.316
814.894
866.635
504.985
363.292
394.453
403.846
767.506
298.039
313.931
499.952
587.323
334.78
286.832
289.504
294.335
219.217
324.952
687.655
839.615
436.073
213.823
212.275
283.992
155.339
280.465
670.259
949.775
493.583
159.116
148.916
244.044
139.983
171.849
430.416
660.069
349.961
219.869
151.28
148.025
114.733
154.127
423.305
856.772
574.322
203.704
117.577
141.479
84.4643
170.051
523.638
1060.01
636.837
200.287
83.8569
146.947
169.564
133.688
363.366
899.524
828.257
402.843
186.975
126.381
230.27
239.68
408.455
809.328
833.158
476.269
252.845
228.582
235.949
235.964
463.244
777.937
954.643
577.15
263.38
229.432
368.757
269.122
276.475
373.225
592.358
630.116
407.773
236.931
360.468
335.039
361.686
463.894
731.886
609.808
391.925
347.718
407.913
355.124
277.291
285.568
516.079
621.921
446.839
372.407
406.293
324.445
331.901
210.497
466.871
550.479
401.964
311.195
432.885
256.323
260.823
243.115
469.744
568.349
468.048
274.148
447.641
287.702
253.199
281.602
376.038
526.247
476.595
298.592
798.339
988.469
585.185
227.244
279.303
461.656
714.066
1003.27
782.223
1017.94
652.572
260.578
250.449
436.656
699.17
1024.75
703.203
990.938
766.876
272.867
338.697
443.56
637.821
976.244
521.391
909.106
906.416
486.311
366.879
418.26
474.097
856.875
323.751
632.775
771.505
564.019
416.95
345.532
308.818
570.54
362.13
593.487
727.47
653.824
354.218
345.475
329.312
550.838
195.865
329.875
565.586
492.709
296.447
192.791
183.144
295.466
112.403
206.337
542.31
819.962
474.658
163.127
107.5
177.812
244.767
248.543
476.424
772.861
383.675
198.528
229.908
250.923
176.427
206.993
526.944
896.048
548.884
198.499
181.239
191.533
146.59
158.844
475.35
985.553
716.683
244.616
152.455
145.81
150.714
153.38
381.299
1009.39
801.595
346.068
154.107
146.611
222.334
196.456
339.745
625.282
774.653
489.059
244.482
189.725
294.454
315.527
515.129
540.845
755.945
536.016
307.269
318.036
335.365
246.604
250.005
391.131
650.275
630.757
374.495
241.595
498.897
379.142
331.803
341.832
596.686
725.337
544.729
393.693
392.22
283.206
361.516
415.283
641.45
632.406
441.19
276.299
346.84
236.045
236.077
248.791
444.583
582.236
395.368
233.887
486.204
355.145
243.601
196.288
392.231
703.732
545.109
358.837
750.368
345.041
189.576
156.006
315.969
682.336
793.166
400.738
937.525
1038.09
512.129
163.43
224.984
509.252
849.371
1075.93
842.114
914.612
587.491
224.752
245.423
335.149
754.548
956.308
500.621
887.564
734.743
311.42
367.471
470.152
461.403
842.377
428.554
774.277
768.122
384.332
340.088
439.292
386.582
713.107
471.391
719.466
770.247
500.127
337.959
402.918
435.646
691.506
425.705
681.301
721.914
523.767
323.655
286.212
373.293
649.047
190.852
284.375
569.63
430.603
241.458
158.733
181.227
245.736
247.925
415.749
690.351
573.625
425.774
209.051
222.861
370.661
172.655
199.478
560.965
937.436
551.076
204.015
165.315
181.689
125.858
137.287
422.184
732.407
437.149
144.444
122.712
120.135
147.342
143.711
478.492
1026.96
784.66
261.995
157.581
133.628
184.335
127.574
386.262
1053.2
815.948
338.028
189.427
130.085
191.959
252.506
420.597
895.889
959.777
548.785
210.737
226.39
312.553
316.408
472.82
523.466
848.692
611.76
323.952
322.623
417.898
317.02
346.587
362.78
616.172
696.808
460.501
326.879
455.43
340.903
351.772
293.245
629.021
755.793
506.945
311.322
596.328
273.766
243.729
276.985
536.373
686.59
634.081
307.961
421.545
313.538
341.985
218.02
484.402
646.048
470.77
297.482
332.294
309.44
270.071
359.552
412.433
413.8
347.849
301.576
679.662
336.901
245.799
226.729
332.89
667.861
722.073
382.32
1081.17
1053.37
548.667
217.071
320.844
490.22
986.657
1116.32
553.144
646.29
405.842
243.374
227.924
308.537
510.795
653.954
636.309
874.964
611.177
295.637
285.315
381.851
567.392
868.817
744.527
807.154
486.713
264.126
247.809
401.989
685.009
833.993
353.063
520.616
380.879
253.692
226.652
334.503
350.424
503.931
329.706
613.712
676.644
468.535
271.727
282.104
292.067
560.882
313.527
518.155
815.298
604.821
344.737
236.135
286.531
468.452
276.483
318.145
443.605
752.798
401.267
315.906
271.532
319.878
128.157
208.483
492.628
711.661
351.271
119.27
120.817
186.297
120.606
225.534
539.709
748.137
449.328
253.71
127.267
187.363
124.62
154.344
356.15
936.506
698.408
290.509
134.564
144.116
160.538
140.686
415.041
991.129
888.718
420.027
181.158
132.046
262.311
255.293
341.861
834.955
938.919
647.546
298.624
229.311
400.718
329.036
449.998
620.941
921.673
724.34
444.732
344.495
534.046
421.92
296.838
329.195
623.501
763.863
576.502
441.528
630.902
436.384
285.592
354.4
597.45
867.844
699.151
457.548
624.861
467.988
319.305
337.287
558.869
897.642
697.84
478.807
605.796
414.79
251.943
293.542
487.608
739.397
661.09
429.4
718.886
321.913
257.594
236.75
430.707
666.147
757.508
360.396
602.218
327.952
200.081
262.19
408.621
639.36
649.284
363.887
899.838
971.549
524.133
183.855
231.32
410.02
806.49
1028.05
780.574
898.311
536.92
259.906
255.954
457.929
706.917
923.04
825.86
869.366
457.931
200.423
200.894
379.032
754.691
907.277
754.966
918.593
547.366
290.806
268.397
376.743
680.32
936.044
509.359
724.184
575.155
324.144
213.934
303.971
456.201
714.5
531.776
880.404
777.057
402.8
312.364
404.06
471.973
845.615
426.42
818.419
887.047
565.349
351.1
405.034
387.224
748.059
378.142
623.18
656.047
411.383
283.246
340.16
333.968
580.19
297.67
360.017
535.545
653.138
311.952
256.502
289.997
346.014
198.584
251.249
515.444
774.763
406.453
168.591
192.803
227.298
181.102
187.768
315.926
636.77
602.993
318.245
183.219
183.255
223.676
191.037
345.749
868.116
889.224
479.955
250.683
187.932
322.683
274.818
341.775
731.549
860.317
591.976
345.224
266.298
384.811
311.119
453.743
592.62
912.303
691.701
426.758
324.914
423.961
358.094
291.244
507.135
623.849
526.682
433.955
364.153
746.897
376.733
256.034
300.153
519.073
797.064
798.631
418.378
662.651
369.708
316.673
345.191
535.437
807.424
725.423
405.807
453.27
299.85
258.8
279.021
459.312
653.502
498.394
313.771
458.975
238.423
162.127
236.495
433.982
547.189
490.591
270.576
481.613
299.712
172
176.868
348.319
567.81
526.499
332.593
901.841
962.88
491.174
184.401
223.234
402.152
812.998
1018.95
688.062
721.444
316.955
159.89
137.31
460.51
676.966
761.373
958.867
888.795
438.473
220.385
280.677
429.681
889.96
942.306
982.257
846.767
393.294
189.756
177.341
387.76
909.163
927.179
738.121
834.09
583.542
272.992
207.415
311.852
670.445
850.497
638.647
975.17
708.522
385.423
347.909
444.787
567.665
956.035
468.544
677.094
586.741
256.427
274.989
363.961
420.309
655.064
366.221
486.122
424.704
285.033
287.697
251.465
338.428
480.665
175.754
276.942
432.584
468.062
234.46
171.495
172.89
249.182
267.533
253.658
400.782
491.619
280.541
202.892
266.243
244.098
249.911
287.124
419.796
569.641
607.43
341.84
242.419
269.642
312.109
264.269
337.321
624.219
496.058
297.598
321.167
273.151
421.713
331.847
277.977
388.038
477.275
449.542
442.446
334.049
473.982
335.024
340.391
425.195
708.891
727.68
525.76
356.996
534.108
303.509
285.99
384.992
588.633
697.859
578.525
324.193
622.364
289.44
261.805
326.159
559.496
718.5
665.153
322.851
577.052
421.881
385.155
374.429
587.94
784.272
616.299
444.805
706.118
370.917
253.934
237.83
475.013
787.331
771.55
412.149
710.709
356.762
171.281
225.249
248.858
468.088
732.036
418.606
477.422
265.061
148.177
149.946
311.871
645.63
535.194
274.363
1031.31
1045.96
520.989
249.234
211.968
427.216
933.589
1098.84
839.231
838.323
368.732
196.081
180.379
310.846
746.591
897.519
803.712
993.689
523.626
217.218
209.469
480.982
719.562
1013.68
1012.12
923.363
427.154
170.622
200.109
371.484
929.051
989.351
1034.34
929.078
432.977
178.519
216.249
406.735
942.943
993.569
720.878
850.929
559.406
241.349
226.185
341.381
643.262
874.526
597.677
855.361
566.934
296.475
255.852
394.285
533.072
848.67
507.4
670.026
510.028
338.309
218.727
267.835
456.263
666.97
220.507
421.763
767.474
645.678
389.067
193.566
198.517
367.499
219.506
222.524
357.596
486.007
250.495
188.018
217.747
218.118
219.969
211.82
317.051
449.456
372.569
274.617
231.96
211.338
274.252
219.376
378.141
487.749
693.968
488.232
302.363
215.003
340.29
260.606
243.22
416.159
448.119
374.264
354.152
267.098
601.491
264.236
244.375
250.057
537.222
728.958
650.335
306.31
680.149
317.799
244.27
314.044
521.325
676.744
717.842
370.069
826.738
407.312
273.651
237.629
513.628
880.209
892.046
452.985
755.258
373.261
258.45
289.656
442.973
630.548
782.633
435.72
922.945
429.807
297.691
235.339
426.947
901.133
989.686
490.932
933.474
459.541
280.412
183.264
423.991
834.971
997.208
522.8
648.041
367.487
287.825
338.941
467.946
788.271
711.199
386.405
1115.03
941.016
378.489
129.813
214.685
371.863
1012.01
1031.98
1032.97
1012.83
390.391
164.191
209.153
415.478
928.315
1102.71
961.114
981.698
398.729
183.233
253.689
464.084
865.072
1059.18
1258.55
862.785
319.701
123.135
145.504
375.62
1174.41
986.628
972.057
947.704
426.962
194.073
259.833
408.641
871.953
1010.39
723.979
894.642
529.492
318.63
247.291
377.289
649.406
909.123
677.124
802.314
474.785
261.068
278.768
340.839
607.944
817.847
532.33
635.233
439.944
278.855
243.374
312.16
486.995
639.829
317.389
376.456
456.842
383.407
401.624
292.484
319.424
350.694
303.445
229.164
483.482
844.162
521.531
242.688
307.72
225.326
208.125
164.607
313.021
680.44
567.421
316.14
214.675
167.463
290.372
203.916
294.658
485.262
661.739
574.146
314.548
208.224
568.346
376.577
213.302
350.06
602.528
754.699
623.706
393.972
518.818
337.274
251.733
254.804
542.861
707.682
552.012
351.108
597.515
318.281
220.781
294.272
532.866
729.642
647.493
349.087
684.157
366.388
283.063
298.71
477.256
723.784
728.945
405.825
623.842
468.75
356.78
369.692
563.622
760.159
675.469
482.476
807.074
555.888
266.583
224.134
447.455
883.733
866.509
572.515
774.914
351.556
197.563
216.171
415.284
760.012
842.832
408.052
937.395
401.154
249.676
305.287
458.255
691.48
962.726
478.062
1105.97
1021.91
430.05
162.707
205.246
395.852
1005.59
1114.72
1145.89
998.571
324.081
142.297
143.237
405.033
1042.39
1113.16
1112.97
1049.36
333.289
131.478
195.193
435.276
997.557
1158.73
1003.62
795.26
249.022
165.085
185.415
417.033
920.618
906.422
724.632
763.273
468.427
351.947
304.478
440.043
696.901
791.119
827.638
783.022
382.534
159.687
214.513
292.904
759.139
832.499
858.451
784.953
361.673
219.56
196.439
381.056
790.382
855.833
584.069
550.913
442.87
308.575
221.878
283.022
548.559
570.74
312.359
420.938
494.608
500.479
352.413
347.588
308.566
399.198
515.997
566.482
458.395
325.03
227.104
232.995
473.242
576.183
195.559
158.866
333.438
698.992
606.48
310.668
196.749
166.958
526.306
355.841
265.475
386.733
483.181
515.131
550.707
386.619
531.908
307.256
291.122
342.829
525.073
567.989
547.41
340.259
802.489
290.551
277.432
306.53
398.889
598.58
833.468
365.01
746.331
462.937
207.163
223.563
476.848
906.706
820.001
481.898
713.568
459.007
218.806
300.221
544.188
881.096
782.874
484.472
608.497
331.769
189.409
222.961
414.702
751.629
671.933
356.152
663.415
310.675
260.865
255.077
378.187
714.869
718.837
343.771
871.467
396.636
147.633
170.624
364.807
771.388
927.818
472.775
584.56
375.319
193.026
207.063
386.004
709.496
642.088
408.63
1358.17
981.741
325.405
125.862
168.085
448.478
1263.21
1121.74
1260.28
969.465
356.985
152.475
196.686
433.218
1168.95
1089.71
1073.26
870.381
322.336
197.705
242.649
383.895
986.379
969.659
1189.62
791.96
267.163
118.597
122.799
398.008
1130.27
913.473
1024.33
721.915
320.033
208.694
215.782
382.845
975.121
818.435
620.714
447.52
424.618
339.877
279.464
304.919
607.059
488.427
918.848
738.887
334.025
119.484
123.851
299.227
850.951
812.502
831.533
672.004
298.088
217.797
169.618
286.306
772.889
749.483
535.781
620.252
394.66
220.529
195.003
269.972
489.725
628.422
446.586
740.28
563.191
297.156
180.359
275.297
383.861
718.27
243.391
232.076
294.98
378.213
325.665
208.459
235.098
239.11
371.74
397.624
366.186
303.047
637.986
688.791
405.101
366.59
535.256
420.901
299.802
397.053
576.36
732.894
565.105
443.895
621.89
441.435
266.122
310.37
425.452
715.445
675.081
457.112
731.045
430.332
360.62
313.73
503.138
780.44
780.206
472.986
753.99
470.316
319.393
398.738
621.8
802.263
801.272
495.324
751.28
405.672
248.176
314.319
289.095
563.651
772.11
455.392
669.135
366.431
197.959
257.022
367.972
621.001
697.233
415.766
738.803
322.242
232.533
259.284
423.099
719.624
784.863
382.11
997.317
460.353
181.492
229.037
300.1
764.354
1049.12
545.6
1241.75
875.951
345.645
283.419
226.412
370.939
1151.86
994.042
1271.23
974.622
372.925
129.342
243.272
493.051
1178.84
1078.09
1416.72
884.834
323.699
167.178
185.378
415.792
1335.56
1032.97
1153.97
770.453
247.572
126.307
111.137
422.428
1101.47
891.001
1174.19
874.745
268.24
171.375
188.903
461.859
1096.08
997.19
905.578
515.437
140.756
135.065
107.706
308.704
851.879
630.265
981.421
671.582
238.473
224.452
188.868
359.954
932.491
770.362
853.954
509.702
194.426
172.007
131.668
257.206
808.274
602.187
791.245
678.264
295.7
201.601
162.104
366.121
733.842
744.299
839.809
716.138
333.702
219.649
202.45
291.405
774.684
787.935
237.442
340.657
365.962
369.854
419.903
486
262.621
298.032
427.117
307.62
308.487
399.599
545.327
476.879
443.202
313.358
596.37
409.245
271.151
319.753
431.136
780.952
658.098
423.112
676.743
452.793
227.847
247.648
434.731
830.333
741.57
468.531
703.971
321.165
192.912
216.151
439.651
839.283
776.586
353.892
686.106
330.151
237.752
230.743
409.273
808.958
751.864
357.531
748.746
336.812
168.03
157.89
321.652
715.784
801.235
386.649
756.867
329.54
203.284
215.896
358.139
674.159
803.879
400.76
968.3
422.236
172.419
235.53
328.324
724.94
1012.06
520.997
867.874
395.462
153.506
119.199
306.758
703.155
909.024
466.448
1517.09
935.868
271.214
142.917
181.014
428.208
1420.43
1116.66
1363.94
954.148
385.187
199.438
159.536
402.129
1277.92
1087.11
1108.87
888.467
302.232
173.18
160.644
384.639
1024.46
999.236
955.327
740.894
346.615
179.583
167.36
380.407
904.038
823.286
1239.77
812.97
204.036
110.519
114.563
429.982
1172.23
951.499
1484.74
666.411
171.862
179.623
224.556
535.404
1452.58
852.587
1245.89
580.309
159.106
162.395
160.804
427.775
1215.27
733.713
1001.82
657.49
252.881
219.952
232.828
431.052
968.59
759.278
720.104
555.257
309.515
252.281
228.79
355.875
693.628
606.045
967.603
629.037
243.755
194.942
172.678
387.245
922.424
724.844
660.208
477.721
345.204
398.752
346.47
390.462
640.705
527.774
570.038
309.588
291.022
283.221
489.015
645.857
607.382
331.52
385.067
289.943
297.165
317.604
524.85
610.568
421.757
272.287
739.496
349.867
250.976
255.959
469.161
863.87
807.692
395.075
819.891
370.772
208.744
153.956
339.517
715.65
858.301
439.701
839.441
420.971
224.566
185.804
351.992
730.259
881.672
473.416
856.498
432.184
218.94
202.386
274.632
608.393
870.685
505.397
934.434
378.28
262.946
268.918
385.936
717.104
975.781
471.934
798.533
368.456
182.392
189.908
263.612
616.6
838.74
440.149
912.051
413.331
228.206
171.954
326.727
714.041
949.099
470.238
1107.23
859.051
304.098
192.595
171.836
367.098
1024.61
973.135
1163.39
872.668
232.722
176.039
130.355
420.182
1081.25
998.75
1127.9
855.651
321.03
105.934
196.064
453.064
1053.06
968.764
1311.5
711.072
306.456
226.607
255.923
619.989
1267.48
850.349
1602.08
786.424
154.451
134.558
88.3356
514.164
1551.49
984.825
1561.44
732.853
138.832
155.279
123.258
496.778
1512.43
931.22
1250.7
546.113
136.78
102.853
113.677
465.953
1231.16
700.99
1061.97
596.553
189.83
92.49
128.908
528.647
1053.41
706.063
758.864
428.004
176.596
151.602
162.42
387.005
743.422
506.152
858.378
431.287
154.308
122.572
176.865
486.183
861.701
518.865
852.403
466.526
214.6
236.919
277.873
529.425
854.869
545.871
800.896
407.91
252.187
192.686
348.582
593.222
818.344
478.848
691.344
361.19
304.65
285.378
431.15
736.63
740.978
398.853
815.665
450.152
217.148
200.372
427.278
875.381
897.894
506.44
1063.02
533.103
223.616
201.257
325.63
778.216
1103.64
619.947
776.694
400.441
200.277
229.127
299.621
454.589
773.965
486.187
821.934
371.948
273.777
248.172
355.35
676.358
861.741
440.243
1077.06
481.902
196.54
176.853
408.855
804.461
1118.05
590.139
876.93
468.59
216.015
170.319
320.018
775.558
926.259
521.05
796.523
423.726
274.542
284.181
403.771
721.431
832.781
481.17
1359.43
796.332
284.04
137.96
143.29
375.601
1287.39
955.007
1550.61
895.362
277.677
136.575
175.759
453.875
1475.22
1070.51
1374.74
764.928
202.51
213.51
186.133
412.798
1301.74
934.741
1545.78
777.476
186.777
153.923
151.206
466.215
1486.65
968.552
1545.49
799.245
175.595
139.063
151.109
481.089
1485.94
989.728
1352.15
588.862
139.568
174.343
171.293
482.44
1320.7
764.496
1091.03
498.998
171.604
182.982
171.107
492.634
1077.57
625.588
981.024
502.949
146.673
125.191
156.366
566.839
991.121
604.173
901.4
476.991
170.811
223.89
181.923
476.604
900.386
571.383
629.335
305.809
137.431
151.13
264.156
553.391
658.831
359.165
537.335
303.221
189.159
197.308
209.529
357.314
541.664
346.909
618.226
365.307
178.498
193.874
311.724
500.279
631.064
419.099
724.25
344.314
220.329
303.25
345.969
598.536
752.964
402.973
523.138
359.35
352.619
299.995
440.773
615.745
564.874
374.267
1137.68
540.051
205.669
212.869
209.155
654.831
1160.9
648.066
712.459
331.902
248.12
181.638
403.691
628.751
740.207
389.5
828.556
348.065
227.047
274.761
444.987
728.188
874.98
423.916
756.219
306.462
286.932
262.606
490.222
704.25
804.543
373.452
836.077
476.301
224.411
160.499
348.281
855.58
902.867
500.804
916.342
412.991
183.817
194.822
321.111
748.027
964.861
497.45
1182.64
815.451
203.956
116.851
140.222
468.077
1115.92
945.328
1145.93
740.271
176.507
76.234
111.622
434.364
1091.42
867.118
1527.26
777.607
150.117
129.82
116.199
481.86
1469.79
968.501
1109.94
645.967
187.174
183.212
159.66
415.004
1064.66
768.601
1038.4
561.012
147.891
146.128
170.198
405.085
1004.11
673.34
1047.3
444.421
118.527
101.551
144.277
430.133
1036.83
572.446
954.195
552.809
227.314
185.126
215.245
484.249
945.751
647.618
826.505
338.44
145.225
135.47
262
605.682
854.104
419.474
851.358
365.292
142.554
200.941
239.367
576.283
879.171
452.497
905.02
454.403
171.902
196.973
208.876
544.959
918.095
548.478
854.562
422.786
167.236
220.783
285.484
553.602
876.243
506.189
715.914
469.91
192.411
216.402
330.952
519.756
691.65
545.992
836.564
375.703
296.663
275.809
369.58
632.571
869.025
457.153
651.691
402.985
213.558
280.194
361.147
545.277
660.205
455.69
659.278
329.348
282.136
348.122
405.591
487.936
669.929
394.417
573.44
284.541
223.876
434.507
333.385
385.851
586.142
337.739
665.404
354.291
184.813
228.422
254.66
404.989
663.131
425.602
1089.29
568.938
244.938
259.304
305.534
638.009
1091.65
687.482
855.676
439.259
265.221
308.469
396.795
678.642
879.734
503.128
698.974
453.629
386.435
319.208
511.492
800.044
750.741
466.315
1125.24
634.45
154.115
124.28
132.101
446.326
1090.8
758.024
1098.99
697.634
197.877
176.503
142.967
432.374
1050.41
818.707
1077.3
746.228
211.472
81.2775
133.976
386.934
1014.82
862.725
1037.72
653.344
215.376
253.597
181.645
432.78
995.24
762.026
1052.93
640.366
159.159
52.044
104.23
457.214
1022.94
753.522
945.415
441.085
164.169
132.446
149.45
438.748
936.738
543.988
1049.2
562.868
138.985
101.096
157.639
521.537
1040.12
677.767
884.449
463.809
144.047
231.351
229.34
509.542
887.321
559.455
731.442
356.134
121.503
182.73
206.861
448.587
741.171
434.708
761.595
328.554
163.024
217.46
333.953
636.235
798.103
398.755
546.485
399.141
227.231
146.845
250.263
503.96
571.048
410.237
528.556
283.177
156.754
205.332
201.876
450.688
569.638
319.4
801.444
451.428
255.667
291.275
291.538
671.82
850.964
504.537
671.147
439.097
268.534
337.24
378.834
458.463
661.369
495.315
589.005
376.064
352.077
321.786
369.042
528.703
621.616
399.782
589.904
338.107
177.369
131.139
246.665
516.123
615.172
370.883
759.203
457.118
253.067
211.488
363.781
758.119
810.311
481.532
716.358
488.471
302.106
347.765
376.615
755.741
769.784
506.296
650.545
380.768
186.686
220.949
419.779
807.951
716.611
407.645
654.104
323.24
258.076
377.117
390.178
614.842
688.854
368.149
1478.59
775.262
208.067
195.271
158.829
454.703
1420.01
955.387
1420.53
722.896
195.303
112.127
89.9313
439.585
1372.34
891.507
1202.01
601.188
121.995
107.948
118.96
390.101
1158
750.421
1080.75
620.239
181.548
128.9
144.956
486.083
1059.29
734.604
985.042
559.14
150.362
109.695
134.391
491.043
974.33
662.184
710.727
477.208
206.481
187.134
186.3
370.489
685.108
544.943
800.868
365.861
211.21
269.344
268.489
474.519
803.08
448.883
727.255
375.295
212.303
272.911
303.19
618.542
759.851
430.654
700.86
363.293
183.405
196.292
249.395
519.717
718.182
424.466
876.365
446.056
221.006
212.828
263.509
532.156
883.58
537.696
533.923
307.966
266.239
280.336
260.678
364.019
538.163
355.696
721.364
368.96
280.213
416.879
418.668
534.461
748.117
425.95
488.005
414.438
230.098
261.939
324.204
555.946
522.288
420.202
813.862
469.003
235.604
220.222
353.614
553.259
813.536
549.483
882.807
421.644
205.952
206.987
205
547.66
900.6
511.691
853.02
397.131
186.824
261.911
357.531
670.723
887.424
475.334
601.54
368.455
302.042
258.655
388.056
626.15
634.471
393.439
786.298
388.739
214.318
225.555
388.187
773.666
833.3
445.811
739.628
420.318
218.785
200.743
371.094
710.19
780.221
460.457
683.915
321.74
157.379
169.402
355.219
666.41
723.431
377.964
1546.83
718.954
105.767
115.624
110.51
497.459
1500.63
916.801
1568.24
735.874
138.098
138.706
107.827
495.757
1519.3
936.939
1322.99
606.61
98.466
143.805
146.607
453.189
1289.1
773.244
1185.03
689.059
201.895
112.068
132.174
422.302
1136.96
818.179
1031.68
590.05
148.587
81.0564
120.743
510.537
1020.66
698.506
987.859
556.608
162.917
204.605
174.243
361.384
958.057
667.433
688.557
380.753
180.57
260.258
274.701
571.47
708.954
433.171
675.375
434.013
266.385
182.45
259.579
417.401
669.617
485.011
442.363
285.875
145.72
151.89
232.833
325.721
445.116
320.268
540.4
291.467
172.949
213.427
270.757
483.133
564.827
327.972
723.446
417.831
247.235
137.475
276.095
551.421
736.325
466.494
637
251.142
123.432
140.819
176.279
374.087
644.522
321.616
824.691
332.093
253.889
207.485
303.273
607.727
855.054
410.043
616.97
322.139
158.428
153.087
199.896
437.693
628.12
370.843
495.201
270.674
156.456
343.882
323.816
350.85
490.695
323.344
830.804
424.358
205.416
290.713
383.497
555.052
840.896
507.787
853.92
388.514
239.126
208.583
418.225
662.571
884.169
466.855
645.48
387.608
236.355
270.386
309.198
593.309
680.257
426.523
858.972
437.673
227.97
347.252
429.017
630.873
876.204
520.771
984.107
472.682
204.22
135.262
387.001
849.741
1048.76
554.425
1597.78
732.107
116.869
70.9724
69.5868
528.819
1558.26
932.503
1500.01
695.75
101.009
67.9169
65.2057
490.625
1457.97
884.628
1185.02
559.671
139.059
150.626
157.056
406.933
1150.81
705.621
1221
574.853
116.032
96.8101
128.667
466.763
1196.61
719.919
1079.48
663.307
173.74
129.35
170.525
490.165
1050.11
778.139
1150.23
591.745
171.835
196.38
225.133
344.339
1102.48
733.007
855.828
340.512
125.457
165.89
296.86
507.777
865.779
440.913
902.964
476.59
185.264
183.735
246.237
503.7
898.913
574.479
871.86
416.849
139.593
111.081
190.66
556.604
892.728
505.69
835.702
464.87
214.68
201.165
237.746
498.402
835.331
541.932
740.22
299.119
140.332
160.724
259.341
588.648
775.463
357.582
543
253.873
129.142
182.046
255.526
433.142
566.299
297.406
665.889
272.935
209.796
289.885
409.535
627.887
704.123
326.205
624.962
307.202
185.451
176.835
281.806
450.508
633.938
364.44
406.181
238.732
222.876
325.029
288.882
415.277
436.41
266.191
709.424
335.439
174.945
209.138
421.161
751.238
767.229
382.528
837.224
365.34
211.849
210.717
357.726
689.784
884.554
442.456
719.277
340.827
214.789
216.62
450.452
769.274
768.76
395.718
805.829
375.163
348.969
326.778
523.469
840.914
878.146
427.082
684.88
340.547
227.597
379.784
349.727
516.949
717.453
393.412
1258.33
643.733
145.878
61.8576
95.8775
427.557
1214.89
798.2
1318.08
630.382
132.436
93.8119
90.08
443.088
1280.54
794.995
1351.8
619.128
138.303
121.411
98.3505
430.371
1315.04
788.804
1352.93
615.975
129.55
206.381
190.393
489.211
1324.09
786.082
1103.05
632.762
160.21
140.451
165.335
548.247
1088.76
751.036
1318.24
558.647
171.661
166.968
189.994
481.208
1294.42
727.421
886.004
399.166
115.17
149.024
185.004
526.105
903.365
492.677
865.101
352.492
129.932
158.247
236.546
532.229
875.6
445.498
809.328
340.211
202.3
233.026
269.53
623.519
845.52
406.433
620.636
323.077
185.019
225.454
233.798
438.713
631.312
382.103
582.603
312.957
205.451
294.465
304.966
408.622
593.263
367.07
610.926
366.909
159.313
220.203
296.182
401.238
606.077
430.363
422.321
233.732
192.252
170.162
343.516
439.229
439.053
252.418
750.719
341.416
159.779
167.528
300.745
553.054
775.917
416.771
515.186
297.603
236.589
261.518
442.385
579.237
552.809
328.371
547.638
292.719
224.525
238.453
251.46
498.389
579.722
328.526
793.879
471.125
273.388
311.154
303.443
580.415
819.956
514.279
661.252
318.322
236.839
261.747
497.682
671.058
693.602
365.707
860.376
449.858
224.244
220.442
382.018
725.229
908.991
517.178
942.952
441.557
167.385
154.82
370.347
747.627
988.006
523.708
