563.818
945.131
765.766
300.642
329.169
436.172
499.326
905.65
558.267
956.225
780.603
372.33
318.608
425.742
491.777
917.954
524.276
852.887
772.459
474.868
315.45
362.659
468.779
822.969
466.828
809.865
923.869
605.779
436.588
345.517
417.237
766.824
221.047
485.036
799.99
570.128
365.461
213.923
202.521
423.885
223.386
419.939
804.012
617.498
438.757
239.742
213.94
362.765
182.014
422.303
657.247
758.794
443.33
251.743
164.004
371.239
150.41
213.035
625.558
1111.05
457.798
116.871
146.264
186.237
92.3561
173.012
628.461
1073.68
554.008
149.78
90.6254
139.025
224.524
199.107
562.914
1031.46
624.276
220.454
219.873
189.047
102.482
135.236
574.034
1185.45
789.376
221.279
106.541
114.006
133.807
155.644
440.892
1048.6
838.335
322.769
142.43
131.379
207.126
220.398
384.481
836.784
882.31
440.474
204.535
216.564
432.662
304.378
341.534
663.601
766.175
434.986
416.526
345.553
277.739
261.474
302.613
485.839
665.223
461.264
289.483
273.554
278.256
250.803
344.451
363.515
626.532
546.79
305.233
262.692
368.859
268.656
264.899
296.477
534.18
565.503
390.268
269.788
263.58
264.562
295.209
251.476
483.961
551.862
301.529
234.922
386.655
249.854
168.072
221.339
324.743
425.494
390.963
285.186
224.926
172.197
135.554
139.338
162.618
217.472
227.134
184.25
690.239
924.026
555.01
248.449
248.588
468.039
623.669
923.323
674.668
965.994
741.044
259.66
394.249
450.651
601.548
946.118
554.229
900.563
871.921
538.699
413.075
364.305
491.432
865.887
497.418
829.871
761.86
469.574
413.954
428.529
475.288
775.717
409.546
819.55
869.037
478.125
390.363
387.868
357.157
749.728
315.299
411.668
618.125
553.086
424.553
257.958
301.805
382.897
245.018
421.765
735.193
823.212
382.943
262.917
235.151
374.752
204.957
333.552
707.869
957.526
434.638
203.565
203.102
291.104
168.964
213.891
516.019
812.078
410.257
201.924
173.654
192.555
148.203
170.109
400.338
863.84
541.565
217.65
152.679
161.187
120.288
159.085
482.504
1124.56
614.156
164.14
115.352
149.113
156.342
140.487
431.976
1036.96
931.222
391.434
170.993
130.704
183.18
189.127
368.222
718.942
847.157
476.711
203.752
171.001
235.948
261.045
380.042
789.102
900.177
635.945
271.266
234.204
350.73
261.114
289.583
488.575
630.629
546.268
381.562
265.901
232.016
331.765
331.432
459.173
698.36
622.534
260.946
287.925
304.566
299.066
250.717
231.343
389.816
462.874
316.82
309.136
360.402
311.604
233.956
258.5
470.677
559.134
382.487
317.536
318.9
257.421
238.815
253.955
443.484
558.914
351.562
269.523
363.688
206.321
161.668
164.712
254.68
440.562
396.251
223.401
770.428
905.594
585.205
238.979
292.998
368.456
689.161
935.348
711.275
934.907
616.526
230.838
279.648
422.19
639.067
934.658
708.496
977.113
713.794
313.377
296.774
366.855
628.185
970.785
515.24
926.907
855.507
413.873
429.362
454.783
452.053
868.648
477.24
710.109
751.418
465.314
431.096
432.879
477.747
658.431
273.167
531.109
703.112
586.388
348.146
233.367
239.874
480.584
214.073
352.406
558.312
476.049
345.288
199.143
197.551
322.022
167.397
254.094
588.774
886.841
490.011
173.685
160.61
230.648
153.561
252.63
584.04
881.069
455.127
205.113
146.575
223.654
179.034
189.558
515.065
881.875
529.286
178.77
180.655
174.8
123.177
142.99
510.652
1059.55
780.049
245.572
127.366
128.156
143.79
143.93
399.913
1095.71
852.016
360.106
149.57
135.524
215.283
220.305
389.974
673.551
830.057
511.282
241.24
200.157
307.837
334.414
511.924
547.502
804.187
583.822
322.866
335.848
294.73
228.332
277.027
464.224
681.23
605.163
332.523
229.415
406.693
355.371
321.604
286.767
642.552
764.773
457.118
349.22
334.789
356.587
369.899
244.118
534.014
660.758
376.857
319.285
343.292
289.659
217.285
231.177
386.88
569.406
387.653
295.444
498.706
271.622
203.246
227.361
431.95
642.64
551.099
287.844
490.878
234.783
137.106
150.508
226.142
465.309
520.019
269.167
788.547
931.398
498.195
191.532
192.654
374.432
706.164
956.377
901.934
1006.16
593.671
209.814
265.124
416.415
808.186
1042.96
546.268
675.528
471.566
377.123
266.313
396.488
494.371
694.842
484.985
771.407
694.964
441.967
399.202
407.427
473.55
726.552
366.982
677.645
789.342
573.61
316.362
299.45
331.249
631.692
327.247
628.227
738.931
590.171
301.056
262.987
283.44
573.541
268.179
375.463
545.348
396.692
198.601
189.084
260.65
344.519
269.633
436.76
726.355
654.779
442.72
238.108
253.218
393.788
117.084
189.728
552.083
892.404
497.223
165.679
112.762
167.326
94.4321
150.55
447.991
947.919
468.738
114.659
95.7751
129.013
164.413
131.595
421.319
1101.27
826.214
308.301
175.439
134.099
188.339
166.34
461.65
1131.39
920.176
359.014
195.254
161.489
200.877
267.065
399.796
912.961
986.715
567.398
222.306
243.095
299.293
310.846
439.88
495.3
782.178
570.009
302.133
316.764
388.18
382.287
413.537
408.339
650.698
659.075
417.771
386.448
519.034
386.055
321.834
365.898
608.153
799.927
580.759
391.191
533.636
322.624
306.887
343.926
582.165
706.69
582.352
338.258
354.828
256.852
240.784
253.74
428.505
480.241
379.137
272.305
506.535
262.499
289.824
389.866
464.44
431.023
521.461
294.632
715.147
318.105
206.578
218.537
322.99
644.964
758.759
375.171
962.061
1013.13
504.5
181.752
229.937
474.823
872.167
1055.78
873.257
982.852
471.467
177.485
226.669
401.398
781.193
1016.13
592.467
826.893
457.811
253.837
198.817
340.948
521.503
825.011
801.226
862.429
563.132
222.211
239.494
342.278
724.323
901.823
348.238
496.122
399.151
309.466
201.125
245.755
316.126
480.955
422.915
720.268
702.303
402.239
348.289
317.812
369.865
686.025
354.051
632.677
849.515
593.888
374.009
267.566
326.194
586.898
289.191
339.237
505.103
771.251
437.319
336.888
299.608
333.064
134.988
242.205
588.587
677.651
349.223
165.149
133.115
201.161
230.075
212.2
609.53
887.753
527.822
285.544
237.369
188.883
177.312
159.245
479.755
1059.14
800.193
290.523
183.14
151.824
189.341
178.05
430.492
941.506
908.622
478.757
211.798
164.756
264.651
237.4
378.632
900.191
1029.74
674.1
304.9
213.43
360.335
334.267
410.611
554.997
871.34
722.359
401.061
336.257
436.924
415.714
328.049
325.987
649.454
763.46
479.742
425.6
596.668
445.021
332.21
398.275
689.733
892.476
665.392
460.184
714.276
346.285
326.158
304.49
583.817
872.624
778.645
384.102
678.187
384.328
236.431
241.715
461.127
746.14
733.544
419.019
682.012
406.256
256.607
178.824
440.907
707.385
720.082
432.458
567.123
356.587
278.727
212.66
381.597
622.594
617.586
382.53
860.643
955.116
528.275
191.743
244.89
415.537
778.929
1006.76
817.454
961.425
537.364
237.539
239.748
494.236
744.204
986.873
860.245
742.779
472.388
217.925
210.542
333.231
802.157
795.835
837.518
879.802
542.758
231.42
245.273
340.716
758.356
921.837
659.181
867.751
596.816
341.157
285.518
376.096
593.331
869.764
569.061
928.107
723.823
408.158
340.367
374.915
496.235
901.988
335.099
805.476
940.74
564.443
429.392
520.865
303.354
710.009
358.734
631.121
674.101
400.228
351.339
355.339
338.689
580.357
199.2
377.467
623.814
527.118
317.116
177.911
181.917
339.766
268.429
257.782
572.024
967.165
578.21
182.245
260.894
244.376
270.988
191.649
475.497
1019.17
776.162
342.975
268.95
197.858
268.194
282.734
502.597
771.422
860.45
470.241
285.002
254.471
322.086
340.535
441.026
658.627
947.024
661.076
349.885
333.193
400.547
374.104
299.25
536.807
823.786
804.182
451.394
374.335
541.212
396.026
376.566
505.797
677.333
559.532
532.988
417.386
687.965
333.394
285.744
303.431
563.5
772.611
736.194
369.12
687.58
484.953
293.819
348.991
600.151
911.096
756.346
505.482
573.127
449.465
236.387
252.31
460.614
756.679
627.301
468.329
463.734
360.889
244.861
251.145
469.384
625.284
506.128
372.89
467.625
291.267
187.667
201.031
322.934
581.408
515.846
307.803
968.619
980.633
460.683
184.798
193.606
404.689
875.753
1049.22
836.069
962.422
514.493
298.095
269.775
445.021
762.517
1011.22
904.477
838.181
392.719
174.165
115.915
317.128
823.776
908.082
929.228
815.52
361.626
247.242
244.236
406.814
859.592
893.635
940.966
900.803
480.908
209.719
251.682
402.097
860.156
964.872
684.524
963.36
635.035
255.959
232.12
379.003
604.83
956.429
549.12
732.668
588.829
278.504
303.008
326.313
490.557
724.579
326.37
515.487
554.305
346.037
219.429
261.833
291.915
483.612
225.271
288.619
433.696
382.522
283.909
157.909
212.779
275.293
379.747
330.81
560.46
861.453
488.484
272.502
377.61
326.455
277.686
224.037
368.615
801.753
640.656
261.887
274.681
230.947
238.549
183.891
262.808
531.302
542.499
356.241
258.651
188.201
261.993
258.479
330.888
298.404
385.387
426.738
293.378
239.831
408.592
363.453
426.337
485.054
716.328
725.243
449.675
371.426
529.917
279.166
227.907
306.56
493.835
659.608
574.078
305.353
694.874
368.96
268.494
344.546
591.075
739.788
742.103
411.493
530.087
329.209
319.565
389.363
476.772
680.852
567.58
354.699
759.219
393.52
289.159
226.392
486.396
820.127
825.699
434.77
795.113
348.886
223.636
339.83
313.684
430.121
804.282
428.564
628.26
336.74
244.076
125.296
384.07
687.66
688.276
375.827
1138.47
950.813
380.259
165.473
221.742
433.769
1042.4
1044
692.798
881.429
413.504
262.972
262.091
377.321
602.795
903.339
888.595
925.397
438.982
252.984
210.348
419.531
801.241
990.854
762.286
683.021
416.955
267.491
206.696
316.641
709.865
735.236
974.537
953.515
360.562
169.747
187.601
411.625
877.375
1042.94
801.067
826.169
485.905
317.991
279.819
324.365
724.956
873.663
680.25
929.889
611.23
250.334
251.353
486.248
616.327
928.317
482.068
692.333
631.47
418.227
396.588
323.28
435.555
678.007
221.937
485.601
633.404
509.161
245.069
289.386
204.29
427.421
295.022
224.794
352.374
639.106
392.658
204.742
299.577
236.821
212.544
171.306
313.805
602.212
482.958
318.002
214.769
168.543
236.272
212.499
224.783
378.657
379.539
363.155
254.255
207
508.875
311.506
246.553
373.932
527.172
605.143
535.143
344.331
626.094
323.374
232.154
244.483
526.452
806.698
687.139
360.001
735.871
455.04
311.68
326.296
597.814
857.195
793.139
479.34
768.764
440.952
222.006
191.125
444.315
923.151
845.924
460.991
888.565
373.898
219.461
273.684
488.71
781.726
935.051
444.881
931.534
428.86
267.181
177.183
453.475
899.11
1003.41
500.727
792.143
410.555
268.481
193.704
437.284
859.582
850.96
437.652
583.745
400.158
241.713
183.79
416.527
724.25
624.163
422.319
952.848
943.828
411.36
173.44
204.626
329.298
848.868
1015.26
1017.87
1020.67
404.337
145.78
206.134
426.988
911.374
1107.84
1122.69
1066
394.872
169.631
225.502
459.837
1014.08
1167.03
1287.72
824.929
268.958
153.627
160.616
349.479
1199.65
970.875
1002.81
847.827
228.23
105.409
108.28
397.62
908.027
954.97
992.369
1018.25
578.73
222.752
258.353
410.741
900.79
1074.77
802.238
825.525
390.828
206.156
194.05
392.862
734.359
863.274
586.727
719.202
504.897
243.541
231.086
270.914
527.458
722.436
415.187
531.347
521.394
435.735
240.553
253.8
375.777
534.183
296.698
367.716
487.864
474.586
275.925
233.831
283.763
342.954
247.796
210.606
204.107
365.338
303.627
276.574
253.736
217.918
408.365
327.223
336.129
489.874
737.806
654.679
451.03
344.058
499.381
243.734
254.342
358.491
522.537
630.367
541.381
271.527
577.174
448.137
325.44
391.241
506.904
671.647
597.557
469.951
695.44
555.594
284.139
273.234
509.134
883.136
759.019
571.056
731.911
525.317
330.654
314.892
517.91
817.459
784.771
541.626
695.563
507.822
250.618
299.382
543.689
863.231
758.471
527.588
774.825
466.229
235.693
232.6
485.172
895.313
840.558
499.222
760.77
358.208
255.611
260.242
387.656
767.235
827.18
405.86
847.712
449.133
251.698
197.166
418.623
763.376
902.335
498.116
1061.5
1016.36
382.788
132.817
176.842
442.07
957.776
1112.54
1100.44
1031.16
341.509
181.892
170.005
440.361
989.73
1137.09
1155.59
1020.04
372.418
154.323
149.486
387.447
1045.18
1131.65
1330.58
887.717
348.9
150.515
176.62
389.083
1248.91
1016.87
808.071
599.159
369.991
200.818
177.001
413.518
785.901
652.294
902.323
746.356
342.145
231.167
215.954
335.966
837.791
822.283
946.608
796.733
376.442
250.954
233.501
355.807
881.846
859.857
681.539
570.143
340.545
276.92
241.474
322.484
642.548
612.237
323.036
362.235
342.783
355.919
335.817
315.515
311.89
358.568
487.01
545.074
474
395.881
294.33
415.121
459.258
552.7
170.081
176.219
477.395
883.522
591.397
224.679
174.876
162.687
529.123
318.833
262.858
408.934
618.922
688.789
562.968
334.696
570.136
493.839
287.728
399.906
670.764
854.535
629.688
517.786
763.138
359.174
237.953
237.603
439.948
770.482
817.518
423.16
808.453
328.207
249.631
224.859
465.706
796.332
868.101
395.847
780.377
371.909
271.418
320.1
449.386
775.06
830.649
421.109
678.967
323.232
169.493
163.896
340.07
704.335
737.852
362.652
735.3
450.68
222.346
187.599
395.832
820.071
799.038
464.465
862.235
378.558
230.496
149.389
374.943
775.755
923.593
444.559
594.321
369.832
183.248
102.28
294.502
697.102
649.248
386.856
1212.4
1043.22
326.642
131.712
146.688
447.264
1103.7
1165.26
1101.2
943.9
267.708
119.577
117.703
407.024
998.803
1059.98
1151.49
935.31
294.311
218.907
221.449
392.421
1052.16
1055.96
1042.99
795.372
249.346
163.166
147.071
419.613
974.277
902.411
1132.59
769.35
290.116
156.141
150.084
391.418
1074.43
880.281
601.827
508.226
288.145
367.405
335.861
311.136
569.589
544.981
1085.36
747.859
239.538
230.218
225.59
427.84
1031.09
861.915
764.006
555.938
244.615
300.378
285.146
348.671
718.618
639.469
670.294
615.339
354.611
225.553
206.33
241.256
618.559
664.883
544.205
709.644
484.021
314.563
269.543
291.316
482.947
716.547
287.279
265.315
401.662
587.856
324.455
265.05
288.409
261.23
457.134
531.531
348.26
482.28
579.81
555.565
457.083
546.285
497.781
404.665
302.398
291.459
519.952
652.906
532.706
410.694
641.824
324.128
259.7
287.561
507.072
679.114
676.427
361.855
782.603
356.737
240.668
265.916
450.326
749.835
830.556
412.079
833.886
404.413
264.481
305.459
446.279
693.013
859.351
481.724
785.873
379.029
290.862
274.788
444.817
727.931
827.549
441.011
696.537
438.181
255.333
240.584
367.827
683.856
733.216
479.875
778.032
357.617
180.801
164.443
369.488
740.468
832.773
414.427
984.027
433.424
201.879
187.915
329.71
782.262
1024.52
497.539
1334.98
871.488
277.861
209.507
155.711
384.154
1240.64
1024.44
1105.82
1049.86
428.715
217.049
209.613
430.094
1001.63
1145.69
1298.94
941.204
283.513
221.39
169.765
427.588
1211.47
1079.13
1202.53
843.368
318.436
170.523
170.397
419.269
1132.22
962.456
1307.18
828.103
229.423
100.131
125.027
442.062
1245.26
970.246
1279.51
713.853
263.929
228.609
193.853
412.591
1217.6
866.004
1181.09
683.141
219.701
230.407
161.598
431.999
1129.14
817.519
1006.39
735.018
265.351
259.737
206.655
389.096
936.108
842.635
810.135
702.108
336.875
282.792
211.928
401.251
761.996
755.875
670.727
659.115
360.575
188.626
186.425
235.643
605.249
703.266
297.359
188.881
330.805
523.851
346.969
352.739
316.257
194.492
386.782
288.14
213.676
390.917
645.087
711.723
439.113
305.463
585.204
426.031
298.001
344.169
589.026
858.268
651.951
435.533
925.006
390.177
267.37
181.136
446.62
861.609
992.762
455.318
836.148
340.833
166.62
209.822
394.442
718.358
888.826
422.216
875.572
467.422
193.925
240.603
325.998
749.001
937.368
517.65
819.228
362.76
222.289
163.649
329.081
749.189
875.046
425.603
875.688
374.713
182.757
172.902
321.447
688.096
912.926
451.752
867.07
419.179
175.911
220.631
313.771
656.476
906.51
492.318
745.178
368.392
230.458
201.471
308.602
677.877
786.2
416.04
1582.66
1003.49
299.177
177.542
180.516
459.648
1480.58
1178.39
1464.23
897.017
310.205
182.43
214.385
421.811
1376.68
1059.51
1371.76
929.821
363.276
170.868
196.589
426.651
1289.42
1051.7
852.221
833.772
441.038
263.489
240.631
359.938
781.721
875.903
1544.94
786.029
288.732
252.072
259.618
488.215
1487.42
977.649
1593.9
728.628
174.611
223.378
173.733
537.518
1555.09
925.753
998.616
556.595
160.989
183.381
168.799
417.642
971.945
668.391
957.936
544.669
225.188
227.466
213.899
314.05
912.684
648.66
1029.57
677.132
222.926
183.692
190.526
471.425
997.128
778.023
1198.75
608.25
153.505
195.238
152.157
365.441
1150.06
758.844
737.629
426.808
198.906
216.765
217.205
463.663
748.396
488.842
673.319
414.228
239.165
329.765
386.113
690.158
711.038
457.187
609.687
390.863
313.788
313.688
553.895
838.168
674.747
408.524
762.311
499.858
245.356
174.782
431.123
980.948
839.882
514.365
997.338
499.521
225.903
156.359
371.127
829.318
1046.84
575.603
741.818
381.548
365.713
337.526
445.909
547.86
750.539
458.643
854.87
436.699
185.957
292.562
389.08
663.019
881.793
513.128
772.178
410.493
198.997
157.505
348.62
759.278
821.722
447.352
812.381
340.278
149.589
191.452
319.493
690.047
867.198
408.084
1100.43
453.675
234.32
145.693
237.751
680.341
1128.7
554.825
1078.54
843.758
267.575
266.901
191.505
401.148
993.99
958.48
1252.95
900.579
276.844
150.991
174.277
442.907
1170.01
1032.06
1202
743.692
209.203
101.003
147.907
451.561
1149.55
872.224
1526.05
793.621
182.8
168.568
210.774
450.965
1458.26
985.573
1331.91
698.068
176.968
139.075
137.357
493.426
1289.31
848.714
1133.82
735.051
174.861
98.3104
104.767
407.804
1074.79
860.459
1049.99
541.011
169.804
170.235
140.01
421.234
1025.79
660.4
1234.37
519.228
161.794
166.491
147.089
508.081
1221.92
672.708
981.926
514.773
182.607
113.578
161.108
581.503
995.575
610.765
1114.53
493.99
143.578
149.135
139.554
447.065
1099.24
633.133
536.259
332.927
181.575
174.37
188.052
429.892
552.733
356.606
559.759
330.997
299.403
326.094
366.652
466.806
577.775
355.679
544.68
328.207
232.267
201.768
405.744
554.561
574.817
344.651
740.848
319.553
294.848
286.817
534.54
754.865
793.915
371.375
1229.42
501.608
262.093
157.928
233.11
671.382
1253.92
618.183
533.66
434.555
203.123
139.655
306.907
647.906
580.596
444.538
709.304
361.304
253.545
201.987
377.479
765.516
766.783
391.501
952.638
564.653
267.749
285.015
492.888
940.887
1021.29
606.787
1011.7
454.345
224.625
186.697
418.54
838.932
1067.2
539.37
656.307
377.393
249.63
225.393
345.72
685.565
702.482
404.564
1569.04
810.384
209.459
158.921
168.307
483.037
1505.37
1005.43
1422.97
890.394
220.876
147.221
160.688
434.472
1336.86
1052.16
1397.37
743.548
204.892
181.1
171.241
432.792
1337.83
914.853
1055.09
679.283
184.415
192.025
133.975
367.469
994.049
800.334
996.067
664.494
235.058
278.527
300.516
390.431
942.496
772.836
1121.89
735.72
203.013
103.636
111.692
477.014
1079.96
854.708
1065.14
434.634
157.051
219.982
195.206
500.394
1061.81
560.96
1064.19
442.006
205.671
213.429
299.153
528.268
1062.43
565.506
843.661
367.844
196.338
274.91
272.351
534.682
859.991
458.345
865.656
434.444
191.038
206.512
243.45
507.262
869.734
527.597
989.291
482.468
137.47
122.508
253.919
605.509
1004.67
588.692
715.616
342.354
261.622
288.038
311.303
530.708
735.705
409.94
573.798
422.369
294.705
417.148
377.488
642.024
617.29
431.367
801.305
349.215
199.222
203.657
443.26
797.647
866.753
413.707
562.874
285.666
209.024
269.337
327.647
570.475
600.172
324.438
614.661
323.958
274.965
287.268
330.85
573.267
649.818
356.338
656.93
337.126
239.905
200.246
327.039
661.8
699.563
382.182
744.654
382.396
213.307
203.156
277.557
625.388
779.266
428.269
847.237
378.504
198.068
220.459
333.786
745.069
910.799
443.386
877.81
469.737
279.449
232.166
374.625
809.475
925.675
510.342
1091.88
724.64
185.888
92.1656
108.298
384.722
1030.96
842.735
1103.43
722.654
178.046
142.557
111.598
387.757
1042.54
847.551
1085.33
749.567
252.623
205.811
224.949
424.485
1029.49
862.709
1114.27
686.352
182.499
158.036
164.457
388.18
1060.24
811.814
1194.38
716.617
195.629
268.307
231.282
419.726
1141.66
848.888
1033.65
595.837
161.659
184.689
180.282
511.393
1016.76
707.711
1011.17
436.656
132.762
145.092
164.331
381.095
991.182
566
896.203
462.424
197.565
175.18
223.654
558.995
915.397
545.325
925.385
461.37
153.148
166.731
222.807
554.85
938.197
557.117
694.044
345.541
174.088
106.969
239.753
568.222
723.478
393.732
622.72
325.537
229.88
358.213
268.261
397.671
630.621
377.77
769.457
356.168
325.826
312.274
312.061
630.361
808.549
416.408
699.438
400.151
284.657
272.818
370.026
723.39
748.153
430.154
382.608
309.529
333.159
305.036
341.529
374.003
394.031
312.282
740.49
357.78
213.074
218.677
360.731
552.636
755.819
426.171
692.431
400.167
217.6
327.968
257.327
391.741
684.995
471.708
807.325
358.32
243.416
286.717
320.214
619.6
840.016
437.331
872.3
450.397
229.926
246.699
401.119
691.082
908.194
520.842
798.214
397.554
224.082
209.401
396.968
713.17
836.139
457.712
621.016
424.787
251.746
212.263
339.419
699.41
670.652
439.221
1098.35
709.827
275.134
126.188
145.542
385.404
1047.29
817.12
1567.18
812.681
175.748
154.764
140.031
474.325
1505.44
1005.74
1278.22
684.488
151.609
102.497
116.924
427.253
1227.17
831.095
1421.98
645.107
184.068
175.223
141.812
512.917
1391.36
821.74
1187.52
539.721
131.395
116.672
146.93
458.592
1167.93
688.999
891.581
531.438
183.365
186.451
201.847
441.376
874.566
623.234
995.716
473.496
133.716
161.891
188.333
585.265
1011.21
581.091
620.044
296.894
196.005
258.954
263.85
482.172
639.904
356.403
685.284
355.793
177.702
198.495
236.747
470.87
691.945
420.088
885.803
447.687
151.826
152.547
244.678
601.868
910.293
530.552
627.977
379.048
184.592
162.473
191.113
446.018
637.052
433.005
756.846
455.848
388.559
467.317
418.317
580.611
787.968
506.842
706.945
374.002
246.484
245.307
379.268
612.88
737.555
438.247
613.235
513.48
323.992
328.206
338.027
694.983
664.859
515.877
854.466
472.716
267.313
201.825
271.123
638.463
879.234
531.23
803.939
358.732
196.874
223.094
405.315
739.241
855.868
420.767
872.279
379.162
292.313
220.038
466.568
811.151
932.149
447.577
945.039
454.919
277.646
267.556
314.292
651.498
974.392
541.477
1009.13
454.151
234.01
208.792
333.705
768.422
1058.87
540.785
726.162
379.681
217.035
180.196
356.72
754.17
778.483
417.236
894.875
469.801
223.365
199.152
186.038
368.176
882.563
554.26
1720.61
774.714
141.101
100.134
98.3124
582.9
1679.51
993.803
1384.16
753.432
193.948
150.719
220.491
446.706
1320.4
917.924
1566.65
783.182
172.462
101.283
103.992
477.395
1509.95
978.016
1230.8
578.549
181.536
210.704
188.078
464.98
1206.39
718.673
1017.86
480.83
176.01
200.531
229.963
579.198
1031.38
588.767
761.202
471.775
217.258
212.548
211.301
438.86
755.174
540.749
792.799
492.734
283.609
348.097
225.808
403.621
773.933
571.743
529.486
298.72
255.677
248.417
314.243
337.096
527.615
344.188
947.431
419.109
172.447
134.956
189.492
506.284
949.731
526.646
689.24
323.665
159.842
241.123
283.267
608.315
727.273
375.149
833.115
363.197
188.728
122.287
259.758
605.329
859.401
427.714
876.933
336.404
196.321
218.285
347.976
699.317
917.398
424.926
759.17
385.15
219.954
326.772
316.912
576.128
787.816
446.84
588.714
325.126
156.773
272.204
340.009
506.212
615.816
374.599
559.018
286.646
221.225
238.855
367.421
585.96
599.546
321.353
563.847
360.089
253.888
258.171
389.986
601.874
593.328
390.179
639.179
349.185
173.152
294.184
421.82
511.09
651.376
400.385
849.9
510.649
264.099
296.586
495.84
790.063
888.57
551.481
862.727
480.548
214.109
189.128
374.347
787.828
904.782
526.632
1351.49
705.666
182.037
90.2013
152.202
400.975
1285.63
880.724
1422.3
646.207
109.263
152.439
144.445
491.665
1386.67
827.438
1157.99
521.366
113.328
143.441
186.186
418.441
1133.25
666.556
1441.3
687.932
159.638
175.438
220.953
464.251
1395.63
869.401
1056.72
543.253
162.653
166.263
138.997
485.845
1046.54
656.072
1048.62
613.563
146.324
118.433
158.108
452.342
1017.22
729.693
694.265
353.063
229.175
140.29
267.245
551.534
724.257
394.96
889.118
407.43
148.916
178.918
200.281
548.694
911.099
497.872
927.968
464.027
116.573
143.789
160.373
531.663
938.766
561.426
889.434
443.864
227.289
264.695
300.549
566.167
903.595
535.782
590.975
361.905
165.105
156.144
275.209
572.741
621.946
398.492
439.046
241.686
177.775
224.463
202.206
387.374
465.173
265.326
695.199
309.853
167.763
213.708
336.104
617.542
732.711
371.102
581.131
340.037
224.168
240.638
357.02
479.066
585.817
387.435
507.722
353.238
194.382
234.824
315.986
502.272
543.521
373.775
775.425
380.119
286.287
289.115
405.365
754.534
825.577
423.346
679.208
331.781
284.978
251.748
428.172
789.724
743.231
356.823
853.065
435.596
229.956
186.559
392.325
875.564
914.828
473.734
633.464
299.8
265.699
452.39
409.168
598.585
675.205
338.155
895.978
386.727
223.33
299.896
395.088
650.876
922.798
467.239
1506.28
731.525
150.716
78.1743
96.3233
476.545
1456.07
920.236
1260.66
638.86
146.756
162.325
142.4
421.429
1216.12
795.22
1086.42
597.326
143.815
78.9309
100.462
478.189
1064.3
715.243
1470.41
672.218
97.054
58.9587
72.5506
495.274
1433.5
857.268
1058.14
495.187
133.103
135.05
149.339
403.837
1033.23
625.801
917.963
450.279
128.215
90.8015
141.345
499.333
925.562
547.928
800.855
386.603
115.838
102.664
135.335
456.308
812.672
470.114
686.73
324.717
215.747
304.297
246.263
485.617
714.301
375.001
822.723
330.686
205.421
197.003
231.367
465.743
829.735
417.997
370.397
267.093
127.523
132.355
179.876
317.369
378.565
291.597
810.891
518.636
180.385
156.268
263.924
451.451
796.585
598.938
859.135
412.429
124.55
157.431
235.376
540
873.672
505.538
514.799
240.445
127.354
169.054
219.254
379.204
535.103
284.695
737.061
352.208
225.011
237.769
359.829
592.623
768.881
416.857
604.794
287.173
196.858
224.145
388.468
592.808
635.004
332.031
538.629
299.529
286.951
271.849
357.665
562.841
575.115
333.435
691.133
421.732
315.934
297.819
400.977
697.283
731.632
459.056
625.183
353.945
220.527
334.56
440.097
622.265
660.369
396.115
927.684
423.035
240.757
247.859
420.436
817.159
977.313
503.196
644.16
319.235
306.762
306.064
461.783
735.035
698.143
331.328
