516.221
648.15
554.441
482.629
293.863
359.189
480.343
649.351
488.559
541.803
547.515
559.679
343.744
245.278
455.006
538.382
393.263
614.208
669.051
510.663
337.448
281.19
356.067
590.049
263.05
365.652
633.288
619.562
404.491
261.504
265.306
318.215
258.793
385.309
506.907
317.523
275.598
279.914
261.93
344.813
257.797
388.476
649.914
611.379
340.948
287.998
258.518
345.734
433.875
517.433
752.316
585.296
398.863
356.342
423.822
478.856
299.68
415.056
577.188
750.879
416.367
218.705
274.775
393.444
276.51
271.941
536.391
738.03
420.548
240.11
273.855
265.244
156.05
267.165
681.664
1096.56
541.882
220.251
148.497
230.033
131.801
144.674
554.174
1099.28
744.002
243.348
143.588
121.483
171.483
127.036
311.068
863.763
670.925
327.307
185.188
126.44
186.496
184.421
367.117
799.826
644.131
362.739
195.5
175.39
220.791
189.155
243.02
418.5
653.384
494.236
241.597
180.598
233.259
240.861
313.33
739.599
667.975
446.965
239.102
233.712
251.376
347.328
357.764
703.303
944.088
727.362
289.014
314.639
513.641
464.941
432.112
685.165
885.77
757.566
560.039
477.049
499.854
347.122
384.303
539.472
812.865
780.098
535.378
346.569
452.674
353.063
512.269
557.251
879.982
797.669
487.96
338.43
644.514
508.85
378.455
312.995
609.03
826.174
694.872
514.883
574.527
813.313
701.652
392.202
331.682
424.083
526.068
793.044
646.359
832.095
714.093
510.934
319.083
384.954
587.645
829.017
435.234
642.858
769.73
629.906
353.863
350.778
435.271
609.385
274.043
303.096
537.814
516.948
402.458
300.349
281.547
270.764
438.929
525.605
532.11
522.711
313.942
310.286
408.082
526.227
250.738
422.995
555.512
423.992
242.962
187.516
225.534
390.3
349.946
429.021
722
678.801
498.232
343.757
352.786
386.809
234.696
380.62
606.414
556.579
392.447
247.597
218.662
348.041
208.841
364.09
806.174
907.933
473.306
249.422
204.793
313.645
156.648
302.306
742.36
970.259
461.68
154.263
144.262
260.243
124.126
151.669
461.088
840.956
463.205
138.472
122.12
136.179
107.86
130.893
423.441
921.155
635.315
193.362
108.371
120.799
203.924
191.922
403.418
731.867
560.073
195.496
201.045
194.848
209.887
192.154
355.174
653.564
651.067
356.63
222.018
181.383
199.649
204.637
356.296
621.367
568.244
347.282
211.853
197.881
234.704
268.95
287.465
726.536
831.276
545.163
253.56
261.413
442.778
436.205
469.309
637.329
897.523
753.193
483.459
446.528
334.804
294.235
349.885
557.465
743.897
659.477
375.653
284.662
582.75
391.605
393.241
557.192
900.535
973.629
660.011
412.669
735.407
488.4
269.559
372.359
632.206
947.477
809.771
511.726
557.877
798.572
700.65
395.857
273.398
321.643
495.793
776.212
357.298
505.454
565.659
508.353
333.016
334.771
347.043
481.395
370.485
472.315
590.981
496.727
315.792
361.571
356.756
447.589
396.188
528.265
749.531
760.761
403.853
247.687
367.215
509.77
364.278
517.816
579.924
598.164
356.597
288.007
331.985
507.592
276.354
442.303
570.664
565.601
326.658
261.781
266.575
406.282
238.313
492.623
798.326
589.056
464.936
318.845
225.781
433.366
240.695
353.036
583.586
543.858
490.855
236.438
219.651
327.538
194.992
341.613
657.899
656.11
361.607
180.458
189.672
300.708
219.945
295.118
536.359
737.856
352.882
175.424
206.729
272.424
166.066
207.147
275.084
497.742
369.425
211.79
167.561
195.678
171.18
158.438
263.731
658.454
498.595
273.551
176.313
153.61
130.187
182.079
543.507
1062.44
674.469
175.915
124.858
162.969
209.515
144.917
277.742
573.859
606.457
369.807
230.84
135.254
221.353
210.025
361.511
499.507
520.153
371.886
241.954
197.33
363.735
272.315
275.093
670.727
870.232
584.745
376.242
299.164
386.515
345.114
446.035
551.009
797.31
656.473
423.463
351.48
331.893
410.242
445.175
546.649
906.155
860.722
388.732
358.529
486.898
298.677
333.028
388.759
732.006
815.698
542.394
291.316
665.245
395.262
443.434
334.691
816.033
1065.23
745.867
386.295
633.61
766.842
605.38
416.723
326.202
527.679
620.584
768.908
574.078
622.643
486.071
353.434
369.059
448.908
568.019
624.393
328.581
442.355
628.612
584.086
405.31
226.456
310.221
417.031
322.985
454.953
498.243
377.125
254.469
279.331
307.228
431.649
292.226
383.083
476.554
482.122
391.617
267.434
269.179
371.517
241.432
584.182
674.295
334.372
280.044
340.739
215.59
506.533
267.285
487.399
567.539
562.971
410.757
325.695
276.826
434.405
351.005
363.768
524.952
556.916
424.104
269.421
332.465
361.717
127.955
324.694
785.272
867.337
387.632
274.113
131.527
259.779
200.198
247.822
531.556
701.319
349.813
181.267
202.155
214.925
302.391
298.837
313.458
442.352
389.587
282.3
291.532
307.948
112.688
172.393
354.983
634.154
438.23
233.895
116.58
149.885
231.271
207.875
372.126
745.188
555.273
311.722
239.093
203.964
143.828
222.697
446.022
708.146
912.598
504.499
161.754
185.309
248.686
193.388
366.084
552.494
474.333
298.712
260.287
197.691
251.706
186.047
387.813
702.369
964.474
601.091
285.851
177.18
370.003
341.373
491.371
630.534
822.739
614.625
401.701
340.188
443.296
358.096
376.19
758.432
979.324
726.154
446.186
383.266
580.768
384.596
333.779
403.912
562.795
721.932
626.435
402.544
819.147
581.736
334.596
357.641
661.022
978.781
882.312
610.108
696.407
875.97
574.466
364.814
372.156
454.957
632.794
886.492
584.441
699.194
722.685
578.545
412.715
365.29
539.493
696.023
300.567
597.022
624.043
342.462
272.481
288.637
272.494
540.001
347.7
529.781
658.16
545.798
697.147
394.768
323.216
503.426
297.52
458.973
420.393
215.952
273.262
264.395
272.781
443.063
357.978
573.306
605.201
557.029
365.551
195.357
321.293
533.477
221.803
574.203
737.213
633.126
526.801
385.326
193.725
501.039
390.576
520.981
671.788
618.356
454.202
375.641
402.789
490.087
244.333
324.154
739.044
769.448
374.344
241.512
248.665
285.774
215.493
250.261
499.063
802.178
392.848
228.98
225.016
224.789
191.105
216.876
518.195
840.225
477.258
232.633
202.405
198.764
189.458
189.693
293.438
479.946
417.06
313.947
206.166
186.487
164.556
148.193
427.581
1000.58
809.669
345.471
177.922
139.151
264.881
214.575
368.716
819.536
950.17
481.466
264.202
210.961
311.697
285.432
419.607
666.406
735.773
484.977
336.863
286.649
333.877
327.445
544.664
543.8
691.518
472.643
336.482
319.883
346.124
304.549
429.41
624.221
838.026
610.381
378.175
308.909
271.386
283.859
343.266
731.286
770.016
522.685
290.643
274.022
508.658
382.058
318.575
377.439
660.995
780.107
556.509
398.434
552.143
475.109
314.184
309.357
566.81
749.747
595.444
485.348
584.914
849.459
800.969
534.605
372.314
503.724
533.435
821.167
610.119
714.02
436.719
254.359
161.008
332.59
557.598
730.682
629.969
641.54
526.668
390.847
380.081
451.574
595.229
660.741
338.464
480.441
682.736
423.547
383.218
368.948
349.749
435.982
318.945
593.639
768.734
706.127
331.366
251.653
293.951
544.202
380.994
722.482
793.429
496.173
349.325
307.713
340.414
667.994
488.083
532.024
696.715
490.642
382.719
331.831
471.703
503.022
372.333
565.908
542.453
424.467
387.716
340.788
344.417
545.111
199.902
243.882
527.742
483.971
447.167
284.298
193.724
224.553
207.373
227.048
457.38
624.352
394.642
204.914
212.033
213.875
213.917
205.956
631.309
1185.19
753.27
244.772
217.901
195.309
223.646
223.066
619.656
1104
688.548
222.913
224.675
206.464
235.078
179.002
425.771
1250.35
857.986
358.929
235.473
185.008
155.013
149.048
331.006
660.522
856.708
497.374
182.636
130.103
393.299
284.635
406.985
569.195
794.365
618.401
427.331
283.821
261.059
221.213
266.443
648.929
634.602
444.462
263.369
229.446
282.87
266.226
250.511
376.352
580.276
568.954
312.099
263.507
362.773
318.501
298.731
635.292
638.553
523.053
370.209
323.373
598.967
314.985
369.109
333.098
653.729
789.273
653.685
339.686
685.542
428.962
416.349
427.281
614.698
822.829
740.72
472.891
629.423
648.461
610.51
516.651
364.862
355.108
586.918
653.859
667.303
800.688
655.254
320.591
314.693
338.424
594.885
808.387
452.684
687.305
555.93
334.359
420.447
459.078
402.11
659.213
281.929
504.616
768.685
580.548
378.551
257.12
260.416
450.974
474.499
664.188
550.575
359.765
335.098
225.655
417.347
657.28
210.842
431.249
554.634
459.232
475.501
344.603
203.734
378.036
434.132
498.456
397.449
265.276
253.949
372.992
410.012
498.436
263.317
334.683
572.803
732.401
485.194
340.209
282.505
304.294
171.849
357.894
754.694
682.27
375.764
295.29
181.688
294.444
139.638
283.105
600.193
701.034
445.316
206.047
136.807
242.524
180.685
266.838
668.446
970.918
486.912
204.86
180.599
241.144
248.036
184.026
447.145
1145.14
657.206
263.657
251.266
188.369
199.717
190.62
487.444
996.698
695.733
263.888
204.167
189.925
317.801
217.561
350.048
672.419
752.051
428.668
315.286
238.748
331.297
251.033
345.854
424.955
501.153
473.293
363.477
243.707
306.64
217.498
234.011
306.848
324.227
339.034
322.232
222.92
463.294
275.241
190.295
312.775
486.609
573.426
502.871
300.885
541.996
284.74
247.208
347.74
583.768
766.748
599.995
300.827
526.176
383.032
330.4
326.357
522.566
673.18
567.994
383.66
741.02
396.354
351.416
240.152
565.517
968.79
827.007
411.82
1005.03
928.159
602.58
347.319
263.513
346.473
928.765
983.25
499.685
877.813
591.256
249.018
209.67
445.882
455.626
841.486
564.051
893.457
719.983
262.614
517.295
590.946
500.51
856.743
567.639
697.369
446.725
398.614
305.792
362.961
514.085
708.62
350.95
441.798
398.485
264.415
193.161
260.579
326.753
428.671
386.99
452.222
502.515
464.235
386.306
320.169
369.681
434.946
435.945
478.02
491.42
406.481
341.445
310.946
406.116
480.847
505.383
433.16
369.943
451.521
345.598
330.606
490.193
451.173
482.553
738.168
718.8
404.963
340.333
445.542
433.746
708.492
362.139
464.364
640.77
631.442
442.513
355.028
355.18
449.017
211.29
358.006
763.764
825.558
396.631
182.069
206.104
306.843
143.928
129.229
375.003
1120.87
719.708
256.64
157.996
120.315
173.17
213.394
335.022
741.181
632.899
297.38
171.244
209.599
250.186
228.743
404.152
619.737
688.088
388.654
259.141
222.202
315.683
241.013
449.739
656.845
955.843
637.156
346.87
240.459
269.203
212.475
218.511
362.469
543.736
599.544
307.982
210.742
419.131
247.662
345.511
441.362
563.742
496.979
445.011
270.238
401.077
312.319
308.859
322.901
485.665
505.338
423.48
312.637
744.418
351.067
294.891
286.255
515.078
807.304
802.392
400.275
831.255
467.085
247.736
398.21
558.979
900.739
894.951
509.432
611.34
911.74
645.909
321.588
320.555
536.618
553.066
891.984
785.129
856.587
390.525
203.103
286.033
548.202
770.06
899.341
684.174
787.711
525.536
381.38
424.172
401.434
623.495
808.173
499.795
715.733
568.981
314.984
315.643
363.37
488.315
691.768
540.607
653.471
336.324
351.328
334.982
362.591
506.945
666.355
593.462
539.918
408.16
414.07
239.193
280.484
558.195
567.388
650.537
708.956
364.765
154.879
165.016
302.527
587.954
737.533
569.555
674.472
446.657
327.423
227.281
231.625
512.162
687.952
407.841
427.764
472.185
411.327
344.94
290.335
385.247
431.247
496.323
518.838
582.938
449.756
333.301
329.882
493.79
503.967
274.323
318.45
627.167
741.125
383.423
191.936
267.881
290.474
146.914
189.674
511.837
1127.55
603.033
198.934
147.189
176.046
207.292
161.522
377.205
786.737
720.728
345.46
214.237
162.305
287.471
248.269
358.767
560.2
764.081
540.089
315.448
248.593
461.574
262.166
233.789
417.232
568.896
628.915
500.114
281.261
521.577
385.321
335.483
417.142
687.355
815.466
583.21
404.574
600.514
355.652
353.423
416.49
596.183
700.559
628.079
373.509
872.364
446.303
210.761
314.757
469.679
706.934
894.982
522.915
668.841
449.067
224.017
235.072
408.712
708.555
716.29
469.598
528.088
497.223
361.492
393.984
510.192
654.946
564.579
510.182
697.991
655.79
523.626
357.825
256.202
276.852
646.13
686.308
671.144
421.584
623.162
582.868
416.889
411.301
658.192
454.194
536.236
764.845
626.133
448.336
438.338
256.244
468.051
748.156
719.624
725.423
414.92
251.341
224.806
274.706
652.277
768.911
720.452
553.334
340.668
220.112
276.328
322.562
686.725
604.938
623.105
713.443
484.581
277.199
210.56
265.203
566.615
721.276
523.619
621.079
536.386
419.911
302.555
327.682
487.283
621.697
484.946
537.408
381.662
365.311
217.131
403.82
455.938
551.591
354.775
439.72
433.355
355.893
240.162
212.829
328.897
429.602
374.278
642.723
687.836
432.133
339.865
292.415
332.743
604.441
356.138
231.219
427.968
635.052
483.573
335.823
363.077
235.38
196.129
233.233
449.17
796.572
383.691
171.194
182.707
235.764
262.728
242.332
400.032
768.569
589.465
394.916
286.014
239.44
429.981
380.033
338.429
669.262
842.633
755.31
460.921
385.297
549.215
368.835
373.193
401.176
630.092
694.662
587.673
386.244
546.059
399.469
325.596
415.64
652.484
697.186
579.814
402.674
655.032
429.995
438.395
383.768
634.86
798.112
707.406
444.461
561.595
374.555
283.45
352.428
585.157
802.621
626.442
395.718
807.868
401.5
222.755
209.047
425.353
908.642
877.972
435.592
728.626
431.323
223.485
213.173
431.889
816.896
787.139
465.26
728.587
840.754
563.711
286.446
244.565
378.042
664.902
869.378
572.25
461.859
482.703
571.997
332.901
354.994
579.721
482.573
538.981
628.082
366.872
213.019
199.397
391.205
497.378
649.162
664.849
593.736
415.357
304.307
225.27
296.459
630.564
630.704
759.997
708.142
438.367
311.334
218.208
282.288
703.487
753.548
410.627
433.909
312.5
319.706
262.19
245.286
377.591
450.908
621.354
657.944
367.604
304.578
256.535
281.69
566.323
687.858
575.797
593.567
286.251
203.362
226.584
351.447
532.456
623.444
539.508
514.042
315.694
344.113
212.732
234.891
494.999
551.711
457.843
405.54
365.793
398.533
307.284
366.758
459.671
418.517
308.404
449.133
477.587
368.035
221.292
296.55
304.787
417.62
347.408
240.406
246.581
470.016
677.467
538.695
375.206
245.308
292.96
247.617
395.568
764.143
667.999
505.56
321.234
230.807
435.813
298.221
324.527
558.298
869.824
843.612
490.437
288.194
496.845
378.883
359.279
407.972
756.183
890.06
562.197
378.063
703.191
630.368
302.851
292.341
459.37
843.595
757.062
645.348
768.428
438.424
348.11
423.467
632.491
813.854
814.111
487.289
687.671
465.732
319.364
335.722
537.615
743.509
731.499
490.785
702.035
370.093
194.599
216.208
350.197
656.178
739.107
425.905
684.446
472.786
263.782
288.864
435.393
732.747
733.009
495.038
507.85
684.976
471.942
355.49
398.864
432.386
490.152
681.159
761.91
851.747
451.496
231.551
158.627
301.68
681.096
880.312
529.137
617.941
371.05
232.137
249.623
251.895
473.028
630.105
1025.64
740.255
298.336
217.349
217.151
424.223
978.09
840.457
930.689
626.586
352.946
465.544
426.484
410.905
899.605
708.73
596.347
542.331
392.388
222.009
205.694
317.025
568.813
569.591
590.75
522.17
299.52
257.888
185.566
260.925
554.554
558.794
675.457
597.728
438.114
268.052
222.429
296.783
628.545
633.112
538.314
684.231
395.737
255.756
286.099
349.343
497.081
688.379
482.06
612.498
517.535
286.715
432.914
433.297
451.908
595.352
379.806
474.439
416.702
212.543
212.465
299.524
355.507
465.992
292.857
252.241
328.704
507.675
416.657
280.733
296.637
262.552
404.763
312.895
347.559
510
672.793
602.961
410.94
300.44
507.658
303.814
333.755
428.368
604.469
639.885
542.927
324.842
639.031
438.248
253.458
256.959
543.974
907.073
710.424
454.807
640.84
349.478
218.715
248.33
462.845
840.067
710.692
378.595
826.847
486.132
461.132
434.742
541.913
861.077
880.582
509.543
816.19
502.021
283.954
234.636
481.317
947.79
885.245
520.014
821.235
433.866
233.289
194.797
410.446
864.42
884.172
469.005
967.246
432.841
306.86
292.092
409.383
757.384
1012.31
505.892
907.608
909.026
506.51
314.427
297.216
443.784
834.674
971.755
659.806
547.574
287.276
211.545
201.074
266.353
613.389
596.394
761.343
491.964
263.254
288.056
219.002
349.773
739.99
564.834
768.919
589.641
353.289
273.72
284.218
326.825
733.748
652.9
638.56
716.038
416.267
264.877
271.191
298.951
578.752
740.79
682.232
567.485
258.568
176.636
144.092
235.697
629.411
627.302
690.049
575.894
294.215
241.985
189.69
278.563
642.894
636.018
816.293
669.024
329.841
223.52
254.687
315.977
761.985
740.074
770.166
583.26
386.817
443.199
312.133
418.618
751.188
625.82
711.942
491.461
386.897
540.069
357.77
374.677
700.176
540.568
529.581
604.326
460.384
371.82
453.101
395.938
489.799
613.628
447.16
269.945
260.448
350.777
464.096
626.417
495.195
263.079
610.221
476.098
303.478
318.632
457.223
783.044
669.706
484.754
594.035
352.903
313.299
324.996
520.58
665.437
637.137
385.793
731.782
332.582
234.611
266.791
459.628
684.626
770.344
387.978
715.703
418.236
291.454
231.355
476.385
722.456
758.136
461.478
970.003
644.614
655.848
637.026
835.385
981.806
996.256
661.21
715.363
436.876
241.247
232.544
339.209
703.783
756.441
472.445
684.143
443.012
201.077
175.804
350.719
729.293
734.536
469.071
858.535
419.182
189.251
218.887
349.249
744.684
902.446
483.912
569.789
629.94
527.545
274.046
377.041
400.399
525.311
624.508
819.585
973.798
679.379
322.719
317.263
493.443
746.043
984.759
608.183
561.939
485.917
268.192
306.808
349.904
589.24
575.561
624.189
695.225
449.344
326.951
221.629
312.585
569.389
718.215
651.835
569.07
334.05
363.897
306.858
427.096
620.534
607.108
869.638
599.241
325.304
280.261
232.302
350.597
834.195
673.914
875.879
759.095
360.315
271.786
168.916
352.037
809.318
832.063
642.794
648.994
342.706
159.519
121.367
263.202
586.214
684.799
966
724.044
330.187
232.058
233.391
366.89
902.476
799.812
888.052
620.172
286.093
192.392
195.19
370.73
845.044
708.1
871.477
519.541
365.708
451.045
396.304
445.21
859.817
596.516
846.563
541.853
219.461
240.096
298.236
463.633
823.158
627.289
583.318
301.207
271.542
281.101
407.25
566.959
611.342
347.578
784.331
423.643
189.714
182.214
382.529
762.521
830.329
473.828
832.381
393.387
177.745
227.414
357.513
680.455
866.741
465.606
859.347
342.698
174.146
162.929
336.389
706.792
900.84
425.613
802.876
422.316
235.77
161.29
323.707
742.398
853.72
458.456
790.633
391.672
243.164
228.691
284.153
658.965
829.996
431.983
861.392
411.267
350.077
312.519
344.279
568.804
888.704
483.575
745.057
373.023
233.633
202.069
285.859
508.645
759.984
444.634
772.724
787
480.13
290.76
221.771
354.617
706.927
829.91
785.822
879.89
481.559
278.263
325.52
505.297
719.692
906.598
836.765
614.847
353.026
480.625
336.502
397.442
797.214
688.305
976.368
748.949
302.754
172.138
179.658
301.648
908.577
839.434
722.546
639.529
340.053
221.227
232.954
272.912
656.913
689.324
720.949
473.609
198.406
302.648
298.204
374.634
698.383
545.574
789.683
636.64
320.611
409.675
318.491
398.452
758.947
692.977
759.717
534.613
282.763
191.287
230.059
351.169
730.248
598.861
977.84
719.741
218.849
183.708
146.358
395.15
920.873
822.951
798.054
491.036
234.755
206.13
159.428
313.542
766.032
554.125
979.824
530.538
154.312
124.897
171.301
475.014
964.969
636.281
517.346
426.074
328.11
464.054
288.839
240.14
495.128
456.745
867.461
426.201
187.139
210.403
313.241
539.296
882.51
515.278
845.278
403.55
203.279
176.87
283.046
655.981
878.456
465.794
546.767
291.544
172.839
188.373
296.014
540.689
579.522
328.507
615.887
329.726
163.25
172.307
265.158
540.958
643.337
371.208
638.171
305.047
267.665
324.776
440.652
596.207
671.863
355.092
542.578
426.984
236.063
216.208
357.484
561.168
572.996
444.37
472.84
362.079
399.762
301.09
304.101
458.448
489.469
339.658
868.8
390.066
215.144
205.69
290.049
613.449
893.201
462.787
756.015
639.161
358.798
376.231
301.559
274.06
700.537
695.511
787.455
912.446
537.211
334.735
265.527
403.975
712.39
934.576
838.368
730.904
404.997
217.528
235.192
411.446
783.248
790.217
804.498
683.572
475.585
316.903
248.425
321.491
754.888
732.769
857.791
739.029
351.893
183.857
159.891
374.919
804.298
797.385
746.071
581.278
250.803
214.041
180.052
360.372
709.905
640.043
549.763
381.298
199.509
191.354
204.502
227.666
520.962
428.821
421.515
279.717
230.953
170.64
163.47
285.959
417.828
307.181
895.952
494.917
199.403
177.619
161.209
353.977
871.944
591.687
908.904
540.641
160.622
176.122
210.944
447.664
889.622
632.451
764.613
381.502
215.936
187.002
248.295
399.084
753.243
460.429
742.456
295.648
219.779
184.884
262.275
509.479
760.441
371.545
466.453
377.239
346.534
383.105
318.468
327.059
462.621
385.489
715.844
327.249
155.226
114.014
153.042
406.496
726.99
400.402
672.524
373.293
197.972
115.726
139.606
364.975
669.802
432.151
850.04
449.585
207.934
196.645
249.947
516.617
853.66
532.278
629.306
327.623
133.452
112.377
218.431
516.438
656.479
380.888
617.691
312.541
251.808
234.771
371.29
648.242
667.2
340.939
877.681
631.283
358.199
280.224
451.075
840.392
918.716
650.927
839.934
376.923
171.478
218.505
342.228
644.647
871.242
455.864
924.369
721.373
396.341
330.011
326.273
343.632
871.642
798.323
829.312
720.31
422.411
233.003
199.794
372.894
780.493
767.823
639.948
647.093
354.663
172.255
158.474
259.814
585.1
670.839
798.553
641.781
342.956
236.87
239.095
299.998
744.243
711.127
1061.57
699.63
291.746
213.577
199.508
452.55
1027.19
804.549
862.971
584.11
190.275
155.315
121.2
372.758
829.508
671.419
787.135
565.244
227.106
167.294
171.744
344.527
752.13
639.431
484.876
275.168
152.857
160.951
183.833
378.956
501.047
309.139
748.064
371.696
182.021
204.265
255.827
448.354
755.83
446.47
1006.43
539.704
151.563
143.791
203.409
501.398
995.544
651.391
703.192
326.542
232.712
287.117
349.166
514.778
719.472
386.762
1011.18
575.063
261.261
255.608
276.793
541.18
995.514
684.128
369.854
274.596
212.585
205.03
207.508
276.563
365.97
292.713
834.206
530.43
166.042
148.237
169.641
389.132
803.228
619.62
550.668
378.694
232.297
192.842
255.206
485.97
569.305
401.27
1064.51
438.53
182.117
278.636
351.209
683.48
1087.1
555.963
947.67
452.463
225.394
273.27
294.665
671.735
983.518
538.592
888.59
468.623
200.506
98.1931
181.062
605.104
922.987
540.042
680.616
478.426
324.693
127.449
264.041
599.542
703.834
512.417
559.972
322.64
284.018
292.311
306.09
456.83
583.099
354.922
1072.74
940.883
396.87
312.372
192.311
395.392
992.082
1037.29
1062.8
822.634
290.807
140.776
120.665
368.802
987.371
929.795
809.043
573.352
283.387
235.764
183.448
294.078
768.179
642.181
1020.79
710.111
260.729
134.088
116.916
276.609
947.976
807.917
798.851
673.892
334.047
224.087
143.178
304.704
743.774
731.535
905.09
701.938
270.495
88.2839
144.752
307.553
836.478
784.061
897.572
593.966
245.607
193.502
170.594
300.423
852.904
683.019
738.214
366.979
153.652
191.539
175.174
377.367
732.742
447.617
801.726
453.506
207.334
212.371
190.524
410.524
788.36
536.801
1005.93
544.421
213.783
255.031
162.421
475.879
993.217
654.756
826.175
440.015
193.941
254.078
265.096
401.575
811.961
530.296
702.781
367.12
206.203
236.196
245.127
403.279
703.748
439.71
704.538
283.126
214.153
327.651
210.248
392.248
710.978
359.671
558.099
250.514
144.693
145.156
236.106
519.88
592.828
295.442
730.739
374.976
229.634
268.9
258.694
481.9
740.327
448.074
848.016
417.187
124.574
90.6111
182.886
514.245
859.348
506.538
662.287
347.357
191.331
170.933
259.127
514.24
680.719
398.862
441.494
343.795
207.96
140.581
255.817
403.78
454.993
358.245
601.181
324.076
165.241
188.29
251.37
417.993
609.044
381.749
856.64
456.438
160.882
144.576
200.99
506.71
861.2
545.302
801.745
649.105
336.891
254.009
334.049
334.263
749.284
715.812
876.189
651.051
330.796
282.482
223.247
357.054
831.447
731.741
998.913
696.372
301.37
299.625
240.426
446.081
957.102
793.957
811.212
596.089
336.072
384.002
250.246
319.679
771.738
667.037
870.823
572.318
252.667
308.623
203.129
375.033
837.143
662.384
811.172
481.969
239.307
307.518
254.819
439.308
796.695
559.867
819.455
501.576
216.968
257.331
148.952
385.866
799.519
587.329
607.049
392.94
339.418
425.772
262.168
279.821
584.259
450.626
891.94
462.532
218.577
318.609
205.043
317.125
862.141
562.82
855.336
409.661
248.843
291.419
282.67
548.41
881.49
488.531
989.676
508.198
172.32
240.613
228.61
576.057
1000.4
611.478
692.861
367.952
134.837
178.299
200.299
457.644
699.7
435.016
617.12
314.397
164.9
171.5
235.1
305.238
601.012
371.116
816.516
436.637
227.1
122.746
206.9
586.137
853.203
494.34
592.822
330.568
247.196
303.971
345.686
538.785
622.675
356.703
509.27
338.513
300.116
253.942
200.105
363.406
524.164
362.435
607.315
351.366
196.411
251.586
224.615
352.353
606.616
403.901
714.42
430.929
177.936
211.299
314.648
475.007
707.834
495.901
564.381
258.43
180.987
221.175
377.98
533.142
601.228
303.672
841.406
447.592
241.735
209.268
387.28
779.559
886.083
494.861
870.458
757.215
356.385
268.057
240.439
392.254
811.539
822.597
708.795
598.27
348.958
288.699
205.547
333.204
672.614
646.761
767.931
584.509
271.807
205.137
216.11
326.112
722.644
654.493
501.73
545.36
439.845
302.775
256.09
252.115
459.465
562.006
501.56
471.381
322.78
229.084
162.822
263.747
472.93
489.224
828.815
505.226
241.488
183.743
148.131
361.03
810.02
583.801
1071.03
638.594
172.796
109.62
120.827
450.537
1040.81
752.433
1101.92
610.338
143.327
100.177
137.193
478.25
1076.95
733.283
996.992
524.755
199.754
245.375
233.908
515.966
993.267
630.682
1030.18
567.688
199.84
222.822
222.206
539.009
1025.84
673.919
883.816
443.638
164.652
210.426
203.142
476.012
882.023
541.557
655.964
350.121
201.929
185.68
203.273
482.822
685.388
405.909
653.946
357.204
163.301
236.55
203.519
342.365
648.873
423.274
915.068
523.719
272.073
271.405
279.754
692.375
957.281
580.458
671.032
384.539
221.622
257.175
296.973
526.755
699.359
433.487
887.474
500.273
215.506
214.984
281.998
467.173
871.515
593.982
583.663
328.075
175.06
172.255
196.317
441.902
608.152
365.104
754.906
411.043
190.101
197.48
193.957
507.842
782.95
463.335
799.262
395.463
132.266
161.248
284.085
601.885
815.667
473.576
944.876
441.706
257.692
214.504
285.623
712.682
985.099
507.228
