528.639
635.08
516.944
248.221
348.739
414.511
486.055
628.771
558.891
696.893
467.02
242.821
288.156
329.412
500.06
702.078
569.742
652.456
599.238
359.364
294.595
331.355
526.035
644.556
454.558
540.382
556.711
348.715
317.74
398.697
475.423
506.167
255.504
294.932
395.592
503.919
304.64
215.047
242.97
285.294
377.297
408.089
665.568
588.116
333.02
307.514
384.367
367.382
418.226
498.966
554.067
658.723
315.666
165.684
375.692
502.148
234.625
150.05
478.162
1002.26
640.604
272.629
246.743
151.417
212.5
326.084
594.877
749.679
775.661
498.534
225.057
276.525
161.607
177.217
319.846
597.664
563.266
271.378
162.085
170.675
472.809
246.651
353.868
931.203
818.076
522.815
484.677
280.293
256.591
254.69
389.322
586.783
657.814
491.167
273.755
242.092
429.995
274.823
359.634
795.429
1083.16
951.787
493.33
269.3
469.981
358.661
378.361
542.867
642.331
602.032
500.508
360.657
680.063
330.491
359.459
384.635
649.273
789.573
731.617
379.529
527.88
266.938
357.403
442.629
681.018
768.592
588.738
296.19
738.487
386.082
461.048
418.431
552.83
848.817
799.663
398.503
672.766
332.554
326.411
254.968
530.5
784.018
730.63
374.436
749.75
561.576
268.138
256.764
497.059
893.3
808.242
586.853
797.865
502.377
366.249
239.615
462.006
1018.54
887.46
511.114
833.323
807.108
524.462
496.276
432.951
318.704
766.461
842.049
681.44
780.226
501.821
232.075
242.142
360.76
624.543
789.256
587.836
680.742
446.854
275.157
280.592
390.762
549.13
695.446
516.826
526.758
381.373
336.461
287.284
367.901
499.04
544.931
347.801
482.101
608.512
413.049
412.23
399.693
332.486
436.947
397.616
526.605
501.401
478.049
252.509
271.455
364.965
527.663
235.209
323.998
632.44
707.831
427.043
259.849
238.908
287.343
169.184
187.456
370.96
749.889
505.595
231.932
167.167
183.576
294.36
313.139
649.926
893.541
817.206
453.775
310.852
285.557
186.29
164.975
345.83
615.484
665.474
337.239
191.611
160.122
266.423
270.326
413.68
821.279
948.515
610.565
294.336
254.761
378.307
323.012
405.877
603.272
692.046
614.855
412.839
313.964
467.722
427.387
339.878
370.527
557.292
759.605
513.956
429.139
616.537
453.219
301.469
408.66
658.454
898.734
666.028
480.199
524.222
435.508
439.832
553.406
679.589
651.498
560.181
440.134
520.216
293.472
320.814
421.402
544.425
611.742
559.482
312.743
865.763
361.375
261.37
415.698
565.711
815.3
918.899
443.863
843.25
363.844
300.493
279.278
512.257
767.016
888.628
437.726
882.323
406.209
275.605
282.841
585.141
895.331
941.971
486.074
814.17
519.931
408.792
329.929
515.053
942.065
878.154
531.205
618.819
472.021
259.436
430.741
374.189
337.217
613.305
517.079
854.576
871.382
511.072
301.365
313.833
528.845
789.929
913.701
761.398
655.431
367.239
406.044
386.852
428.082
714.012
710.617
643.274
678.244
458.467
286.757
266.644
319.86
591.101
693.021
620.847
474.012
372.948
363.378
256.609
302.224
600.379
518.168
377.582
350.947
370.99
313.536
300.499
389.313
383.697
346.799
432.3
530.303
726.689
678.764
448.179
403.807
449.431
504.479
250.088
263.655
576.145
1006.54
484.488
193.657
232.385
266.419
223.811
214.632
472.003
680.777
353.125
163.912
221.837
196.483
235.383
186.244
373.691
791.301
710.965
415.362
254.406
182.342
273.301
364.003
493.099
577.65
817.424
550.877
287.573
349.083
513.531
339.685
479.098
580.162
936.538
870.358
575.091
352.352
525.54
451.286
439.315
434.606
504.354
562.397
540.754
457.228
460.319
332.867
355.603
512.2
830.445
824.551
514.097
324.702
761.823
347.728
275.496
428.573
648.701
813.869
818.459
392.993
503.972
331.724
265.952
429.828
637.08
771.435
556.058
339.699
561.392
440.932
275.328
235.531
481.328
654.462
597.619
455.216
631.449
452.162
244.862
311.394
439.79
670.549
666.065
479.504
856.421
455.129
270.395
232.897
454.756
828.567
907.86
500.409
883.923
419.622
309.868
238.114
499.285
798.038
938.29
487.324
859.982
821.771
367.726
264.752
230.889
395.763
778.92
874.137
1028.74
783.44
356.585
215.655
252.639
344.846
964.607
870.647
644.693
606.952
396.289
294.649
250.767
282.036
599.542
637.88
617.025
485.265
274.388
384.73
345.455
355.415
592.763
529.811
434.173
417.743
396.037
274.178
314.572
291.794
412.336
413.777
443.414
411.689
312.86
294.253
364.568
255.902
412.991
435.016
281.826
402.624
438.954
317.973
291.764
228.851
258.96
379.612
390.33
396.818
645.623
863.774
445.014
363.011
406.29
371.257
157.237
179.528
420.504
931.671
513.659
239.43
159.431
165.095
211.63
195.205
435.011
1019.25
906.756
394.983
219.241
187.151
381.376
407.033
443.159
747.724
879.799
657.956
405.154
406.156
316.643
268.371
319.62
757.463
889.006
637.517
335.624
269.69
519.705
397.256
447.726
534.479
803.819
902.698
586.504
363.935
508.649
398.376
301.659
465.123
488.279
533.201
531.208
397.43
560.62
538.494
420.344
354.351
546.027
669.121
589.882
529.314
571.811
551.949
379.416
340.165
497.4
852.172
626.367
560.149
834.357
373.427
396.411
362.852
494.614
806.541
889.947
408.333
823.957
345.264
200.926
199.416
328.427
743.908
880.349
415.45
849.522
437.067
376.572
290.546
490.822
831.835
911.108
498.485
868.227
441.917
343.932
358.977
387.627
602.771
880.032
526.258
899.058
722.572
329.572
287.355
355.729
420.695
837.505
783.155
695.068
661.284
393.591
237.041
227.223
385.464
646.34
702.208
615.884
601.684
299.065
289.195
229.266
295.718
553.856
648.794
470.268
574.91
435.548
307.273
355.758
311.787
427.907
577.568
802.285
598.918
300.026
263.694
275.265
353.243
761.125
670.831
540.781
512.249
290.678
176.995
204.067
379.111
508.871
537.817
277.272
383.992
387.312
342.175
374.152
331.047
275.403
370.867
358.902
512.033
427.175
370.999
263.31
304.131
338.997
503.123
168.726
188.511
538.62
940.761
605.096
230.694
179.536
159.889
255.024
214.875
460.687
816.232
624.179
299.407
245.264
222.02
263.446
207.539
339.639
641.93
662.13
472.993
286.092
200.431
318.783
286.498
372.41
719.827
819.257
512.508
331.311
302.924
419.853
366.102
257.6
332.162
429.748
512.881
445.331
360.421
577.367
397.881
551.365
383.001
648.979
807.054
629.634
362.375
597.281
513.104
299.349
392.135
389.235
643.434
629.936
533.695
771.94
502.436
344.67
356.323
430.234
756.622
817.381
541.815
677.61
535.204
275.695
285.836
460.448
663.978
707.816
553.549
677.111
516.926
250.108
234.453
479.882
842.747
736.71
537.671
714.686
438.468
341.041
359.135
472.521
705.721
753.004
478.405
879.216
384.617
252.291
207.842
440.721
736.324
920.234
460.465
988.251
742.703
272.804
108.421
179.396
392.19
912.773
838.722
755.43
641.075
307.614
372.727
261.025
321.149
691.938
710.233
534.267
523.458
341.53
326.555
248.208
309.714
503.761
547.351
705.673
595.863
308.378
174.21
186.972
279.48
658.001
648.557
468.986
562.091
373.596
285.671
363.845
397.117
433.952
570.531
439.869
527.033
310.649
192.627
195.408
292.312
404.073
537.879
468.568
601.385
367.296
294.844
266.685
423.83
437.022
605.93
409.293
332.069
332.757
320.147
299.472
326.504
415.705
328.347
173.37
160.441
310.034
538.659
461.027
254.881
177.973
146.936
170.37
209.394
302.507
475.248
555.195
349.967
182.701
195.591
296.68
163.268
300.41
595.604
706.389
508.056
325.43
171.655
391.411
254.164
324.867
418.286
595.555
528.555
421.397
267.16
500.413
432.26
282.007
542.108
556.942
573.619
526.754
462.953
534.232
375.248
265.4
294.675
328.539
412.175
535.964
407.852
613.253
452.764
274.032
191.877
391.256
817.73
680.689
460.591
748.813
370.605
278.72
295.244
534.137
956.342
830.711
385.797
651.664
389.22
320.654
342.922
438.046
761.419
705.701
398.505
643.42
303.037
183.845
158.22
310.262
676.415
694.53
332.351
763.549
473.853
249.815
227.072
287.899
715.616
819.471
508.424
890.643
439.677
298.423
211.414
289.803
649.856
927.544
512.69
790.581
624.776
274.346
254.731
270.988
366.472
726.087
709.421
1032.93
691.021
264.176
212.309
211.22
433.791
991.885
796.466
633.972
586.674
301.979
240.175
240.142
399.878
590.16
630.022
621.313
621.56
301.03
280.322
312.175
418.266
578.157
653.142
485.905
585.112
445.662
316.248
292.628
317.568
442.691
594.784
404.292
541.481
365.614
283.62
206.871
234.044
359.934
544.832
416.547
400.679
398.145
357.935
295.516
249.522
395.577
410.921
453.067
417.894
407.176
489.975
355.78
360.59
429.901
428.528
298.407
305.783
397.191
649.917
405.723
253.788
294.768
311.142
197.495
245.537
373.149
855.66
720.039
411.699
212.769
230.314
291.964
290.245
316.751
624.349
593.604
442.281
300.465
295.178
396.109
302.017
280.119
462.931
513.357
482.784
404.172
317.523
529.118
421.604
297.702
289.287
328.093
655.216
572.096
432.333
584.758
352.665
253.199
233.244
421.695
674.98
625.904
372.941
496.916
368.318
363.47
308.623
494.869
629.257
540.872
376.744
602.366
315.918
223.914
303.551
385.52
507.437
621.121
366.804
664.317
472.21
243.107
237.469
408.752
650.019
696.903
501.164
759.194
462.171
277.896
215.262
337.569
701.052
797.218
492.018
664.986
318.854
294.044
276.826
402.271
591.276
691.209
373.309
735.096
452.006
309.167
278.08
431.794
652.915
770.305
490.056
1112.48
727.849
249.698
176.465
151.108
339.148
1043.89
843.995
1244.07
601.467
222.912
294.619
232.927
417.388
1198.74
759.665
804.232
613.903
271.546
192.8
280.238
348.014
755.839
691.572
789.377
614.751
281.942
253.058
284.53
357.782
737.944
690.698
752.147
661.001
295.291
246.096
238.807
411.385
696.483
726.608
752.341
700.66
382.459
207.717
202.269
289.507
687.738
749.234
600.901
531.876
324.177
245.356
263.374
227.193
556.615
567.051
270.437
202.596
248.32
353.747
353.267
271.348
281.653
195.963
448.75
465.487
331.229
382.831
285.96
324.657
416.466
485.808
196.889
217.754
363.945
584.898
393.195
246.21
206.5
203.283
264
222.272
345.945
862.173
813.419
516.573
296.001
224.897
384.085
351.65
378.915
551.291
582.74
615.962
421.492
363.591
400.088
212.89
262.911
295.67
350.851
392.374
423.531
241.329
585.983
377.887
326.838
251.103
272.204
421.709
585.643
425.423
407.968
348.044
351.862
376.295
530.53
670.925
459.767
332.111
870.608
360.862
256.36
438.583
467.279
777.967
928.029
437.692
613.153
355.558
317.973
268.249
383.741
737.927
676.603
358.556
797.716
346.077
199.566
263.5
292.544
709.031
848.548
398.546
698.539
344.137
272.076
384.541
377.274
686.189
749.655
386.215
612.482
416.587
315.284
364.958
344.965
448.814
611.602
451.252
1037.68
819.099
302.77
325.15
294.451
442.945
966.385
924.184
730.988
429.528
260.845
353.734
326.138
315.183
703.531
508.152
879.639
382.211
169.076
197.131
247.511
429.493
870.725
488.731
679.523
508.157
261.244
245.413
226.189
281.044
644.386
565.764
813.713
643.97
276.944
258.772
305.38
375.371
764.371
719.315
826.177
542.595
263.262
270.7
221.67
342.68
798.247
620.963
518.553
479.993
319.806
334.727
312.299
344.82
495.206
508.509
749.589
533.833
246.761
263.319
365.648
422.621
714.978
595.494
407.996
388.515
320.975
304.512
271.032
206.467
384.104
407.019
411.066
303.171
294.275
353.679
291.53
283.997
395.481
319.245
394.359
231.195
256.926
435.9
515.502
516.936
423.797
241.198
284.045
286.354
257.338
357.842
346.332
342.038
294.385
288.72
468.758
257.877
155.308
215.212
335.086
565.994
514.492
279.246
643.37
286.452
308.787
238.513
407.052
690.871
702.484
319.432
644.919
487.847
258.108
198.889
348.14
768.633
696.761
509.625
525.63
321.477
280.972
386.646
243.08
418.984
544.101
354.465
710.875
453.099
267.396
240.253
263.404
582.584
737.286
493.039
788.285
416.413
299.694
176.566
303.65
623.933
811.527
463.696
747.132
484.207
216.297
169.019
297.302
591.635
754.078
541.241
773.878
360.102
185.667
244.978
330.254
588.737
807.529
432.336
878.875
753.187
327.39
264.438
248.497
510.891
815.761
820.641
870.927
547.925
254.895
298.185
392.157
354.276
830.229
634.304
743.009
552.93
298.077
369.981
373.086
359.842
703.112
617.127
917.244
670.14
287.993
289.175
237.131
390.867
862.22
744.373
740.347
653.503
333.415
258.627
243.726
443.402
715.436
694.277
612.966
544.329
336.877
374.339
413.198
435.299
598.654
572.603
756.858
613.591
329.497
371.422
314.934
404.705
705.623
685.641
676.911
490.394
243.933
318.321
300.034
365.929
647.001
550.251
439.139
492.085
291.094
207.77
200.487
332.401
423.03
501.092
498.774
482.822
421.281
328.583
296.413
287.521
464.16
507.426
588.475
314.236
391.987
606.9
436.106
523.388
604.905
353.702
624.62
329.349
218.87
378.956
433.238
531.932
638.053
389.243
527.671
368.27
214.037
257.039
351.488
565.126
558.318
387.115
516.795
338.06
365.932
352.003
343.337
477.957
539.78
356.514
801.216
521.736
304.095
237.594
302.757
463.285
785.326
582.68
648.737
329.924
188.598
276.033
231.834
483.397
675.974
382.888
606.062
343.87
215.015
153.525
269.048
578.103
644.477
364.519
723.924
450.426
277.46
313.423
333.367
752.094
781.209
481.124
684.104
346.023
172.552
176.563
263.765
460.355
695.952
413.918
689.535
329.785
286.713
385.296
441.564
556.472
710.667
396.348
912.044
603.292
236.728
179.182
184.491
346.542
873.346
695.582
769.544
537.978
220.272
242.05
154.395
282.445
727.021
620.328
986.155
519.579
194.736
247.676
222.341
312.751
946.429
633.054
832.264
679.837
331.646
173.843
192.25
296.982
773.264
750.036
722.554
598.724
310.446
264.932
246.651
295.292
676.694
649.641
777.58
541.4
348.196
480.059
465.098
336.556
740.87
619.086
848.946
672.997
293.697
210.786
228.907
419.758
794.367
746.419
751.209
645.536
283.732
260.808
235.573
402.99
698.852
700.164
558.89
467.406
206.389
204.929
212.027
319.091
525.437
511.349
454.946
397.951
329.336
386.181
281.386
246.342
430.334
413.238
560.045
321.819
331.731
313.288
546.334
732.676
613.445
344.606
637.276
361.4
431.139
456.274
445.682
472.119
647.788
403.385
577.143
325.647
218.381
340.323
370.218
426.363
581
381.139
459.538
236.033
204.299
283.242
318.624
478.267
492.022
267.645
786.221
383.523
198.419
178.187
254.175
621.269
829.936
443.812
797.061
338.366
172.723
262.258
347.227
632.32
837.813
413.612
633.76
303.949
276.427
333.743
425.599
659.705
681.185
337.73
773.957
338.759
313.451
312.939
314.744
538.316
789.471
411.254
766.674
367.485
276.213
414.131
452.499
597.639
804.595
431.211
585.467
395.667
202.787
216.852
336.519
582.699
631.047
437.208
838.128
589.069
292.282
197.516
213.748
366.163
802.654
667.826
840.398
540.917
234.716
248.897
290.999
343.622
794.664
621.059
729.682
491.809
299.265
262.007
274.731
382.134
695.075
562.594
780.814
568.284
243.374
163.587
166.278
331.985
741.563
644.838
721.91
520.56
302.037
306.951
269.537
358.361
698.271
573.806
821.263
689.516
319.177
289.115
182.935
385.186
769.196
760.326
897.149
625.151
205.322
141.113
174.35
391.901
858.479
714.851
878.856
490.306
193.954
270.62
182.557
345.305
849.639
587.254
634.718
443.249
170.861
169.658
172.374
302.697
603.471
509.151
488.654
399.594
235.282
343.339
290.176
289.999
463.912
434.936
503.469
359.988
386.014
499.405
356.384
433.023
530.082
362.892
478.734
250.159
374.119
693.563
441.466
404.513
495.967
282.445
811.957
439.414
245.444
231.91
248.393
581.104
837.833
502.225
642.013
323.935
243.383
244.833
383.408
585.004
673.249
358.606
592.711
358.253
283.571
378.082
318.768
530.64
626.359
372.878
499.36
272.171
178.13
225.302
258.636
444.082
524.41
298.664
662.335
451.059
249.583
238.464
306.887
445.992
658.935
512.221
835.515
405.162
186.189
187.133
355.02
573.66
847.349
492.396
546.295
293.807
224.33
312.112
294.492
386.263
550.481
341.183
606.519
386.399
272.855
244.735
313.631
442.805
604.972
432.838
912.435
607.023
334.211
474.219
331.685
427.635
864.04
693.218
771.469
533.034
286.986
375.839
304.646
358.102
732.531
614.488
728.608
482.107
158.44
192.877
176.509
265.685
689.338
561.822
717.222
506.037
326.326
302.063
276.793
327.401
689.837
569.051
507.315
465.66
272.85
215.351
189.236
276.774
477.945
493.077
747.449
395.014
219.018
301.452
254.92
392.641
745.407
472.988
766.896
462.153
233.408
165.851
229.997
310.383
741.179
539.275
685.189
442.32
226.074
233.146
216.304
270.373
656.523
512.938
620.896
387.332
172.294
254.919
259.615
302.471
604.12
450.784
567.483
330.735
266.821
359.731
257.631
280.148
544.224
386.599
842.672
386.888
159.16
208.707
283.663
623.598
877.533
470.356
470.217
330.153
248.57
197.187
187.488
381.038
486.163
344.158
386.145
228.169
196.712
280.215
310.714
346.028
400.933
253.149
576.631
339.817
318.409
485.218
269.492
369.776
580.664
386.484
444.926
304.174
250.183
306.694
237.928
264.513
437.925
336.961
548.019
265.222
200.399
268.496
277.719
403.87
557.401
314.18
692.917
406.771
237.519
198.716
268.733
553.487
712.076
452.265
779.976
335.638
175.515
209.153
268.852
537.255
805.177
418.067
551.905
527.887
308.211
275.98
352.212
568.365
585.664
553.168
808.083
320.131
205.325
382.941
343.9
679.571
856.503
383.436
792.836
577.662
310.157
387.755
298.207
399.357
756.283
653.119
879.07
623.237
352.528
545.497
375.517
367.135
827.81
698.748
960.096
599.035
270.16
405.166
301.117
371.244
917.419
703.577
756.514
527.145
236.612
309.503
207.342
298.512
722.1
598.221
679.284
496.665
243.317
382.047
330.585
300.078
642.493
564.083
494.88
295.252
227.594
310.289
286.423
249.35
485.656
341.615
678.833
490.107
193.514
175.95
172.013
283.802
642.172
555
729.265
475.19
186.588
271.865
256.917
340.592
708.164
546.824
671.154
383.924
179.879
192.653
125.967
259.199
648.341
452.771
556
411.369
312.213
308.846
226.741
276.884
536.979
441.296
398.25
274.699
290.709
245.571
210.293
294.17
402.366
287.602
489.765
260.897
191.403
336.394
276.192
465.131
518.638
288.43
606.476
308.198
220.858
181.602
277.718
438.229
616.866
360.65
503.263
313.14
223.508
303.854
239.065
345.686
505.998
354.59
588.928
310.388
330.122
401.451
285.73
435.798
610.361
349.441
744.835
305.704
291.461
357.096
322.998
617.876
789.665
366.106
739.397
347.558
131.309
114.477
248.677
543.964
758.312
419.965
727.233
403.816
203.662
281.297
323.097
477.135
735.002
470.241
528.231
521.629
224.204
180.386
237.731
484.128
547.125
547.043
585.61
449.521
271.134
260.335
407.798
525.498
589.821
473.727
901.247
786.659
366.661
190.01
160.298
348.609
830.548
863.015
843.635
760.89
367.398
167.966
251.108
431.376
785.466
809.188
732.201
718.18
368.387
263.017
329.762
348.876
667.145
775.302
733.104
652.892
273.901
342.461
344.147
372.141
680.015
704.28
630.914
495.718
275.173
259.112
215.35
236.458
586.907
539.415
486.97
415.08
212.546
251.017
238.937
204.892
450.808
452.608
591.391
441.209
197.232
169.281
139.586
235.822
561.81
496.199
888.395
414.394
174.084
220.435
180.348
318.103
864.831
522.881
489.415
386.549
264.773
260.483
189.942
212.556
465.232
422.001
459.077
292.001
211.213
169.894
224.202
378.062
476.354
312.295
789.932
351.158
236.688
186.495
256.274
546.301
809.178
415.633
639.968
334.22
244.972
413.023
329.934
436.294
644.385
395.503
598.161
464.205
292.119
247.05
244.606
392.788
592.984
486.774
458.219
237.093
238.6
435.502
274.08
358.234
476.68
272.07
657.323
411.852
216.296
339.296
360.837
656.847
690.887
453.16
349.325
231.967
289.942
348.508
296.665
311.433
361.384
244.273
536.711
333.11
221.006
241.521
220.082
327.399
529.164
384.574
590.825
303.306
237.077
242.043
253.397
383.294
593.8
355.86
774.175
373.301
348.104
353.73
493.909
706.489
820.928
432.954
621.807
392.547
241.653
232.7
402.019
779.381
687.705
406.369
650.106
583.993
355.782
419.448
256.838
269.068
602.317
623.351
736.573
579.665
282.068
182.927
185.54
226.267
675.549
639.335
565.216
533.496
267.235
367.69
260.948
395.371
522.674
581.215
472.321
421.974
326.173
371.058
279.439
259.9
441.286
454.555
431.529
371.851
266.889
271.109
199.521
266.188
402.948
401.677
536.294
476.639
248.478
325.596
282.6
227.152
494.8
520.203
625.027
471.758
264.946
302.105
227.832
249.876
589.256
529.482
894.769
415.998
271.897
259.894
189.688
373.231
873.162
520.489
387.69
237.74
218.227
326.801
177.022
238.47
388.409
268.761
829.508
409.502
193.067
188.83
158.253
503.363
851.641
477.424
781.608
403.534
225.817
135.31
274.89
613.049
808.025
463.452
518.684
309.342
240.807
398.256
232.649
355.004
541.736
336.914
523.903
367.829
374.39
438.694
407.988
482.456
541.889
373.871
520.104
221.778
273.247
471.326
467.047
512.95
549.091
267.282
624.707
401.389
265.128
436.078
319.672
393.466
621.247
454.946
487.583
355.709
338.156
418.281
356.619
356.344
480.151
385.005
598.114
462.236
349.078
266.063
325.77
647.784
649.845
464.769
690.798
364.463
237.304
304.932
320.249
613.866
732.783
418.743
708.868
442.932
431.859
600.115
487.027
721.212
746.678
466.907
858.823
771.969
255.726
228.82
282.082
724.369
864.963
842.399
721.223
596.117
282.862
336.951
301.774
275.739
667.828
647.087
623.552
648.624
337.854
294.39
291.939
369.561
575.625
678.354
415.144
512.532
385.449
240.486
359.387
361.426
393.358
499.845
394.651
371.024
335.861
546.801
383.397
397.458
405.589
378.668
446.266
264.566
174.349
349.372
479.76
524.227
471.566
307.626
431.607
389.717
259.492
227.974
269.094
253.281
413.388
407.311
692.979
569.976
270.16
238.861
189.276
260.389
649.091
618.133
781.545
466.578
288.272
436.592
255.611
335.317
756.899
540.05
686.425
392.138
239.446
330.916
321.326
628.327
718.101
427.066
861.219
356.492
234.689
283.584
386.615
686.193
886.907
431.899
676.327
308.346
223.323
323.751
323.372
534.891
704.016
371.703
279.724
227.802
192.103
330.72
300.056
248.25
280.607
242.603
467.324
297.223
505.925
588.242
479.712
393.126
480.515
314.179
405.736
229.095
391.652
533.522
342.873
310.94
415.972
255.956
535.339
325.956
411.442
500.911
384.651
359.478
527.547
361.74
555.492
327.843
321.032
558.229
501.025
324.858
536.868
390.541
359.261
262.166
367.132
606.638
456.85
323.271
363.087
269.015
399.915
346.421
433.493
593.339
386.728
405.251
427.877
350.298
300.137
362.818
397.214
370.391
368.479
353.27
311.304
333.04
438.589
296.673
300.992
368.272
449.643
553.548
475.168
316.113
679.329
492.047
309.181
354.198
314.017
323.723
633.876
546.794
698.96
677.415
342.305
287.299
293.545
366.567
648.533
709.61
589.524
546.156
393.023
379.772
395.424
317.415
555.985
578.867
378.542
471.474
388.634
296.178
346.128
211.121
334.923
471.753
321.148
313.523
251.876
383.469
267.72
283.653
302.933
330.572
570.805
437.99
221.71
224.916
227.7
255.076
542.072
487.032
630.741
505.529
191.532
160.255
157.363
250.525
586.699
567.931
1049.71
488.389
159.844
207.968
132.677
382.362
1032.84
612.146
802.641
493.464
305.98
257.776
297.313
713.641
844.893
511.726
764.596
357.539
256.565
332.281
392.324
603.963
789.12
422.245
842.671
374.158
173.934
203.001
319.394
607.567
870.131
461.6
803.418
380.812
239.454
304.633
322.506
542.935
820.311
466.215
572.001
371.449
251.439
328.974
306.534
510.678
597.451
398.372
596.232
339.209
349.723
444.585
353.749
484.295
604.193
378.172
717.164
372.407
280.271
272.561
347.847
640.654
759.787
412.81
481.169
315.552
301.946
397.575
473.693
532.57
510.318
332.082
555.644
369.877
248.825
290.74
345.702
501.643
577.169
401.658
652.02
622.517
355.364
368.54
448.846
636.939
634.242
654.883
817.01
412.154
288.624
447.731
460.012
732.987
870.904
472.512
550.444
363.188
264.683
532.362
399.792
405.496
548.283
402.871
352.339
406.719
295.694
218.499
173.093
260.879
347.886
410.396
408.409
495.844
369.559
275.766
261.985
234.095
377.503
499.679
627.604
634.444
387.059
251.005
257.351
269.935
573.349
673.647
585.235
431.154
370.716
361.836
268.587
263.453
570.392
446.96
290.567
376.013
482.127
506.206
535.252
269.953
273.334
364.554
428.249
390.608
262.381
426.819
351.354
230.043
397.17
417.991
604.976
513.093
253.229
337.822
265.361
416.043
568.82
565.117
697.215
384.806
210.795
194.474
224.323
380.101
693.879
453.581
840.155
414.905
273.034
327.036
317.736
616.732
868.279
487.712
924.202
438.086
305.282
293.534
454.425
712.75
958.443
513.446
992.396
413.104
173.675
175.116
313.931
756.994
1036.78
509.013
658.691
327.456
241.328
289.861
454.118
662.382
695.747
365.063
832.974
522.447
404.184
331.566
327.001
542.31
834.655
574.999
502.946
337.528
310.618
560.461
428.871
526.373
536.448
359.719
721.586
369.202
263.123
377.27
369.307
563.017
749.142
429.194
370.347
273.413
285.944
364.336
379.851
404.835
387.943
276.042
507.94
316.131
227.902
266.323
350.264
517.009
523.89
350.046
528.338
374.309
227.117
391.779
429.401
579.453
568.919
390.563
366.763
274.333
243.367
379.338
342.018
298.164
370.084
282.931
401.145
293.712
397.443
477.466
445.814
438.512
417.095
310.227
514.183
544.462
322.027
174.571
133.773
258.862
471.199
563.486
491.784
481.433
281.157
377.014
275.744
218.911
446.688
516.838
493.213
617.637
385.934
233.223
274.449
354.75
447.443
625.982
464.599
601.642
379.571
405.187
250.883
379.243
441.121
603.388
474.461
462.267
509.043
417.964
258.702
305.484
458.21
450.531
303.113
353.7
459.256
406.142
232.403
165.583
279.708
343.425
274.172
287.826
401.191
367.696
527.717
342.869
266.731
286.041
780.412
358.52
369.091
587.574
461.234
533.654
805.716
417.23
702.026
376.956
334.954
540.734
459.301
550.569
732.349
426.317
847.129
390.58
361.231
433.325
443.273
740.018
903.692
460.909
932.056
483.306
246.953
147.909
310.663
737.676
966.724
541.087
478.051
328.177
268.407
360.142
302.056
463.276
502.821
355.59
632.526
355.841
280.105
385.133
361.482
527.401
651.706
399.269
558.853
275.669
241.657
377.744
512.976
645.181
604.972
306.244
426.987
260.007
370.99
479.274
348.469
439.688
457.511
271.128
339.199
317.935
449.024
744.028
691.876
445.866
353.925
307.948
458.116
256.596
412.984
624.397
377.53
378.179
476.539
282.799
348.163
305.135
468.126
790.788
517.911
312.696
329.149
321.601
213.241
216.729
445.104
871.08
611.004
258.816
211.638
215.944
383.378
335.764
455.949
725.494
529.04
383.225
381.773
328.171
