250.37
220.847
138.945
165.547
118.683
141.306
237.211
237.302
458.904
556.358
290.733
81.1024
118.39
211.277
407.866
580.922
390.435
490.763
338.838
183.684
219.714
294.618
368.449
486.175
511.555
639.16
443.022
286.126
269.31
272.072
451.694
650.921
286.703
259.219
241.157
218.962
175.96
226.022
276.621
261.471
362.161
344.004
298.679
244.795
157.074
162.472
344.864
351.163
304.779
256.006
190.772
314.322
249.418
262.785
312.191
273.352
325.912
364.129
441.533
400.108
251.005
316.304
325.738
354.416
208.161
193.263
264.107
307.776
222.094
200.116
210.568
187.445
526.436
377.607
259.722
313.276
147.676
189.552
506.002
413.036
233.02
261.127
501.167
593.893
332.879
180.213
221.374
243.672
138.02
193.243
487.944
684.262
343.608
106.868
135.118
171.048
254.673
260.055
289.998
383.825
210.342
183.984
242.767
262.6
519.002
274.718
202.823
395.896
306.088
344.887
528.85
317.817
164.29
205.83
387.815
608.342
353.434
172.6
167.491
189.473
159.717
149.929
377.344
601.158
424.138
290.498
173.656
138.036
280.73
209.634
280.946
469.437
568.613
348.499
295.902
212.498
355.27
205.406
259.445
275.895
452.858
476.013
384.534
209.467
347.202
232.4
254.394
492.126
580.148
448.51
357.848
254.167
205.053
187.103
232.213
371.22
462.394
390.482
222.227
187.144
217.13
261.218
201.442
129.022
128.843
166.759
209.285
263.044
385.666
509.189
304.288
212.056
215.23
254.514
367.181
516.596
423.397
638.2
511.004
178.356
299.638
343.023
379.727
616.675
397.097
477.196
340.376
201.249
248.556
343.261
373.152
477.232
390.023
503.764
422.39
309.704
253.986
283.07
365.434
502.344
310.999
432.048
470.418
341.152
192.348
285.78
298.659
407.836
431.389
330.762
261.996
214.243
194.439
248.549
420.502
358.937
340.916
308.535
403.406
383.029
301.846
245.853
341.045
295.302
478.008
392.41
440.972
437.529
206.852
292.52
482.968
393.592
177.007
175.883
216.509
324.228
204.511
129.798
181.874
171.39
208.203
232.295
407.172
619.072
358.392
243.258
208.188
220.635
256.515
298.669
475.482
697.595
380.306
192.911
237.734
301.393
246.055
192.657
254.116
440.798
372.282
277.472
258.947
199.567
144.903
124.873
209.831
464.001
406.822
231.995
158.263
122.802
290.235
218.451
209.412
378.971
446.483
246.633
287.438
237.28
315.3
205.018
329.917
490.001
601.061
493.661
347.343
206.943
380.484
349.906
291.457
389.948
591.368
532.434
384.093
374.497
305.48
281.556
323.825
320.748
542.939
623.348
345.034
256.418
394.445
271.539
281.855
368.021
462.227
541.835
425.064
291.91
295.431
191.409
295.836
467.014
626.871
556.186
335.502
184.24
277.372
260.621
175.823
184.941
174.089
196.437
274.875
265.17
548.435
626.294
319.716
172.676
182.321
291.332
499.184
661.36
430.806
620.295
423.752
199.448
150.251
294.899
389.184
615.531
423.097
530.691
387.148
164.654
149.84
190.384
381.373
529.926
355.598
452.945
373.354
197.575
176.458
155.204
321.889
447.707
358.084
451.549
394.806
354.151
301.398
251.787
326.106
455.674
310.402
455.328
419.15
411.781
260.926
198.158
272.457
444.678
404.279
553.344
424.867
223.01
271.492
268.527
354.745
542.644
444.508
472.957
441.033
336.997
245.45
275.443
436.542
467.436
257.259
296.216
248.561
240.059
174.452
184.483
257.714
291.967
185.842
214.921
406.85
533.887
277.9
195.308
194.081
193.364
288.493
226.827
297.258
600.627
400.055
210.775
279.276
243.924
125.735
124.774
268.353
621.165
447.081
169.424
123.87
122.764
328.571
318.748
436.753
524.269
278.812
276.873
323.14
298.391
291.197
264.661
237.372
232.931
358.652
361.161
288.945
271.564
388.783
224.843
340.077
395.577
551.507
547.938
429.862
239.689
396.778
221.861
218.925
444.735
565.616
595.162
440.524
239.429
405.583
296.372
206.34
342.762
541.573
613.786
451.508
314.741
392.693
337.586
430.31
479.395
697.102
710.439
442.502
343.903
478.955
304.974
236.4
336.436
439.981
631.562
529.747
313.779
275.368
432.467
230.912
129.689
150.901
316.108
265.756
415.659
422.382
569.75
398.842
175.619
267.618
304.099
406.444
567.122
362.832
400.036
341.476
280.82
245.317
164.158
332.556
403.257
421.887
518.971
369.502
222.917
222.585
291.592
385.482
526.313
419.4
430.898
329.715
274.184
201.091
190.75
387.981
444.063
315.87
517.731
467.774
295.292
238.087
219.427
277.679
496.809
383.374
484.809
434.096
228.477
227.072
222.03
344.917
479.372
257.603
196.593
289.877
352.568
282.801
172.652
250.072
206.387
437.268
344.896
205.768
234.055
217.028
298.574
419.484
374.666
257.598
226.794
219.243
338.398
271.69
296.262
251.243
245.121
320.362
271.488
187.6
168.326
134.323
191.341
309.809
290.08
197.862
171.161
229.484
468.203
310.346
157.203
189.697
178.616
259.1
300.608
330.421
470.113
405.948
191.043
237.853
304.064
159.615
212.541
228.558
371.56
380.393
219.238
158.032
199.838
232.885
189.263
259.251
446.451
518.907
332.358
242.678
193.821
260.937
180.027
211.326
433.264
486.95
423.27
286.955
176.764
338.293
211.491
241.058
313.454
383.288
465.033
375.756
219.229
306.05
205.023
185.225
330.3
406.366
343.325
325.399
224.813
256.906
218.093
297.155
404.391
547.353
467.816
279.322
207.506
287.884
275.644
263.169
215.067
369.592
426.065
291.847
273.977
382.462
581.958
319.786
171.564
145.899
278.664
347.547
575.723
372.341
459.765
277.716
169.339
182.904
291.937
341.09
468.964
280.677
315.267
243.309
337.407
236.006
264.129
270.689
326.133
594.701
636.01
342.912
156.793
170.733
254.747
541.001
659.889
432.176
592.619
394.76
231.739
145.547
319.7
391.965
592.283
454.226
644.026
450.645
253.849
223.82
357.258
409.886
637.229
300.143
447.779
439.393
262.617
165.55
228.058
288.854
417.852
295.571
269.815
191.877
254.808
196.446
151.09
277.521
285.923
333.329
369.135
342.331
259.824
278.213
284.899
316.987
355.365
256.399
236.648
342.798
403.312
360.501
257.441
261.299
245.622
233.301
189.443
285.986
382.314
186.65
111.293
220.915
195.786
195.105
187.342
175.014
326.107
232.935
164.576
188.995
194.987
186.489
205.839
295.978
405.427
449.944
352.878
201.395
197.065
267.42
167.96
216.965
601.362
664.617
492.154
300.371
174.395
235.552
189.741
263.128
278.546
280.588
325.922
248.65
189.972
346.46
265.501
236.58
410.724
603.919
582.755
369.61
285.237
336.847
210.768
230.717
258.892
229.906
305.312
349.704
221.513
185.01
228.313
350.04
344.16
296.232
306.293
194.443
202.556
340.511
265.668
323.352
337.149
428.023
547.362
376.559
272.046
451.197
300.26
225.138
343.245
350.55
390.767
450.75
328.24
300.132
526.724
311.81
204.051
155.794
235.761
262.984
510.904
452.356
509.142
217.781
174.844
123.111
216.328
404.301
544.923
446.11
553.499
295.025
146.349
132.08
229.53
397.398
562.893
559.551
650.705
438.729
259.047
202.715
240.229
505.404
662.645
465.147
566.157
385.313
241.049
207.893
210.662
416.691
576.168
499.92
665.228
370.102
149.335
174.614
322.474
443.844
669.555
427.949
540.57
314.896
130.463
139.598
247.924
380.962
549.276
345.112
204.51
119.319
191.01
119.402
215.552
348.87
232.385
265.566
297.602
219.15
198.762
180.221
134.239
236.528
310.205
384.315
259.977
361.185
468.624
283.016
389.128
403.259
268.667
204.474
284.024
373.181
394.717
201.765
145.334
194.498
273.064
110.229
139.673
301.058
588.549
391.448
170.714
113.803
122.684
174.414
295.191
337.553
321.18
329.681
296.836
180.309
276.357
320.807
188.279
197.462
305.824
376.492
378.568
339.177
201.079
395.073
220.569
243.995
237.863
330.351
432.171
423.669
244.856
596.85
331.595
170.863
206.981
336.732
609.146
644.159
371.138
578.203
389.228
226.456
315.697
428.76
714.412
632.417
414.403
414.678
322.986
257.904
365.624
333.971
451.878
435.934
334.487
478.801
324.813
285.23
300.93
232.742
328.861
493.202
344.208
344.96
254.036
247.045
321.579
363.991
467.42
373.562
257.975
328.149
374.95
247.306
221.312
150.737
262.232
329.122
385.063
496.774
447.168
321.217
193.552
181.25
217.409
466.957
470.726
440.2
510.625
385.968
214.066
172.454
231.787
404.143
523.035
460.352
612.566
486.589
216.859
186.527
246.686
410.415
607.979
458.429
514.729
400.844
284.483
208.951
202.678
412.715
528.366
586.698
691.03
424.584
193.307
194.64
323.57
526.472
706.304
444.613
425.899
261.51
234.675
193.316
263.517
414.339
448.112
147.606
178.491
297.845
268.257
170.425
145.936
139.144
169.456
446.33
459.94
298.465
278.185
212.3
234.627
409.472
476.23
215.482
416.194
427.632
240.262
179.077
208.009
190.828
380.786
205.105
198.016
292.412
272.092
201.763
122.624
197.161
193.771
362.829
292.926
244.989
371.995
338.125
206.835
347.579
317.434
340.82
307.131
248.633
300.721
444.903
410.857
356.863
312.733
300.491
266.293
256.737
299.827
403.901
396.34
324.309
271.417
439.6
333.195
265.823
311.027
399.054
627.056
490.472
347.85
426.452
361.251
265.16
258.499
370.378
549.317
462.474
370.995
456.928
312.351
146.321
206.511
283.503
503.268
491.505
324.116
345.997
267.569
218.974
251.945
397.939
420.544
372.363
276.126
607.342
259.879
254.251
364.948
409.193
515.37
624.274
316.439
363.221
210.196
292.894
306.216
275.489
332.283
373.647
229.746
376.704
457.69
306.892
125.095
151.207
198.688
341.303
467.569
467.221
436.274
388.066
312.504
227.733
235.149
441.946
441.882
469.02
395.014
232.861
200.817
135.632
206.006
438.943
433.928
406.927
396.232
373.354
360.212
238.154
190.649
379.647
408.9
306.601
356.63
341.305
400.813
211.057
251.694
291.129
359.486
423.902
500.213
291.478
250.847
189.962
252.101
382.664
519.064
459.573
617.444
407.533
254.789
173.284
304.671
411.263
615.833
456.713
355.587
163.255
149.059
140.121
162.51
417.068
400.724
354.338
346.507
324.773
236.499
176.233
158.362
335.237
354.058
221.648
235.452
262.234
207.425
188.333
190.605
207.427
240.087
490.986
362.184
183.52
209.328
251.23
242.497
466.985
406.998
349.825
234.732
219.219
300.898
269.748
278.839
354.244
260.478
293.454
212.173
280.239
521.192
559.151
338.792
290.04
226.389
314.546
195.667
191.717
248.256
310.757
391.693
337.993
213.153
366.54
253.933
282.137
241.689
396.692
475.834
394.025
249.692
364.145
182.459
198.823
267.531
262.367
365.871
385.311
209.156
375.38
316.887
232.469
242.475
232.738
429.341
405.281
319.154
490.35
296.202
213.947
333.008
401.801
456.01
503.058
328.963
484.233
297.66
197.792
300.246
322.036
470.889
509.373
314.004
711.253
295.985
164.29
228.299
397.918
681.505
764.245
357.301
224.987
348.441
311.11
291.094
188.624
177.127
201.514
339.676
300.091
376.102
285.332
236.968
198.508
203.133
272.511
378.518
346.564
452.976
370.548
248.599
203.621
179.173
308.808
449.234
366.96
469.305
352.749
343.402
196.813
181.758
331.107
472.239
596.504
611.73
327.409
242.555
172.634
267.737
543.172
640.585
680.575
620.647
291.457
130.641
153.992
257.172
620.309
672.217
537.675
482.14
270.911
196.832
136.789
254.6
502.039
519.133
454.142
276.34
156.024
198.823
163.874
266.023
449.811
319.197
615.374
411.254
134.653
182.841
139.943
273.528
592.991
474.332
406.858
335.659
366.986
362.242
218.177
215.715
390.844
352.705
369.474
306.843
227.813
221.463
279.197
254.858
362.963
324.835
607.217
367.708
269.139
423.678
274.925
427.165
618.095
406.281
492.836
232.587
165.079
192.072
277.338
460.679
529.417
270.442
490.345
207.823
140.441
195.441
301.778
434.985
517.996
252.049
446.319
306.662
304.726
471.146
336.072
312.765
437.088
338.402
476.535
290.862
187.914
329.221
387.499
531.861
511.357
307.467
314.382
295.757
244.07
260.191
235.342
309.893
328.502
294.395
234.501
228.374
342.336
408.847
278.978
226.812
243.542
216.544
473.09
309.484
258.257
267.024
276.782
405.092
485.703
332.608
294.538
229.208
293.714
299.189
330.894
329.009
308.764
227.598
284.777
273.454
223.535
218.439
160.766
188.964
265.529
281.144
384.079
475.907
292.176
203.637
200.726
219.322
346.371
482.188
417.117
482.554
364.664
263.024
166.333
277.606
406.987
488.141
573.613
611.906
302.193
191.377
160.265
337.606
526.077
636.813
581.813
657.986
446.1
222.817
205.052
269.211
526.499
671.073
609.457
557.602
260.702
142.308
169.075
297.012
560.095
596.202
395.063
438.258
302.184
194.175
156.912
175.639
365.053
449.269
545.449
269.377
130.516
199.475
111.825
208.085
537.736
321.707
652.863
317.261
242.614
331.458
214.339
247.359
641.084
383.796
225.736
154.15
235.311
318.095
207.529
213.598
238.084
158.521
594.602
480.264
267.785
329.741
258.78
357.584
581.506
512.532
414.336
246.86
225.721
243.933
333.256
433.409
430.406
263.884
410.773
235.66
297.333
269.847
354.395
466.078
447.249
248.191
725.72
359.626
158.144
158.62
266.288
450.656
735.358
434.154
358.882
180.954
140.236
143.747
181.042
269.397
365.038
210.884
464.749
341.842
307.6
327.419
291.012
458.79
492.545
339.369
372.004
226.602
126.444
214.442
252.152
287.473
370.082
262.71
407.796
289.304
310.433
465.247
399.001
472.758
431.854
299.07
324.959
215.248
284.169
349.501
270.394
267.206
333.442
227.289
296.097
211.198
200.052
321.537
227.57
304.389
317.74
218.122
580.858
609.315
313.827
168.095
126.366
221.189
524.689
636.972
592.135
557.681
334.204
244.744
205.264
242.232
548.409
593.535
584.967
543.047
250.221
168.358
141.42
196.23
526.316
594.534
650.719
629.134
329.871
142.189
131.154
256.185
599.302
664.282
603.5
668.92
398.068
181.355
185.645
269.607
541.507
702.759
657.88
596.186
286.868
132.957
155.367
325.314
615.116
634.605
427.055
411.464
225.738
315.68
189.72
191.232
382.192
448.2
474.787
309.788
141.716
152.64
124.512
247.992
461.447
356.51
377.782
193.631
194.1
365.429
234.157
262.076
383.928
219.892
289.393
248.066
175.507
175.424
199.078
362.807
313.456
254.509
588.355
402.778
387.344
438.819
271.211
335.082
585.407
451.175
487.191
226.4
174.765
404.617
316.641
292.1
491.077
277.893
396.836
280.93
335.123
424.2
333.763
394.083
408.598
288.001
640.593
385.532
164.169
190.337
176.461
318.219
630.359
449.69
622.326
288.046
185.131
227.197
164.021
309.81
622.036
353.548
467.498
354.318
236.361
469.919
357.512
319.937
439.347
403.79
769.927
434.535
260.02
169.983
139.144
301.848
741.687
508.254
580.48
307.013
264.329
209.013
215.337
353.911
589.357
351.334
396.471
291.787
173.644
260.632
261.585
447.793
427.231
315.427
390.263
229.389
231.446
182.254
230.394
378.513
408.877
244.71
293.135
374.665
344.858
326.323
267.582
333.078
292.403
365.478
510.547
639.634
357.265
170.103
145.76
295.308
457.677
650.111
627.208
638.327
339.84
185.123
172.376
287.73
571.923
678.901
707
730.764
378.311
203.857
191.59
310.83
639.333
764.754
560.579
694.569
477.954
209.723
195.692
279.733
504.816
700.625
510.021
500.494
279.283
168.16
154.718
222.323
470.549
527.765
539.397
357.61
159.486
173.256
135.652
197.223
506.843
415.108
561.156
284.342
157.893
204.984
159.886
268.83
551.038
343.174
156.04
204.622
347.817
286.888
330.799
251.378
164.239
181.51
374.925
264.645
374.86
365.163
308.144
368.517
397.943
254.611
549.874
495.085
244.287
227.298
174.511
292.406
506.962
537.244
524.963
390.702
321.707
341.424
421.818
431.103
513.336
407.811
539.996
552.285
317.464
220.531
368.246
320.488
494.68
593.243
839.857
548.819
173.276
120.34
139.324
375.657
806.256
639.128
504.387
395.838
280.081
257.042
259.641
239.64
476.023
431.808
554.487
293.245
220.387
296.509
264.276
374.043
557.63
346.824
639.29
301.5
174.898
257.24
227.517
416.931
654.403
365.776
602.678
314.463
212.54
179.015
212.806
426.753
622.343
348.87
738.526
334.366
143.7
277.382
240.676
493.485
761.804
410.966
537.487
260.969
195.652
303.877
279.167
383.618
549.623
315.047
383.564
587.682
429.163
254.861
212.641
259.964
341.123
575.349
558.806
592.762
435.733
287.908
221.821
309.921
519.103
611.796
619.982
676.946
383.573
314.82
292.98
303.701
563.124
698.417
374.218
640.646
427.166
179.873
175.08
321.802
336.921
615.141
471.082
627.794
541.586
353.296
295.803
313.768
431.112
621.361
570.108
464.71
302.368
358.04
258.417
236.88
534.521
496.641
361.096
443.078
363.935
314.507
286.577
460.36
376.195
441.137
314.322
284.538
232.489
225.042
370.314
454.198
343.257
295.062
199.828
204.232
224.573
299.636
328.825
220.098
192.896
206.002
317.969
184.912
177.696
285.01
342.559
367.634
340.178
199.046
501.081
426.835
335.126
554.041
292.141
251.763
476.885
459.028
389.887
379.724
356.195
331.633
337.74
348.017
409.036
389.846
428.521
490.167
265.624
198.604
207.98
238.612
385.945
506.208
457.861
418.813
223.19
124.11
110.455
249.531
438.964
437.216
501.522
304.111
173.495
162.993
147.996
198.742
474.035
348.495
377.4
332.714
282.226
315.579
338.886
472.671
396.343
331.336
392.185
307.015
161.028
262.249
275.648
321.506
388.208
343.167
482.23
250.346
189.607
309.576
217.665
199.757
472.486
300.381
414.77
234.955
144.305
160.544
204.911
330.943
431.617
259.908
314.659
212.747
205.394
385.512
367.823
265.36
310.688
235.793
370.422
585.411
475.176
237.369
233.38
276.847
325.118
565.241
244.163
449.886
526.117
345.016
247.561
225.502
223.183
408.457
397.018
350.561
343.394
376.53
219.928
150.114
373.424
366.558
353.319
455.353
505.992
533.543
245.168
316.297
357.92
436.237
276.848
419.093
509.47
349.918
295.157
250.279
274.367
398.653
110.544
156.352
368.824
647.066
418.894
149.98
111.55
136.591
327.271
204.134
263.492
338.614
390.787
232.94
318.207
222.049
304.297
180.619
166.337
250.633
267.935
209.578
305.767
208.003
291.45
256.567
286.334
422.867
379.724
335.689
313.458
261.076
229.066
150.78
222.339
350.273
322.848
170.962
234.195
157.337
219.616
267.517
263.877
251.658
215.9
256.605
217.195
264.51
225.204
282.782
369.261
296.211
188.453
105.106
208.843
265.524
363.055
579.382
419.099
250.525
224.752
295.563
326.912
562.834
275.365
188.15
230.053
239.535
197.374
162.577
278.214
193.469
236.285
314.701
305.892
236.13
222.707
182.052
227.111
303.473
404.014
272.794
200.741
300.205
252.1
325.694
402.651
301.832
792.758
321.845
173.453
200.039
164.97
337.813
792.927
414.443
490.548
244.381
210.993
318.804
253.914
230.135
480.754
295.054
439.988
306.509
193.023
455.501
437.76
465.251
468.599
329.597
465.95
305.309
171.004
139.745
288.585
462.974
492.778
318.411
563.038
560.888
332.002
229.763
238.15
293.532
513.88
592.935
316.82
314.064
382.242
370.487
206.677
204.029
307.62
315.309
327.344
394.311
514.362
368.946
243.315
243.212
336.716
365.054
229.429
257.7
454.456
614.317
329.473
170.151
229.42
246.322
214.297
277.025
289.399
340.981
221.785
211.78
203.193
264.733
193.17
226.985
215.927
371.302
275.054
171.382
193.243
221.611
151.021
195.597
259.006
397.766
273.703
164.942
143.383
185.909
273.832
125.476
178.786
250.095
297.094
155.136
273.073
150.158
325.169
144.531
288.989
474.721
472.681
261.897
334.041
162.494
240.24
218.523
275.066
579.419
466.055
262.536
227.952
229.767
191.617
194.831
253.99
379.016
264.96
204.611
200.534
187.068
160.792
190.046
388.471
395.003
346.8
217.423
168.614
163.081
344.01
272.858
213.352
280.308
307.618
233.059
333.864
290.398
353.829
261.608
126.558
184.625
243.049
271.994
347.085
288.171
414.169
377.461
348.428
343.541
182.974
247.748
384.778
400.931
547.163
330.691
210.349
155.433
216.506
334.302
540.109
380.004
567.924
356.992
230.291
245.997
232.718
214.919
540.243
411.308
568.174
269.917
183.133
258.775
236.223
349.319
577.509
322.423
501.841
252.174
277.816
241.883
229.903
386.452
525.058
278.931
707.968
368.83
191.682
227.474
270.107
470.144
731.338
422.728
248.144
221.215
313.906
329.997
166.108
157.24
240.397
222.809
201.571
222.905
264.609
275.142
203.517
234.241
200.997
223.385
358.802
233.794
197.871
260.421
208.144
262.608
359.952
249.94
214.56
158.86
186.999
407.6
233.975
224.328
227.214
166.019
301.627
218.594
175.905
304.695
269.103
246.632
293.172
241.672
131.869
158.864
251.472
403.738
328.197
144.532
125.761
153.678
244.352
237.685
194.204
379.872
334.924
215.167
236.309
241.758
286.232
250.84
204.439
468.664
467.193
258.202
279.65
263.268
354.067
259.262
195.119
346.571
285.301
194.606
341.637
281.551
301.154
292.163
322.161
458.413
226.823
191.128
284.353
295.643
169.103
181.767
348.121
589.114
356.262
125.091
160.915
182.048
314.15
279.271
369.864
481.336
299.311
153.111
295.071
290.221
300.675
252.129
266.923
344.639
278.902
174.783
287.383
268.406
381.235
338.614
285.241
324.179
218.853
195.666
361.873
360.296
245.704
226.797
228.349
231.8
217.96
156.505
234.054
234.247
465.797
358.931
257.765
229.518
177.727
282.178
448.934
393.601
452.086
324.08
266.248
264.355
172.14
222.53
437.845
354.944
521.647
394.341
214.752
180.725
247.756
402.074
516.959
426.232
582.32
271.984
153.649
221.758
173.84
348.008
590.025
325.851
610.081
253.823
165.494
201.348
271.493
515.19
649.435
309.214
168.907
177.839
334.661
378.626
177.47
109.834
164.279
164.174
189.462
128.828
293.14
460.085
265.634
155.896
194.264
127.447
174.744
111.156
265.165
532.041
330.205
152.995
176.591
117.019
246.82
177.333
272.676
472.921
399.535
168.546
242.074
181.557
205.529
168.831
281.534
376.068
405.588
233.526
217.407
164.039
183.538
185.401
284.572
427.003
327.195
197.835
186.519
173.486
267.986
293.237
310.212
395.339
426.733
339.248
271.564
286.756
331.912
213.308
342.427
429.439
414.738
295.204
337.106
215.738
225.913
154.809
283.912
627.64
399.623
134.755
218.483
163.407
307.634
205.101
221.801
344.259
253.169
247.326
314.298
214.891
261.386
233.538
411.388
530.978
289.034
169.438
252.436
225.747
115.248
250.503
478.793
484.729
270.83
232.352
114.257
210.751
246.788
311.34
321.989
290.979
182.418
239.91
239.33
301.871
238.548
311.834
407.036
299.357
269.75
205.276
232.472
293.819
215.954
375.54
606.999
501.571
441.54
229.782
191.657
343.496
365.801
461.149
436.167
273.085
220.556
221.855
335.247
453.775
253.177
282.832
321.041
483.38
271.372
190.331
238.266
297.081
612.235
443.791
220.322
163.529
146.952
283.805
582.331
501.608
492.374
447.041
298.952
417.009
322.531
286.517
467.603
472.563
433.682
279.762
282.219
336.901
392.198
534.347
472.572
302.994
189.227
212.105
297.069
371.409
181.251
131.901
187.272
208.088
238.616
134.672
348.238
602.461
376.925
149.721
240.727
143.323
245.818
128.904
299.003
571.153
389.514
226.627
252.228
136.67
353.258
245.598
167.889
344.824
353.394
289.414
338.09
278.844
253.527
216.537
254.806
391.067
478.386
297.702
253.062
219.671
167.991
155.284
209.864
470.426
422.778
250.759
176.381
150.476
313.777
194.732
227.444
352.342
417.098
284.85
310.772
216.571
127.437
114.627
230.445
385.063
290.242
129.045
129.545
108.448
239.163
247.39
307.349
472.544
322.571
153.3
227.632
239.363
171.154
149.622
231.231
404.418
279.419
195.814
173.397
150.771
189.464
184.093
277.594
494.008
302.521
144.296
179.388
193.209
251.03
312.858
458.73
516.123
262.607
163.08
232.241
296.971
384.114
410.164
402.078
324.678
290.865
231.53
359.575
404.492
478.495
472.425
446.749
408.518
212.875
210.249
440.729
488.389
246.754
379.59
377.293
278.949
236.969
198.99
221.199
364.526
491.206
416.301
337.145
261.367
280.738
222.597
463.579
432.91
470.62
431.303
325.761
289.307
237.475
330.424
455.105
452.252
432.356
416.657
294.8
261.245
226.663
294.366
406.963
440.364
278.815
393.561
430.864
391.443
344.244
226.673
256.15
379.194
356.539
264.876
264.92
377.435
289.975
291.11
353.467
284.704
156.555
195.047
278.866
466.224
217.509
142.763
147.373
194.267
138.14
174.958
212.903
359.48
313.473
184.014
141.518
158.079
175.545
144.836
178.709
349.892
280.862
135.978
166.582
154.712
273.365
218.596
197.693
330.702
311.854
294.022
273.993
236.368
270.073
177.912
218.291
452.355
377.632
224.487
278.702
187.366
271.274
152.632
171.732
275.678
355.667
286.448
282.421
168.476
250.029
209.065
199.217
332.544
410.115
293.51
261.331
209.967
219.74
209.887
353.352
826.151
518.246
223.272
220.722
200.412
334.726
329.162
408.658
617.457
343.894
310.629
321.102
349.293
236.134
194.932
331.576
647.871
442.167
196.098
229.644
208.286
194.765
154.815
381.798
673.024
406.673
174.363
196.984
150.409
206.571
256.053
404.734
481.766
302.864
164.594
194.961
245.802
135.541
340.886
650.109
660.157
407.496
219.131
127.556
291.961
323.866
338.11
392.162
440.974
297.911
195.044
310.047
332.285
221.737
416.626
614.344
562.375
294.941
171.948
199.544
373.582
468.035
513.389
429.12
369.343
257.237
274.954
435.73
522.779
291.997
410.509
368.461
453.881
295.034
262.604
292.192
392.714
333.184
417.717
322.204
418.456
256.886
232.509
310.438
419.561
217.64
207.188
321.803
359.269
421.344
312.438
220.957
200.166
262.434
193.1
543.651
940.083
542.278
202.756
261.097
198.345
174.652
115.457
134.091
259.87
249.945
135.878
167.883
128.143
217.808
227.679
228.64
330.135
210.898
142.405
205.87
228.513
544.342
426.244
204.438
232.732
316.241
371.984
513.676
475.517
339.237
213.597
223.622
416.409
379.337
259.204
329.785
239.179
188.221
147.164
197.431
332.032
440.779
341.69
209.076
146.667
170.304
201.245
203.95
331.031
312.871
226.225
170.202
200.209
177.895
167.749
204.744
504.174
507.274
303.88
189.855
171.025
271.403
172.856
351.905
758.472
542.763
253.07
269.797
187.746
408.517
250.277
279.199
447.606
442.143
417.085
435.793
253.599
169.24
182.611
314.62
683.402
533.024
219.88
169.256
182.172
104.494
120.993
407.601
666.732
399.79
150.769
113.622
104.484
202.671
246.426
406.836
588.88
347.428
173.414
201.086
229.035
218.617
343.092
661.814
777.367
379.573
221.539
206.651
306.537
325.27
469.557
537.815
452.604
275.481
217.771
293.241
444.775
245.083
340.036
517.246
557.654
297.148
308.179
257.59
300.649
317.866
420.804
515.227
495.779
316.485
231.419
290.429
411.888
306.556
397.219
560.498
399.921
273.212
185.485
289.015
380.74
241.824
252.704
168.304
208.751
177.409
189.886
234.449
259.725
372.136
193.563
260.769
500.711
315.06
230.646
369.313
220.825
126.202
131.625
422.68
900.187
515.941
169.935
129.152
121.593
