290.422
211.666
121.808
91.899
115.535
204.904
289.235
229.948
183.366
179.299
128.389
72.1466
78.9924
159.542
187.524
175.372
262.143
373.035
280.162
144.358
135.104
245.387
266.73
361.064
377.969
546.596
451.152
276.841
252.302
278.548
346.352
535.765
312.354
432.378
459.833
286.385
251.207
267.034
308.005
408.992
349.744
550.642
435.258
201.157
198.761
279.922
318.626
532.359
212.711
353.948
386.908
264.913
204.664
225.254
214.234
322.039
323.38
433.499
296.112
166.828
125.746
181.485
291.739
432.144
392.544
369.915
311.631
246.795
249.159
196.9
367.763
391.835
206.88
349.77
431.987
399.068
239.956
204.24
192.056
323.859
236.037
476.834
548.152
438.432
247.814
252.694
207.204
426.625
208.567
268.579
419.87
578.053
338.828
190.931
198.557
256.399
199.798
267.255
604.973
763.856
356.082
150.942
191.355
235.163
292.519
210.587
336.129
621.378
359.103
177.891
283.769
227.073
238.384
186.104
372.466
751.534
538.115
269.498
242.319
188.127
189.839
201.883
326.198
605.085
427.008
173.266
178.198
199.98
138.216
179.4
303.523
639.594
488.186
201.803
134.066
171.544
307.511
298.639
318.757
419.426
538.337
394.552
301.31
299.889
259.449
213.873
289.469
397.955
407.866
273.543
257.068
223.3
264.797
262.083
306.416
450.631
488.755
535.617
297.033
241.539
304.892
240.576
97.6327
79.8014
94.9569
171.747
297.179
266.435
333.255
304.102
155.649
76.425
98.6311
169.999
318.893
319.381
296.061
424.591
337.923
124.585
175.43
247.909
272.9
410.128
289.082
327.478
367.744
281.282
203.277
189.823
278.924
311.834
249.059
394.801
446.169
369.495
191.505
209.308
234.411
367.713
267.096
422.36
396.024
260.783
195.405
224.902
247.569
400.562
402.378
465.917
358.797
259.106
215.842
206.957
368.761
473.997
237.554
320.87
354.537
303.258
165.803
129.058
221.323
302.496
406.171
341.269
246.457
263.042
181.275
212.29
382.591
369.464
344.06
430.347
412.096
341.482
331.905
356.873
323.258
416.845
232.854
387.66
474.727
384.07
227.385
118.992
202.195
367.955
224.997
371.149
557.51
518.743
369.782
195.325
200.384
341.581
104.624
223.293
577.778
898.606
420.302
114.866
98.3374
189.305
112.189
147.605
397.122
889.679
448.93
142.328
109.556
135.341
217.516
247.446
319.209
694.006
358.804
168.402
200.842
252.067
239.991
283.466
374.118
540.935
435.158
349.813
247.848
260.099
310.59
195.618
202.972
370.766
326.601
279.447
314.419
214.373
267.83
210.359
248.105
458.939
413.853
320.508
271.6
224.15
219.734
211.553
267.228
585.911
569.081
417.486
233.643
208.926
337.874
172.306
173.521
235.62
343.596
428.689
361.424
190.681
259.8
256.466
126.853
91.2147
96.5604
170.78
254.066
264.859
419.974
476.343
279.889
133.797
130.909
229.287
386.633
494.745
353.735
465.418
364.395
152.146
185.813
244.432
329.399
458.886
254.043
394.546
426.813
273.229
228.507
225.126
233.841
370.78
338.085
440.781
308.046
246.903
145.533
165.441
300.619
444.058
303.153
386.283
313.46
269.257
172.291
177.535
274.886
387.889
309.064
334.448
291.49
286.8
191.082
239.554
290.828
336.52
311.694
298.24
255.615
322.034
272.594
307.941
301.117
306.991
272.364
269.07
221.334
284.401
223.59
159.753
266.657
274.722
235.94
254.918
281.555
383.145
229.258
168.892
223.374
259.083
235.356
302.91
290.914
274.538
168.071
159.517
216.419
300.556
185.402
156.577
388.982
619.105
377.577
212.641
191.227
152.333
110.077
192.782
419.572
584.068
342.705
156.625
111.238
165.318
194.288
204.792
346.666
573.089
386.071
217.703
192.513
193.192
241.107
231.602
374.996
720.374
477.576
212.027
228.824
232.249
165.004
186.485
223.523
472.837
451.164
291.227
172.26
177.764
170.39
189.775
346.626
668.998
564.55
337.146
181.094
187.766
188.366
153.167
248.879
391.495
478.729
320.989
198.854
156.52
230.758
219.555
269.823
407.362
462.955
440.494
255.47
204.807
237.522
247.171
289.24
369.846
400.871
466.66
271.105
227.283
248.83
232.411
115.615
109.113
90.4611
141.652
231.393
249.308
410.127
553.364
282.109
149.379
142.566
247.38
357.385
562.652
426.129
494.516
328.04
142.528
193.64
232.046
387.94
504.061
510.078
660.235
385.344
197.816
179.315
307.427
461.373
660.704
279.123
279.069
241.893
251.802
161.951
224.51
272.086
276.997
292.255
312.468
328.096
292.826
153.528
187.53
283.118
315.223
278.077
296.823
245.821
318.158
218.709
293.096
291.754
296.168
253.069
281.099
356.971
455.702
255.905
176.76
237.281
277.564
250.407
285.644
277.311
281.99
252.95
294.503
254.156
284.516
348.634
355.476
300.407
239.609
201.878
212.292
323.513
361.357
330.437
279.556
445.258
529.877
263.565
241.144
323.956
269.454
128.07
223.193
467.393
629.677
306.168
124.994
123.605
194.643
179.724
181.2
167.667
302.213
224.89
145.769
177.483
181.31
445.616
292.833
248
302.964
333.355
350.852
457.418
315.038
208.064
214.873
378.924
622.772
386.368
224.917
212.948
211.934
312.954
347.217
300.689
377.137
337.567
371.615
330.423
344.29
230.652
192.146
269.936
597.415
613.75
374.944
238.715
196.901
370.692
226.355
331.756
346.135
441.419
492.112
408.431
226.854
277.591
255.224
276.16
484.089
495.197
370.064
285.512
253.918
314.124
288.79
384.608
608.942
613.459
423.604
335.142
288.662
259.662
272.35
165.664
109.019
105.216
178.999
235.272
288.64
314.579
480.277
297.463
264.024
177.633
244.85
287.064
475.596
415.621
654.808
485.369
173.726
245.658
311.495
371.471
636.852
329.575
478.333
324.878
214.722
208.577
268.15
308.658
468.788
380.3
530.974
365.95
232.165
164.595
340.179
355.983
526.523
277.986
457.564
465.739
326.859
187.999
235.175
265.603
429.539
385.222
263.555
284.412
261.258
299.858
279.746
381.642
289.564
406.176
406.296
436.363
407.28
283.967
306.7
401.814
390.021
482.506
359.305
438.467
375.445
273.833
304.16
486.177
354.892
168.846
229.368
270.541
378.156
280.489
188.999
164.06
216.023
302.445
336.917
409.39
504.913
270.219
236.289
301.898
332.533
311.839
290.376
506.471
847.978
505.22
211.855
305.004
289.553
284.731
181.067
230.008
484.162
395.628
219.633
289.448
196.433
163.587
140.216
408.708
715.035
439.213
165.976
171.652
133.798
202.673
268.937
330.126
410.5
439.655
241.996
202.425
254.517
360.389
259.484
344.802
416.129
550.518
468.254
387.168
266.773
352.373
332.305
283.111
368.111
545.288
564.925
352.644
332.771
390.497
356.252
278.902
484.553
567.166
523.394
422.113
364.025
505.283
332.875
337.917
460.562
503.852
604.728
541.393
355.369
348.637
359.922
309.077
415.984
572.778
634.299
391.815
347.483
196.86
238.959
143.389
170.821
144.749
129.94
178.938
247.839
434.258
568.768
318.951
186.561
186.742
227.273
377.062
577.563
373.712
556.187
377.56
223.129
154.111
210.03
325.95
550.708
404.656
523.685
402.835
193.729
171.228
199.54
365.625
519.709
380.333
519.702
357.913
183.649
179.035
208.275
338.573
517.111
407.016
561.029
325.631
216.926
185.753
296.165
366.507
563.197
363.12
510.059
475.827
305.018
278.691
313.73
332.161
496.378
420.06
527.845
390.133
291.335
159.729
208.107
374.494
535.06
477.052
431.885
292.782
281.172
199.461
341.986
465.742
464.702
197.116
259.651
260.077
273.369
179.832
163.301
184.468
255.79
202.495
180.461
390.609
600.317
342.335
140.556
194.831
175.161
285.434
182.231
376.733
745.919
509.787
202.857
283.406
199.927
138.707
153.948
400.057
729.253
468.041
147.658
130.819
149.787
248.471
200.035
457.821
660.616
389.009
209.054
249.37
204.917
210.024
193.969
279.236
282.195
347.504
250.755
206.035
191.24
281.373
208.128
192.62
255.594
446.816
527.692
315.305
206.733
359.215
308.598
262.08
435.376
552.486
521.178
389.812
304.496
396.118
206.723
255.912
363.251
532.644
498.403
429.705
230.167
507.835
356.56
331.919
407.349
564.602
651.391
543.879
390.831
476.612
307.276
368.842
332.576
441.18
623.357
521.046
308.846
260.999
344.745
184.112
101.65
131.951
184.126
250.916
340.281
398.453
580.648
358.67
181.156
164.331
306.89
387.178
570.878
403.165
364.987
370.462
285.871
223.604
240.65
382.665
364.335
398.307
459.105
339.217
193.844
170.708
233.053
363.211
464.76
366.29
469.112
398.191
247.516
202.706
234.592
337.86
461.281
356.768
509.149
421.069
274.703
177.108
223.936
328.65
499.219
349.565
505.474
446.927
215.992
195.166
244.489
313.187
482.142
278.388
315.007
272.339
312.026
326.074
294.301
273.008
314.282
483.127
379.03
322.767
352.283
257.29
242.036
454.653
423.527
165.126
206.26
213.526
303.811
249.665
203.435
153.868
208.044
145.718
146.921
163.247
180.864
174.335
120.46
135.632
151.08
186.953
173.352
312.762
562.417
351.568
149.599
178.465
176.641
264.495
256.809
236.361
296.66
248.609
242.505
265.43
260.938
169.607
133.379
251.803
569.566
562.023
304.945
179.83
132.278
141.265
133.149
194.433
428.693
432.55
236.289
145.389
128.698
319.236
277.14
327.123
442.949
576.33
498.667
348.755
272.873
327.126
269.265
235.441
301.334
421.397
463.196
338.735
273.67
257.852
200.302
279.953
419.289
324.778
231.836
254.026
213.299
383.925
314.995
261.39
421.823
577.979
554.519
422.555
327.088
358.691
325.387
203.995
219.785
306.905
396.717
360.983
340.937
335.346
618.299
351.078
131.385
162.131
293.94
294.771
595.915
448.256
529.727
306.767
167.303
147.942
251.458
410.419
541.09
312.815
405.702
292.8
301.841
250.329
260.436
287.544
410.042
541.122
629.826
378.226
180.941
159.867
292.388
488.691
643.043
449.338
562.282
416.313
277.052
222.718
299.885
411.489
567.404
521.708
623.078
393.421
206.47
196.827
295.586
475.39
632.465
327.522
507.746
419.669
178.697
206.871
258.071
315.302
482.622
312.153
261.757
225.102
207.859
251.296
256.176
297.655
280.317
423.197
324.564
201.901
177.27
159.261
307.125
431.144
347.55
365.933
250.967
216.389
322.667
224.986
296.198
381.534
267.488
272.613
219.15
378.63
459.54
250.066
166.098
256.593
225.715
153.235
149.387
314.111
566.9
360.432
152.11
153.161
143.153
188.999
216.768
358.074
545.418
551.558
308.898
185.273
201.541
206.286
269.641
313.86
534.965
708.113
501.984
226.06
247.144
346.582
269.146
234.16
490.348
478.381
418.47
363.937
288.278
387.477
286.349
249.761
341.946
538.198
595.889
427.461
302.642
414.66
265.787
250.979
246.246
362.956
464.463
438.103
282.596
269.712
316.703
305.711
241.113
277.667
322.045
272.925
318.454
351.193
265.524
262.893
319.855
386.277
505.573
388.315
274.194
286.672
213.989
304.516
420.2
474.997
377.544
307.294
215.728
288.387
547.553
313.276
157.986
179.771
275.814
251.024
526.566
382.164
419.791
208.834
164.177
139.747
162.195
339.757
446.102
440.82
558.311
292.21
145.629
188.219
289.963
394.145
568.82
495.447
632.349
418.501
238.885
186.44
270.485
444.375
637.926
451.16
596.65
354.612
215.756
178.29
313.297
406.443
602.474
461.169
568.408
381.606
195.598
209.981
269.606
419.925
579.547
443.17
527.545
306.939
94.6076
184.05
291.903
416.195
543.928
336.714
239.003
154.515
179.928
150.756
208.545
340.635
256.908
379.014
393.727
214.501
142.805
175.754
222.533
355.475
413.135
322.965
235.425
307.916
450.137
226.369
291.959
335.544
252.157
262.765
254.696
394.058
389.287
273.996
216.671
258.823
255.7
89.1241
129.188
413.006
688.51
430.42
153.195
93.6488
108.193
110.752
183.944
419.847
376.626
371.935
200.496
118.754
147.345
246.874
160.113
187.993
340.278
489.829
406.103
273.275
169.302
448.21
211.709
216.866
232.716
371.117
533.878
485.619
237.693
529.935
305.371
273.085
213.464
423.127
624.671
579.357
321.465
484.449
230.433
206.059
216.326
383.291
549.832
522.641
250.729
355.397
214.115
190.745
281.39
334.195
408.872
380.783
238.49
475.435
245.108
245.371
306.455
196.211
205.099
465.302
287.73
350.621
229.693
232.779
259.574
345.855
465.687
383.4
239.192
371.44
402.115
296.266
262.179
160.779
303.339
374.528
406.839
593.566
488.504
287.381
209.14
168.17
248.931
559.818
531.642
439.177
526.378
365.644
187.164
215.582
296.643
406.28
530.013
483.978
582.267
412.893
192.251
166.764
234.544
433.032
597.149
379.118
433.477
360.782
253.5
164.002
178.245
343.929
440.488
586.586
653.594
358.975
192.113
185.404
296.859
529.374
675.133
485.604
412.553
211.787
256.569
186.635
250.867
448.908
455.247
311.674
234.538
236.905
267.265
166.466
183.211
294.932
259.343
415.692
439.27
283.185
228.062
143.948
234.344
380.556
441.813
282.843
391.019
395.926
271.394
145.248
136.126
258.258
368.366
305.061
285.833
255.192
348.262
252.232
287.848
323.736
284.923
274.806
324.253
261.281
333.186
405.216
313.535
259.896
327.316
299.65
180.048
286.106
392.24
534.004
489.864
333.42
183.364
261.843
192.913
168.435
220.612
276.705
296.198
274.679
203.045
420.93
321.744
246.647
290.752
386.465
572.745
465.307
333.238
455.111
202.524
215.257
296.698
391.1
464.01
479.406
236.016
399.912
183.787
193.505
230.685
303.834
442.04
435.523
203.29
292.018
197.944
217.415
271.362
443.348
518.716
328.071
186.119
524.976
323.416
319.818
208.075
346.175
527.284
561.581
331.005
411.757
235.329
232.875
189.238
237.509
447.381
441.954
258.51
366.09
498.681
317.36
126.548
127.286
246.337
327.247
500.213
331.701
353.649
377.103
307.641
202.831
158.845
309.93
349.648
419.844
351.481
221.781
156.965
175.111
208.406
396.947
377.017
467.6
398.988
316.395
309.105
179.167
256.557
449.03
423.678
282.336
340.55
333.439
404.432
240.979
246.511
274.057
342.123
313.052
481.655
287.438
266.873
178.199
239.871
276.345
476.239
403.754
497.569
305.286
280.532
180.905
197.544
360.5
502.9
634.821
391.221
159.963
154.602
150.677
200.64
593.9
461.337
309.939
362.491
292.077
179.186
165.013
212.272
296.359
363.416
377.54
307.66
245.046
303.13
207.852
231.909
350.894
341.568
264.451
300.397
222.771
267.203
168.663
144.118
249.598
306.134
193.493
230.571
211.021
208.885
274.046
189.113
183.126
225.474
308.359
222.878
250.325
474.244
427.358
311.826
315.755
236.06
376.278
432.227
319.745
431.105
340.917
460.049
394.261
436.089
254.299
183.168
256.068
275.533
340.987
367.695
272.311
178.039
501.455
296.161
167.194
320.903
223.602
401.562
529.88
329.863
388.136
235.598
153.491
101.171
199.472
366.833
408.023
258.357
316.574
240.037
364.996
437.681
594.48
392.944
326.458
243.892
575.138
336.72
162.851
204.369
249.12
350.32
574.913
388.126
609.867
274.223
198.736
230.956
368.894
640.116
662.92
317.107
306.824
349.796
247.614
240.768
137.835
186.566
296.238
361.182
334.848
301.208
229.751
214.054
175.853
167.315
316.081
310.825
319.152
424.879
355.829
266.397
213.915
193.534
285.671
420.905
366.03
409.708
311.795
328.989
233.612
185.899
335.208
418.178
568.725
622.704
331.904
165.611
124.038
296.893
520.058
645.218
636.002
649.504
300.373
148.678
147.709
267.133
569.168
698.809
475.603
473.815
251.757
160.837
126.476
193.452
436.459
498.48
336.761
231.213
142.156
188.623
191.642
161.489
320.918
258.748
674.405
411.711
194.469
157.59
107.135
207.845
643.041
481.017
293.988
343.123
288.207
170.36
137.394
172.149
269.993
344.212
417.612
327.081
282.44
359.934
262.662
254.855
406.128
347.54
472.326
237.349
275.295
449.398
305.221
364.573
487.853
267.234
391.294
217.975
177.643
174.451
263.502
466.129
429.002
231.665
501.633
253.711
195.849
202.598
309.117
512.601
534.443
282.789
485.812
294.35
237.834
379.973
269.775
433.997
507.216
310.463
491.632
218.674
178.72
229.084
301.133
450.898
520.51
255.877
411.218
260.583
283.55
311.734
279.782
338.726
421.352
278.289
251.247
197.701
309.552
414.719
264.987
159.431
242.547
212.384
301.576
228.393
211.045
323.54
308.36
362.87
319.797
241.223
318.167
173.265
223.281
472.482
401.447
275.626
325.729
200.037
447.498
348.337
263.597
239.231
193.257
186.448
413.273
386.709
411.048
409.339
265.72
207.946
166.901
176.796
379.435
421.854
291.029
401.75
295.393
184.075
146.423
195.411
273.834
396.698
530.243
575.028
331.448
201.376
206.518
254.823
480.902
594.083
610.97
671.822
379.878
194.754
155.645
346.253
559.465
694.001
627.424
619.234
278.586
141.207
133.91
258.924
567.395
668.951
402.428
485.437
386.342
260.759
185.556
279.119
383.375
487.842
571.966
310.422
146.24
163.95
122.703
190.882
550.036
375.932
487.74
296.253
155.923
128.048
148.627
291.804
492.072
315.262
299.598
271.446
346.46
273.677
195.141
185.185
298.646
271.123
572.89
457.013
245.35
271.013
231.574
274.123
545.806
494.704
384.889
316.316
197.171
329.583
270.496
335.297
395.002
330.84
248.158
305.266
370.301
550.994
393.579
332.723
257.242
294.999
810.62
334.431
189.074
182.592
244.365
507.474
827.285
420.495
402.418
224.485
158.711
250.255
208.25
338.106
421.625
252.419
578.976
261.937
167.425
277.075
196.443
351.124
594.532
316.941
478.02
243.234
163.737
254.508
266.273
299.833
480.397
286.893
419.478
337.016
251.391
276.001
246.847
325.883
417.089
352.6
408.127
228.405
250.031
335.439
238.38
311.324
426.713
251.789
337.357
201.293
200.195
300.555
246.038
259.567
346.646
222.154
480.381
544.011
344.397
179.851
167.878
209.55
431.684
562.962
493.398
427.643
303.121
300.043
172.606
189.364
458.524
465.223
501.402
451.565
244.173
125.593
122.411
209.357
455.886
488.209
630.718
645.869
330.4
148.322
139.045
280.256
577.401
677.813
581.678
658.867
375.251
189.427
210.419
257.616
521.968
680.096
551.684
540.409
297.599
168.4
151.209
238.018
504.413
575.298
544.067
501.799
209.912
267.254
164.866
343.827
501.889
555.729
332.978
289.591
118.719
90.743
119.711
223.787
319.155
318.364
410.293
194.691
181.72
284.787
189.432
276.465
425.012
232.274
319.237
250.102
199.282
142.255
200.785
320.01
333.532
261.832
701.875
482.217
593.3
474.634
366.162
455.421
698.067
509.892
471.563
290.314
249.051
452.97
337.464
308.814
468.768
325.432
390.352
222.686
279.454
506.311
313.339
411.315
408.898
245.541
1073.66
501.289
127.216
184.701
154.815
381.397
1049.49
632.572
426.773
204.172
185.819
241.42
176.918
192.653
421.286
244.643
331.555
190.009
197.53
392.248
313.715
239.762
333.959
218.759
663.802
438.805
201.166
142.733
169.521
342.427
646.591
500.497
636.787
297.559
151.275
204.737
141.446
283.969
632.064
367.723
555.125
368.32
205.654
177.599
201.838
436.35
575.209
392.547
464.059
221.369
145.866
143.314
174.35
323.393
479.473
262.099
359.13
346.65
312.588
368.529
217.538
214.152
347.216
354.194
540.294
664.352
399.604
209.058
192.723
262.538
483.519
673.036
581.598
542.606
314.073
175.16
200.87
202.328
532.256
585.483
719.61
731.56
340.629
142.213
156.642
335.585
653.784
765.877
505.968
636.357
479.202
190.859
210.134
242.673
449.363
637.993
502.835
440.286
281.149
194.451
167.126
223.577
471.526
468.866
571.742
413.171
224.524
288.291
186.119
201.331
540.84
460.547
470.956
257.885
99.8011
109.085
137.119
275.633
474.661
299.811
275.959
213.088
137.121
211.091
253.88
287.414
291.951
220.326
443.306
213.716
226.946
234.124
332.134
387.317
459.752
249.038
484.544
326.643
363.644
495.342
307.151
284.576
464.343
359.02
659.242
437.441
187.979
292.681
350.103
316.964
620.053
508.497
541.828
439.167
285.269
175.044
273.168
368.828
518.644
469.655
709.142
508.572
272.68
279.971
213.666
251.117
667.369
574.788
546.639
318.541
213.234
168.427
148.952
217.531
529.793
370.876
439.201
324.944
279.577
446.665
343.439
275.179
417.264
359.151
601.56
317.748
150.012
281.169
268.007
347.749
596.439
376.842
531.994
260.919
189.481
149.996
223.194
405.629
552.412
305.168
582.395
288.478
134.177
274.268
253.102
447.583
603.548
327.618
417.989
294.854
175.721
304.315
378.56
496.049
453.305
306.344
391.839
593.674
431.683
258.846
231.184
274.341
352.722
581.525
527.502
545
480.332
357.368
326.938
252.258
490.007
563.648
503.425
599.1
359.666
282.044
247.057
289.498
456.733
612.597
385.001
591.672
418.288
243.45
239.283
339.761
367.601
570.209
475.117
647.787
587.523
407.435
238.567
365.917
441.558
639.094
391.629
441.415
348.884
494.319
306.907
208.84
361.727
451.024
289.003
287.044
353.753
412.102
319.298
265.61
291.232
281.786
360.1
241.808
252.141
358.105
419.855
318.512
365.167
267.072
169.627
130.79
185.431
314.306
265.277
193.062
174.883
135.337
293.711
193.62
320.293
367.268
455.071
403.263
316.826
199.711
217.522
381.457
528.433
624.779
320.491
292.517
210.625
341.744
272.341
322.415
358.789
350.384
249.837
253.374
258.335
315.302
389.813
454.054
290.178
218.322
217.482
234.903
352.42
465.998
476.789
490.735
260.229
133.75
134.963
285.436
455.745
509.318
500.617
267.369
139.523
221.373
164.384
178.201
476.529
328.802
288.376
269.752
221.045
383.799
319.152
343.387
300.623
286.672
443.721
282.822
212.615
268.636
275.6
276.021
437.95
316.477
729.255
324.559
185.577
234.904
252.275
313.079
718.019
410.333
530.625
300.944
247.929
184.118
255.009
414.3
542.714
335.537
491.119
248.013
245.949
374.86
252.865
379.02
514.972
287.806
343.167
523.086
518.032
272.465
297.607
313.085
308.676
497.082
239.94
425.47
494.619
355.371
201.076
160.043
215.135
391.572
390.085
490.023
354.808
291.515
179.438
291.601
367.518
489.195
255.9
349.854
471.266
566.939
317.458
283.624
259.665
329.487
357.178
447.557
500.765
361.495
297.238
216.217
337.514
431.728
195.835
182.571
376.328
700.761
423.124
156.557
188.156
183.497
239.908
182.892
287.563
468.554
492.653
236.738
239.312
182.222
280.63
167.408
194.233
363.855
318.415
237.406
272.387
191.465
162.403
156.541
178.742
335.17
387.236
251.904
173.676
158.696
327.428
275.446
173.029
327.668
353.818
301.962
332.882
292.547
359.65
261.231
258.42
289.114
217.214
237.323
351.489
288.184
326.348
340.862
499.748
356.432
308.677
286.333
315.539
309.418
291
447.383
515.664
361.484
370.243
228.901
264.377
427.573
248.072
302.018
283.444
272.515
180.001
185.876
232.568
292.099
442.614
395.755
262.618
245.939
201.165
235.964
416.632
421.851
407.4
275.821
255.714
296.114
231.116
242.467
397.98
301.015
607.488
293.669
178.03
173.178
205.533
378.268
618.939
348.441
475.324
335.329
169.934
217.28
220.945
252.817
450.923
383.769
240.603
229.409
281.752
379.758
344.379
301.499
238.006
238.753
609.707
328.943
236.615
185.088
270.095
515.734
642.075
372.105
476.449
530.211
320.755
180.448
242.077
312.568
435.284
539.631
192.247
365.307
474.03
391.914
274.277
264.992
187.379
330.861
346.493
422.157
526.94
385.936
238.497
236.459
338.632
391.338
189.126
238.859
449.81
641.444
339.113
164.466
186.815
223.605
233.316
219.956
373.874
439.312
231.775
219.502
233.199
208.132
161.183
124.848
200.001
353.542
231.127
135.279
163.788
127.505
167.695
137.025
211.358
397.822
318.075
151.667
164.354
144.444
268.314
210.672
199.868
328.849
269.711
191.388
257.742
218.648
243.295
183.807
262.552
404.955
416.462
237.559
246.79
180.006
205.632
190.92
233.392
341.526
274.93
192.114
204.56
189.709
162.284
183.551
277.258
380.582
301.39
151.416
165.466
176.273
173.954
158.497
315.74
485.923
277.011
146.956
171.496
153.484
356.562
288.079
207.727
303.456
199.025
180.698
340.522
313.647
399.894
356.366
262.051
280.86
330.498
268.957
380.396
381.057
487.78
358.762
329.559
424.917
211.216
227.73
470.478
390.69
754.912
533.893
246.74
193.475
177.71
338.095
706.012
604.707
596.29
455.337
332.274
235.61
236.49
284.403
566.478
495.886
706.926
409.773
154.961
232.047
215.874
377.679
702.67
481.341
778.093
384.388
226.379
196.717
151.61
311.367
754.062
472.104
845.188
370.46
223.96
278.897
310.65
431.166
844.873
468.419
184.624
208.779
336.185
327.525
186.728
170.488
179.903
194.427
159.749
200.755
278.795
260.752
296.328
221.479
162.408
188.328
267.895
195.061
187.435
226.728
181.5
230.714
266.786
209.787
168.463
111.106
180.362
332.563
240.93
163.069
168.526
118.968
422.506
251.861
149.07
179.863
188.345
201.591
413.762
288.307
214.244
148.501
209.144
412.825
370.1
194.831
214.928
160.343
170.954
187.002
279.75
401.79
319.816
173.817
164.861
176.061
363.666
276.958
239.586
382.793
361.599
210.366
342.88
306.82
306.96
218.678
335.167
488.911
432.284
237.27
301.09
225.857
242.935
213.295
359.148
630.324
371.063
184.969
236.69
219.904
244.943
174.802
344.95
622.551
374.119
134.799
235.771
181.852
251.834
289.784
437.14
599.102
302.885
182.36
239.178
279.699
216.579
286.593
437.053
419.622
333.82
192.464
203.103
268.755
265.081
266.514
283.698
320.291
242.152
203.127
261.924
257.173
262.374
204.411
178.656
156.501
171.852
192.765
262.377
213.49
225.952
208.839
345.744
374.251
255.58
223.686
217.569
216.881
464.845
260.456
222.148
301.224
183.626
265.733
466.06
302.89
388.474
326.656
168.51
173.627
169.588
293.017
376.639
361.722
288.726
207.668
209.484
332.35
237.05
207.572
295.577
223.467
572.778
351.632
181.074
149.923
238.566
513.971
600.846
369.483
152.296
197.358
379.225
391.258
227.238
146.594
151.299
177.623
192.378
152.637
241.695
410.485
244.96
159.451
202.799
156.063
234.414
162.546
220.356
260.539
185.093
136.554
234.798
172.836
244.018
199.355
212.745
390.675
246.342
186.699
239.122
209.882
196.773
156.679
300.647
525.516
503.475
245.495
208.412
151.131
123.789
170.753
252.497
300.231
280.274
194.362
129.992
158.576
250.736
197.071
225.024
342.409
352.906
240.216
257.612
206.629
306.206
151.948
210.337
461.439
344.399
225.87
309.799
178.313
168.347
151.721
312.099
778.192
427.236
132.839
157.371
162.031
396.797
265.526
375.026
462.428
317.737
294.685
405.613
284.361
306.074
291.372
437.203
637.686
326.264
124.1
283.103
304.11
288.77
243.661
400.637
373.907
246.421
156.344
289.112
242.351
218.937
288.298
427.705
371.47
282.99
147.535
199.952
272.433
264.401
353.675
389.947
415.912
220.193
278.748
264.299
338.433
353.527
463.902
365.188
264.946
237.588
381.575
357.335
459.675
362.609
449.947
417.665
334.714
224.344
263.634
341.602
442.751
433.236
429.702
268.21
258.965
253.37
269.883
395.953
462.049
487.896
338.039
184.648
241.284
162.933
213.52
459.415
386.836
479.779
268.189
123.491
109.444
112.23
215.606
463.796
318.014
548.996
345.415
278.314
270.808
416.818
644.69
604.195
377.711
