499.559
707.604
547.159
245.508
212.122
236.649
436.209
700.68
509.864
620.43
467.411
201.744
180.727
238.252
459.187
626.385
442.687
587.527
486.338
329.955
195.275
259.815
398.205
582.877
543.953
583.178
448.392
264.551
194.162
252.042
498.185
599.008
322.154
468.932
344.1
231.637
248.215
321.592
300.64
459.453
372.756
483.38
506.568
360.642
256.945
222.27
339.929
475.533
316.167
409.391
486.334
568.288
314.377
322.058
325.052
393.977
189.677
460.608
567.201
361.657
254.666
297.405
177.21
399.741
284.084
369.57
525.042
583.9
303.91
235.636
276.476
347.626
349.655
295.368
448.641
558.597
357.014
329.114
358.973
266.842
261.41
150.483
241.2
538.52
387.963
318.576
272.764
161.429
143.647
148.142
269.447
659.539
486.062
239.6
147.287
144.705
171.798
193.439
265.212
526.57
480.815
283.073
179.985
187.818
323.232
254.155
314.88
398.265
441.131
302.919
337.399
253.043
440.928
408.664
264.797
294.826
505.716
668.624
480.114
427.075
591.828
405.619
302.198
393.441
609.529
732.761
640.563
423.155
400.306
206.544
208.489
239.571
399.266
516.788
437.162
229.399
549.429
394.147
227.142
225.377
372.458
691.635
580.87
422.767
751.552
381.842
243.102
224.525
287.871
745.427
808.279
430.653
570.852
271.75
266.296
231.214
296.139
478.626
609.817
303.492
590.585
672.001
481.987
295.447
287.282
324.241
539.991
686.443
469.611
586.747
446.634
305.032
284.752
218.955
421.426
589.895
478.772
591.644
447.194
333.843
268.089
291.795
439.316
593.145
367.623
484.43
383.283
277.875
270.474
242.317
332.201
483.929
470.153
525.138
357.71
222.23
160.718
255.506
440.057
531.632
507.281
679.871
541.79
360.582
388.677
426.988
464.679
659.741
292.215
466.776
586.248
367.826
258.785
185.998
268.06
438.334
218.185
274.276
370.277
347.136
179.011
116.866
205.972
265.44
231.675
286.365
523.377
555.836
293.092
185.494
224.625
268.051
180.709
252.357
283.333
436.018
259.09
125.589
163.242
246.907
318.289
239.92
343.254
415.457
333.717
289.235
313.913
249.808
167.804
196.219
251.672
507.088
436.084
257.092
159.335
194.096
284.187
207.314
311.141
595.006
498.363
415.181
308.801
200.144
239.534
218.404
256.426
320.96
496.573
380.741
243.914
208.347
713.037
350.999
196.26
329.943
515.037
709.824
754.5
397.041
446.253
322.021
408.014
480.522
716.662
705.011
482.631
326.582
729.5
453.129
259.337
245.601
406.019
697.789
765.142
481.912
544.414
379.649
208.284
224.698
376.676
637.282
593.103
423.314
577.762
479.647
247.091
279.095
356.874
720.378
617.596
507.262
496.007
338.683
210.738
224.746
288.22
653.708
551.747
368.07
450.721
625.366
516.32
276.336
292.112
355.511
410.547
611.168
515.363
533.358
354.764
212.017
180.894
336.567
514.047
550.197
291.856
325.935
298.563
319.857
344.212
353.445
307.163
319.12
417.969
560.109
519.521
284.222
398.373
376.844
393.75
520.76
364.235
313.453
290.844
332.986
226.58
243.259
368.534
330.382
404.491
404.209
443.536
415.33
228.755
367.602
405.583
397.162
268.922
333.079
432.583
353.153
215.461
215.325
270.958
307.423
296.778
426.115
491.875
527.402
311.804
289.046
307.171
398.942
337.153
295.767
377.999
486.695
309.365
208.2
324.063
299.528
162.08
183.258
475.14
610.316
406.12
205.855
163.595
167.734
155.277
221.438
387.27
613.106
349.732
138.967
138.806
215.934
229.766
241.717
286.913
544.533
403.786
361.344
247.347
215.246
335.178
338.324
235.143
325.844
522.537
499.64
353.08
352.124
457.394
300.477
312.203
554.864
432.723
424.604
481.981
312.179
416.215
305.41
270.265
264.204
560.095
672.418
451.491
301.94
620.922
427.385
401.515
271.486
512.263
744.807
672.569
439.681
451.918
367.271
277.367
333.061
678.174
817.086
503.483
377.507
445.073
312.488
284.348
300.41
502.744
689.695
503.097
306.838
576.752
418.837
230.196
278.498
315.955
606.714
618.795
474.507
459.253
379.2
248.201
105.724
304.857
627.189
503.201
398.482
564.795
765.214
548.21
262.034
304.463
334.18
500.81
761.141
618.949
610.519
313.022
179.27
161.02
311.131
568.965
649.16
535.82
718.716
505.605
285.515
231.526
395.755
494.621
716.36
396.81
614.53
471.197
427.804
335.915
347.796
366.071
600.66
479.469
328.455
253.619
408.081
240.415
353.282
507.935
353.871
434.747
529.056
341.487
418.613
410.843
417.365
419.167
533.396
273.846
466.139
509.874
332.361
214.966
282.519
261.716
429.322
354.35
438.415
505.984
367.441
199.481
224.594
338.596
408.418
234.005
214.354
166.917
258.181
210.597
169.332
224.023
225.869
180.354
203.757
357.176
416.222
186.747
140.735
179.478
188.193
134.867
196.461
350.888
713.036
543.546
258.012
132.967
182.986
328.766
291.095
231.551
493.189
433.982
321.504
314.224
313.87
350.261
357.275
344.057
557.974
585.703
413.989
347.209
338.942
662.277
399.888
260.21
233.132
391.215
686.452
697.39
425.931
534.79
346.007
213.131
254.678
302.763
436.135
528.393
392.765
444.135
303.88
278.727
298.613
471.095
662.403
498.091
325.488
668.271
556.431
365.35
302.178
512.447
890.345
734.035
565.618
739.728
432.581
242.256
320.119
503.407
853.613
804.824
447.67
607.193
296.468
298.421
314.497
487.771
749.239
673.385
321.644
567.076
318.876
287.777
212.153
492.694
763.197
634.033
343.992
611.611
757.442
486.006
245.485
225.405
459.99
560.618
768.875
416.131
473.694
322.271
326.408
240.742
217.32
382.102
484.082
265.16
351.07
373.894
325.203
379.546
250.535
244.932
328.69
483.97
569.04
439.338
251.453
199.904
298.227
437.687
584.942
500.339
570.991
287.164
174.113
208.264
343.098
469.014
589.266
549.254
672.792
468.71
247.963
233.37
410.856
503.409
682.842
307.18
318.251
298.783
321.744
255.942
186.305
285.719
315.011
400.287
329.826
466.921
412.485
282.041
331.301
414.113
319.933
316.181
368.654
353.281
462.594
384.702
296.114
325.343
360.319
508.99
315.222
277.236
267.416
234.824
291.336
504.344
357.856
196.438
234.537
273.912
646.614
377.101
225.356
198.529
239.254
259.567
297.307
274.491
433.901
510.142
364.901
257.019
287.288
275.868
268.051
230.071
544.401
569.635
423.066
277.678
267.552
442.644
371.814
380.95
400.493
422.738
494.299
458.678
360.518
775.97
515.729
311.901
580.732
464.15
594.344
759.003
585.439
520.972
489.555
254.551
247.253
348.269
692.07
525.258
515.853
518.389
413.406
354.682
361.457
538.455
763.456
572.073
440.454
681.9
450.922
211.203
285.24
539.817
879.273
749.936
476.788
777.833
440.886
220.346
187.022
319.483
754.25
826.353
486.001
635.083
351.444
200.416
245.733
369.8
659.243
674.951
379.131
525.5
692.97
487.041
177.254
230.382
288.429
468.388
692.821
424.378
554.028
370.98
229.994
150.552
224.333
383.788
550.556
555.445
612.329
365.421
235.399
302.701
318.648
507.672
638.281
673.433
650.162
353.606
186.505
182.938
311.524
627
678.887
497.673
578.057
448.553
324.651
349.059
288.091
457.191
586.493
680.737
582.472
313.282
227.639
195.621
296.324
637.568
629.637
340.42
522.119
547.02
431.193
254.526
264.819
311.585
504.837
688.689
451.055
220.139
259.165
213.482
316.323
665.558
521.546
255.013
320.34
325.333
244.952
243.236
209.783
241.89
307.971
187.129
137.508
211.406
338.633
304.065
272.124
208.205
128.435
404.667
361.875
313.243
630.606
501.703
320.849
383.148
387.935
240.397
260.107
298.099
594.482
436.729
310.021
248.115
248.242
305.017
352.081
416.185
397.701
392.902
415.198
322.937
338.28
464.608
349.064
301.241
242.914
444.226
630.823
504.29
369.546
645.94
460.26
275.1
207.241
305.561
532.846
658.812
517.025
723.991
572.726
230.792
281.135
411.408
793.137
779.221
636.312
584.597
471.974
274.187
193.303
412.539
819.421
648.62
469.81
795.69
339.758
237.812
218.357
504.945
783.491
851.301
402.649
767.493
520.299
287.982
351.671
460.922
769.584
810.329
541.812
432.902
337.816
240.373
310.627
345.235
526.151
468.65
355.514
610.781
772.29
530.629
254.722
248.46
308.274
547.879
778.499
427.016
630.421
567.264
309.377
246.076
253.565
381.179
604.42
603.152
648.561
312.977
234.727
156.342
339.394
549.167
678.839
483.195
642.012
453.356
299.222
204.058
245.366
429.737
643.332
601.465
547.724
301.924
319.381
249.274
284.627
555.982
585.361
266.206
357.414
414.14
291.438
308.775
377.714
265.791
331.545
265.386
400.553
371.685
367.218
272.557
183.948
237.769
383.627
611.287
400.27
190.697
222.755
268.505
288.031
587.017
456.795
409.996
563.522
549.931
414.8
347.603
230.984
367.156
551.994
147.447
275.007
541.616
616.736
301.746
171.758
137.154
243.736
306.24
241.354
220.237
424.251
276.651
237.594
301.199
262.89
505.813
322.344
441.461
442.289
508.319
468.6
534.896
321.406
448.265
417.077
241.554
326.314
377.26
477.207
428.66
447.697
507.972
420.816
368.727
229.492
374.071
596.689
524.413
458.836
398.704
310.45
260.549
322.979
496.601
504.033
433.191
317.833
532.665
395.742
241.861
302.94
507.205
684.658
578.104
409.668
605.11
366.683
339.482
234.194
592.156
854.163
674.132
382.712
605.407
367.549
300.525
293.117
345.464
705.942
657.491
379.883
682.324
370.928
239.049
215.42
521.023
815.883
750.664
413.529
482.862
300.495
300.647
371.879
627.612
707.057
537.014
310.539
516.319
623.538
541.615
385.356
251.765
360.457
478.732
626.58
629.234
732.151
385.857
215.253
222.456
408.394
571.45
754.612
647.21
670.301
511.019
376.242
239.332
295.315
599.13
693.959
581.282
619.195
414.595
214.068
194.119
328.117
537.817
638.918
432.969
416.165
316.579
231.346
269.651
248.84
412.213
429.632
519.607
687.549
560.808
335
371.46
406.72
466.584
672.636
391.053
487.659
453.91
411.947
338.025
288.694
357.528
489.513
590.603
457.15
358.899
229.789
226.748
360.383
586.648
483.607
372.699
395.865
310.549
306.023
237.88
177.365
339.204
408.431
249.94
373.432
624.741
644.773
352.844
214.706
243.452
335.216
307.251
261.771
279.256
705.741
680.433
432.162
311.669
272.762
455.702
368.198
412.21
624.701
416.712
316.538
437.223
404.748
537.463
343.856
262.372
298.671
303.975
552.009
573.76
358.672
666.504
357.569
192.376
191.96
340.89
726.299
721.937
378.12
728.929
319.9
266.462
360.9
480.261
729.111
779.247
386.507
754.185
408.499
211.038
216.091
325.219
627.442
777.762
466.83
743.203
460.171
256.472
148.77
254.893
642.61
772.386
488.618
687.055
440.166
262.506
250.862
438.056
845.41
750.111
456.464
564.604
335.248
250.161
206.554
396.992
600.603
603.543
353.968
816.832
379.846
309.637
323.904
491.284
723.406
858.336
443.211
628.603
776.125
421.632
208.608
191.102
291.883
559.113
792.787
721.888
720.58
353.643
185.712
182.773
310.662
654.518
757.953
815.337
767.72
431.45
192.503
157.264
264.073
743.562
829.181
465.741
555.69
433.672
248.088
243.17
218.506
417.335
561.878
546.76
443.894
407.343
497.67
291.778
222.048
505.631
471.847
371.752
455.983
437.021
493.789
263.434
281.416
351.119
455.463
391.683
387.681
291.527
333.063
210.894
274.533
381.106
401.379
348.572
492.984
410.859
283.874
356
320.268
315.834
482.051
456.541
381.25
429.934
498.161
271.992
295.992
448.86
381.209
234.673
192.017
311.02
447.395
315.914
259.567
242.326
188.68
306.362
308.293
468.057
479.098
416.653
271.212
315.294
301.143
317.262
336.612
347.188
310.051
479.561
564.339
324.178
325.338
374.552
332.387
427.682
305.791
457.057
553.454
399.08
302.812
633.866
360.375
300.261
259.75
339.449
542.932
669.83
378.179
787.162
356.906
203.137
204.312
295.422
597.214
821.405
433.361
833.742
399.544
224.158
159.501
322.968
654.317
865.43
469.637
510.315
272.381
233.594
224.184
295.111
502.214
544.048
299.603
811.435
323.149
263.967
365.952
425.69
723.683
870.779
386.939
636.963
551.01
296.585
247.235
366.787
770.795
697.354
559.256
722.031
374.527
272.806
252.582
400.724
723.369
775.378
429.499
544.042
501.266
273.941
260.087
208
355.476
516.622
531.513
487.54
488.816
403.786
395.888
325.883
319.969
452.367
497.354
281.808
344.085
360.662
420.606
456.689
254.24
259.83
338.659
498.097
312.754
224.204
273.267
223.489
240.733
490.573
357.198
391.075
386.657
207.877
272.122
242.983
225.474
363.091
407.949
366.287
273.141
190.042
381.05
232.069
171.778
352.4
297.573
564.615
474.558
334.075
253.69
192.967
194.095
526.827
513.626
280.417
304.75
383.311
397.119
371.72
318.434
293.145
288.01
601.228
353.203
332.461
410.353
224.394
274.872
583.699
407.373
506.913
412.797
324.797
411.197
226.885
361.235
519.323
444.96
295.141
199.496
385.659
591.493
418.208
387.821
322.7
200.335
343.417
329.262
232.64
359.527
372.988
447.589
353.999
344.896
616.142
284.221
184.113
305.163
168.286
459.992
651.975
330.698
600.928
315.198
233.29
246.591
207.731
430.046
633.341
351.343
948.964
447.967
265.718
403.896
309.168
564.863
963.594
547.765
741.21
391.642
256.707
223.135
368.476
626.17
779.924
446.989
883.257
391.684
252.461
314.588
347.486
678.801
918.808
474.94
918.588
349.647
279.446
190.769
357.911
638.901
946.826
433.674
811.37
581.139
313.119
210.412
360.461
850.352
869.455
594.261
707.445
312.004
184.749
199.469
363.55
635.482
751.09
369.961
321.644
401.005
396.797
482.286
280.843
330.878
306.026
402.769
246.78
381.772
436.215
338.042
333.902
240.535
231.281
359.255
294.959
525.566
556.35
317.856
208.065
236.993
257.788
480.106
455.308
507
452.477
249.156
242.882
259.17
424.722
501.044
440.88
558.033
379.28
258.944
204.204
314.784
402.634
564.02
446.711
444.86
345.939
308.955
279.298
257.656
419.703
459.441
210.237
328.852
303.775
217.201
220.9
199.574
190.767
313.899
680.244
727.424
493.176
292.757
173.174
315.541
623.949
745.942
615.423
446.057
449.618
290.204
269.275
319.358
606.875
446.799
489.471
385.316
304.53
255.081
199.994
289.395
469.923
420.74
312.646
257.045
312.122
674.668
383.18
203.669
309.806
261.395
624.79
317.202
221.614
324.173
288.604
396.312
629.705
380.976
783.559
318.373
204.16
271.463
229.142
391.395
790.634
398.216
799.826
394.577
238.742
235.531
198.236
374.408
801.537
458.566
657.675
333.453
174.19
200.182
275.275
494.841
681.042
387.325
696.403
347.589
224.272
336.897
287.184
352.502
698.528
398.976
607.721
490.617
227.576
279.105
365.918
619.594
612.872
551.872
642.63
397.49
235.766
255.812
361.525
727.916
696.779
415.081
859.024
455.175
353.681
188.94
431.524
884.57
937.055
499.353
981.725
431.4
189.644
182.119
340.431
797.628
1037.49
521.104
488.18
405.068
283.724
206.693
176.5
198.729
458.921
443.091
331.113
463.595
406.758
262.847
169.607
208.243
301.361
453.439
358.984
522.157
499.012
341.146
300.103
285.19
325.837
508.757
385.256
382.351
346.761
461.785
274.687
244.776
376.442
384.043
365.242
354.091
305.233
239.504
199.735
294.279
359.834
359.06
427.046
552.842
414.248
393.628
312.007
323.079
392.393
555.49
373.507
385.864
283.795
325.448
188.602
222.51
348.295
400.273
437.381
588.345
388.717
232.704
231.896
243.871
391.693
588.641
571.117
568.541
485.392
308.801
319.274
352.179
534.32
581.76
574.115
435.035
330.938
354.123
413.953
527.216
566.567
477.654
485.498
369.17
241.592
345.109
301.461
223.989
461.225
408.398
559.397
322.085
236.991
264.016
274.807
359.542
569.337
363.906
1044.98
402.388
120.023
222.755
208.241
529.788
1054.91
523.018
871.731
351.531
159.705
276.566
223.851
423.578
873.464
453.296
664.638
292.058
169.457
245.126
268.533
464.522
679.138
355.859
781.824
352.204
180.27
161.661
247.242
589.26
819.825
421.933
611.593
420.602
252.198
317.337
304.596
710.276
660.792
425.422
866.107
393.066
231.291
275.808
385.293
759.112
909.269
455.685
774.732
397.781
276.249
286.172
430.413
780.592
834.638
439.901
676.72
471.06
257.686
284.213
436.44
786.051
732.813
487.512
298.496
481.871
546.894
280.226
169.301
219.277
282.47
430.704
256.944
299.324
273.589
285.319
208.265
145.784
233.942
302.197
318.276
333.642
287.321
169.34
185.318
221.576
319.282
321.945
337.201
502.544
405.644
390.301
287.356
216.201
294.629
492.426
306.194
421.489
363.598
270.384
203.177
193.04
274.295
411.498
342.738
271.149
265.04
397.049
340.237
236.11
339.704
285.074
385.302
318.346
286.634
304.59
241.559
236.999
373.229
340.443
452.691
507.609
459.958
328.228
248.993
270.259
427.823
501.977
565.171
638.394
378.958
290.426
204.381
460.782
547.272
653.01
586.045
542.2
454.823
295.535
236.67
210.669
545.353
570.118
527.403
523.117
329.926
403.003
335.731
409.116
508.264
542.243
578.14
514.028
235.305
150.977
118.768
249.477
541.021
552.866
637.463
366.32
242.991
260.63
231.357
356.973
637.918
421.898
900.678
489.542
137.34
200.696
229.259
512.621
899.459
584.727
794.027
357.258
161.776
191.392
282.8
594.794
824.099
419.943
842.871
373.193
191.391
340.513
420.857
709.87
896.161
448.656
876.801
403.968
244.111
158.742
275.008
723.753
928.954
452.835
756.247
391.63
279.577
257.435
261.223
595.798
792.295
441.121
788.725
390.384
267.429
247.448
373.142
659.823
817.691
444.703
505.314
341.355
334.373
246.074
317.318
528.036
546.748
360.508
295.822
417.046
424.513
264.09
184.743
162.391
264.12
402.896
353.618
257.964
320.569
415.202
349.48
231.645
354.587
265.641
303.976
519.284
461.741
212.872
179.239
213.298
268.541
495.81
270.492
410.983
368.839
242.185
170.631
215.856
245.936
393.773
325.896
337.269
308.149
189.783
202.085
302.003
313.244
331.111
226.791
309.876
387.233
303.78
240.224
246.99
223.169
280.02
296.283
274.108
259.661
331.636
228.742
254.544
312.18
279.984
400.692
696.041
716.483
486.024
356.756
236.993
346.068
658.071
487.492
529.088
364.311
349.418
249.853
285.212
454.091
543.961
409.257
507.742
383.877
307.696
269.532
212.645
367.746
511.486
635.534
683.477
379.822
199.293
259.278
339.685
585.776
719.52
614.105
606.152
297.521
265.179
203.32
327.659
563.747
633.431
890.775
585.695
463.289
549.731
502.744
401.009
848.193
669.265
760.145
434.576
224.459
198.195
163.174
491.727
779.56
488.995
829.762
395.264
181.892
225.27
265.921
572.849
855.019
479.545
551.815
337.886
315.126
336.545
438.061
575.673
581.235
344.586
642.502
354.325
291.599
222.444
431.515
633.759
668.579
401.412
747.775
431.776
189.038
182.636
415.562
785.434
818.912
486.952
702.886
426.924
289.626
302.591
434.429
785.54
761.622
441.233
680.238
386.836
411.586
227.457
542.541
862.728
757.07
390.982
183.495
223.859
285.12
267.127
219.496
160.537
173.163
216.039
314.509
420.152
376.212
271.166
242.553
240.985
288.603
407.502
314.786
555.056
513.198
280.775
240.777
257.659
272.673
525.213
299.61
291.387
305.388
334.391
227.043
259.631
294.456
301.326
425.8
521.402
430.146
374.072
226.134
363.357
415.403
515.701
299.022
243.526
261.217
305.36
177.216
181.589
296.387
252.517
310.49
308.553
347.603
494.338
330.239
171.191
286.33
315.688
290.7
311.558
313.678
353.88
359.966
349.035
299.23
299.377
303.996
406.514
345.835
298.248
274.209
227.711
285.915
401.009
403.12
345.962
465.267
408.597
379.623
294.43
408.313
344.347
615.019
586.08
383.757
264.104
235.927
298.456
584.062
606.945
486.912
649.299
611.559
362.883
246.334
370.137
489.646
615.997
561.277
596.586
377.467
262.261
219.737
312.735
518.677
617.27
346.008
367.175
333.81
454.314
284.338
278.962
335.607
370.723
603.543
300.599
368.76
529.765
469.801
599.689
647.074
334.221
449.655
419.642
257.847
168.493
287.113
583.799
465.471
434.202
541.934
371.524
230.513
155.228
180.437
414.585
532.916
408.662
485.855
325.263
216.741
317.792
348.51
655.538
542.613
330.457
579.468
389.279
397.841
291.557
459.305
761.151
642.476
382.482
541.165
260.361
287.227
385.275
500.27
613.257
581.254
295.99
120.661
182.669
358.965
275.899
269.536
192.524
129.674
153.659
140.544
333.218
655.773
582.73
317.893
270.53
148.75
272.386
247.911
339.642
427.874
361.528
236.52
187.699
228.923
322.004
223.889
339.63
489.338
374.631
204.585
187.622
222.925
311.921
322.246
482.931
507.774
352.303
161.001
213.269
295.436
462.409
323.187
281.471
225.993
212.699
181.492
177.69
308.154
296.883
341.807
253.269
228.897
234.226
177.031
218.735
332.293
270.805
299.401
179.12
176.914
318.613
313.051
277.021
307.408
201.685
238.396
263.311
339.329
322.187
292.761
247.33
228.687
263.375
276.969
431.457
437.411
227.394
351.001
345.082
267.931
399.728
499.567
349.227
125.249
149.209
142.593
231.046
476.481
401.198
296.233
283.476
412.196
384.8
359.225
230.181
288.161
276.594
282.695
357.055
343.022
540.943
350.823
248.665
257.836
352.327
313.273
273.524
445.778
435.448
334.95
215.108
302.459
264.233
177.682
174.587
165.44
343.688
211.522
159.119
182.235
172.155
481.179
343.782
224.569
313.816
214.145
209.009
459.906
387.964
518.671
438.817
260.242
446.477
270.518
318.201
504.035
470.368
510.137
334.956
159.16
293.49
196.882
362.554
528.864
359.214
373.679
282.897
227.727
249.64
338.344
455.921
395.713
302.416
599.624
291.432
183.782
203.396
467.389
708.106
657.089
328.346
385.934
246.055
240.586
389.066
226.33
213.621
379.574
271.623
179.071
264.69
515.208
591.404
269.242
154.179
170.618
231.421
198.321
296.44
407.375
372.423
339.702
270.542
199.697
269.621
180.56
406.129
500.13
302.659
224.45
259.662
171.243
355.126
317.62
467.534
469.991
351.507
269.83
205.296
286.796
452.153
225.331
321.052
371.445
475.66
291.074
270.543
232.999
298.469
474.122
539.211
510.467
563.535
340.423
281.088
437.305
539.763
422.118
447.504
418.05
368.904
231.927
277.32
388.692
451.096
399.76
578.761
496.497
344.453
235.255
248.085
362.228
568.39
265.417
394.712
574.748
582.516
316.233
183.608
244.758
362.534
183.912
295.943
415.157
445.752
420.601
270.362
181.541
266.024
202.291
316.776
410.15
450.638
387.312
173.768
180.918
303.293
195.39
340.583
423.688
362.998
257.337
190.064
191.773
311.329
316.669
317.143
442.461
454.236
263.999
198.447
301.466
311.363
292.225
229.712
297.972
494.436
460.853
241.96
289.329
241.112
330.318
198.6
275.897
340.596
393.052
478.092
370.699
203.936
414.127
352.473
247.408
295.24
544.264
719.948
465.85
357.822
261.376
177.83
186.653
273.985
426.325
468.474
290.945
174.703
340.903
273.342
309.033
384.8
421.498
392.775
350.202
285.477
638.92
342.094
287.549
284.791
292.312
425.461
648.83
400.145
362.626
245.514
284.546
318.082
166.41
185.152
353.529
272.835
290.779
273.623
446.549
622.819
313.521
153.198
273.443
282.08
135.006
237.129
495.139
813.593
377.365
182.075
136.459
207.212
268.097
370.082
411.529
276.558
245.437
311.883
257.835
346.084
265.963
419.128
492.776
385.365
294.05
239.273
255.187
398.881
260.646
403.635
445.182
356.187
250.767
196.328
231.424
381.483
468.017
339.266
249.762
188.455
171.282
216.578
464.413
355.091
322.991
448.804
473.065
386.652
237.012
157.956
288.428
440.773
306.017
250.57
225.236
210.543
232.537
239.46
297.716
269.696
305.124
397.785
363.646
367.59
272.398
261.195
285.544
391.688
309.343
508.299
648.428
500.139
446.614
286.028
301.603
467.753
371.939
491.77
540.576
383.784
379.752
275.777
352.091
470.632
232.623
454.24
538.407
389.176
265.866
199.058
209.112
408.184
275.509
308.634
349.727
383.252
294.512
200.849
262.982
294.363
142.722
222.334
443.377
502.649
256.836
155.236
137.1
194.047
406.77
293.17
353.792
347.904
416.361
365.69
423.476
305.037
372.216
233.866
334.238
375.784
526.612
588.068
420.978
229.207
421.656
344.212
246.994
305.835
413.292
548.425
459.33
353.615
377.852
254.542
220.563
273.773
472.968
583.704
417.034
254.838
464.397
264.968
208.188
292.265
480.586
597.133
508.949
284.937
259.935
151.949
264.118
397.221
235.306
160.859
258.512
168.288
180.97
216.672
308.444
448.683
252.879
134.228
168.556
217.244
175.869
118.092
309.847
610.04
347.19
172.098
186.501
115.148
191.024
257.218
508.728
587.739
296.407
174.767
187.257
227.098
258.485
238.151
362.77
366.985
203.393
221.56
265.682
224.089
314.223
264.963
224.543
398.217
271.73
199.63
290.189
288.239
371.196
289.568
340.496
503.101
350.562
277.576
387.649
292.929
304.728
336.475
250.581
230.612
246.077
246.676
299.225
335.935
295.459
426.295
446.188
325.312
172.785
155.152
267.29
402.793
171.513
164.06
281.777
431.636
304.536
224.188
173.555
161.385
317.861
475.815
428.16
385.148
314.733
252.872
297.771
451.724
212.458
350.736
549.381
431.338
417.449
267.402
213.752
314.184
291.772
326.816
529.34
426.789
283.686
267.328
301.75
294.36
149.555
262.301
407.971
550.329
290.799
154.242
138.807
237.868
126.012
187.044
464.85
646.181
350.327
158.025
128.019
159.697
244.658
247.541
395.471
590.203
352.556
236.862
237.723
247.39
384.974
254.963
207.231
238.683
327.232
460.215
420.808
263.239
474.384
242.6
176.586
233.863
420.67
549.997
511.195
264.944
321.499
326.782
271.958
311.484
387.414
431.613
341.054
326.663
581.477
351.663
300.492
293.108
379.511
469.713
587.758
405.232
185.248
230.53
495.78
695.465
401.28
209.814
185.335
204.202
212.828
223.249
330.958
414.287
294.377
164.157
207.522
220.685
191.711
175.185
196.134
255.868
187.291
130.19
185.779
181.87
216.624
310.698
561.952
630.151
294.935
186.585
213.767
275.45
148.107
307.396
448.264
543.41
269.309
153.865
137.444
270.735
242.135
221.982
225.356
273.805
190.8
175.329
237.591
228.657
416.961
227.546
287.285
392.263
247.749
267.833
413.454
263.599
233.109
373.558
549.03
440.754
288.651
225.483
239.107
343.694
205.951
345.461
581.228
573.36
275.774
211.382
203.143
311.575
276.579
250.992
413.18
440.365
264.627
292.509
279.477
239.417
357.918
306.658
458.545
494.527
324.744
212.802
346.079
317.099
217.748
396.813
653.385
709.944
393.14
211.943
206.255
364.389
211.588
402.671
671.827
624.813
332.537
242.33
201.739
356.706
284.658
266.809
395.081
397.211
304.094
230.764
282.147
264.449
223.131
219.645
437.054
646.866
391.136
219.729
225.965
211.713
271.876
198.951
411.668
767.65
341.357
141.307
258.824
208.646
289.896
285.535
221.448
264.533
309.363
375.825
305.123
295.268
367.522
254.147
166.293
330.682
395.728
326.967
364.869
283.147
300.167
244.276
257.844
347.845
337.247
308.042
299.353
255.37
312.119
286.538
268.682
277.233
331.807
401.022
336.585
279.771
