356.518
559.997
319.735
197.921
141.63
262.865
318.362
548.068
362.291
405.28
257.062
229.685
191.326
274.355
338.774
420.114
441.874
674.725
485.947
265.082
215.713
267.802
387.508
661.288
468.403
694.291
520.657
209.98
241.282
316.339
419.26
681.662
392.009
554.676
487.283
226.164
202.12
243.639
349.718
531.968
310.052
317.299
366.458
353.69
193.879
208.653
302.654
306.542
251.803
380.236
515.45
364.59
274.792
167.432
235.333
356.636
173.852
373.611
622.845
489.21
333.471
225.324
161.737
319.85
200.562
375.813
549.214
537.878
250.923
183.794
181.56
335.001
154.144
212.174
379.502
356.103
384.883
253.998
156.026
186.452
211.144
203.72
345.243
402.552
375.395
246.998
213.426
199.802
446.206
250.007
300.007
654.814
395.018
270.603
448.386
287.37
303.127
196.756
308.634
495.678
453.32
239.838
305.115
209.278
332.627
244.304
232.176
476.393
506.294
307.791
320.463
273.156
238.371
195.39
220.872
374.86
447.547
314.715
252.427
196.903
462.818
309.183
273.657
457.725
620.408
446.01
453.049
346.876
254.623
404.308
437.359
417.627
671.782
611.902
265.904
354.092
489.803
360.613
260.155
253.361
439.039
607.247
513.814
379.753
385.278
292.875
208.999
161.32
230.846
476.413
421.558
298.265
346.969
234.588
186.232
216.833
331.803
470.426
385.433
236.732
307.163
505.842
312.104
172.488
187.17
304.522
290.019
484.748
403.37
605.235
408.296
196.669
201.964
267.866
358.384
593.237
469.742
706.072
526.746
210.765
219.849
287.5
412.117
691.246
383.631
553.425
355.624
174.758
149.279
291.068
350.822
547.554
367.423
547.347
530.136
324.936
289.008
217.439
324.568
531.479
282.829
405.28
498.371
413.938
275.003
203.475
254.947
391.21
303.099
456.294
468.698
314.663
181.965
183.263
271.445
441.721
297.71
460.337
519.727
380.978
361.026
303.96
297.232
432.908
203.877
273.044
348.196
340.978
231.824
198.236
204.462
256.765
163.403
240.179
471.993
628.245
354.764
155.462
166.339
219.352
207.758
147.611
327.643
485.236
274.508
196.34
214.38
147.154
131.456
196.632
373.972
527.392
276.773
137.546
133.588
177.926
150.088
171.21
320.998
492.199
428.364
233.635
161.91
155.146
186.937
201.645
411.336
673.251
830.44
436.491
191.438
171.617
255.128
289.231
275.617
413.19
560.527
463.077
264.65
273.102
400.882
390.629
347.692
402.135
710.609
683.393
428.474
408.989
373.611
355.757
311.905
306.829
580.48
716.218
414.841
357.153
441.742
345.159
289.342
305.106
514.382
666.85
483.089
343.591
455.525
221.68
212.902
156.406
416.816
599.646
506.755
247.559
230.087
229.209
168.172
207.716
347.475
475.17
272.32
211.33
338.88
516.042
301.62
153.288
178.205
274.289
313.268
502.427
538.606
700.265
453.943
220.748
217.492
348.905
490.697
702.306
437.929
491.827
301.744
140.34
179.303
363.285
436.987
497.843
524.091
623.919
399.367
141.723
206.685
272.801
470.732
644.399
441.611
528.922
373.59
230.024
196.163
286.635
403.978
536.451
323.3
471.932
393.545
237.805
221.942
252.654
299.152
459.26
395.433
543.979
431.396
263.895
253.291
303.666
361.636
539.354
331.234
493.084
510.177
438.06
262.901
221.562
299.374
478.899
206.837
439.104
502.254
297.652
209.216
239.445
184.825
393.56
166.668
367.961
698.261
698.814
417.761
220.47
158.717
315.738
322.387
302.331
420.115
423.818
242.984
219.963
326.184
301.355
252.18
149.949
404.089
825.76
588.912
249.86
256.003
156.495
272.459
251.978
415.922
684.214
426.935
253.439
278.349
241.347
393.761
280.817
224.609
560.544
603.254
420.797
395.681
301.732
286.307
218.857
218.318
280.138
438.847
423.156
305.288
228.804
225.351
234.553
425.731
488.097
694.668
497.326
254.268
214.871
415.595
246.646
326.154
371.918
593.398
654.657
468.393
258.945
479.971
268.22
242.6
188.043
353.034
573.69
529.39
295.573
478.984
309.715
217.035
199.009
292.07
528.307
518.107
342.307
276.544
131.426
150.852
264.882
302.86
188.559
270.077
163.198
420.123
604.198
375.462
147.557
155.651
281.662
383.407
598.98
446.172
613.676
463.982
230.51
240.608
287.314
410.739
606.573
462.502
596.129
464.004
238.689
232.739
286.013
417.526
593.219
510.408
579.057
292.988
237.777
193.846
284.621
459.442
598.07
442.54
534.477
502.231
303.744
218.258
259.915
409.965
523.315
395.527
557.781
447.415
181.247
179.966
227.373
351.405
545.398
441.24
568.082
487.157
227.787
302.604
324.422
398.495
556.844
257.108
446.073
460.875
313.962
180.009
215.448
240.234
420.56
218.961
262.364
411.184
479.051
259.697
206.496
228.538
239.353
218.538
397.295
545.469
625.318
294.304
221.321
205.684
356.638
161.893
199.116
340.381
424.447
251.98
177.421
158.256
191.454
130.618
126.256
254.693
474.775
307.025
158.216
133.943
120.852
146.996
143.453
353.249
742.376
583.761
212.513
143.365
140.29
320.026
228.786
243.446
345.83
335.94
229.827
313.576
251.464
336.816
212.83
233.242
330.879
435.794
366.956
363.908
235.804
478.481
429.391
323.499
392.91
722.218
767.602
528.006
447.153
346.02
298.811
266.202
278.791
388.344
528.493
371.989
307.976
420.457
277.836
293.034
330.605
338.072
479.718
454.336
290.025
375.286
295.334
274.101
257.236
334.514
574.684
420.772
288.962
231.02
226.834
204.061
320.399
295.733
399.379
264.691
209.756
487.44
601.269
403.4
181.322
210.54
266.445
434.569
614.437
553.947
639.63
372.738
175.245
137.285
246.894
500.153
657.682
407.74
547.348
411.014
243.366
260.64
212.893
363.634
545.8
406.075
532.216
281.599
215.699
142.248
321.519
401.059
537.188
486.624
536.698
461.82
276.14
244.466
275.381
448.042
547.42
257.788
327.442
341.859
281.604
298.215
222.382
251.296
315.058
351.455
317.048
397.995
417.398
295.259
361.878
352.756
320.85
225.8
346.933
409.778
258.632
200.621
275.779
230.049
311.671
232.78
356.804
463.609
411.577
299.89
153.958
204.965
339.78
199.363
330.766
425.601
440.203
245.63
239.147
201.713
295.583
192.018
269.498
483.655
575.578
386.501
241.924
182.893
246.315
148.801
207.388
437.446
677.293
417.102
181.942
152.054
190.28
339.27
307.287
299.416
457.174
461.81
330.131
323.463
327.923
225.442
147.383
207.295
339.821
531.041
389.427
242.018
154.335
501.378
410.194
352.187
457.671
630.828
676.733
544.732
425.232
510.635
426.543
258.274
290.721
517.407
705.891
559.161
442.671
438.959
362.594
290.63
316.19
666.725
802.657
492.997
370.397
406.606
366.302
388.862
215.746
471.345
660.291
454.866
344.897
427.433
387.553
276.262
267.214
303.75
517.596
437.758
411.347
262.33
224.251
194.242
141.921
179.823
344.339
279.915
225.339
506.668
563.144
278.06
209.476
168.994
343.88
467.696
579.296
588.578
675.579
427.988
172.159
168.736
258.821
528.005
703.476
407.027
652.245
494.556
222.065
201.192
271.086
353.923
633.021
614.751
585.721
329.127
198.965
177.345
213.731
561.779
622.762
560.634
574.402
513.729
292.999
228.058
263.012
517.85
584.615
296.228
460.522
450.346
267.395
211.409
217.317
266.117
438.17
471.924
474.015
366.859
476.623
314.768
238.011
439.274
488.839
248.264
421.527
459.327
358.423
225.145
238.609
230.874
397.048
333.888
371.118
505.109
425.718
290.282
220.038
331.73
357.395
205.275
306.586
348.996
383.045
266.888
170.925
186.218
293.579
262.721
209.125
289.608
314.757
213.886
194.391
266.179
208.819
189.694
170.121
307.367
636.685
543.712
270.823
187.51
169.856
222.768
303.432
326.675
432.875
524.174
419.172
227.263
274.165
510.512
236.537
314.688
429.025
486.601
472.673
524.371
272.518
705.586
333.099
176.054
192.607
288.938
614.618
738.926
377.142
545.773
431.188
255.284
216.216
407.894
590.696
553.108
469.338
537.381
396.707
361.152
297.599
613.748
832.76
598.17
417.547
668.814
383.413
241.505
318.073
484.71
763.024
719.025
424.198
449.531
281.599
296.626
203.995
437.765
609.318
487.529
292.265
409.168
238.037
165.31
178.477
341.271
565.183
459.453
252.091
434.882
571.501
349.651
192.09
179.289
269.926
399.313
576.679
545.774
665.987
372.278
202.535
207.337
370.278
496.926
678.098
427.391
645.837
484.847
208.821
183.53
311.055
386.609
633.156
412.944
556.496
312.828
154.31
189.57
265.982
365.068
560.905
498.586
601.134
395.547
198.974
161.914
210.825
447.744
609.615
571.82
497.635
314.286
165.635
172.621
203.478
530.828
526.612
485.477
544.317
329.925
195.049
152.931
255.331
441.617
569.198
278.53
379.123
328.229
252.954
218.532
244.846
263.953
373.699
408.696
334.452
453.202
311.502
240.624
250.839
414.34
329.697
307.376
301.593
255.02
361.964
228.784
246.687
303.435
309.469
350.531
256.337
238.847
395.712
274.804
195.873
336.972
286.084
267.298
196.443
369.251
590.67
367.06
208.374
273.326
200.114
253.531
262.405
248.099
384.048
579.558
478.895
271.831
261.845
385.58
235.4
219.228
341.887
541.251
582.223
432.169
256.286
543.961
602.114
497.359
592.11
495.342
415.571
494.6
601.921
587.228
392.409
177.192
198.912
336.304
600.006
588
435.429
528.33
538.912
270.394
180.297
380.841
794.124
578.1
552.287
586.184
378.352
339.749
257.868
588.425
813.696
647.327
394.399
657.422
349.768
190.67
206.179
345.07
739.289
714.759
373.168
378.82
235.07
180.615
209.874
323.189
450.914
402.753
250.542
525.589
535.542
309.641
159.636
165.45
236.937
478.163
561.409
583.013
663.366
349.883
214.328
196.77
302.339
524.849
685.436
518.619
642.588
342.405
119.128
183.123
374.265
481.429
649.707
524.477
583.286
379.439
257.969
188.338
254.492
475.185
596.502
553.012
613.485
404.364
209.095
249.343
287.129
497.765
633.067
442.632
540.948
326.298
193.499
154.114
262.613
398.439
549.156
616.991
546.408
271.874
243.182
224.905
245.937
568.877
599.016
378.984
451.881
374.381
218.887
284.387
296.823
351.612
440.962
494.533
406.626
347.872
211.141
270.674
369.19
480.4
415.857
325.544
313.684
296.542
278.122
252.965
233.637
313.125
318.923
246.577
303.084
285.155
370.365
228.517
250.115
232.299
302.477
446.879
233.846
236.097
457.985
380.094
257.818
446.581
278.51
285.4
177.661
256.497
505.917
578.094
383.343
306.409
191.253
445.012
279.571
296.903
262.879
465.606
669.947
491.404
303.874
499.613
389.307
346.172
310.906
458.073
580.745
510.899
413.864
739.479
344.657
180.38
282.147
367.58
697.988
784.449
380.117
553.414
364.173
238.585
235.279
299.056
642.367
597.399
375.268
573.243
371.06
262.798
201.327
507.302
838.778
645.163
373.592
602.335
302.913
279.897
224.949
451.69
741.866
669.235
327.315
457.008
343.127
179.449
237.247
384.827
630.308
508.69
352.034
537.238
644.603
326.616
139.458
169.494
321.59
483.697
653.476
544.096
730.367
463.085
183.521
224.861
320.509
482.529
730.118
477.364
575.488
417.658
234.599
196.019
244.869
430.798
582.967
370.64
500.841
431.115
203.388
180.263
221.192
328.538
489.332
485.619
504.959
289.701
238.469
174.514
287.878
449.626
520.971
575.053
500.939
283.81
260.41
186.015
258.045
532.313
546.969
478.948
458.64
280.475
243.192
268.515
291.601
444.046
481.475
440.503
348.073
302.347
245.114
220.955
294.016
432.867
366.346
509.421
407.969
219.355
224.108
209.833
199.793
474.682
451.229
368.303
519.064
481.85
286.64
236.778
206.195
326.078
506.237
103.872
191.906
351.599
578.106
400.076
157.439
92.9884
176.085
285.969
178.745
255.289
346.999
493.59
373.016
299.581
188.988
522.221
320.187
246.541
284.702
333.785
432.713
531.56
351.07
607.556
316.577
239.499
296.165
267.915
476.253
633.736
358.495
414.557
346.313
310.602
272.895
430.281
645.416
452.528
359.911
654.946
327.375
264.885
216.472
491.381
742.507
708.658
361.747
594.36
348.412
280.143
176.18
395.416
745.518
653.302
346.473
709.126
398.354
266.169
200.249
307.466
731.503
763.807
419.942
716.525
489.17
249.682
199.997
393.059
803.861
774.947
503.667
382.381
359.809
399.079
292.58
556.19
702.675
431.761
323.585
588.744
681.728
382.34
136.972
190.534
319.744
535.317
712.192
548.582
677.636
448.664
243.477
249.411
315.388
493.813
681.011
571.715
587.436
323.699
150.924
116.505
228.905
516.243
625.366
529.286
580.991
409.679
297.471
309.9
225.76
476.289
595.223
392.02
510.551
296.883
229.483
225.904
219.001
346.645
515.517
484.864
471.105
341.386
222.631
341.088
282.582
454.933
480.602
323.324
327.529
373.96
388.954
225.656
195.361
309.283
332.571
422.934
471.517
421.849
383.382
187.618
202.6
387.52
478.009
635.322
513.51
277.788
194.776
136.245
242.031
595.437
567.23
266.552
518.223
552.093
339.915
229.183
287.582
253.439
466.987
270.265
322.176
495.523
649.311
452.783
240.919
248.896
319.366
299.369
226.405
324.51
419.132
572.035
391.592
305.352
226.566
452.006
320.201
257.317
276.128
434.53
595.755
494.217
340.055
471.693
361.642
249.235
254.043
303.472
570.549
499.878
380.918
754.38
307.184
215.723
358.699
420.243
700.929
806.706
370.195
800.488
422.769
221.949
135.901
377.231
788.337
864.157
482.304
804.49
321.925
252.05
257.895
519.789
777.729
848.396
388.968
581.453
489.046
298.958
171.425
384.445
751.608
634.425
511.982
631.74
355.059
233.196
279.326
363.057
660.343
688.883
400.049
709.753
479.425
244.272
209.161
440.175
844.308
773.998
493.882
538.648
721.107
401.254
162.219
151.44
298.831
477.429
726.445
570.195
513.164
329.671
226.404
161.56
212.044
529.34
549.601
550.267
580.231
340.573
152.642
171.771
328.795
514.981
611.099
459.006
488.474
296.597
274.045
224.121
319.793
427.997
501.516
488.636
570.698
386.991
210.49
182.535
246.997
439.316
588.715
287.264
274.486
285.436
318.548
332.277
200.598
276.525
274.478
406.438
382.884
315.843
232.483
211.388
190.727
380.692
395.179
351.519
324.278
220.175
193.291
187.639
245.374
337.11
341.78
405.165
369.377
271.934
259.011
218.879
229.023
380.968
388.398
391.276
259.727
202.102
238.103
249.834
236.091
377.628
290.114
464.098
317.351
287.328
306.079
232.592
311.966
471.572
337.551
550.359
353.472
378.817
611.926
518.638
618.917
573.37
345.477
552.78
276.818
198.722
214.551
404.015
609.985
596.621
307.891
631.166
414.485
210.915
230.242
216.681
517.682
665.173
463.984
693.672
397.428
350.717
298.475
296.814
622.14
747.04
423.438
763.942
378.415
195.683
161.745
276.647
603.346
794.857
441.642
533.015
318.497
247.126
261.633
328.922
457.999
549.444
358.214
511.333
478.017
241.538
209.884
259.406
574.015
547.752
493.677
542.947
320.998
211.186
185.476
367.059
698.653
599.213
331.29
649.715
316.731
186.835
157.488
298.058
585.807
692.394
367.868
516.621
629.293
469.618
214.386
217.617
270.375
463.204
639.455
446.159
511.952
344.839
160.113
160.9
200.452
401.415
523.306
521.468
507.794
319.599
308.275
276.118
222.377
479.863
531.454
281.474
358.393
350.816
268.708
227.101
230.504
258.517
352.887
328.99
264.958
336.596
340.824
316.34
224.154
324.361
270.416
236.952
268.346
354.87
535.781
280.422
134.44
220.391
265.783
283.843
331.39
309.613
326.73
172.615
119.617
255.278
339.512
342.617
401.04
250.486
191.013
124.947
208.064
310.131
411.997
558.748
470.258
236.728
211.286
198.803
291.118
521.745
518.501
325.578
310.509
404.926
402.175
289.15
217.27
327.481
305.121
295.954
298.517
274.528
484.372
333.21
276.842
294.711
306.941
309.537
227.805
332.377
508.247
636.887
489.683
343.636
228.862
865.645
435.658
272.328
214.801
235.863
480.469
858.542
514.171
803.296
341.45
176.301
203.59
204.926
469.905
823.58
418.28
682.495
362.169
136.526
148.24
202.419
522.785
723.215
411.544
776.791
348.127
194.59
203.383
402.663
679.149
821.097
417.922
696.697
347.878
229.985
301.677
453.043
637.393
720.239
409.963
697.039
382.936
260.327
214.405
426.892
784.957
749.815
411.166
732.889
411.628
227.077
279.736
391.865
757.163
800.364
463.832
701.11
320.266
225.95
208.599
485.912
764.362
764.829
372.695
419.214
344.741
273.439
323.009
227.55
188.551
396.146
376.948
358.472
410.527
336.452
411.706
299.926
206.616
333.331
422.035
247.32
341.564
296.593
267.189
174.276
211.434
223.888
333.077
348.927
512.191
431.331
237.976
194.966
246.317
315.213
498.571
434.796
563.637
436.292
328.867
308.281
400.682
420.297
559.087
377.083
374.301
294.353
201.895
230.746
216.793
349.723
384.39
502.322
449.34
275.491
164.897
143.986
266.403
472.236
482.154
219.472
294.616
322.103
255.936
250.485
210.254
222.517
281.887
546.397
657.317
465.61
233.219
218.657
391.889
501.974
666.044
574.055
554.825
534.611
351.151
359.49
280.704
534.923
559.167
962.969
465.566
192.802
222.701
197.376
361.942
945.922
570.692
301.681
286.706
282.598
513.404
324.828
193.017
289.514
290.808
774.677
452.543
175.448
163.066
162.669
395.786
762.561
534.252
746.536
322.006
203.965
255.462
228.356
547.124
788.13
373.134
681.599
275.144
140.754
162.55
231.368
549.485
727.491
332.832
650.827
305.701
232.066
324.009
350.911
572.139
694.858
355.474
678.593
287.449
207.19
198.14
376.796
655.81
734.35
339.005
657.74
334.519
268.214
246.201
384.208
676.352
717.616
380.969
756.487
387.254
223.441
148.237
322.753
773.966
815.487
419.039
498.533
381.535
230.839
213.381
325.123
695.707
558.215
382.462
567.835
563.11
369.151
227.014
195.976
238.694
516.742
598.837
457.521
599.503
415.899
244.238
200.976
316.777
421.079
601.355
371.521
501.665
458.213
275.935
170.21
276.614
342.055
491.234
420.155
578.991
508.256
218.852
195.317
261.542
377.277
557.418
323.729
398.153
374.944
279.545
207.324
191.914
294.984
401
522.797
373.77
425.07
490.796
342.892
228.472
504.348
403.581
617.922
460.522
388.557
273.421
227.112
275.817
593.233
485.658
416.302
400.651
435.884
476.8
278.397
187.521
388.543
410.178
484.018
609.79
417.81
229.49
179.324
258.828
433.694
616.236
563.94
760.787
592.131
482.594
351.876
335.26
505.519
749.948
542.685
545.492
362.23
355.115
251.426
231.351
494.685
579.705
463.537
286.631
193.433
227.607
183.223
263.085
456.069
320.853
487.972
343.071
218.989
180.86
217.219
322.803
474.333
384.677
1087.47
439.086
170.486
191.547
166.379
529.723
1097.6
559.502
732.632
302.739
210.738
244.066
197.31
449.288
758.094
362.155
984.059
453.693
150.641
181.03
276.186
678.908
1016.39
551.596
728.63
356.272
233.044
258.389
401.947
753.467
777.162
398.359
605.184
337.25
275.572
319.053
334.095
593.42
647.061
353.225
580.49
398.07
259.513
271.451
406.11
718.961
637.61
408.841
645.586
297.361
261.536
235.773
382.113
655.604
702.795
333.654
424.507
541.675
305.181
133.282
149.292
273.79
379.961
545.412
371.645
536.356
481.918
185.455
204.124
225.015
333.81
516.116
285.49
463.381
389.149
260.081
180.07
212.256
265.874
445.907
371.264
385.737
356.166
255.238
223.318
183.985
348.664
390.041
255.012
381.614
367.739
283.831
236.451
217.808
230.986
365.046
392.302
492.21
322.509
191.817
192.463
260.6
360.534
496.335
317.06
395.887
385.877
274.154
229.831
215.814
297.39
388.796
434.106
289.766
260.68
191.673
153.843
206.763
417.539
309.761
611.846
561.082
439.008
225.851
200.768
294.979
583.049
572.644
440.107
500.278
321.115
274.205
214.876
253.793
404.294
513.008
474.791
456.711
326.597
233.189
168.526
203.525
437.896
481.652
393.661
319.294
293.62
372.502
299.319
254.899
389.503
337.199
421.015
369.482
218.419
260.423
241.133
315.78
394.869
397.853
655.511
357.588
192.728
246.985
139.629
324.14
644.848
422.687
640.357
340.783
212.807
267.854
268.543
370.975
645.677
397.217
712.894
313.465
228.28
265.53
349.546
599.394
751.967
373.494
670.328
342.961
189.646
259.156
448.797
698.467
715.875
375.714
668.003
300.718
177.419
202.502
304.641
660.39
729.522
345.656
564.094
327.418
287.565
239.419
425.421
668.332
620.799
357.155
555.653
369.49
227.156
211.217
354.682
668.096
605.599
379.09
308.761
303.369
294.313
254.384
180.372
209.523
298.855
316.142
440.301
453.16
416.921
280.799
186.184
205.835
411.887
463.721
242.778
327.229
363.637
322.569
193.724
170.514
224.164
314.833
270.157
401.203
431.541
310.131
242.689
200.977
244.795
378.958
375.923
531.021
503.515
296.244
222.114
258.687
339.182
518.755
276.177
434.775
377.677
259.67
269.416
248.911
251.788
418.692
227.284
296.457
352.644
279.526
223.609
198.238
217.437
283.631
432.912
260.855
151.45
164.915
135.834
240.616
428.786
303.492
480.163
630.195
477.408
279.817
252.059
286.665
437.74
619.338
567.194
581.274
417.922
256.331
318.397
378.483
521.201
604.664
581.428
483.803
547.028
533.01
277.537
242.052
552.041
506.21
571.936
501.659
304.733
207.964
165.551
190.791
529.326
543.323
478.645
527.866
362.321
223.627
241.135
216.39
424.624
548.522
449.879
473.444
259.251
158.09
169.734
376.684
421.8
491.249
540.01
353.445
239.912
293.158
289.186
512.334
581.629
382.967
493.628
377.781
174.085
225.191
265.734
436.954
508.359
403.064
416.025
211.748
192.05
190.494
259.472
382.481
447.029
228.644
363.76
223.449
194.462
225.619
280.19
404.138
397.482
232.976
667.39
396.96
205.069
251.973
484.607
783.992
723.115
414.59
596.086
342.133
274.823
190.304
438.964
730.2
653.645
359.057
333.71
397.69
405.051
262.559
221.843
287.838
328.94
371.962
277.519
401.31
540.828
445.21
252.287
203.39
258.128
378.341
241.91
402.217
476.124
396.316
209.741
200.024
219.439
371.194
295.568
394.16
489.989
385.728
208.4
206.457
271.775
378.352
370.125
427.398
396.63
198.484
188.219
237.383
350.662
417.382
322.857
427.542
412.589
290.287
204.954
177.643
290.782
422.158
239.165
322.949
384.284
327.542
255.399
250.107
229.727
314.32
327.551
241.433
125.033
169.87
148.405
176.903
312.911
270.639
300.583
232.591
196.393
164.14
184.924
215.3
305.574
243.322
333.315
322.008
486.659
441.362
379.591
222.772
325.744
316.515
344.023
346.758
248.567
287.682
210.672
258.685
323.53
367.328
328.236
412.788
292.014
275.767
211.4
221.547
301.036
413.89
369.345
323.129
397.14
409.611
378.63
169.501
351.507
332.271
370.86
433.84
355.803
239.384
222.836
312.412
347.263
437.427
373.008
269.947
245.553
388.046
356.81
237.865
366.084
290.693
365.228
203.309
185.82
398.499
319.128
419.896
400.018
216.681
618.406
379.351
231.883
194.695
164.355
368.841
624.187
419.987
450.513
275.668
217.526
319.413
267.219
285.077
444.028
310.999
467.869
417.594
287.534
202.031
377.549
657.825
505.962
430.702
530.724
354.82
240.003
216.325
387.412
706.813
586.543
365.77
422.243
403.541
311.998
283.933
229.378
254.777
393.074
425.881
457.726
377.965
492.243
367.278
367.299
227.529
438.301
393.424
334.809
382.073
459.592
357.8
221.716
235.225
324.797
359.925
214.146
334.71
450.578
464.187
276.383
243.549
215.211
307.315
302.063
292.443
322.963
264.74
216.779
224.451
289.349
299.05
268.476
427.631
366.64
268.962
238.37
245.174
257.016
408.502
295.829
348.215
467.341
521.664
321.165
208.167
275.416
331.455
262.42
260.186
203.784
197.434
159.184
220.259
263.162
264.61
275.777
355.773
441.51
447.872
319.852
205.247
256.982
349.994
363.295
463.697
359.68
193.045
189.012
194.381
322.977
464.64
272.261
414.709
491.169
379.896
259.568
181.696
247.251
389.491
279.384
395.932
427.596
373.542
318.946
260.436
281.559
366.637
239.333
270.382
275.276
264.738
221.327
200.373
230.255
257.956
237.744
326.337
339.676
313.013
318.118
294.498
227.558
311.919
366.551
252.424
308.833
325.08
201.223
242.352
363.997
272.53
269.203
211.709
180.035
346.01
466.276
405.77
284.553
217.246
465.975
267.3
247.967
355.731
582.183
598.979
507.207
291.858
424.336
280.117
187.596
301.665
504.17
611.283
470.339
292.281
452.395
202.491
300.564
351.349
373.745
444.982
485.459
228.404
419.425
242.406
259.445
329.861
409.647
456.171
444.107
258.197
249.664
186.725
353.525
491.643
251.202
153.923
237.657
193.488
295.82
437.485
427.539
309.011
228.497
266.791
292.168
418.766
371.647
303.978
448.486
592.123
317.044
228.829
367.098
299.655
128.229
192.913
378.475
470.698
240.768
136.538
126.599
173.081
329.538
427.286
536.94
518.895
375.001
223.373
300.118
403.423
198.404
414.601
454.832
244.917
192.286
268.868
188.432
370.655
299.788
394.567
418.58
317.45
195.98
226.7
276.805
391.396
675.829
311.169
209.392
213.795
194.649
258.312
661.555
388.836
405.339
558.666
430.367
278.369
230.845
218.465
359.703
552.766
350.987
290.671
220.966
182.454
220.655
186.511
338.293
308.595
345.219
425.03
350.272
235.773
195.037
155.222
307.721
427.606
295.378
407.808
518.525
397.143
399.251
262.79
268.936
382.663
461.147
537.281
446.955
302.376
281.499
290.04
422.858
532.34
165.509
365.27
487.08
404.653
314.398
227.912
152.11
318.937
280.351
230.841
407.402
582.673
356.401
238.579
281.345
231.185
220.71
214.867
354.619
483.675
264.804
131.004
216.474
209.749
533.034
360.522
243.602
397.588
595.546
669.642
579.493
373.324
521.523
337.78
312.298
315.063
534.335
730.567
575.717
349.305
480.01
446.275
312.641
302.91
458.511
626.045
521.174
454.3
437.068
297.938
230.493
326.61
519.098
628.647
484.179
312.822
361.408
247.335
249.892
256.971
149.898
194.07
354.839
273.414
291.117
170.851
316.861
572.32
381.728
187.734
287.769
191.944
230.042
213.542
265.077
307.005
200.778
251.806
241.74
209.14
201.509
175.92
292.47
508.119
297.85
166.091
204.837
182.577
148.435
208.461
373.338
476.56
255.347
121.017
140.836
195.26
220.696
268.601
398.585
505.005
236.929
166.437
212.514
261.304
156.551
207.048
249.958
345.999
226.747
146.32
152.497
195.217
293.1
185.019
280.281
417.828
351.369
261.272
294.808
193.02
266.611
185.311
225.359
231.909
200.015
213.013
269.375
184.726
465.87
416.145
337.652
257.193
225.43
217.307
439.363
432.156
254.387
265.893
340.323
306.397
242.52
274.077
256.189
253.017
416.877
433.371
358.415
299.513
238.205
219.014
384.121
440.787
281.22
348.108
467.757
334.166
280.141
385.62
274.636
327.308
400.946
352.162
346.307
235.672
163.181
289.79
402.253
357.008
192.399
212.47
398.387
519.23
266.211
189.23
181.313
209.882
135.006
229.879
442.878
539.83
255.059
142.853
131.689
200.564
454.98
421.801
224.008
295.557
247.195
394.165
450.777
443.586
595.195
366.462
195.658
313.315
335.805
604.794
649.804
417.623
371.708
250.435
282.12
306.188
540.741
627.348
412.068
247.799
386.829
274.341
226.377
305.126
450.715
562.191
428.992
287.447
