491.196
719.149
555.957
336.696
273.349
247.798
429.797
710.21
490.367
612.193
500.873
305.985
261.59
281.903
444.432
610.104
390.971
517.99
541.643
455.691
348.298
251.588
355.264
513.926
683.006
659.176
456.188
330.384
280.536
271.906
631.958
689.827
374.494
444.126
367.776
248.65
233.862
272.693
339.962
446.721
354.409
458.731
427.218
367.558
212.17
242.75
325.112
455.262
300.699
508.796
570.995
431.758
357.411
388.113
297.533
462.551
231.951
421.88
504.93
345.766
219.41
211.655
213.783
391.869
250.944
316.017
446.709
616.233
436.33
342.985
255.487
292.717
438.756
323.853
240.798
473.843
316.763
308.464
443.683
353.546
266.76
271.277
302.182
497.539
321.188
347.269
279.772
280.595
291.064
231.815
324.113
692.049
534.744
353.593
313.43
246.458
217.142
160.929
255.77
550.388
561.957
303.593
220.208
169.294
271.268
199.381
239.326
408.015
354.099
213.317
273.097
209.579
265.598
280.121
266.33
247.359
489.537
572.108
309.067
268.042
520.18
279.465
350.838
490.731
722.605
706.086
571.507
301.654
423.808
338.543
190.373
282.367
429.994
445.348
413.82
368.534
440.282
362.508
237.509
229.546
288.74
470.587
451.55
374.43
667.769
478.55
210.698
164.642
343.401
785.346
731.754
520.198
612.868
352.966
309.395
226.43
359.715
698.194
674.763
383.007
593.685
683.125
415.51
176.685
153.598
300.748
541.937
695.955
435.706
580.203
394.832
197.294
153.618
235.839
387.254
582.074
464.034
643.309
534.638
270.07
289.171
287.523
410.592
626.038
392.991
515.27
494.589
372.177
254.858
297.659
362.237
513.245
370.867
500.908
329.358
221.864
197.447
290.479
352.149
498.318
705.564
670.074
464.462
407.301
301.932
324.091
646.783
705.403
234.057
432.74
446.588
302.338
215.341
247.586
214.111
400.489
307.993
410.574
429.169
405.086
290.52
230.695
283.086
399.821
395.049
379.044
477.746
402.1
247.043
249.12
372.568
378.54
254.74
270.721
255.196
274.946
226.702
184.079
246.614
270.332
205.663
194.862
272.774
535.427
346.444
263.32
202.437
201.615
326.37
218.114
432.774
753.976
487.456
284.442
337.584
233.026
279.816
163.02
183.037
416.782
413.65
337.163
298.069
176.925
225.72
180.417
254.423
340.002
471.232
331.498
229.436
175.284
583.866
257.462
267.374
478.291
631.705
668.447
625.019
283.076
487.986
322.042
239.836
396.437
642.763
738.522
544.134
342.793
700.639
334.621
246.938
175.173
432.777
763.074
752.859
365.521
477.215
344.805
402.926
297.3
473.695
649.871
515.221
321.155
436.464
310.156
221.437
211.395
420.128
735.886
503.602
308.015
493.585
336.183
235.048
194.862
324.473
719.267
558.686
317.392
482.987
623.745
467.122
284.311
224.605
331.921
438.027
622.753
495.523
559.501
401.856
176.293
193.561
309.298
480.768
555.864
587.074
440.253
331.043
335.106
329.675
376.689
567.546
478.739
434.761
430.821
341.686
284.444
378.557
391.218
442.148
430.537
402.453
340.533
352.995
383.669
306.137
262.14
389.441
346.39
518.968
428.004
450.884
554.968
351.178
327.642
518.898
425.719
286.918
330.195
351.102
307.761
184.343
172.172
270.11
322.308
200.636
353.153
443.908
338.275
212.055
187.242
194.608
324.971
295.647
382.733
535.893
494.096
336.888
199.239
277.166
370.099
213.818
209.987
390.223
387.596
222.289
201.9
207.827
205.603
201.501
161.244
250.101
350.982
254.256
154.677
194.412
161.003
299.947
200.594
230.3
370.834
332.212
329.387
309.338
215.78
256.928
164.835
239.916
544.621
618.046
413.29
280.807
175.529
419.961
329.046
293.821
619.025
530.261
344.196
424.277
361.425
476.213
288.328
265.116
273.88
392.166
473.714
502.555
306.567
612.063
335.83
272.824
254.879
507.69
680.408
649.866
369.353
507.159
311.03
360.925
390.226
607.286
692.137
560.108
325.648
533.139
524.631
348.537
330.454
499.566
767.356
574.112
543.185
550.647
467.26
380.817
277.979
456.545
746.674
604.179
459.801
571.049
298.932
186.409
272.77
329.358
671.548
625.362
310.907
574.624
825.906
570.676
319.331
294.035
339.024
508.384
819.366
427.435
573.291
373.152
236.969
234.636
341.767
412.191
563.86
407.483
653.035
484.85
215.739
247.466
339.568
369.533
631.962
368.142
579.233
413.96
301.049
247.814
317.122
346.275
562.406
532.241
484.123
345.244
272.269
243.92
406.072
518.703
488.286
684.855
630.094
323.059
464.839
303.617
506.914
655.53
665.806
348.456
479.67
435.375
331.248
302.801
224.042
313.476
473.597
191.495
389.075
515.865
501.964
210.014
157.781
170.845
346.59
323.169
257.512
151.441
225.513
222.999
227.91
307.166
282.245
225.132
265.834
396.876
435.018
239.065
228.864
235.358
240.185
271.488
279.741
331.465
668.755
401.032
267.008
265.505
272.983
359.658
305.653
347.455
575.514
560.721
384.591
354.006
298.491
231.453
187.689
178.438
361.574
405.876
330.299
239.618
191.987
676.402
376.246
342.997
296.011
393.837
683.534
715.76
400.15
588.728
351.156
315.209
278.167
466.869
674.517
636.216
362.677
598.426
616.68
294.102
166.41
317.545
704.479
624.495
631.025
688.01
358.164
299.502
297.359
512.483
779.279
743.312
392.915
630.858
332.393
249.52
284.185
587.371
802.946
690.439
364.239
737.943
368.509
266.967
232.378
497.914
803.225
807.612
419.271
442.101
353.855
328.394
243.069
372.334
567.179
486.416
345.083
558.929
668.3
470.208
205.1
237.584
349.322
508.379
676.148
493.419
545.121
349.603
171.635
178.867
252.518
450.33
567.39
347.88
443.875
392.344
300.253
275.476
319.669
328.285
434.865
389.327
534.832
367.967
254.45
189.903
242.557
347.864
537.375
543.981
519.829
297.625
204.098
152.427
227.695
499.992
543.873
580.082
657.561
465.215
255.948
250.369
305.116
529.887
663.866
422.844
293.324
236.484
357.383
261.811
300.034
422.244
324.938
322.25
320.12
485.587
400.231
371.797
384.495
344.973
299.398
414.905
345.656
313.116
332.06
288.468
251.64
394.357
351.868
350.286
269.786
311.675
283.474
224.159
245.762
351.066
272.76
326.917
188.255
265.394
533.435
398.196
328.361
328.958
206.316
317.128
228.36
293.578
461.161
529.158
386.26
341.499
239.029
305.757
372.595
363.946
439.816
607.439
531.272
322.402
351.491
449.009
210.83
270.479
290.661
464.714
595.74
495.494
235.731
789.454
433.588
242.982
267.563
462.775
769.893
838.955
480.794
638.985
410.709
388.606
212.128
379.753
751.748
694.295
404.308
596.94
531.459
339.375
215.925
446.136
820.325
655.795
541.739
679.42
535.819
310.516
318.393
525.15
915.232
751.859
546.645
724.323
342.658
265.623
280.678
354.467
670.154
775.459
392.381
810.728
425.058
244.337
303.734
432.199
810.682
870.321
478.269
548.07
653.595
439.615
236.393
226.805
303.521
494.706
668.215
491.204
462.29
339.516
260.009
239.221
224.949
454.739
484.918
628.452
557.659
366.093
223.547
175.867
238.974
585.948
588.914
651.104
660.392
381.324
186.134
213.373
323.652
597.736
689.773
532.253
519.26
367.233
252.583
188.196
242.952
497.012
541.789
598.807
494.048
309.493
242.088
274.073
271.717
565.445
536.458
403.472
619.034
432.456
325.186
197.519
285.888
358.339
607.637
654.499
384.769
307.132
291.08
279.728
431.268
665.418
426.929
276.648
390.263
405.898
276.99
141.878
176.196
258.163
368.035
350.165
253.188
213.631
335.886
328.99
228.458
342.19
273.141
215.276
203.297
378.564
539.246
393.872
261.898
228.454
200.434
247.625
322.679
400.694
602.325
538.296
310.283
234.911
306.818
320.707
312.245
237.793
316.85
492.405
418.768
326.344
324.052
483.687
323.581
271.902
177.166
421.106
632.467
530.277
339.222
602.044
428.255
317.961
189.324
225.948
426.829
600.746
453.168
709.72
365.861
346.163
264.95
465.49
674.417
743.838
391.394
693.585
296.066
180.83
188.938
304.604
642.852
740.25
338.839
536.871
347.271
312.34
236.247
543.219
806.243
601.99
345.295
720.61
380.627
217.649
214.87
409.789
851.004
787.233
412.498
404.355
222.682
224.783
257.28
352.383
429.954
427.123
238.112
683.136
770.794
488.79
282.52
241.794
318.604
619.396
792.18
590.745
781.308
628.916
381.798
324.97
332.988
528.225
780.541
511.086
685.463
368.273
191.057
147.559
294.956
453.995
690.288
497.54
647.176
392.527
227.093
185.715
253.725
443.632
650.469
445.401
518.926
348.747
337.263
368.926
245.315
400.744
528.771
461.051
450.207
247.355
274.847
191.441
327.03
444.522
478.976
324.094
458.3
432.013
331.166
232.074
198.412
298.741
446.364
388.74
327.15
256.834
264.937
285.168
227.568
374.709
337.394
382.164
541.512
604.435
504.558
335.723
210.24
343.135
530.463
193.635
279.885
515.047
601.491
240.236
141.603
183.903
254.012
313.273
200.684
262.83
468.122
374.413
228.453
307.016
226.285
651.187
486.725
314.622
369.02
390.473
644.617
691.484
497.892
680.983
446.555
324.381
304.473
441.087
475.322
652.328
512.463
580.925
282.754
265.639
282.56
364.792
570.989
621.326
319.971
418.548
311.608
272.226
301.602
518.662
637.906
460.793
322.072
621.51
359.952
280.011
301.802
520.62
802.832
688.393
383.285
781.854
443.8
359.032
194.714
481.541
841.474
854.13
483.931
813.058
438.487
232.064
242.886
339.539
753.428
860.443
488.713
803.862
434.086
311.32
223.469
484.095
760.428
851.315
482.969
602.739
565.357
276.473
270.557
474.598
850.218
662.728
578.742
537.644
537.902
385.045
344.098
192.915
286.631
501.463
560.497
574.536
693.031
411.272
271.574
209.693
310.035
517.372
708.966
626.936
607.046
427.604
373.174
290.723
393.678
588.28
637.938
572.853
607.141
427.009
261.659
214.39
252.262
522.013
628.383
330.509
348.492
254.024
180.935
193.747
229.74
309.954
360
555.732
608.19
488.195
398.079
260.683
366.837
520.818
610.381
573.065
651.768
585.989
549.248
240.329
322.641
531.457
669.872
622.813
428.443
263.17
257.879
172.704
288.719
607.505
477.557
353.619
431.666
388.584
315.433
298
259.241
331.724
428.1
329.354
430.955
608.056
511.392
340.246
245.519
321.797
409.677
174.524
144.187
328.988
682.705
674.614
345.647
183.26
138.318
459.218
297.145
292.077
280.813
406.254
459.033
472.688
308.524
382.925
261.731
191.278
172.734
356.358
488.102
416.172
283.498
643.85
350.421
191.283
168.113
216.654
536.737
678.584
391.216
815.265
477.806
282.584
299.879
484.912
759.461
858.548
519.186
640.864
348.167
226.993
256.351
366.305
666.398
683.672
382.623
637.505
321.176
251.875
171.323
327.288
625.981
670.746
354.881
641.003
603.402
294.669
190.986
394.089
836.671
700.923
614.018
772.559
362.173
215.74
185.429
378.526
750.073
830.919
422.195
769.373
429.835
239.785
198.918
437.942
781.295
818.841
469.911
605.693
782.316
447.562
230.808
192.954
288.653
537.316
791.035
799.513
674.841
275.784
98.9964
112.93
253.646
731.452
745.344
654.848
705.883
435.145
241.777
259.485
237.235
586.193
742.113
361.984
542.911
497.02
265.823
212.805
207.74
317.649
518.599
336.76
362.651
398.643
482.997
312.938
228.011
321.26
354.137
295.343
310.059
421.96
503.171
334.617
227.13
285.581
316.078
287.152
314.031
331.869
299.332
242.866
202.003
279.858
303.318
258.168
265.901
243.065
426.367
284.138
167.961
241.67
277.036
321.289
258.726
303.157
410.962
266.68
214.978
319.137
256.58
395.512
343.493
201.207
199.327
208.652
296.604
403.41
350.158
322.421
409.132
416.091
431.311
336.698
320.169
318.36
401.93
358.735
249.398
235.854
273.014
301.725
365.423
365.99
262.304
563.535
389.085
292.197
333.039
376.459
683.144
610.962
390.794
648.078
495.33
262.613
276.775
228.189
534.552
674.528
521.951
684.55
314.722
249.794
237.214
291.644
558.148
712.557
367.494
718.292
335.413
168.938
189.265
305.095
643.582
757.381
385.384
469.129
362.61
196.947
185.043
234.74
463.483
489.287
372.219
658.934
455.32
344.67
343.423
410.306
678.001
690.82
511.489
686.471
408.551
347.875
244.004
331.381
706.976
737.682
437.513
684.04
383.528
226.092
246.268
349.576
582.852
714.064
431.617
360.088
443.385
371.665
338.723
253.513
362.129
348.6
444.877
503.657
370.796
281.746
310.249
257.349
245.796
483.728
397.52
310.738
309.703
442.013
425.144
461.499
256.061
286.32
316.7
449.595
346.138
274.407
376.579
268.104
327.62
454.442
371.413
354.225
406.231
279.521
318.748
307.487
254.736
330.699
417.91
314.45
365.081
286.397
278.308
238.954
229.648
297.373
370.937
435.862
460.38
341.736
234.295
181.006
185.849
397.962
472.797
408.32
361.696
306.446
303.587
285.422
337.488
394.951
370.328
482.322
303.587
395.229
397.131
422.427
225.986
467.736
323.283
465.88
316.836
507.071
724.898
429.492
329.211
477.685
326.8
389.27
254.241
292.151
474.637
317.905
279.213
385.682
277.879
452.597
415.899
233.083
270.604
415.743
569.126
481.739
436.542
512.903
370.382
204.002
288.548
199.668
436.666
547.055
400.842
909.966
359.112
190.662
260.609
295.84
410.019
912.174
465.321
764.346
496.652
255.117
279.111
237.986
515.69
764.81
555.833
612.868
366.055
198.243
182.358
358.691
637.252
654.428
391.696
858.746
422.52
241.542
247.426
390.438
760.03
899.875
481.047
804.164
351.472
203.575
144.65
399.883
770.365
870.318
409.841
795.843
363.388
299.136
300.326
439.582
783.906
847.887
405.587
838.996
343.051
191.785
219.518
461.948
772.627
893.442
416.239
388.675
484.171
475.191
475.428
210.281
265.089
370.057
483.68
251.495
477.554
423.328
201.155
298.031
329.601
222.781
441.414
377.422
669.904
616.827
314.465
246.957
324.562
330.204
632.499
486.919
663.241
492.183
212.774
206.567
323.132
436.622
654.937
411.16
538.229
385.57
379.378
211.016
231.67
378.483
537.94
497.747
557.561
389.569
240.194
259.971
418.577
466.723
570.52
376.885
337.529
275.133
301.866
259.689
188.071
352.078
365.13
419.465
554.913
399.141
287.997
189.533
244.82
379.371
553.639
417.615
506.546
451.131
258.887
201.647
208.233
381.215
495.248
591.297
351.05
392.154
287.364
330.284
355.707
592.191
377.535
418.248
350.195
387.545
374.074
260.82
451.04
457.51
357.817
779.69
447.774
191.926
168.008
203.505
414.715
772.216
526.288
986.042
421.967
289.915
352.533
206.308
425.222
987.649
526.841
493.762
390.319
408.918
308.171
301.777
459.45
512.177
378.998
674.523
366.796
202.709
217.531
253.51
545.765
705.2
390.042
564.307
425.558
237.571
417.442
299.463
482.063
596.85
442.736
549.816
450.82
282.172
267.691
333.117
549.515
556.123
486.874
627.665
372.847
210.975
168.761
355.584
721.976
681.268
395.562
756.625
431.494
333.712
290.638
443.764
836.109
823.765
448.066
822.916
360.75
247.266
253.724
379.562
703.676
869.376
428.984
368.616
391.4
338.764
261.451
243.678
284.548
350.662
390.58
275.361
464.271
471.039
314.735
255.785
275.668
249.73
425.163
322.376
532.586
454.871
275.173
202.783
262.581
291.335
509.434
314.384
420.607
435.911
393.817
383.409
401.421
307.886
393.573
465.847
456.69
414.751
310.562
317.891
308.602
444.802
462.435
426.692
494.995
432.016
314.776
208.813
208.183
386.288
502.947
278.174
359.603
375.658
313.171
338.149
326.486
281.246
331.432
516.275
670.656
432.433
259.179
168.293
376.788
486.528
673.413
434.091
501.966
443.437
290.149
277.397
309.491
402.474
502.001
474.196
528.858
412.683
455.216
459.292
402.107
445.12
541.789
661.499
455.448
244.96
291.525
290.865
320.662
628.535
515.436
493.653
314.233
300.061
411.158
348.568
306.94
494.254
345.691
814.25
426.64
204.244
339.71
245.685
455.54
818.577
511.615
872.377
423.945
181.697
135.322
253.005
616.85
906.551
495.033
741.525
348.289
204.551
265.43
233.683
465.367
761.186
412.337
821.248
361.083
195.95
189.183
328.431
650.695
860.831
440.088
814.844
378.584
251.023
193.637
278.679
667.071
861.576
415.388
589.531
394.622
309.806
340.963
420.424
702.194
637.456
422.428
667.494
327.735
278.598
346.7
429.178
693.555
718.425
376.082
758.404
331.695
214.741
202.148
376.429
709.977
806.873
371.852
302.288
486.242
510.178
299.213
227.475
202.057
270.589
461.078
316.717
329.108
302.868
399.651
256.511
195.211
296.469
335.073
304.076
301.963
348.755
192.844
216.189
228.113
305.395
272.597
407.414
518.097
369.216
318.319
220.61
217.513
366.474
520.491
373.581
506.043
414.506
233.129
265.105
237.843
345.836
499.709
461.303
362.486
244.646
342.709
241.344
212.949
437.961
401.228
502.369
404.396
293.265
303.081
178.979
281.304
495.446
441.24
504.764
482.768
341.308
236.842
166.178
341.634
487.307
500.976
490.62
665.29
434.391
272.293
229.99
314.949
446.41
660.959
640.798
624.723
430.051
299.644
193.033
327.144
596.361
654.461
638.106
684.502
351.868
336.155
292.217
526.836
614.894
713.077
615.99
568.244
307.013
203.667
182.162
305.318
576.424
602.3
866.69
474.664
161.978
149.688
168.832
423.184
851.194
568.351
947.163
456.16
180.581
140.61
184.438
349.973
919.245
571.218
809.906
420.354
135.102
127.891
186.159
541.78
836.294
487.617
711.235
398.398
424.974
466.106
569.191
748.051
751.605
406.745
744.572
364.154
185.519
151.191
265.145
670.529
785.501
410.519
698.904
411.902
240.153
209.918
263.11
608.422
745.314
433.3
705.885
404.766
250.735
242.531
375.008
718.26
761.704
433.813
571.139
426.605
271.991
211.58
317.288
658.596
617.427
433.321
341.029
431.436
520.092
341.787
264.139
269.278
319.219
405.351
336.56
329.565
298.484
280.066
244.746
207.785
319.01
340.807
293.635
458.212
480.134
268.126
238.706
192.368
261.184
439.527
340.239
465.538
430.484
280.554
196.374
230.686
326.586
450.434
206.656
245.175
321.862
278.481
202.283
155.013
198.945
228.166
252.845
364.948
344.449
213.993
209.867
232.108
249.078
345.434
322.699
243.521
246.263
336.101
246.648
269.821
328.62
247.922
485.692
700.193
579.845
385.951
345.686
269.613
435.703
686.034
419.643
530.553
430.975
300.167
250.453
294.632
385.232
530.389
468.94
579.032
347.345
304.085
230.889
375.278
428.213
589.631
538.53
669.801
447.649
271.442
259.958
295.228
484.596
686.396
690.239
671.749
331.117
158.241
200.682
351.752
632.494
714.108
723.144
659.936
333.01
231.206
206.229
269.554
660.841
719.252
617.397
365.246
303.767
178.634
191.715
412.806
630.094
399.22
677.879
292.526
178.002
209.198
238.417
464.801
692.734
359.327
377.246
338.869
235.701
479.168
421.531
486.181
410.171
349.475
557.749
503.183
213.656
253.839
362.544
520.101
560.484
537.056
811.764
379.34
233.708
174.137
345.573
719.207
869.917
439.319
827.665
475.262
241.774
300.663
427.197
819.687
877.81
521.321
676.109
331.209
237.827
243.616
482.224
729.336
723.361
376.166
274.64
284.008
298.273
250.864
214.172
242.527
270.622
292.034
286.434
314.751
385.267
215.48
221.531
179.623
269.546
297.244
384.47
515.327
482.527
282.71
212.115
240.483
358.031
507.807
220.462
247.244
310.823
399.296
291.79
219.515
215.752
238.715
461.773
555.92
403.495
317.024
242.163
322.832
441.099
552.539
323.792
314.469
317.901
357.536
199.868
168.259
317.297
316.323
360.05
295.051
239.473
408.174
291.911
225.616
357.673
316.239
218.477
312.405
356.515
304.338
371.42
302.076
214.571
294.286
314.588
379.548
348.25
386.902
260.712
229.737
300.505
382.738
238.206
196.867
388.328
535.303
363.768
189.987
243.37
194.428
396.667
533.287
442.555
294.828
215.505
218.357
363.737
523.396
327.633
458.343
614.61
434.169
292.449
230.107
324.989
432.378
382.365
564.412
520.453
368.391
273.983
288.341
343.856
547.82
571.904
495.601
480.492
497.54
256.56
245.159
543.361
514.971
551.919
269.003
323.599
493.875
387.196
462.346
567.817
308.846
592.377
479.873
333.866
390.002
379.69
439.368
581.727
502.709
376.441
347.206
267.46
298.061
252.49
379.822
376.624
372.231
401.791
331.49
247.463
201.561
311.409
501.051
408.254
349.072
557.806
343.195
228.567
232.79
354.58
722.882
624.051
356.848
650.666
517.334
268.984
291.343
480.814
792.25
707.854
532.434
310.141
237.183
256.301
220.927
177.162
150.239
293.631
249.835
172.527
355.719
599.186
535.796
263.911
220.977
164.853
308.248
342.477
419.387
431.921
391.375
261.526
240.322
314.017
416.994
243.431
337.317
528.347
417.484
313.455
214.614
235.684
313.453
310.359
456.335
501.44
377.935
198.513
250.379
288.782
439.193
388.709
271.967
287.905
281.39
225.844
189.984
376.245
296.125
304.444
243.478
229.036
274.179
261.636
223.829
298.477
262.939
357.877
259.814
286.085
383.623
326.93
270.719
358.341
277.234
275.68
257.231
319.25
392.031
275.247
245.774
258.412
264.01
314.342
346.209
373.243
250.164
278.462
245.488
306.285
329.969
459.244
302.725
193.857
266.098
183.736
209.042
445.703
346.233
200.308
290.764
303.472
337.552
238.917
160.624
187.977
275.017
313.113
292.801
272.735
337.692
244.972
163.872
293.849
303.469
275.316
305.957
289.82
345.711
312.207
289.789
278.365
299.612
224.722
220.656
214.741
414.645
306.179
209.005
226.811
222.628
328.991
222.841
243.2
283.503
233.728
239.144
326.922
242.572
613.493
312.253
318.955
297.268
304.939
445.518
626.211
361.267
627.714
357.448
172.85
287.786
245.569
326.94
617.255
423.205
210.08
233.607
246.058
283.086
351.736
356.123
218.787
223.342
564.283
279.164
272.455
202.674
436.073
706.295
623.184
295.416
406.958
244.566
275.383
350.742
215.1
203.532
398.959
277.172
178.861
317.577
620.721
723.174
330.512
202.556
173.484
276.076
177.824
204.481
308.768
311.781
236.817
185.988
175.533
193.973
223.648
410.536
497.821
316.621
187.351
228.975
223.678
361.678
270.28
445.699
527.477
379.322
239.212
284.926
264.302
405.602
282.885
382.157
489.63
531.393
264.19
222.206
274.351
362.214
336.983
447.399
392.01
313.92
195.922
216.252
318.248
439.582
357.472
459.765
437.64
365.48
278.561
244.606
325.624
456.765
293.972
504.261
480.796
365.618
203.081
214.37
261.256
480.569
236.923
421.249
460.664
350.11
216.767
183.587
217.82
383.156
339.29
402.727
432.939
285.852
309.107
345.019
350.846
394.879
280.032
416.939
532.488
416.761
398.732
251.588
279.673
392.491
226.175
481.606
632.637
424.068
387.737
351.325
207.637
422.464
271.833
399.255
614.396
468.062
401.918
232.457
251.949
373.629
170.779
159.879
345.776
658.706
408.975
197.803
166.887
153.141
352.623
397.392
418.627
303.988
390.015
447.939
370.142
361.738
378.757
312.162
273.476
386.017
582.07
646.418
423.039
318.925
329.788
262.744
305.994
325.579
482.324
554.886
361.707
240.377
359.849
371.276
234.003
249.557
385.82
491.262
374.725
384.739
445.691
246.15
293.074
313.307
466.096
474.553
473.545
265.382
347.314
202.015
368.266
583.721
331.69
203.325
344.805
222.401
150.588
282.371
482.286
682.012
367.981
192.555
141.153
248.372
202.385
227.901
494.018
708.216
367.034
160.944
203.405
209.229
271.024
253.03
398.979
378.191
324.4
194.458
261.673
237.741
222.868
377.979
494.789
397.295
248.377
247.659
212.575
348.998
358.167
343.523
426.699
483.972
248.396
218.294
346.831
348.068
362.996
263.091
251.765
196.284
195.095
230.161
362.383
270.879
401.526
562.264
458.107
337.883
245.302
257.338
360.107
558.008
370.029
304.565
256.25
348.419
224.633
195.946
352.478
329.906
323.038
403.173
435.717
365.324
193.593
206.549
305.074
391.617
432.17
484.796
484.089
386.699
296.866
374.025
446.292
473.057
442.406
568.392
422.909
257.238
260.949
378.632
435.474
559.446
286.323
477.829
542.586
445.315
212.357
225.104
258.12
444.95
245.051
375.999
476.11
409.145
307.022
194.852
229.653
349.857
151.773
200.512
511.275
744.767
393.474
152.706
143.072
179.874
275.58
336.728
408.484
572.289
461.627
348.924
291.211
329.003
456.91
438.6
342.598
361.922
618.618
623.678
471.139
457.015
489.582
419.514
246.159
243.558
409.251
628.987
534.27
430.15
407.69
254.238
290.344
316.915
468.931
547.975
445.413
257.601
421.291
218.881
231.334
448.78
483.916
456.894
441.371
240.85
140.36
175.508
286.062
339.676
248.409
179.777
139.692
163.811
138.721
168.183
538.786
947.109
490.549
181.086
144.292
147.013
189.468
178.183
414.801
707.162
426.161
154.705
187.919
174.166
134.583
250.336
493.672
540.508
260.559
141.212
125.772
218.695
235.358
268.673
391.361
399.819
233.609
201.63
235.433
249.79
291.725
276.724
316.569
639.288
421.84
168.822
268.757
297.871
376.356
230.622
300.921
321.963
264.386
244.814
384.4
244.096
627.945
510.307
345.729
345.848
231.979
446.755
634.941
534.315
278.863
451.605
513.49
375.552
232.042
207.907
245.429
420.397
170.77
231.175
323.825
374.294
244.1
200.419
170.935
221.034
230.077
452.624
482.26
343.925
211.002
209.461
208.473
415.703
282.282
403.158
462.989
554.053
270.412
224.757
261.975
391.927
266.474
369.251
534.522
515.719
260.766
203.725
256.534
345.684
209.955
317.73
492.82
613.194
304.02
160.903
192.328
297.137
211.235
174.56
462.444
708.129
353.496
195.798
221.592
159.488
231.26
215.447
482.602
808.495
490.585
197.239
224.693
212.621
260.766
221.116
289.299
322.395
330.58
325.649
274.009
203.431
460.842
366.666
296.456
282.139
326.24
468.154
485.717
364.729
345.944
215.058
210.201
287.972
430.965
467.154
365.521
231.763
473.511
244.311
268.462
327.049
469.298
553.617
506.481
273.513
179.488
220.568
396.565
512.548
358.133
181.945
174.963
207.963
216.334
261.679
253.621
327.274
244.688
205.655
204.98
259.316
150.847
186.34
320.6
374.919
342.405
169.372
151.549
181.422
163.122
322.06
599.34
595.117
293.975
173.103
162.284
277.194
168.673
240.808
436.418
582.054
307.013
114.615
157.603
220.13
316.395
239.319
321.635
353.147
264.926
194.263
306.35
260.038
441.128
294.73
326.671
398.763
249.845
214.606
416.648
335.672
210.645
373.805
576.271
587.13
361.283
226.18
206.302
340.743
196.079
380.952
610.701
658.907
328.112
205.212
183.822
338.83
334.01
279.234
357.652
384.089
247.679
260.227
332.404
282.675
397.9
507.976
437.718
411.881
268.528
367.991
381.213
506.035
239.767
419.507
667.839
592.271
372.778
238.983
227.991
377.763
300.169
468.868
718.43
642.129
305.093
258.663
291.189
412.939
160.017
160.191
386.416
722.914
456.92
168.154
163.608
155.29
189.122
201.174
444.257
601.72
370.5
174.494
184.878
191.936
345.096
292.37
523.988
775.018
419.454
236.864
332.777
308.849
334.567
282.781
493.603
507.727
532.575
396.985
338.483
279.27
464.386
347.903
238.494
393.629
418.763
357.145
449.785
379.082
251.645
248.523
451.739
444.649
398.541
259.202
242.419
243.174
348.094
187.269
249.934
237.935
398.34
479.826
378.732
191.816
