555.36
690.732
502.652
295.658
177.688
384.773
505.642
697.884
524.595
614.126
417.484
256.115
274.769
444.554
490.814
623.032
446.915
504.338
366.544
285.676
238.634
281.845
412.421
516.041
344.028
378.119
334.202
418.334
261.181
343.746
353.132
372.243
358.079
524.219
515.313
274.278
233.149
268.246
334.221
490.921
343.745
548.365
486.482
287.479
213.831
287.959
308.179
529.122
241.222
310.463
467.395
488.483
421.066
239.182
229.587
297.287
205.223
408.237
572.044
608.356
280.893
253.091
191.855
362.488
213.37
297.737
415.125
571.546
337.837
207.994
203.057
285.426
174.633
196.275
326.077
326.337
243.754
155.337
174.691
183.583
349.503
197.237
411.717
803.046
551.506
244.329
348.583
230.279
377.92
310.801
502.646
634.699
406.944
357.318
387.928
294.629
207.54
191.578
259.396
482.963
452.465
306.689
213.685
203.749
247.633
222.75
218.766
371.147
370.115
255.806
240.071
232.46
375.683
360.199
453.658
383.816
554.097
500.452
385.732
334.526
644.495
300.965
228.621
378.663
531.532
653.118
684.906
351.767
546.89
286.511
364.701
404.367
559.395
643.955
589.636
295.69
611.342
400.841
360.818
242.735
492.639
900.552
690.95
383.987
669.263
339.731
393.593
282.798
411.839
720.757
731.338
353.14
599.194
328.66
270.982
361.867
360.596
512.361
636.884
349.07
450.207
610.077
412.879
215.303
251.777
319.729
407.991
604.924
592.335
655.288
398.124
236.627
270.098
370.741
542.575
675.168
317.641
495.612
542.575
456.816
259.44
302.748
321.799
460.573
499.391
525.908
306.87
279.804
208.223
359.31
466.018
549.041
401.924
529.323
537.874
439.03
301.715
188.668
361.216
520.873
496.608
743.669
523.925
283.136
257.424
390.404
446.762
725.538
298.629
471.741
545.132
346.017
265.469
275.33
291.111
448.092
134.098
216.108
400.124
386.164
216.868
128.243
131.417
189.42
173.193
237.735
534.578
687.855
362.681
138.378
168.835
205.13
235.64
217.341
444.406
546.282
435.338
293.672
226.587
213.337
231.99
216.368
283.122
468.589
384.876
248.396
221.11
213.736
132.346
133.135
298.635
475.185
432.877
225.734
132.368
125.727
325.06
207.683
224.591
438.758
354.175
300.851
329.082
220.931
189.619
245.661
296.138
389.038
444.308
289.697
192.662
236.116
476.915
304.524
274.913
296.227
563.058
728.785
529.942
316.222
495.674
383.638
287.487
382.568
568.747
498.68
494.733
421.955
560.076
291.84
336.971
341.191
489.224
522.173
575.312
323.988
481.961
355.98
243.516
237.389
460.322
757.575
547.919
349.579
598.642
406.687
281.742
314.092
528.805
766.635
648.419
437.56
570.954
443.193
259.927
290.834
383.611
786.971
636.704
453.738
425.548
524.108
388.629
245.64
255.582
255.36
383.183
532.462
402.897
472.743
379.864
339.391
253.608
255.748
368.125
474.209
699.856
492.116
320.167
317.125
198.249
357.4
691.215
542.845
407.82
473.988
476.899
457.401
228.558
305.969
395.266
481.645
518.625
358.853
209.173
209.676
190.62
293.491
507.24
396.111
321.394
589.213
522.587
280.972
199.928
248.528
291.496
557.537
295.202
385.543
388.379
273.145
186.411
161.923
281.942
379.472
326.373
371.908
366.994
307.138
201.168
262.981
317.204
372.432
359.893
210.13
245.471
353.459
278.829
269.943
373.718
232.054
208.193
246.583
451.246
673.645
347.529
126.81
202.073
231.242
186.23
189.62
395.725
604.96
296.771
131.071
178.396
182.327
237.103
175.655
236.232
415.83
444.054
272.59
249.37
171.224
321.402
198.973
288.218
401.443
385.371
384.471
346.182
207.435
389.002
220.871
255.65
408.076
529.668
542.065
429.171
241.677
334.625
293.627
325.723
311.304
549.036
586.557
356.84
297.629
550.45
390.697
250.971
265.994
421.745
667.405
601.841
421.23
543.923
340.189
322.355
334.204
579.175
742.453
594.679
336.195
484.496
441.077
352.657
278.66
551.817
709.008
529.108
448.542
476.359
475.842
425.318
321.869
466.543
745.559
530.534
468.955
487.206
393.195
197.357
109.3
284.9
694.135
546.381
394.314
569.159
754.323
524.792
282.523
219.056
314.905
509.35
752.774
701.731
697.118
359.719
168.555
226.219
374.078
644.675
730.404
661.076
572.566
517.606
359.582
229.059
236.372
620.011
600.093
312.989
517.107
443.15
315.219
336.894
320.012
285.627
489.401
308.168
342.273
322.499
341.551
256.914
319.73
304.283
344.43
353.543
458.523
442.908
505.621
244.258
206.622
322.229
457.123
229.252
408.327
446.669
277.864
229.824
245.87
215.032
365.247
365.006
258.637
362.311
477.15
269.505
251.543
363.682
276.424
187.677
269.262
434.73
476.308
220.506
144.203
175.227
251.99
183.172
201.591
352.094
632.792
424.204
149.547
179.796
202.899
329.289
263.026
338.444
469.634
409.943
233.695
322.818
273.57
239.173
234.16
339.73
558.987
613.005
352.251
249.991
219.969
372.509
214.758
384.315
455.857
625.389
429.148
379.261
215.617
459.723
325.396
303.078
395.19
383.133
473.729
491.413
322.267
504.419
398.505
274.396
279.421
428.017
641.663
543.484
415.866
531.305
412.066
229.089
235.017
430.977
691.654
581.197
432.51
634.063
370.768
279.907
242.719
398.341
697.903
683.274
403.462
649.85
351.188
294.537
284.355
533.881
813.447
710.48
373.679
570.3
464.179
370.124
310.059
491.277
665.384
611.947
491.753
661.598
401.779
217.861
220.974
515.44
865.325
736.974
431.241
559.012
653.846
532.913
335.646
271.825
317.405
514.209
662.136
406.576
548.374
374.124
261.346
287.167
397.176
399.897
540.033
459.619
528.624
364.465
263.637
228.451
354.099
433.494
531.705
507.61
591.391
377.101
373.986
262.311
301.197
465.581
606.553
680.599
522.752
292.907
199.541
181.968
239.592
640.565
573.233
705.048
617.775
337.147
228.83
196.165
248.431
649.687
675.422
318.372
428.897
498.592
360.255
237.644
221.044
307.687
406.383
555.59
453.715
284.275
350.54
220.311
246.451
529.48
489.883
264.316
217.266
259.437
282.148
193.087
149.469
257.556
221.122
241.247
211.728
296.629
288.565
265.605
217.308
241.18
211.373
226.359
175.279
267.568
509.675
515.099
253.355
233.037
179.225
254.249
255.581
217
247.567
378.466
343.748
255.56
249.598
484.654
417.322
277.068
430.072
567.296
520.921
464.228
456.901
640.627
378.775
239.458
197.023
433.178
590.342
625.38
436.212
583.637
458.171
236.182
217.039
242.03
487.775
570.867
481.57
737.164
395.734
366.269
244.578
503.281
725.775
774.132
419.536
723.066
388.968
238.625
264.033
475.594
814.199
782.25
439.385
688.889
388.764
282.106
305.488
600.042
857.554
753.686
414.161
596.303
429.811
249.278
262.184
397.334
848.279
672.163
432.305
707.893
483.379
258.832
235.346
442.962
826.609
776.093
536.522
685.043
723.181
443.377
186.022
182.322
265.88
616.631
764.901
330.479
458.175
370.19
197.785
213.995
198.091
297.93
447.611
394.241
622.062
414.407
203.888
259.88
358.713
351.755
601.166
495.805
628.003
368.73
228.506
246.874
434.819
486.461
631.102
640.886
544.51
287.393
256.833
188.085
299.28
602.84
587.455
398.322
416.213
349.175
372.833
251.255
201.129
362.469
437.456
354.856
263.561
326.014
361.716
202.031
223.265
353.612
274.494
407.296
236.115
174.21
219.872
203.319
329.46
423.982
259.505
533.389
355.289
197.87
255.173
214.63
396.224
531.049
401.794
293.534
199.974
380.533
529.221
417.733
275.554
302.965
197.771
285.692
190.923
240.822
556.073
383.437
242.437
290.155
211.579
215.847
231.558
252.397
408.291
543.109
371.761
210.888
230.797
360.85
293.429
401.014
529.574
575.958
532.12
380.73
294.425
478.747
409.351
283.118
279.734
359.615
652.214
510.236
424.22
591.52
435.114
400.651
288.546
387.497
651.197
611.742
454.119
668.638
282.822
301.311
366.67
506.981
686.017
709.411
322.394
770.577
375.046
280.15
196.185
459.323
728.428
817.168
431.053
805.487
346.543
203.193
224.377
425.767
716.006
847.842
417.845
773.041
359.477
349.219
290.192
414.668
676.872
802.83
418.95
456.504
305.054
384.482
521.157
464.187
556.675
486.422
302.483
653.362
801.957
501.981
223.97
173.688
333.789
589.793
813.03
487.705
488.253
306.593
162.486
225.32
368.878
470.204
510.45
608.153
666.921
403.269
248.271
244.29
306.044
554.195
688.837
538.366
518.068
262.401
223.23
210.86
229.178
493.01
550.504
667.155
725.203
440.313
241.978
195.309
220.911
601.054
747.198
454.284
436.899
389.965
272.615
283.783
258.059
430.382
432.075
378.784
360.349
407.994
354.897
279.802
314.861
370.893
353.852
488.731
340.364
233.456
203.919
174.791
310.02
480.741
375.674
345.969
317.151
283.635
352.95
198.042
211.377
332.277
330.589
185.009
170.979
235.936
357.882
251.252
140.047
179.774
170.388
494.54
419.957
235.131
297.336
290.32
307.172
472.37
454.008
229.99
188.179
339.339
553.47
587.812
365.426
240.385
182.841
439.7
258.96
271.623
260.791
422.635
581.317
476.748
275.578
518.253
470.051
203.709
177.533
221.226
428.376
514.77
518.216
893.3
461.162
197.39
183.338
207.56
507.108
896.55
546.166
740.643
525.959
321.124
295.283
409.833
847.173
805.839
558.667
549.39
384.703
303.22
327.112
492.266
766.375
611.138
389.429
654.669
421.611
327.377
248.408
436.142
749.289
704.673
436.347
687.253
354.599
258.71
227.51
400.363
655.75
733
395.074
437.825
212.594
272.007
434.729
489.196
490.9
469.998
238.571
509.161
626.636
503.009
340.325
281.639
348.861
471.155
631.669
629.661
791.097
568.453
352.041
225.205
413.547
572.786
798.508
672.342
763.885
423.807
274.093
243.397
412.007
616.96
791.258
543.466
506.25
354.893
394.306
287.659
266.803
506.341
541.731
454.779
538.865
366.243
257.937
207.504
418.156
441.15
548.55
373.909
537.95
445.692
332.791
319.389
344.751
364.247
525.765
235.764
245.497
253.863
262.869
208.099
201.686
234.926
236.066
415.03
332.803
283.535
178.895
202.039
247.885
407.652
343.144
421.094
439.419
601.014
474.249
255.328
338.918
432.205
428.953
208.843
153.203
298.605
613.218
402.563
183.683
217.092
152.75
285.001
232.574
332.572
464.977
449.01
349.3
308.123
233.813
419.573
374.584
274.071
357.052
397.023
398.753
427.173
384.177
770.959
393.911
203.397
134.208
258.352
633.553
798.104
434.34
434.294
339.24
256.156
307.736
394.249
601.104
478.426
353.373
568.462
353.931
326.54
400.368
542.121
658.383
611.272
369.208
716.763
471.987
329.431
253.949
433.486
834.444
774.701
496.475
731.825
345.406
243.439
368.573
312.766
660.124
791.912
401.147
954.703
493.494
254.445
290.366
384.958
843.824
1002.43
538.916
707.576
345.471
263.252
281.23
417.048
709.025
762.257
397.506
574.97
287.901
392.486
342.454
498.168
628.644
612.762
314.733
658.881
568.362
340.486
252.938
191.847
238.706
608.852
609.243
548.314
722.532
410.32
222.07
212.062
330.105
487.889
730.387
602.536
709.522
512.785
318.192
314.26
337.62
544.782
709.563
563.934
628.277
391.536
332.915
255.53
253.112
510.274
647.202
386.436
376.956
275.98
272.167
233.494
239.172
350.74
399.861
438.317
527.485
426.54
316.666
233.467
269.264
399.451
526.672
394.76
445.818
433.602
417.368
331.683
263.118
390.293
439.493
651.09
575.363
297.784
249.213
258.216
423.876
618.313
629.467
295.943
379.99
515.681
480.5
306.887
376.225
306.689
347.418
252.203
275.556
414.37
748.266
494.137
265.534
239.021
282.736
263.932
280.82
277.095
404.974
541.511
477.511
271.043
267.374
369.553
327.333
241.722
330.834
474.578
467.784
385.945
320.054
481.329
257.598
234.722
257.815
280.429
437.846
511.191
287.573
860.262
406.827
250.15
315.759
371.842
660.677
901.441
482.334
869.454
357.03
267.466
304.57
440.133
713.939
908.805
440.466
916.195
394.451
204.892
173.448
297.72
609.82
928.431
484.592
724.854
342.852
231.967
191.912
384.334
695.179
774.426
395.856
721.32
540.268
307.875
234.341
351.797
828.119
779.831
552.691
779.936
413.322
283.9
268.833
475.565
632.736
792.757
479.542
675.961
419.343
282.569
239.841
439.974
667.73
711.074
442.225
580.196
627.163
409.816
255.921
260.057
337.306
535.363
648.586
775.116
743.816
411.142
232.799
236.589
314.229
716.344
786.301
507.913
500.38
340.477
223.361
181.283
214.818
466.621
527.15
484.507
417.967
319.307
329.832
308.418
337.766
466.802
435.418
351.522
461.818
407.128
400.85
281.682
268.107
318.617
457.826
461.968
410.603
410.73
516.202
388.487
282.637
435.885
426.897
352.418
217.597
206.444
235.042
221.106
206.884
355.677
232.339
355.69
270.745
314.234
348.402
284.506
235.773
354.612
272.827
369.994
358.262
343.082
337.924
295.5
299.836
364.817
357.979
337.133
336.298
271.363
311.847
189.944
293.502
331.381
356.37
273.12
195.204
367.363
519.47
354.651
295.536
281.75
205.706
464.696
294.564
310.858
248.333
425.177
598.131
513.375
288.346
404.728
413.889
354.323
377.648
324.76
440.746
430.158
407.499
634.057
345.845
214.801
151.292
211.226
499.831
665.523
394.122
798.058
443.858
253.557
266.375
315.242
702.075
845.577
489.955
487.186
340.018
187.177
235.196
314.607
511.86
517.804
371.57
546.289
556.195
315.425
254.236
341.707
636.276
584.098
559.152
639.22
464.129
313.184
373.076
357.108
658.772
689.021
516.835
880.629
334.718
195.347
242.377
343.391
690.296
913.811
424.304
848.051
316.566
223.489
230.399
317.642
668.967
888.98
400.159
368.617
408.348
302.197
403.201
222.101
304.297
361.88
413.46
329.697
288.876
300.694
583.688
385.595
282.446
317.371
301.186
386.526
398.985
444.731
360.938
290.194
229.662
374.381
408.297
207.081
328.726
442.374
442.95
205.754
197.953
186.119
306.058
279.985
313.785
302.128
228.589
172.427
213.155
269.921
307.769
192.136
164.831
238.524
313.141
265.866
180.543
189.265
164.448
518.008
576.335
332.982
232.263
158.287
271.578
476.419
593.566
568.455
550.63
447.45
266.935
333.413
282.256
528.44
565.592
526.867
456.226
353.244
333.842
194.538
307.185
520.006
481.129
402.157
321.155
258.461
365.349
409.495
261.654
372.662
346.782
302.627
244.202
324.611
344.611
435.983
432.58
332.653
232.507
399.988
306.239
385.238
344.398
348.145
395.452
417.566
287.242
698.07
322.719
191.1
281.698
268.959
455.22
720.266
385.866
511.623
271.19
256.585
328.461
204.408
335.929
526.632
308.614
542.633
413.967
183.588
177.122
316.618
579.321
571.663
436.773
559.772
318.594
150.996
242.372
347.08
534.558
584.498
363.727
774.976
417.305
219.327
242.35
402.459
749.568
820.298
465.764
787.03
331.171
240.84
189.639
386.736
754.091
852.917
395.301
809.507
395.441
310.62
320.331
476.465
846.281
863.14
441.029
857.054
447.094
295.108
329.597
460.895
796.982
899.487
510.46
257.939
451.751
395.442
376.291
281
263.437
249.366
428.659
360.544
488.432
524.634
395.593
291.995
193.422
327.167
478.254
511.382
511.123
448.572
333.938
298.899
412.198
491.82
521.322
450.805
394.305
341.84
280.045
254.015
292.578
445.661
404.026
501.329
621.75
466.396
386.112
210.881
304.903
468.245
615.261
463.527
568.259
486.692
364.616
248.81
262.535
416.662
560.478
276.267
359.207
336.161
241.369
219.073
212.656
259.324
353.36
498.248
575.537
458.322
322.822
265.414
310.597
461.12
576.828
631.226
384.5
353.711
369.45
264.455
259.295
611.788
434.279
761.824
412.861
256.376
303.762
232.005
536.403
773.844
455.686
471.244
379.856
344.105
545.906
292.689
260.984
456.613
398.803
683.921
405.867
263.879
239.536
218.879
373.024
685.921
458.138
501.732
251.969
242.7
319.794
276.853
305.702
517.216
285.327
648.127
459.503
176.519
177.175
227.95
528.411
682.002
508.013
496.589
361.514
254.954
373.533
348.671
464.13
520.389
371.563
516.611
384.23
279.907
310.594
359.405
446.055
547.532
392.573
540.856
418.323
339.031
224.209
344.239
665.614
587.156
421.474
732.242
410.895
265.32
196.067
388.743
753.613
781.912
448.429
743.454
322.712
276.297
238.98
383.441
648.307
785.135
385.458
599.112
371.413
316.696
475.848
581.729
707.469
650.521
390.354
415.2
479.769
324.984
171.1
152.74
312.423
381.79
490.133
395.677
395.559
345.123
209.348
189.017
208.911
369.275
399.525
352.381
476.506
403.754
307.215
241.499
262.542
324.774
470.169
336.42
476.297
430.804
322.81
202.906
163.851
297.431
461.087
544.679
550.628
307.592
318.141
248.764
309.423
509.054
581.364
299.071
314.185
239.914
358.63
244.75
282.808
290.844
326.405
392.004
388.329
390.503
319.26
320.365
263.591
370.263
395.272
580.009
710.756
447.287
233.083
204.145
488.838
575.69
710.942
523.164
675.297
461.144
252.426
258.2
331.31
468.21
681.821
603.099
452.422
290.312
341.678
257.542
411.989
576.171
496.971
376.016
317.432
293.785
367.637
223.054
187.785
355.515
336.126
702.201
383.466
199.208
290.817
273.428
412.662
701.122
455.639
1009.67
407.584
271.139
390.696
312.34
413.67
1002.17
531.073
795.437
363.455
186.001
162.6
193.156
482.871
810.546
433.331
749.385
352.517
183.706
277.68
385.069
520.411
768.163
432.101
820.833
397.48
165.548
154.706
245.644
595.116
850.477
469.158
716.638
368.739
237.568
425.786
340.23
629.875
773.958
418.205
646.452
547.397
278.068
312.529
371.52
705.22
686.457
563.795
647.223
393.108
283.61
401.869
361.154
629.6
700.414
438.283
582.581
368.055
277.807
275.658
428.274
693.485
628.748
399.241
490.027
404.229
361.209
344.457
289.214
315.923
486.411
413.609
271.397
293.128
231.983
325.946
247.72
219.678
252.846
302.772
279.374
494.907
320.801
156.082
149.131
254.212
251.912
472.934
315.008
361.72
250.657
180.266
235.756
262.555
311.248
362.769
385.832
384.299
313.072
147.257
181.936
299.206
369.178
389.956
309.145
334.98
265.933
423.43
299.283
213.949
292.578
346.808
533.799
728.984
511.17
291.266
278.438
389.302
489.157
722.071
595.982
566.044
348.368
249.277
270.88
322.601
560.636
592.013
600.81
519.361
336.457
282.759
241.05
253.656
564.994
558.621
671.477
631.84
351.538
182.934
178.193
301.32
620.63
670.271
588.576
549.85
233.722
255.129
186.097
327.411
539.557
603.135
843.378
712.841
362.963
304.829
249.776
380.129
781.137
757.355
719.083
336.193
189.555
132.507
173.543
338.739
709.732
406.294
762.636
439.153
151.973
158.158
159.809
349.737
742.404
517.01
653.332
315.943
265.829
271.685
422.365
573.618
678.196
361.7
642.496
294.442
125.435
158.396
250.141
484.027
659.766
353.767
742.19
378.971
187.88
181.163
271.227
628.591
793.61
437.238
751.128
408.594
212.088
285.44
373.182
638.398
778.19
461.102
687.781
478.376
263.923
250.731
327.592
706.539
742.212
528.244
843.285
392.368
264.18
300.597
273.551
655.448
875.557
448.928
226.426
360.887
491.875
439.382
202.561
209.464
219.041
322.945
187.42
309.204
407.74
335.362
275.415
205.71
175.008
276.587
384.094
362.912
310.612
234.229
225.34
272.911
369.446
362.807
209.527
344.996
327.631
277.971
233.165
250.35
206.131
328.123
362.046
439.808
385.665
283.687
249.932
211.12
338.48
440.678
317.844
287.477
309.618
177.841
211.641
261.145
325.889
271.574
439.73
383.494
292.283
341.31
266.075
447.535
459.758
393.015
414.759
618.383
563.814
396.368
336.781
316.781
376.534
603.974
699.26
618.79
361.304
214.022
180.022
281.474
649.412
671.34
502.999
651.76
433.68
395.781
298.504
352.561
460.498
646.077
653.697
610.319
370.61
192.845
184.11
249.366
601.463
653.949
629.628
540.839
291.117
214.86
219.505
327.097
585.092
579.237
765.749
550.049
209.505
108.496
149.267
334.474
726.296
624.282
504.56
255.737
179.726
224.643
226.85
417.556
523.883
294.134
630.907
291.857
172.012
217.964
294.688
521.462
654.998
349.218
604.559
486.845
356.245
425.361
286.82
415.046
597.912
513.173
577.14
381.437
241.097
211.138
287.988
586.101
614.93
403.725
758.862
445.49
307.398
346.939
378.553
762.942
808.975
463.037
588.29
528.396
337.102
387.99
492.597
706.596
634.188
537.577
623.15
385.88
342.569
282.792
510.019
729.942
680.304
396.4
347.472
334.566
406.364
311.499
170.459
209.377
326.416
351.187
212.367
225.516
257.591
181.086
214.535
254.625
221.803
209.76
292.769
455.163
490.273
295.493
270.757
216.324
265.364
425.45
387.91
458.926
371.287
274.948
241.183
272.555
363.686
464.618
292.372
410.755
443.109
307.938
304.36
235.477
262.15
384.896
398.88
303.047
254.858
323.87
215.147
225.176
387.732
323.868
206.964
359.815
450.502
320.232
371.317
372.63
210.568
313.615
351.675
448.037
393.261
405.705
214.513
170.657
313.513
452.01
382.984
399.212
304.923
334.98
307.212
345.338
372.171
410.67
299.794
372.812
393.01
384.419
298.782
286.89
295.791
351.583
589.954
420.012
270.871
241.515
192.239
272.561
570.848
464.923
362.01
536.401
485.515
315.201
210.904
210.377
333.635
517.709
465.036
476.488
419.625
335.528
233.283
205.012
430.54
483.568
551.2
267.719
307.581
560.437
413.512
391.249
558.525
311.378
508.698
298.312
260.717
242.474
237.654
391.098
531.669
321.729
439.31
354.177
222.393
244.822
334.671
595.066
464.339
380.546
664.195
445.866
225.818
219.253
230.071
376.242
635.225
519.136
537.954
397.348
202.505
254.18
453.996
642.623
580.274
449.496
709.799
473.319
317.294
325.697
419.773
758.618
761.379
493.256
543.121
445.337
308.428
359.894
399.025
682.272
590.951
452.019
291.12
289.121
303.504
308.816
281.145
219.432
267.236
301.512
210.351
241.389
516.444
606.74
324.103
176.191
208.089
217.233
425.939
511.401
478.907
376.831
290.813
212.97
387.843
509.098
267.048
357.275
356.073
336.24
254.798
181.667
237.472
352.857
271.161
436.484
484.423
460.031
277.168
244.247
245.229
411.216
501.621
374.895
203.847
166.685
173.472
249.443
477.119
414.36
293.052
283.869
288.73
215.326
188.307
202.154
282.326
278.282
378.646
233.356
273.451
490.386
409.015
372.735
391.04
243.777
467.114
333.116
239.568
359.719
314.06
315.312
470.597
366.26
281.613
359.74
354.387
229.971
261.081
272.094
272.6
341.055
340.335
375.634
258.855
292.245
207.249
183.357
306.041
391.694
313.336
340.901
360.533
540.879
301.907
231.285
291.681
344.836
301.61
243.184
263.321
444.978
461.973
279.391
299.963
251.935
251.798
212.245
232.573
355.632
294.198
200.337
249.152
222.44
305.071
238.186
202.551
286.928
293.533
240
310.801
254.621
673.854
301.703
215.542
416.044
244.417
350.518
677.42
373.09
293.38
266.667
227.927
243.934
225.799
267.98
291.499
270.742
440.422
260.744
367.091
394.675
301.47
258.079
431.771
284.143
328.936
222.348
207.241
231.224
315.062
406.18
354.38
223.696
475.596
309.995
311.685
245.177
508.305
697.539
529.291
312.89
523.971
293.821
397.066
536.403
279.755
239.368
510.509
337.689
75.6116
216.407
599.044
809.097
359.331
180.105
76.5651
169.14
173.017
184.566
279.436
289.853
217.96
150.165
167.352
176.654
299.892
497.901
515.376
339.568
260.465
238.23
276.934
475.089
320.54
477.631
501.402
345.614
247.518
287.578
294.328
453.647
382.83
299.858
368.594
369.75
313.019
287.155
397.13
310.922
394.141
505.566
485.831
393.584
209.285
280.614
374.221
500.438
462.168
431.63
410.947
346.847
292.714
278.568
452.838
439.353
360.846
419.65
347.083
277.778
211.619
206.641
333.86
419.819
342.012
459.893
555.947
487.215
359.263
333.461
322.657
448.399
329.298
402.427
506.3
581.174
396.432
375.633
328.619
370.767
149.156
313.427
507.381
537.087
277.541
195.508
136.637
275.817
251.512
343.104
477.931
608.427
304.504
227.994
241.504
333.332
223.172
264.699
516.727
495.626
267.547
224.865
221.743
234.017
306.569
189.308
308.933
440.613
404.395
296.554
315.554
199.608
377.12
333.693
192.113
359.38
461.884
483.218
405.863
346.243
394.177
371.166
386.056
405.73
573.931
538.077
420.973
385.765
345.874
205.594
181.471
211.032
417.841
481.835
366.55
219.965
306.397
210.625
236.875
403.486
296.254
330.064
320.399
218.999
645.885
370.504
272.715
326.032
330.807
372.872
638.119
429.749
311.102
182.39
285.252
563.34
369.591
183.776
310.583
206.877
215.437
246.837
535.468
681.75
420.401
189.609
206.568
231.873
261.744
225.626
439.986
627.28
340.202
190.924
263.368
220.963
180.016
298.959
508.877
496.276
298.289
155.426
179.103
270.726
232.583
310.233
434.242
386.658
291.361
240.782
225.467
286.566
287.561
271.865
265.505
302.198
185.016
175.473
276.088
273.823
371.772
430.34
281.868
230.547
239.125
285.657
350.269
438.796
366.556
338.293
390.073
428.861
260.851
202.488
354.228
338.206
363.478
339.134
244.625
268.868
221.28
233.457
350.178
356.64
382.264
294.759
398.513
569.462
376.218
309.416
400.871
301.773
424.716
663.127
627.297
367.12
265.217
340.897
381.151
635.468
430.346
510.045
559.986
510.927
302.276
226.724
391.126
502.848
289.8
386.59
464.371
374.382
227.904
233.351
273.027
375.436
185.443
252.694
314.175
413.324
251.622
149.256
172.38
250.915
208.902
305.448
453.633
604.416
307.233
193.074
206.974
284.18
434.305
328.907
306.229
279.699
431.174
473.603
445.488
319.911
425.927
364.923
307.375
387.269
441.693
585.623
465.84
371.047
382.233
344.955
266.383
293.611
435.306
476.915
410.487
353.479
362.762
296.256
304.161
344.054
496.464
524.868
382.884
302.216
456.632
317.266
369.679
386.713
494.112
424.259
458.239
349.474
295.951
196.147
323.004
374.962
259.866
258.364
300.024
207.779
161.946
158.278
391.275
693.726
391.158
202.526
161.444
154.916
230.342
180.915
444.994
692.847
433.99
204.056
228.526
176.221
137.82
204.343
415.056
521.295
245.588
131.853
138.097
177.999
209.393
251.133
365.34
394.936
224.471
150.026
198.165
240.951
402.088
270.158
226.837
349.212
176.301
213.82
392.657
301.006
522.809
341.42
315.939
399.956
330.728
435.294
555.869
367.959
201.748
299.245
304.418
249.111
213.997
228.767
189.008
276.908
327.392
429.039
408.022
322.812
199.003
217.34
299.199
424.672
296.411
279.374
348.335
337.153
249.847
301.833
304.463
258.123
332.518
390.404
455.655
513.608
398.574
314.041
327.804
369.621
304.71
426.067
498.996
379.127
379.393
361.293
302.148
384.209
289.583
376.208
525.166
491.189
221.874
183.497
285.133
346.234
170.059
194.182
445.214
707.16
397.865
161.895
165.308
188.98
106.009
254.381
564.084
690.541
355.343
153.365
102.381
215.994
321.309
354.142
396.507
476.685
334.313
265.943
311.2
352.824
436.824
419.684
312.736
293.978
257.155
532.91
474.453
422.441
427.861
341.763
281.359
361.894
537.212
569.859
462.79
353.441
399.061
199.589
194.919
371.367
427.762
436.404
420.813
231.306
403.886
216.799
292.708
325.352
407.322
410.756
425.734
239.968
