424.863
738.297
697.786
378.402
244.444
355.424
388.824
696.076
552.812
636.924
392.143
207.542
187.004
302.169
500.063
663.966
405.945
632.838
524.727
445.675
331.092
296.759
372.53
605.78
297.871
625.132
877.968
673.258
383.157
315.695
265.93
557.858
263.275
478.457
814.242
671.309
401.186
221.009
248.712
423.321
214.657
452.309
758.87
557.76
368.464
208.838
197.93
395.423
181.447
176.044
405.661
872.488
430.154
150.744
180.804
171.195
113.374
144.85
437.634
862.895
536.357
151.861
110.979
132.103
145.618
164.438
367.382
877.92
567.081
171.976
137.733
162.353
131.56
181.606
366.007
909.063
767.903
352.512
139.79
158.147
153.597
212.97
396.21
886.917
850.675
407.397
160.752
184.116
311.235
274.207
318.981
594.832
731.576
450.039
305.761
282.08
336.701
260.938
354.942
637.474
864.167
685.957
382.003
250.526
316.505
382.782
416.208
434.78
795.283
817.809
362.732
336.41
340.404
300.333
301.313
345.74
599.526
639.607
360.764
285.029
411.156
383.191
289.019
388.494
596.969
684.279
446.906
396.569
425.38
351.84
230.031
276.777
365.999
595.507
446.013
371.242
225.466
196.04
177.679
258.321
320.231
406.827
253.307
191.799
584.02
278.51
181.461
266.401
242.75
495.609
618.239
327.708
330.888
179.667
131.93
198.226
187.186
296.202
351.721
201.287
323.336
327.353
276.427
402.4
308.764
225.527
302.429
336.386
382.128
607.582
542.789
283.018
295.789
298.265
349.783
582.037
297.69
463.969
673.077
576.911
304.869
252.178
287.549
426.744
298.27
515.556
814.031
707.239
430.975
285.887
298.956
459.256
252.65
392.696
799.213
955.273
510.88
198.797
233.127
356.7
243.583
387.726
729.815
773.974
398.722
201.188
231.47
345.014
158.804
262.634
592.591
849.662
428.072
152.968
146.762
238.224
180.812
203.812
455.802
814.595
511.019
170.873
176.468
195.538
329.833
247.747
418.655
713.087
594.361
237.161
329.185
255.178
140.591
131.556
429.961
965.269
718.184
256.867
148.082
122.96
275.656
322.767
345.472
778.535
783.143
499.541
286.286
311.015
218.49
197.537
292.566
683.875
744.063
403.913
221.835
188.832
369.788
349.409
414.831
520.188
826.797
587.504
367.093
366.213
383.676
307.776
400.521
489.924
856.305
761.959
438.731
310.907
324.846
334.145
395.335
408.571
733.542
706.879
361.885
316.503
360.154
283.34
238.858
248.206
315.027
332.834
362.195
301.744
564.161
359.177
284.132
189.518
411.943
719.677
623.994
368.902
388.903
252.633
195.676
268.268
345.058
586.121
440.192
261.34
402.13
216.297
174.075
180.363
199.023
220.613
403.069
248.228
367.926
243.845
134.203
185.007
159.181
265.695
381.156
262.104
400.345
691.581
584.608
296.063
284.948
340.465
356.75
659.058
809.628
647.037
314.498
231.455
178.313
263.761
750.812
709.986
423.345
746.991
784.731
479.626
374.081
381.641
372.343
697.165
347.312
575.97
684.281
490.378
475.251
351.223
335.157
537.492
203.932
465.978
633.726
603.055
270.814
232.211
180.931
412.086
261.019
302.371
650.239
857.181
419.991
165.416
243.649
272.227
146.766
319.377
552.207
756.181
388.177
169.156
137.929
280.326
106.569
182.853
421.037
626.647
346.434
117.438
101.926
159.841
185.037
161.808
389.194
858.777
592.231
234.234
189.796
162.73
232.282
202.602
393.441
1024.98
664.872
227.03
234.671
196.765
226.564
247.327
319.822
770.8
720.605
379.902
219.286
241.431
216.747
234.414
426.631
704.818
869.41
493.567
221.844
218.226
277.617
288.668
392.153
573.656
760.776
515.908
280.574
278.681
332.943
300.511
336.444
433.286
608.194
498.917
332.3
293.598
376.712
387.209
291.527
273.424
616.427
754.818
415.74
396.227
468.771
298.688
219.486
193.528
305.436
507.264
498.288
320.581
632.477
382.074
242.754
254.252
381.362
667.468
684.979
431.548
552.179
395.337
244.558
222.601
319.499
610.876
596.33
444.259
328.668
304.574
167.993
104.49
116.066
239.754
327.142
315.556
337.844
220.792
187.873
217.746
213.081
348.776
356.497
239.919
676.209
744.843
398.225
244.355
215.504
395.725
622.357
771.084
597.978
695.565
463.259
281.293
193.53
264.465
536.485
721.216
399.085
573.017
622.498
448.289
342.122
347.378
372.844
556.46
402.553
616.954
571.678
407.402
265.727
366.61
400.966
591.514
470.949
427.321
545.928
601.078
282.264
231.372
440.594
450.674
220.036
353.966
491.57
507.041
260.517
176.197
197.616
327.717
205.931
250.977
328.77
485.376
215.722
193.437
192.419
249.991
256.515
321.332
462.138
621.122
312.198
217.839
237.764
316.025
218.214
170.098
454.348
769.217
449.539
201.578
218.056
163.712
109.571
157.024
350.465
799.838
653.71
252.479
110.273
146.037
233.389
245.726
410.153
738.013
705.864
368.635
225.368
239.863
192.689
262.953
368.747
584.82
786.791
548.193
218.241
229.515
287.411
304.947
539.922
597.727
869.637
600.366
314.978
271.357
346.583
309.357
370.734
286.046
708.879
723.156
398.575
306.99
302.533
424.813
429.078
222.664
418.968
476.225
302.187
382.341
462.011
317.124
237.664
248.048
529.658
769.371
530.118
322.333
533.482
402.599
223.822
240.667
400.148
766.011
595.111
412.581
557.193
317.709
248.515
206.932
300.847
662.962
617.916
342.082
391.677
215.096
130.625
139.607
185.677
419.89
425.21
231.994
445.357
196.337
122.796
120.754
220.6
451.669
476.88
224.609
608.939
857.378
658.417
359.291
301.182
364.063
544.599
850.282
455.286
628.241
387.422
249.513
260.3
413.466
446.74
616.897
414.243
623.304
547.718
336.988
306.549
370.092
398.661
593.915
432.596
722.845
739.426
419.503
353.365
398.638
426.373
669.598
354.663
460.22
620.179
546.134
437.549
323.127
349.383
440.52
489.314
414.76
482.651
495.641
305.799
275.129
469.608
433.696
186.758
236.805
440.492
452.161
339.669
230.106
197.3
204.219
181.603
261.147
603.984
812.634
377.61
192.56
169.456
229.807
184.521
240.479
476.248
800.997
506.583
246.102
192.939
220.952
159.682
233.814
390.264
771.798
511.578
204.808
163.176
213.854
146.315
176.914
355.838
803.059
740.942
297.823
150.72
172.717
202.562
203.282
415.618
757.976
859.282
508.057
220.893
184.244
308.795
394.162
394.072
430.251
793.311
813.568
361.025
336.678
416.016
353.779
362.551
381.827
489.684
597.83
434.65
349.123
740.095
460.655
257.714
265.927
468.738
676.705
722.441
525.9
521.679
302.111
298.966
153.329
453.92
754.939
586.201
292.742
558.463
356.07
210.33
260.601
378.516
721.331
620.352
379.224
771.642
453.107
279.332
170.413
424.453
868.927
845.867
502.47
534.817
327.011
220.532
178.042
238.093
491.118
573.656
357.651
347.381
259.394
118.871
146.949
206.112
305.389
358.991
289.413
649.315
872.048
468.193
175.564
268.699
464.726
577.432
877.888
471.251
729.636
426.836
222.182
199.206
372.594
440.952
709.073
602.056
821.46
594.421
265.508
304.976
423.69
545.399
816.45
440.712
699.43
495.866
248.377
260.087
335.201
398.43
682.481
405.325
595.156
587.488
373.305
274.538
246.165
359.121
566.826
292.007
432.396
512.901
448.7
400.489
378.213
290.585
401.287
337.658
269.515
302.765
421.854
277.138
258.553
327.972
290.021
136.139
183.596
430.078
745.97
355.095
124.639
130.364
167.778
242.546
186.01
438.5
736.082
424.196
164.314
238.073
186.189
164.546
150.367
292.274
681.208
580.646
246.961
176.658
145.019
243.336
229.145
381.056
717.302
711.541
312.436
235.877
223.534
320.506
320.978
372.523
572.21
784.268
609.782
334.448
305.142
408.104
268.821
303.93
433.922
746.987
725.904
464.579
279.353
523.531
340.753
398.619
306.586
709.226
890.942
587.689
313.81
329.91
265.648
181.853
148.945
339.817
568.706
371.929
255.6
565.332
440.521
249.592
254.967
337.065
687.267
617.963
476.435
719.37
313.031
218.255
310.607
336.265
622.441
772.921
367.408
831.133
363.423
185.506
154.677
279.955
598.722
854.286
435.074
664.148
398.56
170.948
139.867
145.12
411.841
674.906
448.816
319.223
214.576
143.933
118.146
150.773
225.9
318.277
226.885
592.493
677.676
480.759
249.626
177.685
286.621
531.747
694.799
560.995
656.5
328.233
135.657
152.407
324.054
507.9
681.195
558.51
750.408
525.407
302.871
344.704
390.117
505.803
751.976
413.957
517.29
332.504
239.386
210.244
251.127
375.499
520.123
419.731
471.443
413.153
317.556
200.863
229.947
384.803
475.382
314.521
389.76
759.88
620.62
379.794
301.352
320.458
338.387
282.06
282.816
354.808
353.645
218.798
169.08
264.047
287.21
150.503
262.325
465.784
411.785
318.584
218.337
143.705
228.332
187.231
155.889
407.856
720.629
439.351
161.837
193.895
152.994
250.903
255.471
347.018
420.103
373.895
308.845
254.436
245.925
330.009
324.51
311.034
599.437
704.254
434.571
314.63
342.479
195.415
287.066
428.256
575.596
718.052
506.99
203.255
259.934
439.963
362.464
342.989
364.785
673.051
736.983
490.635
377.105
549.948
452.82
308.916
319.987
440.183
715.945
586.368
477.175
689.895
355.384
303.596
312.635
323.632
610.39
735.411
390.454
817.986
418.07
245.981
208.175
306.795
678.834
871.45
480.163
475.927
382.803
210.119
273.326
219.122
472.337
515.149
382.465
589.06
266.585
249.929
266.776
280.353
479.6
621.572
309.116
690.664
296.478
143.072
150.479
187.987
439.92
706.157
359.386
480.16
246.659
137.36
191.44
223.196
254.725
479.585
296.297
610.808
735.027
378.924
146.56
206.644
451.419
555.729
750.198
789.678
691.811
314.662
131.293
148.739
307.612
717.732
740.583
472.074
621.816
338.56
250.558
206.687
325.622
428.667
628.892
717.359
534.996
287.524
157.469
150.559
243.809
675.102
584.244
282.596
309.453
375.653
314.353
246.143
333.347
305.643
294.02
425.787
324.045
257.478
250.701
214.953
293.415
417.109
339.745
295.068
404.851
375.679
354.093
285.584
288.961
282.816
383.941
277.466
335.532
481.269
568.148
260.21
188.731
264.765
321.746
150.022
128.557
324.625
698.314
546.944
226.475
157.319
126.772
247.021
201.887
296.686
423.602
292.541
253.653
256.113
198.553
358.976
284.242
413.641
485.402
612.129
495.829
372.621
293.401
430.528
382.124
375.301
412.838
642.447
711.318
446.993
363.073
334.019
320.809
333.19
314.757
528.345
601.06
351.846
315.902
516.753
380.121
336.246
382.856
435.544
649.616
546.339
420.772
620.138
389.233
217.469
85.1552
252.575
665.932
677.947
424.269
570.257
290.18
179.611
189.165
228.695
500.122
608.26
328.994
953.58
371.922
119.73
108.119
203.247
689.511
1009
459.142
483.348
359.736
226.078
175.552
218.184
413.509
487.471
397.63
772.684
397.176
154.638
164.394
209.934
377.291
782.472
466.479
677.867
336.109
161.32
165.505
183.58
378.115
686.141
386.88
593.186
673.493
436.474
289.651
310.061
317.533
537.416
685.173
514.521
528.038
221.742
217.225
175.405
350.008
491.952
569.311
689.999
740.845
407.485
219.741
331.519
347.007
619.715
777.851
520.802
455.282
308.872
242.916
222.482
423.557
548.498
457.912
953.718
799.47
473.317
284.42
351.589
434.851
896.163
835.834
521.761
632.601
443.327
320.205
331.267
382.14
470.405
634.514
314.353
248.001
386.737
476.526
332.202
185.534
309.344
251.289
473.342
275.518
311.854
432.552
364.693
343.007
471.153
300.17
564.517
336.702
369.128
392.684
399.045
254.177
541.417
384.895
282.034
151.232
141.006
205.261
255.495
287.771
296.146
171.047
223.158
179.321
325.113
623.416
506.202
260.101
225.503
184.575
379.473
313.914
277.736
376.026
469.473
398.435
384.392
331.123
517.808
292.615
253.27
318.566
518.643
592.596
528.644
330.554
512.907
419.369
217.331
253.617
291.666
517.249
530.928
469.608
686.253
443.568
214.438
349.607
305.527
645.834
748.512
480.706
664.097
359.714
231.079
203.834
203.658
395.307
678.223
419.914
843.857
447.799
239.871
199.462
211.576
647.163
900.099
504.666
832.497
337.486
165.047
197.296
167.256
395.906
848.702
421.847
459.212
296.315
204.793
145.002
132.145
255.524
466.273
312.82
729.808
318.636
125.694
146.696
144.515
441.308
757.857
381.914
797.595
822.817
340.02
198.397
186.23
413.663
727.768
888.061
757.748
712.724
277.132
234.266
193.313
299.739
680.807
782.966
700.757
705.092
321.081
193.348
208.507
456.773
646.892
737.557
744.259
652.488
357.291
236.162
209.423
290.687
689.004
708.749
407.784
397.773
473.147
429.324
232.91
199.431
377.768
405.64
654.738
458.208
423.299
299.177
194.758
338.265
648.322
495.718
358.255
352.572
424.156
413.737
256.535
325.444
372.03
352.869
316.133
271.881
406.279
690.591
491.517
269.02
310.26
260.052
185.418
214.43
224.961
426.105
406.791
202.91
175.384
210.886
283.958
240.819
297.156
411.386
376.562
240.317
269.07
251.23
285.221
266.012
247.155
346.761
239.198
167.337
264.36
286.324
492.904
303.971
256.221
389.867
277.378
369.85
503.215
328.61
655.486
456.533
417.498
371.944
412.245
455.042
633.19
513.725
663.678
361.718
333.182
275.614
242.355
521.967
704.171
398.252
726.596
267.131
198.802
291.936
170.691
467.551
768.577
332.259
586.54
309.39
135.612
161.138
229.297
379.165
605.077
353.712
908.559
440.371
221.973
216.264
279.081
692.567
962.746
505.379
627.711
294.499
211.285
214.247
206.578
285.885
628.474
349.653
489.277
281.469
126.157
163.539
160.642
247.173
483.79
329.839
499.934
361.997
160.24
204.334
242.499
309.028
486.835
401.13
722.583
670.418
223.204
279.273
185.443
291.944
648.328
742.299
738.744
728.869
322.382
257.05
259.656
331.576
660.841
769.326
874.951
648.683
232.026
235.249
198.629
365.376
828.147
733.436
560.512
452.843
405.404
409.625
396.555
503.702
568.025
482.268
563.604
519.284
295.177
365.856
224.231
279.239
513.371
571.092
476.596
330.058
280.878
355.815
286.953
262.767
469.134
361.492
396.526
342.527
252.23
200.607
193.383
294.292
388.86
350.539
200.389
174.992
280.351
415.878
290.487
215.532
201.547
183.872
286.018
234.751
360.361
482.427
443.895
269.609
288.478
231.421
316.462
396.08
398.555
356.118
285.336
281.187
303.666
392.929
529.818
330.143
262.895
253.483
251.068
283.199
521.033
368.592
665.602
461.618
324.857
317.776
208.569
268.146
619.334
528.139
630.688
249.829
222.755
250.989
425.639
609.715
676.991
301.175
878.126
466.142
207.062
382.363
280.238
653.074
931.835
523.056
625.028
275.734
167.044
228.643
186.446
389.054
651.687
322.402
794.749
355.514
191.314
147.448
140.695
358.239
788.355
439.132
604.583
235.298
206.598
280.08
225.937
353.145
631.431
290.312
631.942
350.933
185.461
219.194
152.067
321.276
646.148
393.493
732.917
397.273
260.492
183.258
186.709
345.335
722.77
458.446
500.112
280.912
159.114
281.644
166.724
189.783
475.643
340.453
703.895
624.163
332.061
234.253
262.824
331.478
635.675
677.531
767.725
474.332
200.183
187.296
196.54
436.969
771.321
541.077
725.147
497.942
174.408
245.569
199.311
316.559
691.829
573.126
769.25
499.547
396.259
367.017
367.685
295.666
726.598
571.345
743.683
579.86
233.762
166.785
199.433
310.447
697.305
651.373
665.007
466.425
309.557
375.691
359.967
276.911
612.763
547.386
528.263
381.594
295.813
332.728
378.884
422.674
521.845
416.334
397.068
394.014
358.593
442.563
216.859
240.37
384.455
404.061
377.551
421.226
331.362
477.652
353.771
352.639
363.836
418.024
577.711
339.319
240.618
323.175
319.875
560.835
611.44
368.5
362.318
342.934
285.573
366.992
347.404
414.637
376.264
353
838.761
448.372
187.259
301.525
286.51
486.721
842.148
529.151
774.176
365.727
186.673
191.679
222.661
525.407
794.694
429.901
993.143
436.168
255.322
296.801
230.75
554.125
1015.07
533.316
902.077
402.19
173.497
153.729
155.432
478.031
922.664
482.384
710.273
323.301
155.47
198.44
175.293
440.002
729.551
382.417
584.915
357.947
155.74
139.297
121.368
292.598
593.717
406.72
673.748
425.086
239.589
196.309
189.706
262.704
655.171
475.027
410.734
191.108
162.943
180.629
172.418
224.903
419.566
227.953
514.77
300.66
215.907
300.395
269.103
277.914
499.83
352.135
999.695
637.53
170.793
151.109
124.375
334.037
942.209
746.451
607.203
410.893
165.633
115.621
109.781
261.355
567.75
471.741
1094.92
536.502
174.891
187.618
220.143
365.835
1058.92
668.162
517.591
328.011
178.585
213.817
206.795
311.842
511.94
372.831
725.92
349.381
165.72
205.698
209.612
328.334
702.047
437.815
824.192
790.22
541.712
414.399
480.565
556.489
762.093
823.577
570.076
506.857
428.782
413.479
404.333
344.598
540.028
536.135
319.919
186.546
290.68
632.769
413.048
226.226
321.242
203.586
468.872
438.213
281.863
324.326
210.835
309.698
443.587
477.197
303.28
259.558
261.424
551.491
478.404
323.845
303.42
277.228
321.473
443.735
474.802
436.255
312.047
305.029
320.715
413.383
340.187
338.528
444.533
458.999
366.309
347.01
350.11
338.427
615.403
375.057
349.703
526.701
470.792
523.358
640.682
413.611
1085.98
559.254
327.333
307.388
242.269
481.258
1067.33
646.236
920.346
374.085
211.228
160.615
136.084
404.784
924.837
469.222
476.241
259.975
184.359
219.124
164.006
333.971
488.035
281.668
604.777
291.563
91.4332
86.2534
111.973
316.261
606.484
353.834
706.941
342.394
205.99
225.454
209.557
287.719
697.468
409.021
484.628
231.548
131.591
161.912
156.664
208.091
480.174
284.043
575.391
261.761
116.803
93.2321
108.556
371.154
605.324
293.252
711.121
526.94
168.813
180.536
150.327
228.439
646.193
603.772
761.98
586.764
193.225
179.298
174.36
283.447
706.047
664.012
675.131
478.494
146.667
141.097
197.068
367.963
643.65
550.5
880.104
404.285
126.607
299.872
211.046
327.17
856.788
516.421
892.49
579.171
343.333
204.815
219.803
476.702
874.352
655.264
425.243
306.867
301.894
377.582
494.876
420.332
443.095
319.321
298.284
280.271
660.474
819.63
510.409
366.784
304.713
260.803
219.071
255.573
258.158
337.961
234.451
198.977
209.66
248.908
418.313
377.525
368.648
563.948
486.925
411.12
415.964
403.37
398.599
247.976
231.655
376.259
244.78
154.284
381.673
279.064
646.793
426.915
394.762
701.294
374.778
309.356
616.812
491.493
682.936
341.819
167.663
209.614
212.603
255.655
668.282
412.958
719.038
367.418
180.442
248.479
156.758
399.866
731.08
434.248
903.824
388.298
246.784
224.156
224.742
331.983
890.22
471.428
772.203
327.626
240.05
263.409
154.232
423.913
791.177
391.645
704.382
417.93
288.889
222.761
243.373
319.772
690.147
480.37
663.687
402.063
214.006
145.429
107.217
312.771
655.325
444.354
806.858
331.275
137.741
140.261
183.169
509.625
831.627
412.071
734.621
324.624
300.188
389.681
279.846
382.891
750.729
392.215
720.268
310.498
188.83
226.886
186.802
408.028
737.585
363.51
706.734
407.49
209.387
293.118
235.431
321.412
676.291
480.894
802.902
439.598
176.197
304.79
177.387
306.037
778.32
526.755
966.608
494.257
123.944
188.853
174.628
320.497
926.178
614.998
798.087
540.307
183.939
175.258
133.039
254.733
740.61
630.875
667.234
336.537
171.798
165.599
179.791
361.493
666.512
399.563
281.528
272.887
251.136
364.917
302.245
337.976
284.895
271.792
375.164
418.255
291.732
272.041
274.168
253.391
365.453
427.742
422.92
278.055
258.877
467.64
287.2
232.918
415.649
309.231
693.002
430.504
284.337
284.013
359.791
328.833
659.133
494.015
615.191
352.147
366.764
511.708
265.509
224.789
594.241
411.609
713.596
525.111
370.809
537.998
346.426
320.506
680.633
585.971
840.99
471.466
295.383
363.962
388.381
367.96
809.305
553.664
487.852
266.49
306.406
372.233
278.275
409.493
510.206
281.468
730.812
357.702
202.979
161.375
236.002
369.864
715.46
429.038
972.72
387.219
163.535
209.48
164.644
434.321
972.623
507.739
766.616
445.62
200.303
215.1
172.791
350.704
750.322
522.54
651.726
284.126
171.012
172.109
134.854
298.447
650.963
348.977
563.479
312.595
163.077
108.283
182.428
397.144
575.434
350.79
446.895
220.37
100.202
169.221
193.329
319.609
468.078
261.26
745.976
371.952
126.563
114.337
204.685
598.284
796.339
429.347
684.179
521.173
260.238
257.569
232.596
251.134
623.013
594.302
886.139
565.51
162.863
119.057
111.64
268.831
832.29
664.432
854.344
524.975
251.519
228.216
244.266
292.313
803.857
615.206
1065.46
446.342
220.409
264.46
241.567
487.188
1063.63
572.405
1043.71
438.094
164.539
266.678
268.203
440.448
1033.77
567.159
430.518
198.324
186.407
277.312
299.455
333.071
447.101
221.69
310.088
190.667
230.58
318.983
272.93
250.079
320.979
197.489
360.882
312.742
322.469
278.106
239.91
233.178
344.955
317.255
333.674
211.332
179.027
260.666
285.335
296.39
338.134
236.658
548.183
369.91
369.585
353.473
301.75
312.179
538.803
396.587
586.577
364.309
270.644
455.333
392.196
276.355
564.54
424.545
526.525
387.301
226.742
427.315
276.588
254.077
496.897
438.993
783.805
501.88
288.485
313.256
296.769
349.895
758.867
582.664
693.912
277.2
189.718
135.47
130.745
209.56
669.038
361.021
620.768
340.469
206.44
183.467
175.37
273.55
610.776
394.424
686.839
377.637
396.885
233.792
216.123
417.416
695.281
409.487
886.199
471.107
298.155
223.509
277.772
413.249
865.096
558.084
285.77
254.112
134.768
130.149
123.302
211.985
278.267
269.859
723.775
473.267
203.414
157.495
184.964
396.854
722.011
514.109
764.279
367.709
135.214
142.217
139.109
470.441
786.905
432.589
549.802
344.492
347.59
439.211
346.662
317.211
531.999
373.724
817.182
438.273
194.358
189.409
180.414
334.708
794.536
522.866
722.174
411.454
111.598
192.784
200.969
335.556
680.971
503.408
736.331
306.554
188.87
231.071
197.244
405.914
752.758
372.984
469.474
271.805
216.698
276.087
295.215
336.527
482.11
301.519
415.434
303.057
260.816
531.311
295.029
228.866
396.501
333.774
294.709
296.004
344.987
322.207
174.652
238.182
301.923
293.875
396.994
443.146
333.962
287.717
299.989
265.712
363.941
452.864
295.347
318.886
324.566
279.408
189.682
231.596
277.302
327.914
492.777
444.43
374.792
408.723
401.555
365.757
451.095
485.632
474.548
468.28
300.587
344.468
247.784
284.331
432.834
499.132
734.79
425.296
321.107
564.117
291.09
300.549
706.535
498.649
805.392
411.933
278.735
343.851
324.828
375.88
781.141
505.078
643.578
284.907
104.109
172.1
116.499
197.807
618.215
370.291
764.207
559.732
351.94
347.093
220.813
296.66
715.67
623.78
636.664
259.075
95.7071
100.632
102.453
238.21
633.353
330.149
828.478
427.621
157.596
199.851
122.525
325.495
808.005
521.931
732.656
388.48
153.15
170.192
120.727
280.537
710.207
467.773
713.251
302.716
153.465
124.207
177.695
432.668
734.661
366.392
830.435
294.206
96.0106
73.4654
122.643
453.492
855.031
382.864
933.418
515.372
171.138
162.175
186.424
307.486
889.953
627.949
818.214
442.322
151.108
153.643
129.865
248.31
781.595
539.724
802.557
439.744
352.257
225.796
332.711
422.461
790.951
484.754
664.969
277.564
130.793
216.688
306.578
560.324
695.207
334.813
358.129
205.014
231.204
181.569
271.945
378.697
380.261
210.572
551.131
265.569
332.343
679.039
573.817
415.993
559.66
305.109
439.371
295.044
318.451
362.978
295.776
441.47
464.635
307.105
491.284
382.045
420.111
790.329
741.145
396.529
459.406
412.556
333.086
322.11
309.978
314.743
265.023
246.328
321.177
323.819
436.615
352.697
257.229
269.749
199.587
175.512
402.612
390.632
566.554
382.714
387.944
443.158
497
323.713
533.872
432.248
494.561
410.306
322.718
477.557
331.538
214.164
462.336
448.293
798.351
453.23
327.385
257.2
237.318
259.748
764.523
534.623
1111.71
550.318
214.25
257.019
167.657
389.816
1080.28
683.877
1127.08
523.936
249.001
310.924
221.404
459.149
1114.39
645.847
1161.14
538.84
182.334
169.215
192.245
422.505
1139.1
673.659
768.942
382.258
203.5
264.705
191.451
309.012
750.202
473.028
894.694
542.902
263.576
125.135
177.969
374.155
867.709
626.987
801.522
318.677
182.015
142.673
166.254
393.295
808.516
406.358
1177.11
509.972
156.487
164.748
173.444
506.773
1168.9
652.735
690.732
548.897
331.606
351.351
304.219
241.431
635.154
609.394
679.259
418.128
222.72
209.668
96.1108
228.103
653.396
478.387
775.408
407.357
148.574
194.005
211.215
438.872
780.6
479.949
708.632
373.903
137.496
156.392
149.117
378.648
710.547
445.319
359.776
268.83
261.534
212.615
312.017
401.381
371.003
278.483
359.95
219.95
235.123
324.448
305.595
335.993
381.806
235.31
344.95
365.922
255.044
267.009
173.846
360.453
339.729
362.085
653.025
648.633
234.59
299.494
174.936
430.459
608.019
708.102
591.195
607.524
353.134
305.579
225.108
436.056
548.576
644.078
442.35
457.703
325.363
280.107
219.797
182.926
403.847
475.849
700.16
485.461
238.404
318.768
253.119
318.714
673.902
551.024
711.475
369.921
175.622
192.057
209.661
262.3
689.971
445.445
707.667
495.764
287.079
229.281
251.306
370.127
686.114
542.755
858.738
534.686
210.403
209.785
142.906
305.664
819.259
621.501
678.623
464.267
230.18
249.022
183.621
216.055
639.063
527.086
569.264
307.961
260.714
235.404
159.503
199.686
547.836
368.005
611.622
332.887
216.11
344.594
252.718
277.141
594.554
392.3
370.289
303.228
206.444
155.413
142.677
203.908
358.827
320.974
812.626
388.131
145.916
129.88
174.405
432.236
820.686
467.355
649.356
341.108
166.647
117.565
209.509
482.909
679.586
389.286
720.753
361.644
229.729
302.045
188.853
269.892
694.627
448.086
796.561
538.902
233.85
255.049
201.147
353.621
749.936
611.56
772.783
481.163
176.182
167.631
144.652
325.005
741.244
565.031
515.356
252.705
177.617
190.606
207.344
345.95
519.941
303.664
253.156
184.374
215.792
209.469
225.038
282.906
261.505
200.029
267.912
240.646
226.047
235.101
159.651
162.078
262.207
251.039
366.848
563.43
551.492
254.8
348.96
388.596
364.462
508.3
364.696
444.79
336.727
402.065
377.415
288.433
331.493
443.776
581.197
664.579
378.397
260.786
215.101
268.898
521.417
682.566
411.493
362.363
265.442
240.613
140.917
171.421
381.44
392.479
435.91
418.243
275.836
360.622
229.94
259.99
399.34
441.47
626.772
424.012
321.272
281.863
204.232
347.243
606.605
472.616
661.872
477.06
269.231
121.725
172.119
216.81
612.478
530.746
494.621
299.837
226.152
410.901
273.179
244.792
485.507
344.595
648.828
302.971
202.255
236.675
173.83
261.092
632.394
374.548
911.607
492.897
182.459
244.897
162.229
387.246
889.247
593.775
551.41
359.996
221.316
332.717
214.034
252.977
525.628
417.76
427.297
290.436
234.361
216.727
213.625
249.814
427.462
306.896
617.543
205.704
149.733
182.012
164.589
314.937
631.781
263.92
1019.68
401.257
178.262
169.251
185.573
580.601
1032.7
506.745
