428.879
567.593
440.194
230.204
266.863
272.46
386.225
565.86
532.354
845.894
575.138
290.39
216.64
379.354
471.263
824.946
267.87
604.61
815.41
619.098
351.091
316.794
248.509
533.658
374.177
603.814
858.818
666.209
414.056
331.025
373.987
559.334
217.523
440.148
619.338
532.386
265.993
228.318
197.779
395.472
356.73
341.43
615.297
872.721
442.906
274.02
352.169
352.037
265.169
297.38
386.837
622.245
377.121
228.59
254.153
293.263
136.343
123.156
391.982
918.859
524.785
140.613
137.355
116.212
197.06
222.153
360.175
779.914
653.342
299.942
206.107
217.875
196.77
212.187
369.254
708.72
810.966
431.025
202.547
193.952
246.445
149.628
346.388
768.541
763.682
437.003
276.072
150.204
265.436
287.441
285.057
523.501
712.65
572.83
281.661
271.69
339.148
314.832
422.787
493.617
866.1
755.742
386.256
297.115
343.425
325.361
372.517
420.167
717.779
681.063
373.422
328.089
476.962
370.999
226.759
357.732
488.636
664.044
481.028
395.879
494.984
354.023
340.849
213.326
364.12
596.594
537.852
385.502
341.423
290.075
269.394
308.254
376.048
460.15
336.6
310.648
407.501
210.588
200.309
284.288
315.549
499.938
457.936
230.932
477.251
227.585
145.105
159.007
166.161
304.655
488.206
272.814
346.744
272.577
198.38
226.519
223.385
244.818
352.706
285.395
300.047
556.809
549.006
338.002
310.866
282.084
265.584
517.832
184.686
367.985
596.447
454.935
389.747
296.489
180.628
320.009
285.524
553.98
870.501
656.952
406.036
295.684
267.087
489.478
233.159
526.721
820.194
761.033
393.541
301.048
226.365
461.071
279.315
506.812
797.481
681.185
396.046
325.96
257.9
444.402
314.686
401.961
692.118
801.061
461.468
335.187
313.536
374.824
165.811
191.726
498.897
841.654
471.786
172.371
166.457
166.361
134.026
143.242
470.944
890.342
548.072
176.748
135.965
127.756
223.035
141.905
315.755
640.675
561.477
331.907
236.016
147.078
187.162
181.811
368.926
790.706
816.364
410.483
200.363
180.34
294.713
238.852
406.702
694
762.244
403.518
297.499
244.392
179.787
250.072
497.497
650.419
884.672
512.432
195.259
216.372
350.94
309.583
422.648
476.794
819.359
741.877
395.367
295.624
378.263
366.454
328.704
333.808
673.363
765.286
426.337
372.865
250.871
214.569
204.911
273.838
366.784
303.579
245.063
228.785
502.671
274.507
218.152
248.789
358.526
620.582
557.731
306
519.53
323.262
237.513
235.031
560.261
774.576
579.954
357.394
276.807
167.358
131.717
149.427
179.429
326.456
300.492
181.971
246.053
189.467
181.557
155.258
186.749
268.565
259.567
192.928
323.823
196.953
109.077
159.314
153.677
186.427
325.469
223.143
719.474
716.626
383.94
246.644
191.187
334.75
662.406
747.689
450.714
741.253
678.251
398.501
256.926
318.064
394.504
711.924
339.638
553.937
686.413
517.469
371.328
299.247
321.409
521.027
330.023
414.073
689.712
729.511
367.323
210.224
314.497
383.788
328.485
339.709
631.462
689.688
369.691
286.432
319.939
323.86
203.992
304.055
595.331
740.696
366.986
181.628
191.818
274.856
143.474
150.379
469.223
861.865
510.343
133.48
147.456
135.445
142.137
149.69
487.285
804.965
460.313
186.464
148.573
132.676
150.443
121.098
423.738
897.276
669.814
219.266
154.127
119.37
122.162
172.776
394.765
983.429
756.801
293.029
121.198
144.689
346.426
229.715
361.479
660.652
783.19
437.33
348.903
237.868
281.403
370.645
403.131
635.736
835.729
609.016
296.259
329.068
478.55
356.73
305.253
456.834
677.778
566.211
464.57
388.628
266.895
357.177
362.754
265.261
566.516
712.738
309.428
318.802
404.867
365.956
226.796
350.673
514.793
623.78
445.095
380.413
538.868
324.696
166.542
108.32
255.802
574.368
574.163
338.119
671.074
390.698
259.774
146.347
408.546
755.164
724.803
425.771
295.131
227.076
191.942
118.458
173.18
314.328
314.073
220.267
358.38
262.607
113.754
158.467
195.217
283.769
366.967
293.279
258.337
162.619
130.725
175.849
164.689
217.36
265.664
178.251
360.181
651.011
669.416
387.388
278.521
386.665
351.084
591.702
428.521
544.637
456.836
376.033
250.289
221.46
386.328
545.266
407.628
659.471
589.444
359.135
287.565
272.024
366.836
634.822
383.861
312.423
492.932
569.412
298.016
258.862
377.097
312.594
223.409
352.802
597.565
577.664
331.387
228.39
211.725
316.552
176.433
285.347
487.22
385.164
287.117
250.012
162.721
251.057
235.364
189.883
355.962
559.774
448.479
176.536
231.712
184.533
215.932
161.25
327.329
585.659
328.702
225.253
220.951
169.87
132.443
122.665
392.711
1004.35
541.49
152.379
131.041
116.797
394.64
322.92
379.58
747.356
683.632
382.757
389.761
337.191
191.443
271.045
316.751
623.125
759.363
486.981
208.799
246.943
193.168
176.816
251.408
643.476
705.074
418.474
213.354
182.022
381.964
313.348
421.08
538.291
739.648
655.751
382.518
316.48
349.26
242.9
314.985
331.814
562.546
527.401
383.718
253.297
378.392
220.412
275.293
379.55
451.809
591.632
419.211
237.799
467.383
385.281
293.256
276.669
460.027
666.059
512.859
397.881
537.515
310.201
149.199
177.915
362.146
701.637
593.437
321.58
526.737
280.972
187.024
182.385
255.271
581.023
580.824
299.395
682.197
271.924
157.691
185.825
216.961
491.041
710.288
327.642
488.346
293.006
152.606
122.347
111.99
270.386
490.574
332.303
495.062
748.653
523.635
252.817
240.335
366.095
457.533
730.898
317.149
626.444
559.909
329.27
296.033
285.445
271.903
587.47
464.41
676.219
695.986
393.75
316.668
324.495
452.878
639.997
390.371
607.942
532.924
249.546
366.898
412.151
361.419
579.517
561.076
547.746
539.942
523.498
332.838
290.472
524.816
547.334
226.64
233.804
467.094
548.684
264.553
166.37
230.759
222.091
124.082
323.294
624.193
734.754
355.818
160.883
109.027
278.145
244.65
250.191
603.289
802.78
394.221
183.34
241.113
222.024
107.464
155.759
470.664
780.61
440.973
148.441
105.911
135.164
102.085
170.5
363.864
978.646
692.927
252.109
109.745
147.881
202.323
239.464
373.73
590.684
793.611
516.37
218.7
222.157
252.696
261.789
396.406
615.031
894.325
621.484
274.573
248.961
327.618
321.011
334.752
349.126
570.339
532.967
327.038
324.063
581.014
371.104
381.032
336.054
603.204
770.009
606.541
371.218
612.519
374.879
425.994
348.684
490.317
753.706
670.238
384.446
703.949
458.102
222.796
164.483
347.032
732.603
765.827
513.802
672.352
391.35
379.009
239.267
493.27
820.953
744.624
424.869
757.628
397.113
160.24
127.923
233.64
695.414
825.156
451.337
357.605
214.624
183.06
240.089
174.086
300.627
381.921
224.522
309.569
238.097
119.917
124.105
171.122
248.48
305.336
262.161
532.127
837.262
484.577
252.939
191.044
358.059
463.382
823.932
647.23
815.837
528.319
221.522
277.496
355.309
572.709
824.821
564.133
846.66
607.821
297.506
268.873
422.602
501.634
833.21
465.856
616.234
560.682
338.071
231.55
294.087
417.804
599.776
207.135
383.695
566.81
490.816
354.507
208.379
192.157
346.082
330.633
310.476
418.733
477.443
272.054
170.549
308.519
321.288
196.671
230.056
485.995
702.86
371.581
166.375
191.337
212.081
127.88
222.436
503.336
812.268
361.858
118.294
117.734
198.35
155.683
180.407
281.564
601.357
473.731
227.342
155.72
178.317
194.145
220.724
372.695
834.718
747.927
299.969
182.302
210.919
223.677
234.504
343.541
578.34
767.498
461.809
229.744
221.207
323.8
246.214
456.49
490.643
753.775
535.975
342.61
251.621
484.779
386.594
329.822
401.517
781.161
904.251
556.108
401.001
372.842
334.974
282.664
273.456
418.105
519.855
401.413
341.687
498.155
339.229
214.475
161.12
253.648
604.45
552.832
372.414
450.333
318.229
321.005
227.847
446.719
667.779
503.949
311.813
804.15
365.259
217.822
128.367
298.504
756.767
862.833
386.465
766.026
462.097
136.722
129.42
194.606
581.331
796.025
520.936
285.421
256.954
152.866
111.136
99.851
224.705
292.835
272.088
346.708
239.623
187.306
173.914
121.894
149.507
334.975
267.894
576.487
561.21
231.055
154.032
187.107
325.885
525.46
611.811
503.268
704.842
559.878
299.578
284.472
294.036
447.775
691.862
463.367
605.984
457.463
249.646
281.366
304.057
419.359
598.205
400.156
537.503
547.735
329.231
252.765
322.437
361.284
517.094
271.982
349.626
593.567
569.231
267.201
170.471
260.615
321.413
229.364
396.674
478.815
481.49
223.277
156.781
199.744
373.398
244.837
331.292
451.381
498.712
277.934
267.289
242.88
322.986
206.454
163.891
370.546
749.938
382.987
146.362
205.216
164.408
95.7545
151.578
304.079
532.125
415.239
234.665
100.404
132.974
173.056
228.439
333.962
608.419
657.551
325.136
173.271
212.786
315.115
264.337
310.374
683.254
754.619
542.316
333.855
269.1
310.512
306.544
367.017
393.352
693.62
763.469
367.995
269.262
461.946
362.522
261.585
339.497
591.538
741.373
499.673
378.259
633.792
321.016
304.126
215.288
450.327
743.248
698.881
347.925
580.027
370.964
201.772
208.049
261.577
527.403
611.445
416.285
421.327
283.248
241.959
171.678
357.998
580.102
456.657
294.438
832.261
345.066
223.306
393.352
309.327
633.589
876.249
430.373
954.019
382.631
179.853
116.799
185.864
655.594
1002.27
456.542
695.794
334.344
155.344
163.094
221.62
328.705
684.602
406.067
230.478
195.05
115.861
70.1393
91.3784
182.152
233.443
204.683
647.979
644.7
297.349
169.993
197.925
318.266
596.048
678.69
541.442
720.337
360.35
146.615
160.721
332.63
476.754
722.221
631.188
639.866
330.642
161.33
202.775
422.662
586.019
664.389
458.871
380.082
275.801
206.348
209.9
243.129
446.598
395.514
532.922
498.931
318.718
217.769
219.508
280.595
497.124
526.509
198.56
316.85
464.642
478.527
371.146
285.804
186.766
285.454
197.385
301.632
441.492
540.486
253.886
147.412
177.022
283.276
183.35
146.866
272.173
710.602
460.144
200.03
177.49
157.028
294.325
201.234
231.893
341.066
371.997
285.135
297.376
216.096
309.563
278.825
279.772
426.374
641.294
494.844
322.687
285.444
273.992
225.683
267.961
469.368
741.956
670.907
316.249
199.574
506.569
328.466
330.891
444.735
517.833
692.875
556.302
333.264
533.677
424.247
287.447
239.307
502.699
827.157
595.868
425.789
665.949
372.605
210.631
232.399
325.27
737.62
718.715
381.726
513.622
284.331
164.981
164.302
209.821
485.079
553.048
305.901
896.797
404.697
231.02
246.665
247.401
711.169
961.177
465.036
459.573
266.208
169.148
219.819
232.058
467.719
499.069
280.853
587.848
347.406
197.725
233.1
200.437
371.505
605.227
378.9
391.209
154.578
123.267
210.645
185.505
352.791
421.399
187.553
491.884
353.64
196.994
194.823
220.432
254.374
460.619
394.657
598.368
591.61
245.11
285.03
335.291
360.684
544.578
640.317
757.578
771.261
324.658
271.051
214.219
357.927
683.205
833.871
666.598
636.547
417.439
287.854
270.438
455.962
679.107
642.976
433.329
426.83
418.085
285.093
198.749
254.226
416.544
427.727
676.554
568.596
378.511
169.245
188.733
260.876
641.192
602.631
291.474
255.5
298.685
484.394
332.498
191.662
269.111
273.007
270.604
171.01
227.687
508.771
268.373
184.604
273.961
183.448
257.816
148.842
280.725
433.516
241.142
158.925
259.138
162.796
258.758
191.091
222.866
279.656
286.502
264.336
260.138
208.897
281.344
208.431
253.517
618.261
600.721
338.785
273.561
224.099
257.044
210.091
290.669
363.836
294.093
200.294
254.671
215.45
444.328
343.38
220.964
288.611
494.964
600.11
447.01
364.774
620.298
376.53
233.064
255.877
362.893
577.609
659.281
414.129
595.921
359.215
149.933
250.424
289.954
620.161
657.191
391.98
665.901
273.479
149.919
238.77
278.493
520.032
705.685
335.969
652.742
333.045
237.318
201.706
243.17
574.726
702.521
367.304
1165.48
463.392
170.133
116.411
182.517
612.076
1187.72
582.433
395.593
343.858
263.353
330.232
221.361
316.533
405.781
348.33
755.692
302.356
132.379
121.593
123.697
359.226
766.072
385.105
1025.01
407.219
221.258
159.805
188.338
440.808
1022.62
527.936
779.477
767.822
380.049
222.078
222.458
321.09
704.311
832.029
664.264
595.586
277.495
250.109
229.886
258.505
602.844
640.151
748.814
621.97
303.535
241.395
186.422
313.308
691.689
695.111
698.429
762.53
504.046
423.794
225.837
413.291
661.167
774.397
448.138
354.841
385.401
271.889
236.617
316.014
440.594
369.268
240.306
285.876
496.962
491.917
355.621
220.982
234.221
266.028
141.192
179.138
394.991
694.046
326.447
203.847
144.974
160.464
400.99
242.767
213.358
393.039
330.63
254.05
399.354
274.112
159.562
138.252
256.358
515.951
433.884
194.922
151.306
150.802
220.921
337.238
388.375
362.038
311.274
211.166
196.343
314.817
516.279
264.703
260.619
544.386
341.183
342.705
516.917
295.448
972.752
534.674
263.526
218.605
197.618
456.75
961.173
619.631
785.579
404.659
350.638
235.476
384.698
613.272
807.412
458.636
737.803
342.443
249.34
287.045
187.678
456.949
768.362
393.184
602.101
371.403
153.294
147.442
178.564
390.659
627.222
421.339
762.674
322.055
198.625
217.522
221.852
462.409
787.21
389.247
763.245
296.984
174.087
201.484
180.188
461.336
792.487
367.602
585.117
241.671
113.611
135.052
122.133
297.701
596.671
300.69
400.145
223.215
112.802
99.086
139.243
281.069
405.686
259.93
589.44
325.079
275.036
338.021
276.798
302.787
582.802
378.819
746.295
688.088
300.534
211.77
164.885
276.267
672.209
748.248
768.394
562.257
304.741
252.892
199.464
274.699
724.62
625.17
537.799
334.108
214.778
303.742
326.482
463.537
540.789
372.481
429.26
421.316
238.781
305.57
317.634
268.144
396.625
455.553
306.287
249.46
263.879
369.16
247.687
262.481
310.855
258.443
475.798
280.716
243.135
229.851
207.467
292.512
484.023
314.681
155.495
167.698
316.102
502.284
290.999
172.233
146.524
165.484
334.423
254.654
296.091
395.193
371.523
239.883
329.736
256.361
280.202
276.656
243.623
370.742
393.184
332.284
272.434
264.197
461.78
375.271
333.005
332.341
242.767
385.255
462.081
377.454
654.495
375.213
333.963
587.617
440.731
428.573
649.209
433.444
593.44
628.829
434.117
241.713
328.084
558.989
585.648
629.175
781.995
316.11
223.303
497.509
317.833
539.896
820.276
389.898
721.817
274.995
250.574
274.071
268.097
547.276
773.494
325.795
555.171
348.528
201.994
231.461
211.866
361.69
556.21
389.75
687.625
385.641
252.885
278.703
180.953
395.946
701.3
427.477
644.364
362.517
216.475
208.46
152.45
407.913
667.322
386.739
544.861
283.232
193.552
157.837
184.55
425.054
574.115
318.065
801.501
409.363
150.473
149.307
126.816
316.993
782.878
495.139
472.484
231.277
122.465
136.939
157.115
190.905
466.525
281.413
850.58
574.333
244.768
149.277
174.669
268.678
792.699
657.584
691.438
487.141
316.216
289.026
190.943
310.556
663.313
534.919
783.824
473.737
218.53
266.558
192.866
246.382
742.203
561.597
728.854
723.037
279.625
164.854
173.924
355.542
663.026
781.955
678.804
438.285
245.935
232.949
151.104
293.39
645.29
509.879
437.943
514.753
409.009
540.546
385.356
250.006
395.753
533.414
245.142
178.877
246.825
484.178
291.989
257.628
257.049
189.653
558.558
323.468
310.319
404.341
320.831
297.125
539.783
371.602
777.697
534.043
578.073
623.045
432.253
438.23
762.608
579.448
552.021
418.736
362.404
285.524
331.42
495.015
553.218
436.093
500.942
320.499
239.877
308.377
371.727
407.16
507.529
356.555
748.775
506.148
292.226
291.527
231.042
510.945
757.197
537.387
842.648
406.977
295.868
245.472
324.031
625.106
863.393
471.113
1004.74
412.287
229.286
236.824
192.84
469.425
1016.78
517.55
581.755
424.071
190.026
177.201
213.676
442.65
582.557
452.271
763.163
398.391
167.304
194.209
218.096
425.992
770.821
452.007
882.872
436.19
159.297
123.768
125.589
310.101
856.633
539.04
641.42
353.707
228.114
162.618
125.239
306.121
647.834
388.787
521.964
330.086
313.938
213.171
226.64
307.91
515.602
345.977
430.127
295.596
172.84
268.765
420.565
487.939
463.114
329.853
556.401
533.882
262.386
168.781
161.304
302.818
517.538
575.754
865.313
461.53
198.231
199.319
201.85
331.662
832.371
556.898
587.772
313.533
269.812
359.235
326.737
415.179
594.371
367.177
738.025
380.043
233.123
332.295
320.634
420.203
732.352
455.087
535.608
432.882
211.379
275.437
265.972
356.85
523.179
475.413
726.926
682.801
328.618
231.381
257.471
402.109
678.978
728.508
256.248
268.563
369.305
619.869
507.528
364.447
267.148
260.737
400.554
295.558
327.854
420.526
300.6
254.823
387.147
321.034
425.392
337.214
265.687
283.268
247.042
349.84
425.049
348.369
539.592
375.312
377.742
264.723
237.904
382.688
558.307
383.014
540.432
348.471
284.175
269.436
179.775
353.74
551.207
385.459
543.572
361.375
316.112
313.98
330.818
405.565
565.416
375
862.712
523.339
354.233
381.123
263.845
533.977
887.869
568.305
760.777
416.156
250.08
284.966
275.263
474.054
795.148
459.643
693.726
339.539
202.107
189.086
145.961
277.853
667.226
423.561
695.83
280.99
108.978
92.1322
96.5776
318.675
703.509
355.077
471.639
270.914
192.657
220.475
192.329
200.441
456.03
309.646
585.358
208.132
164.934
175.068
140.839
241.195
574.854
278.993
546.514
278.891
220.32
200.778
251.678
400.6
568.581
298.344
539.034
238.556
108.454
141.754
137.439
269.982
534.462
288.119
701.691
558.828
200.053
227.131
162.03
262.919
637.993
628.811
727.062
517.886
140.679
119.627
144.347
344.579
674.133
598.53
738.002
408.051
172.308
223.453
151.194
371.364
728.386
488.398
539.946
455.455
280.75
216.607
257.95
338.191
523.477
488.571
496.837
416.514
328.601
404.12
299.672
407.112
497.757
450.216
398.896
416.546
643.971
695.912
320.009
296.346
415.531
395.098
338.86
375.084
310.743
272.199
269.363
302.254
319.377
373.733
542.606
446.107
299.658
360.987
373.203
505.057
529.432
482.663
292.629
212.993
373.943
610.895
396.465
229.082
305.409
218.415
677.391
553.996
472.295
610.944
324.67
384.889
633.737
612.032
609.944
447.837
393.758
241.492
222.123
316.003
585.204
490.982
341.259
232.207
249.389
266.851
331.36
399.029
362.006
229.49
622.538
218.063
197.828
180.716
153.802
302.614
632.943
280.776
1080.46
463.994
233.509
332.983
167.55
417.862
1068.05
587.375
826.609
356.04
188.264
206.272
184.032
475.458
850.991
428.832
589.975
289.402
352.609
365.66
233.077
291.9
587.501
323.93
574.875
321.01
188.333
139.975
148.231
316.042
573.059
369.515
597.216
317.085
217.264
198.961
154.748
367.613
624.682
345.915
570.16
280.48
147.976
184.115
184.005
389.502
602.231
319.829
467.383
380.426
173.154
147.58
127.505
247.828
452.444
412.772
741.042
355.427
186.227
208.264
182.609
245.039
719.088
442.772
1189.68
603.374
197.825
205.799
170.125
375.744
1147.57
743.635
741.611
626.255
214.086
176.803
165.126
288.228
686.254
695.977
554.174
289.911
181.142
171.479
133.406
241.223
538.531
344.514
447.85
383.594
244.784
312.044
405.387
441.298
446.043
389.322
327.29
257.23
271.214
469.299
401.71
360.543
351.194
261.083
490.244
419.185
350.275
291.662
245.527
250.249
461.213
433.802
674.706
441.26
220.9
207.53
345.105
365.833
640.721
511.311
466.211
424.442
303.804
505.867
316.2
326.227
449.968
448.569
475.178
347.551
355.839
407.927
252.744
245.933
462.233
375.638
691.962
379.366
222.88
279.992
253.902
368.367
688.676
443.681
649.995
405.088
375.154
429.795
370.857
385.94
623.231
427.692
700.372
409.797
146.152
196.856
225.567
319.766
679.016
488.082
813.434
369.251
187.997
222.315
139.269
333.89
810.236
456.755
685.498
355.704
230.037
138.161
178.135
337.56
685.172
410.087
1069.55
457.748
210.196
264.264
140.488
397.663
1048.94
595.792
921.203
425.585
177.764
189.256
187.746
486.629
925.817
523.477
522.819
249.897
99.4427
141.152
135.008
254.644
523.19
296.919
997.521
409.35
175.362
185.654
201.063
588.368
1022.02
493.944
298.644
176.526
111.912
128.489
150.567
242.273
304.321
193.54
763.68
543.439
207.842
123.62
134.498
221.906
702.58
626.799
763.934
564.457
168.847
113.619
103.371
282.486
711.392
645.86
974.063
476.61
187.52
218.556
277.741
435.983
962.551
586.741
751.702
390.803
304.507
406.662
255.314
403.98
766.064
440.752
436.561
251.167
180.956
259.03
234.173
290.257
426.565
296.226
392.036
210.775
172.032
265.622
253.43
308.337
401.596
240.993
397.349
305.105
256.026
298.857
201.861
273.706
377.237
331.948
607.255
439.359
226.217
230.56
275.682
329.992
579.984
490.614
446.059
572.48
399.76
393.867
292.389
451.209
437.708
568.147
710.794
365.727
346.741
438.657
335.011
324.469
690.1
444.423
623.05
453.852
321.371
425.612
330.615
316.092
590.758
517.651
606.205
484.307
269.891
290.377
172.261
287.214
563.393
541.594
578.884
383.431
278.572
343.673
198.105
264.873
554.951
432.239
1047.6
459.979
127.25
77.9836
137.611
449.628
1035.27
589.041
531.431
404.17
391.905
302.328
214.526
350.597
530.206
416.717
715.75
464.273
320.599
272.078
248.486
333.446
692.566
510.568
628.591
354.593
167.71
220.412
229.008
359.66
612.969
421.985
546.001
341.435
189.81
146.276
154.43
269.656
539.613
387.833
785.992
322.27
157.6
176.601
199.483
494.224
807.804
403.8
364.704
227.423
143.787
109.375
96.1662
182.165
361.347
254.43
953.558
508.626
222.343
302.9
190.35
322.712
923.936
607.589
861.888
451
170.36
261.755
208.031
302.635
829.064
550.063
840.816
301.254
102.98
136.521
120.646
409.18
853.509
396.957
862.867
374.184
192.796
265.171
275.378
385.939
857.447
478.321
394.904
288.502
141.042
156.972
182.359
339.353
410.185
317.885
273.883
189.004
260.316
319.618
177.355
221.62
283.892
190.43
419.191
363.186
273.525
257.435
247.145
278.331
402.65
388.831
395.199
448.35
312.808
254.696
169.844
264.588
373.48
456.68
556.463
563.165
375.334
285.338
172.631
324.461
512.975
600.571
562.43
505.444
289.639
490.945
329.843
324.499
520.916
556.938
666.322
504.941
353.213
410.691
349.211
286.755
628.779
547.898
858.33
399.689
266.703
317.809
252.255
309.92
838.742
499.845
547.604
336.651
287.793
301.265
223.989
292.742
528.831
387.077
857.904
558.055
268.274
351.814
246.777
409.668
826.426
644.435
676.424
302.067
195.675
154.686
122.891
250.769
662.626
371.775
906.309
455.894
205.504
134.449
183.92
466.84
905.153
545.906
747.732
339.222
128.558
222.882
142.49
204.532
711.143
433.938
662.15
398.983
152.692
95.2022
125.589
306.513
641.52
463.387
884.058
365.659
155.51
82.9556
141.188
461.249
893.31
457.94
337.719
179.402
111.277
169.843
175.497
252.112
348.231
207.592
791.267
536.127
160.292
103.958
116.813
306.702
748.601
624.111
913.428
387.344
126.298
131.567
122.062
339.511
902.126
499.886
724.356
369.986
165.494
187.135
206.016
444.254
735.473
439.669
597.009
327.206
137.617
152.972
189.037
510.184
641.069
364.707
225.688
205.741
300.926
439.356
504.979
284.545
237.978
204.368
436.466
265.451
265.359
443.827
353.414
338.553
441.54
299.722
372.025
333.207
351.326
498.313
411.373
268.007
356.067
347.499
296.647
384.036
248.445
253.022
215.189
236.144
272.09
387.81
435.651
438.774
275.098
231.287
316.261
323.003
394.532
463.935
630.113
442.53
179.469
424.207
299.234
390.603
599.153
506.667
391.778
287.337
374.751
641.935
326.383
229.305
386.334
311.056
666.921
419.249
278.048
181.801
188.458
313.015
638.997
479.519
827.702
419.472
219.337
406.385
249.813
306.897
802.661
513.681
1051.26
475.961
131.987
226.351
183.017
372.891
1025.14
606.393
941.95
467.73
169.14
113.561
157.505
286.258
901.984
579.984
662.344
348.089
266.556
264.619
142.798
323.381
665.15
402.022
820.209
588.342
346.71
162.316
190.576
378.086
793.214
653.5
826.664
389.847
150.784
184.814
146.251
276.484
807.546
488.839
940.854
423.269
143.493
148.819
203.002
499.269
953.556
521.973
408.948
221.759
130.349
105.953
97.0649
245.713
416.724
250.107
660.057
421.986
231.998
297.373
233.285
298.976
638.805
489.903
742.764
285.895
144.833
237.691
260.181
380.873
749.499
369.815
757.231
357.797
172.604
158.746
179.86
450.146
768.454
430.144
365.229
219.946
311.916
309.501
392.416
324.491
379.373
228.881
315.98
269.6
222.613
444.381
343.016
288.912
308.064
280.875
462.911
397.466
345.805
224.064
247.077
298.111
450.323
408.994
402.53
541.258
338.008
345.628
375.329
400.117
353.306
538.497
333.619
327.744
326.176
281.073
262.915
239.144
317.632
332.893
369.477
439.821
285.858
330.811
315.029
264.909
337.816
444.641
548.15
319.107
217.398
325.816
300.878
275.462
538.468
361.931
776.209
593.976
224.536
166.701
121.657
282.568
724.342
670.205
613.398
386.515
276.778
218.841
226.038
406.917
617.332
423.687
840.761
650.428
246.758
231.542
207.746
301.263
780.231
734.519
783.492
528.949
244.374
194.221
239.078
273.994
725.209
613.654
647.476
300.322
164.723
225.415
199.475
223.82
630.103
365.589
800.313
492.194
269.938
315.672
249.401
364.44
770.329
575.943
581.778
412.372
301.899
223.79
159.363
237.241
559.893
441.239
414.095
211.136
138.898
224.439
182.033
224.385
411.861
248.828
835.249
412.22
204.993
165.642
224.141
562.052
860.605
486.587
626.221
267.293
115.31
94.29
120.739
295.22
632.611
336.157
820.188
545.387
251.67
267.617
261.505
323.753
782.195
622.789
683.018
400.493
192.284
193.776
208.799
231.634
646.289
474.092
808.025
394.118
151.3
141.212
161.171
453.059
814.158
479.887
223.425
131.649
149.646
234.319
234.141
273.451
245.403
136.323
461.783
268.615
219.463
356.446
237.331
190.06
448.332
311.517
444.973
387.277
368.455
364.853
183.747
281.294
459.462
383.459
426.047
397.931
239.732
383.628
415.239
395.363
402.095
435.123
476.987
629.457
352.144
277.904
174.901
310.873
427.389
635.527
515.485
427.444
234.246
174.788
182.328
293.068
490.988
460.305
474.97
353.5
241.66
248.49
227.001
217.229
451.757
393.211
631.994
450.745
285.378
361.091
255.212
268.03
599.642
507.675
748.492
541.18
243.386
159.977
229.589
249.514
685.636
625.648
642.719
387.27
193.576
201.074
162.122
209.124
610.121
453.025
648.257
361.538
189.692
234.74
191.769
308.909
619.924
439.442
726.394
411.624
216.658
280.869
254.553
343.043
715.188
482.407
653.474
340.19
203.492
230.109
184.25
264.544
633.327
408.506
343.009
337.757
231.369
217.164
130.928
190.464
341.218
344.99
514.725
317.352
210.769
251.603
265.761
382.563
522.039
356.354
1084.56
457.378
186.047
112.088
173.068
600.166
1106.31
556.133
640.701
255.308
123.142
121.051
152.468
391.271
661.473
317.334
