236.025
229.603
163.882
98.0787
125.672
151.725
227.692
237.904
382.627
368.492
255.535
165.082
131.627
167.181
351.163
393.519
453.661
491.238
300.464
184.481
188.34
239.85
411.405
508.298
288.03
344.303
309.429
237.685
144.145
165.258
270.634
344.075
379.752
528.923
405.07
241.843
250.867
297.997
370.145
513.609
381.174
537.183
361.249
229.532
146.411
171.977
332.489
537.145
300.537
531.059
624.286
476.701
274.753
267.938
268.458
489.48
253.76
411.975
672.322
622.673
363.692
194.989
228.853
382.866
245.955
371.193
586.284
522.905
366.292
199.475
225.416
349.555
119.804
198.221
403.094
541.582
290.322
163.378
117.635
176.051
419.327
225.33
343.62
655.253
410.751
348.895
434.915
252.896
155.351
210.179
349.782
751.649
746.395
386.936
167.938
184.057
305.824
317.207
394.748
452.543
680.869
565.851
305.864
311.961
303.872
307.428
287.825
315.408
566.441
636.545
327.109
299.456
467.361
343.463
331.962
445.402
563.4
624.625
504.951
340.489
461.751
326.759
317.326
234.723
519.627
722.602
515.628
341.542
582.433
353.131
184.191
164.712
409.195
707.572
642.386
395.817
606.361
344.344
240.947
272.755
387.94
718.741
660.91
372.29
533.691
382.736
248.466
207.138
285.327
569.044
576.351
425.09
697.109
353.691
268.513
258.92
327.029
636.041
749.516
396.523
441.708
282.083
167.637
120.562
139.995
155.395
415.026
330.201
366.812
304.762
227.877
188.288
153.744
199.937
346.609
330.941
380.342
206.807
205.41
321.705
219.55
246.444
382.243
239.969
405.773
436.305
331.133
305.912
251.981
371.065
401.352
441.433
432.388
291.939
218.778
283.444
204.632
298.055
446.22
313.022
370.283
411.059
390.599
243.376
219.088
314.309
364.71
400.084
330.371
552.387
700.406
490.811
296.264
315.007
308.311
498.339
299.082
558.186
686.71
515.907
438.615
264.621
279.385
508.739
175.311
320.991
656.724
672.723
356.345
207.337
163.448
276.527
251.598
234.434
627.764
1167.57
532.431
243.149
251.042
224.52
277.894
199.54
397.066
997.547
766.949
315.353
290.565
202.522
278.138
298.365
467.877
585.321
677.698
444.083
291.77
298.848
176.628
376.754
430.753
383.398
622.61
536.266
187.571
328.791
279.111
269.883
355.785
405.071
706.697
646.602
317.838
265.784
537.859
472.064
345.154
343.831
487.696
701.49
542.908
507.623
624.446
452.096
274.805
234.816
343.057
720.273
677.348
463.117
458.002
232.167
229.012
301.255
339.774
422.193
481.111
262.339
689.379
292.91
190.69
254.046
464.552
698.139
746.174
348.048
614.945
346.553
157.226
150.467
318.532
662.444
663.819
367.641
735.289
358.676
162.842
136.304
186.814
547.331
775.344
414.843
284.797
205.515
148.154
136.599
137.908
224.841
289.059
217.187
327.022
335.059
249.736
131.62
232.482
227.106
296.998
343.001
275.653
278.541
174.603
197.883
156.802
222.532
257.338
293.1
441.431
597.899
387.947
150.162
192.732
261.758
393.97
594.676
245.338
206.775
196.946
173.678
127.39
149.035
237.312
213.378
403.391
517.835
413.839
280.03
256.309
310.571
378.512
507.479
286.588
611.365
791.464
469.928
385.902
354.128
264.441
539.177
315.061
560.269
670.028
406.668
293.432
361.432
310.707
492.185
214.056
345.574
744.061
743.759
529.538
349.695
208.474
299.856
125.507
164.592
570.858
1016.76
531.86
225.702
132.265
141.474
120.959
117.274
305.774
683.277
651.731
199.389
114.933
116.244
338.81
278.721
304.514
317.157
519.694
414.552
344.25
281.326
213.912
211.918
300.967
281.004
265.429
255.664
219.284
202.949
409.459
328.354
305.417
238.951
546.691
678.289
453.558
321.543
486.07
342.624
305.941
174.72
502.916
790.063
554.068
342.234
658.489
419.947
250.119
177.163
351.385
783.079
728.972
441.004
588.667
380.61
268.327
233.031
366.346
679.378
649.686
416.288
721.485
360.552
201.953
141.366
284.823
642.029
762.296
389.57
836.765
468.831
245.392
135.513
289.568
722.884
876.089
497.712
459.892
271.189
184.853
210.383
251.743
313.865
459.65
291.059
465.726
370.15
219.453
142.15
126.313
195.454
444.184
396.472
501.641
466.673
174.086
98.973
98.3166
201.851
458.605
511.474
371.516
371.066
201.592
121.638
108.302
176.333
346.724
393.039
387.67
282.835
199.517
183.824
212.158
276.029
385.786
300.092
607.44
554.037
263.72
162.899
230.766
326.516
563.464
599.181
429.531
723.1
427.789
166.949
191.723
357.351
364.51
703.32
547.943
545.82
442.162
445.236
297.079
384.138
546.048
525.623
329.88
411.735
585.755
419.836
299.561
280.86
321.656
380.698
292.536
334.96
572.229
651.226
324.249
208.57
299.048
312.375
203.358
241.309
491.891
678.545
349.214
135.24
195.245
223.632
101.22
119.257
282.379
609.48
529.685
229.113
105.052
107.545
343.356
210.174
218.336
435.533
343.71
262.372
350.776
236.289
270.662
263.974
252.938
247.05
307.975
280.873
254.039
274.07
443.108
340.262
307.102
412.824
458.176
578.553
468.474
371.798
566.551
391.612
234.965
305.155
470.309
729.119
621.458
400.59
318.007
268.861
179.686
203.105
256.634
446.669
356.606
260.776
787.275
395.261
191.5
192.635
348.089
777.356
845.242
440.635
807.057
385.213
206.838
192.807
305.801
724.465
853.15
432.658
395.022
247.548
193.33
205.814
238.02
409.089
428.434
272.42
243.316
204.627
167.239
286.395
340.912
296.119
252.671
208.449
241.613
213.057
154.707
182.141
141.089
159.051
227.647
230.937
311.648
243.506
148.439
204.832
134.397
178.613
305.364
262.999
484.156
324.177
213.365
276.537
214.864
314.393
472.403
358.475
304.98
442.07
254.395
115.273
109.185
224.135
275.577
435.261
529.276
545.968
246.654
164.598
144.706
245.499
481.512
584.375
491.755
789.767
453.128
181.714
237.147
379.438
429.349
776.184
323.527
529.956
350.638
302.596
264.722
362.515
307.502
504.355
323.379
511.728
540.594
312.955
308.674
371.095
306.921
459.115
346.174
275.626
281.832
289.183
215.973
227.496
336.807
292.202
192.722
229.821
489.913
676.035
354.54
152.252
183.081
216.131
119.416
169.298
306.425
575.837
428.266
210.142
125.169
151.024
244.138
188.335
236.934
429.71
459.909
260.798
242.948
197.487
284.516
282.2
276.34
282.372
370.538
379.066
304.833
287.759
522.92
365.645
196.296
198.007
370.627
675.82
578.416
378.674
622.245
284.945
269.81
188.565
458.7
670.211
670.753
323.472
747.137
351.376
195.485
189.141
355.331
777.994
810.1
403.896
806.061
413.288
143.522
184.342
211.977
495.321
814.93
496.382
755.541
332.457
186.609
121.861
243.881
591.684
804.602
392.279
728.616
285.604
165.709
203.51
252.721
446.955
747.403
358.494
544.273
252.405
180.829
233.126
294.828
513.044
586.276
291.316
587.388
353.248
146.042
103.833
114.943
194.206
559.185
416.067
395.134
331.062
324.698
279.236
258.698
242.535
373.004
348.381
397.85
332.748
258.693
196.003
153.053
186.055
372.986
359.003
521.687
553.013
254.628
137.087
124.689
314.417
493.927
581.361
600.196
567.943
225.207
247.412
194.114
377.665
596.877
605.417
522.489
747.701
426.547
323.802
205.552
320.972
453.811
744.253
500.994
665.649
439.79
280.36
234.592
296.421
451.843
658.382
453.488
518.58
443.807
242.867
244.154
402.683
422.791
521.327
264.703
308.705
316.965
203.705
149.65
252.444
271.108
294.626
202.662
214.239
243.099
352.227
276.979
175.713
194.818
215.394
240.307
268.521
353.114
548.077
423.167
320.399
243.376
255.379
153.284
172.673
344.114
471.571
679.756
428.911
168.247
150.542
230.401
253.783
409.234
629.847
394.229
254.892
244.063
248.668
586.983
307.659
192.069
167.582
275.114
530.624
622.544
353.225
382.807
235.516
212.648
231.267
285.528
405.799
405.26
253.041
421.163
282.798
161.774
159.987
220.649
434.655
450.002
291.077
608.969
279.378
146.334
180.652
242.948
481.802
642.326
318.696
632.492
255.753
184.907
167.009
195.191
478.706
669.519
306.442
489.67
359.445
230.546
286.895
340.193
485.845
516.894
365.366
485.209
353.267
215.61
274.953
219.126
367.849
505.819
379.853
362.829
416.486
311.397
192.14
163.062
268.096
353.875
417.898
636.014
614.493
329.98
142.232
152.74
234.08
575.309
650.538
534.075
449.949
172.882
181.449
180.084
257.736
498.412
494.856
569.702
547.919
275.497
235.436
191.14
286.222
511.44
587.214
514.724
655.221
366.961
204.261
231.346
308.095
459.436
677.375
678.738
709.683
335.52
167.052
208.932
325.186
611.956
761.249
784.023
628.967
268.499
216.749
187.056
337.805
730.837
704.904
563.676
413.723
243.65
261.114
261.754
330.842
538.115
446.875
425.559
440.806
695.719
484.796
366.594
305.182
423.877
403.834
515.511
359.865
300.405
195.832
144.837
258.86
503.036
397.76
298.721
290.377
252.769
364.313
225.597
194.72
279.518
298.666
353.446
346.045
283.357
357
621.768
572.565
379.914
356.169
438.041
402.055
348.147
366.368
411.507
682.709
488.234
403.874
450.94
250.797
212.104
310.579
343.889
557.151
499.643
274.106
553.86
276.699
228.167
432.003
305.62
458.632
591.041
311.215
721.661
358.959
285.339
359.34
367.39
614.77
756.254
395.611
872.758
371.994
244.952
221.024
272.459
463.298
883.447
456.894
895.397
429.624
137.623
154.679
143.411
450.628
917.884
508.777
981.752
417.174
292.584
156.512
272.8
729.652
1025.58
477.114
936.448
383.367
157.274
100.899
162.463
519.009
951.324
479.221
437.705
447.686
328.379
227.205
167.301
226.287
405.266
460.228
439.77
320.532
154.176
137.78
141.571
240.477
406.758
362.242
472.68
331.892
202.533
204.102
167.176
255.669
463.874
369.473
531.734
458.152
271.885
284.64
226.986
377.515
510.91
497.457
486.713
554.516
237.621
83.962
132.891
319.945
457.715
570.535
871.984
657.731
306.725
257.829
247.175
336.576
821.001
744.169
993.724
484.071
289.233
372.841
253.385
332.042
970.963
596.22
799.492
753.428
409.016
285.005
226.422
326.268
734.32
804.636
417.922
649.407
583.509
368.024
339.434
353.359
392.069
625.17
396.494
518.205
355.361
260.168
242.157
296.57
369.09
519.469
293.736
309.234
350.843
277.278
225.655
211.132
296.488
310.146
341.757
215.031
195.517
192.24
274.615
288.458
337.056
245.982
415.948
253.384
186.331
271.447
379.314
504.292
450.783
269.89
655.023
373.8
205.76
163.209
238.468
550.827
697.407
401.105
467.326
269.224
195.203
187.342
246.121
343.535
478.578
305.032
837.095
347.217
113.536
184.306
202.497
536.276
865.554
433.649
926.732
417.758
261.992
237.004
192.428
448.253
934.44
498.251
663.702
330.826
185.854
198.034
160.023
442.176
693.232
376.285
861.807
329.866
212.629
158.382
229.732
514.384
893.172
398.389
1098.65
404.872
243.808
194.598
286.247
612.403
1119.16
529.514
432.189
380.661
196.704
104.453
118.705
211.224
412.042
412.267
407.458
371.226
140.675
105.177
90.3797
179.82
370.824
416.429
283.604
241.432
236.044
216.26
214.622
176.735
266.252
258.103
574.678
446.551
182.063
188.409
199.37
320.781
520.336
511.052
782.005
561.494
206.447
139.553
126.316
374.171
734.531
653.579
349.045
391.443
232.29
178.684
171.958
271.071
319.799
408.878
645.469
647.63
317.367
191.892
203.723
413.514
619.032
679.693
668.095
703.464
366.219
141.159
189.261
277.449
607.842
723.993
274.825
424.858
519.347
399.237
236.121
255.342
260.345
387.612
299.573
371.509
331.533
355.039
317.758
223.064
284.423
367.981
263.521
272.978
251.961
282.169
249.977
267.228
254.919
279.703
225.311
203.929
189.208
346.063
321.764
372.678
254.13
209.518
433.816
296.783
271.673
266.594
245.903
287.921
429.709
323.532
446.927
298.882
188.05
259.944
290.521
330.13
450.839
335.474
495.367
283.728
173.992
297.937
286.303
293.41
490.405
333.882
768.64
389.461
177.981
178.573
214.17
540.243
799.597
456.87
775.595
299.725
163.618
231.055
217.336
538.552
812.675
373.196
558.629
319.422
243.679
348.58
374.997
333.105
559.87
366.594
778.124
277.576
145.829
156.262
137.602
424.769
804.863
350.373
846.204
393.943
169.677
206.977
194.565
499.062
864.328
479.272
485.275
374.145
208.103
140.654
170.929
241.038
466.111
413.369
563.417
453.792
385.92
273.944
190.126
249.937
532.663
485.418
509.288
438.86
244.136
267.617
187.86
226.217
472.703
478.417
672.046
320.801
231.432
213.792
99.1028
204.236
636.03
395.572
771.629
547.431
197.48
224.831
198.951
377.073
716.321
636.97
512.093
414.545
192.968
111.822
175.425
317.411
477.831
464.082
1228.43
684.871
205.32
151.376
166.044
367.639
1170.12
825.91
207.783
217.084
283.854
304.031
222.668
160.05
204.921
205.484
405.244
421.476
280.414
181.852
129.5
224.564
391.073
434.132
651.916
458.175
178.539
189.288
184.65
440.802
635.142
504.079
295.562
192.491
230.375
505.178
392.497
244.312
294.216
217.337
369.774
273.572
257.107
150.943
256.904
416.845
396.426
262.967
697.307
346.722
244.288
253.14
193.074
425.151
715.521
404.281
495.767
299.796
205.583
189.594
274.553
409.716
519.69
316.817
654.563
342.41
219.227
303.606
201.625
342.807
647.644
408.192
822.754
286.983
208.268
295.117
250.155
514.99
848.632
373.417
816.75
347.768
157.37
216.353
171.272
333.178
820.513
435.937
627.548
419.217
262.677
238.043
206.527
437.339
643.761
442.721
497.189
286.248
179.705
158.141
166.231
416.323
534.319
319.172
988.745
386.832
178.169
165.542
216.829
567.406
1007.21
485.715
443.109
374.435
203.749
169.571
156.971
214.929
413.77
413.42
630.249
404.029
209.244
176.627
194.75
237.369
592.904
462.287
420.534
314.626
190.949
201.699
218.056
192.265
392.749
357.669
581.433
291.377
91.5337
117.62
121.47
218.469
557.802
357.262
739.584
545.552
178.017
128.576
168.705
248.516
685.531
621.151
781.133
454.462
138.139
139.437
190.131
252.576
727.547
554.579
854.252
666.193
253.757
241.646
233.695
360.282
784.758
749.55
1053.57
561.15
262.068
204.214
228.646
350.513
1010.57
680.569
571.325
483.286
580.325
638.679
291.294
231.045
554.881
483.53
328.104
298.568
320.516
526.684
330.214
290.004
321.247
312.472
437.83
283.224
258.706
398.436
321.32
272.347
434.81
312.544
465.037
217.223
253.008
297.094
452.217
541.783
498.318
250.434
519.89
380.358
226.042
190.786
367.928
560.701
554.016
393.234
633.953
291.729
173.622
191.954
312.076
528.046
668.419
342.879
605.639
326.842
263.947
316.212
231.608
436.464
636.267
364.351
653.704
312.181
183.092
391.511
330.626
400.003
666.43
381.314
750.332
297.305
230.262
218.337
156.162
339.162
757.445
354.713
262.641
263.788
224.364
280.01
260.98
398.775
281.658
257.052
874.4
357.853
266.636
163.338
409.741
696.752
914.738
431.949
783.632
306.335
149.654
120.871
190.49
536.141
819.625
373.872
443.109
301.3
210.434
146.161
187.83
310.865
424.176
329.749
479.854
430.268
227.33
225.423
165.593
283.982
457.986
471.539
406.175
410.353
334.17
228.172
294.97
394.911
400.728
406.248
691.3
573.842
206.1
143.164
129.49
259.695
626.729
639.027
621.128
541.758
239.314
254.661
170.022
274.899
569.264
589.024
587.756
408.882
337.39
303.991
191.968
211.304
561.062
442.353
997.036
528.399
250.545
249.024
208.597
363.271
966.248
641.905
908.026
431.429
143.355
230.926
198.516
394.062
893.513
532.636
682.689
483.609
474.488
539.602
296.707
367.801
649.814
533.31
595.902
419.801
164.331
184.647
170.73
251.784
563.11
480.718
388.365
298.8
232.881
255.253
181.55
225.651
379.966
325.696
408.078
247.04
131.04
155.786
205.911
219.296
400.463
285.463
543.27
271.248
179.786
170.255
316.155
561.901
581.998
304.72
533.993
264.312
292.097
247.431
349.335
547.176
575.565
296.83
954.848
430.276
208.81
143.912
147.049
460.921
951.15
535.876
428.258
319.486
216.472
240.467
289.173
372.633
432.769
344.556
609.672
383.242
226.371
267.113
257.954
297.381
592.139
436.324
411.876
286.115
280.786
393.88
297.05
186.811
389.478
298.98
699.517
343.727
162.626
221.986
171.361
428.82
714.197
410.654
405.724
279.875
225.536
249.396
201.34
278.326
400.633
319.12
505.609
389.324
203.185
177.07
135.91
222.634
476.603
428.907
686.358
544.764
185.73
105.797
129.931
337.886
636.606
613.759
535.282
501.149
210.413
152.092
146.384
243.816
480.752
552.229
808.024
483.511
132.145
130.771
164.503
293.155
754.182
593.992
859.805
404.177
164.36
212.605
179.723
320.929
835.899
510.194
887.584
392.127
158.78
274.705
209.553
337.877
876.814
495.614
705.046
448.55
216.354
301.508
244.904
292.937
674.546
522.026
904.6
486.253
202.348
232.778
193.193
431.252
890.332
570.312
523.393
343.205
178.758
131.758
153.532
273.249
506.127
391.975
405.353
392.779
271.527
340.923
267.519
274.83
373.641
416.703
682.985
389.734
339.863
297.612
345.304
413.834
675.043
422.813
479.156
273.64
193.607
178.823
359.901
517.742
513.426
297.612
574.022
336.405
188.853
338.621
340.923
444.481
587.576
379.891
272.157
277.136
266.317
319.275
234.254
249.935
273.046
269.015
556.971
267.662
159.955
202.601
245.268
506.08
597.342
301.327
330.131
290.775
204.218
231.012
288.405
344.992
342.997
291.627
471.65
217.068
199.493
189.883
187.546
368.909
502.97
242.812
681.158
304.841
158.603
313.971
254.777
286.783
675.283
381.875
694.797
293.33
109.95
160.328
243.927
406.389
701.164
368.895
709.431
383.904
163.967
199.335
209.017
408.479
704.613
456.969
772.275
589.178
227.781
165.03
140.677
249.664
704.453
670.337
550.557
531.757
286.593
197.673
272.111
330.379
498.099
564.463
548.09
403.684
254.974
253.51
198.556
231.993
518.595
450.921
771.397
536.066
286.291
382.496
257.053
383.371
724.664
609.277
599.122
456.527
244.478
406.501
225.37
338.26
558.547
514.256
667.352
361.615
201.466
281.629
206.112
229.374
639.276
433.376
529
422.587
291.063
356.466
279.336
480.449
539.18
462.155
967.944
380.083
147.915
114.459
160.67
448.59
977.745
489.855
692.437
490.638
171.168
272.441
320.724
405.048
664.211
561.076
452.426
250.268
233.768
440.986
483.821
420.214
477.441
275.756
433.891
336.467
300.52
260.306
279.516
370.833
452.002
338.863
579.442
317.809
216.916
267.208
222.729
378.618
587.548
363.533
596.539
526.345
157.231
109.166
175.739
455.038
574.723
589.819
313.646
249.356
256.168
425.997
332.955
408.244
341.272
251.872
621.14
300.913
219.007
187.326
247.806
408.283
626.409
363.479
706.993
312
127.829
144.268
183.774
442.917
725.674
385.604
878.941
382.73
145.924
146.946
175.076
451.14
871.816
479.924
589.309
287.951
233.265
117.09
216.839
364.924
608.959
324.401
806.171
328.693
129.774
98.2353
153.251
401.397
817.668
409.89
796.817
353.382
155.862
176.834
185.745
374.956
785.773
448.736
632.725
652.955
265.796
167.631
134.943
261.099
564.377
704.912
820.153
612.636
256.842
155.294
200.684
301.757
765.133
686.886
514.384
321.828
135.945
226.123
164.656
245.635
493.574
379.617
685.508
620.439
304.06
266.633
214.987
286.269
624.872
677.563
1106.59
577.864
251.816
190.154
204.853
360.585
1064.51
709.207
580.744
341.795
249.18
334.792
272.826
293.549
563.409
398.536
987.966
523.584
297.022
436.821
344.133
356.035
951.097
636.548
948.702
443.091
174.626
153.896
201.378
586.944
973.35
538.531
613.647
326.581
240.489
355.119
355.169
425.551
624.736
380.808
521.993
347.164
206.985
211.584
171.532
294.618
511.533
394.676
433.895
278.545
161.365
156.664
168.686
301.713
435.371
309.612
393.448
220.264
216.5
257.725
209.542
309.344
415.615
237.065
395.94
220.963
207.519
325.569
253.852
395.628
416.224
242.441
547.192
399.532
217.477
234.752
240.848
392.863
560.183
415.887
611.677
337.753
218.152
361.93
324.515
560.172
640.628
372.254
664.369
303.057
267.923
367.373
251.242
427.378
684.956
359.474
846.154
402.053
110.868
194.924
175.127
528.075
867.066
486.919
599.87
320.455
178.485
164.672
204.952
420.504
623.043
365.102
649.199
292.769
104.656
121.776
132.23
303.755
643.273
358.871
591.123
327.566
152.511
142.026
225.388
482.839
620.655
374.214
646.416
666.635
300.921
148.921
166.34
322.389
594.654
714.939
878.321
754.039
287.514
168.763
159.86
382.407
806.689
829.679
818.788
686.634
229.02
150.033
210.466
327.381
742.994
773.076
1078.74
613.38
229.665
294.843
151.359
345.471
1025.12
739.481
716.902
541.117
297.866
210.378
165.085
299.997
685.774
602.872
542.53
330.196
173.418
148.281
129.95
221.395
523.193
376.929
515.162
398.872
261.039
276.758
249.118
442.461
546.518
432.751
718.256
303.236
191.318
136.241
212.151
491.521
735.253
370.986
391.543
388.178
353.67
372.322
285.492
340.497
366.425
404.053
546.141
358.956
280.345
190.089
188.226
377.742
561.206
383.21
632.352
352.453
241.672
187.314
187.113
434.865
657.757
396.639
540.038
304.479
242.82
376.486
312.101
512.004
583.342
338.991
466.308
231.779
194.861
150.257
294.56
494.371
512.972
252.128
441.061
246.914
148.973
211.935
286.513
546.126
486.805
262.364
375.589
398.286
227.137
248.57
222.846
429.153
394.088
404.876
571.792
310.368
204.865
348.35
266.514
489.067
608.476
356.654
741.449
320.021
164.512
181.068
197.039
510.695
777.164
365.859
802.028
308.514
235.35
207.163
230.746
444.793
821.296
388.733
322.427
193.389
100.903
157.75
130.765
214.853
335.948
222.172
527.649
189.387
129.898
234.727
258.298
271.132
518.211
256.116
755.682
811.632
380.896
205.286
180.906
391.655
680.643
865.313
1012.31
637.44
211.401
150.735
137.146
292.115
945.756
747.703
914.975
689.684
201.435
184.4
150.287
311.67
840.842
788.023
1058.43
676.62
284.444
163.457
129.158
342.95
1002.7
784.062
803.57
284.642
208.959
200.498
196.687
330.72
793.966
374.443
709.51
368.9
214.5
187.682
192.883
413.693
712.298
422.811
630.958
282.699
130.163
189.047
162.15
302.814
625.281
352.705
490.145
325.343
221.061
272.161
246.883
389.504
503.579
355.876
734.517
447.269
246.407
287.939
236.556
461.673
749.825
505.001
303.152
240.22
144.698
125.176
149.065
219.118
295.085
257.579
402.291
338.941
255.701
255.321
241.627
343.725
417.909
352.081
528.272
316.208
241.121
330.471
333.826
530.048
553.608
356.556
338.432
220.032
186.42
209.736
195.625
338.167
370.35
233.314
420.731
264.929
159.857
278.916
150.887
263.523
416.752
300.571
400.706
298.443
224.228
244.267
248.594
415.88
419.576
311.799
495.059
225.514
250.298
324.813
381.093
449.746
519.506
261.464
429.509
271.82
232.514
326.802
294.102
337.27
442.118
299.665
888.848
359.287
168.08
238.461
218.803
452.094
907.309
444.483
445.9
255.807
184.569
197.129
248.743
321.502
465.406
288.552
567.146
311.247
149.871
130.641
164.718
310.374
569.093
360.94
588.039
600.589
306.019
134.804
129.103
249.088
537.656
632.002
509.043
481.727
318.809
271.87
203.582
381.904
485.644
499.664
1022.35
598.118
173.21
126.056
155.91
262.825
957.246
724.065
625.614
347.576
310.324
212.417
222.622
354.611
623.902
395.87
672.498
390.448
178.414
152.824
174.737
353.678
654.049
442.94
618.784
324.691
203.368
192.649
177.208
346.412
620.199
381.807
423.102
332.484
366.617
301.635
321.058
434.573
428.017
341.375
626.846
331.566
194.404
194.064
167.445
237.409
605.674
399.55
708.973
372.816
224.755
189.722
208.366
508.946
738.619
415.416
601.418
296.374
239.55
331.878
277.757
365.867
604.124
350.613
456.403
433.463
202.843
161.469
288.501
535.12
490.905
440.243
389.419
282.707
315.579
350.324
331.413
328.322
375.133
299.216
331.724
268.59
169.271
192.898
203.866
325.641
347.762
287.606
357.499
246.504
237.498
298.447
271.583
267.509
356.814
254.21
553.526
251.161
90.9991
113.748
121.969
299.058
549.478
312.059
444.746
221.676
278.204
457.709
422.73
353.073
463.646
251.326
596.434
310.767
250.681
219.106
293.205
544.475
621.855
349.035
337.257
299.175
231.368
247.542
234.244
238.599
330.313
318.87
353.503
206.539
191.315
276.221
265.722
198.368
343.727
236.281
637.571
409.357
288.044
343.86
268.512
228.199
600.907
467.762
764.299
725.611
345.789
155.078
169.194
387.954
704.079
764.303
749.574
472.609
397.019
344.664
309.342
278.76
720.63
538.843
1058.84
703.081
224.823
179.664
231.528
375.01
988.865
819.619
794.794
551.212
242.333
198.001
188.237
343.886
760.375
627.835
834.91
347.082
154.108
281.271
200.594
461.347
850.443
435.996
662.809
384.583
304.145
327.616
343.007
361.339
659.396
434.267
270.431
326.099
279.208
296.053
269.621
207.418
251.414
322.432
442.745
246.456
206.763
121.096
149.042
314.769
459.458
262.492
571.974
256.443
166.585
198.826
233.488
465.056
602.303
305.125
450.246
328.513
202.692
301.355
330.82
437.686
472.043
338.799
349.726
235.608
194.57
197.213
231.623
285.716
359.602
243.126
354.302
215.189
265.483
445.395
327.031
304.729
355.07
239.324
261.681
181.845
262.304
278.968
311.345
243.95
271.629
188.345
550.484
292.894
226.4
272.229
226.25
326.294
558.777
344.712
235.056
210.97
230.658
206.188
214.103
314.296
253.519
208.471
421.03
262.554
188.136
261.283
295.502
529.492
464.436
280.338
708.26
360.389
213.416
147.901
354.782
714.906
767.313
393.057
750.965
397.47
170.75
155.299
297.108
658.486
795.411
461.749
807.575
391.817
167.354
139.306
275.14
505.645
814.214
479.822
589.043
348.662
198.507
259.923
397.595
604.985
618.074
387.557
524.998
473.948
278.751
195.106
179.515
220.249
492.795
503.614
366.491
303.547
231.27
240.048
163.094
268.111
376.137
330.774
594.285
603.88
272.446
164.886
198.72
226.452
528.644
645.443
593.681
424.786
379.716
405.24
231.273
346.432
573.907
468.889
635.831
289.888
173.1
274.101
191.387
398.242
652.287
341.257
468.825
306.885
355.214
345.83
298.65
343.233
480.645
301.073
485.559
290.873
148.768
187.497
189.22
256.864
479.284
336.741
619.964
357.625
222.314
332.49
234.286
271.82
611.21
406.834
360.361
210.904
270.838
354.082
222.783
222.872
361.09
232.587
425.393
358.414
160.244
133.28
200.85
426.851
448.477
384.132
445.235
250.715
134.643
235.995
319.717
452.653
474.338
269.343
259.693
206.887
237.27
428.757
309.353
315.357
285.368
210.389
267.597
188.439
275.73
450.488
326.413
282.955
283.02
190.649
413.308
171.569
145.976
238.999
234.973
342.428
430.733
208.286
347.326
208.865
218.186
323.909
303.534
325.647
366.187
222.915
449.833
285.028
240.532
321.743
292.937
427.27
469.485
304.457
801.588
373.919
145.55
143.17
326.356
736.552
868.702
439.711
859.718
385.326
124.964
169.62
193.694
622.985
907.489
457.504
696.468
392.439
260.661
196.181
271.492
614.084
732.664
433.641
797.511
318.866
256.115
272.063
366.976
663.17
837.322
389.082
