247.944
198.796
157.61
134.566
118.36
175.199
247.789
206.767
457.199
328.399
328.364
236.871
188.845
177.052
435.944
355.365
453.37
534.425
344.429
268.954
208.486
228.558
405.272
546.796
375.22
348.031
278.532
216.292
162.571
206.595
359.655
355.104
361.153
514.157
414.529
227.11
339.015
340.506
322.292
490.59
364.727
515.803
342.918
311.346
219.787
214.47
320.035
511.924
287.736
539.047
669.438
449.399
279.746
310.369
253.273
489.323
274.136
407.193
581.72
523.585
302.065
216.406
251.645
379.841
247.716
383.967
615.879
543.028
306.761
188.624
226.358
356.62
173.944
238.02
392.687
594.902
304.426
175.409
170.39
228.047
275.909
186.399
379.399
870.817
468.332
297.643
286.363
193.13
255.563
216.208
345.439
821.461
753.969
379.659
264.776
206.281
252.859
239.628
492.155
517.443
749.062
519.96
276.402
233.405
350.994
298.957
277.192
374.44
545.725
585.295
360.527
305.393
344.557
253.099
312.82
444.937
586.636
536.83
378.364
232.936
419.628
313.554
234.524
292.97
517.949
693.228
476.322
326.243
612.058
388.892
202.483
148.878
427.638
731.024
673.037
436.398
559.529
338.513
240.274
236.168
372.3
683.365
610.733
355.953
548.714
372.121
224.69
213.462
290.793
592.102
595.23
414.282
699.463
332.34
232.406
271.204
314.516
595.577
746.203
384.027
375.197
290.818
156.451
99.3468
113.859
166.282
350.653
322.867
296.328
272.109
204.483
201.777
147.332
188.296
281.319
287.295
400.125
228.134
194.906
319.463
274.404
266.686
398.628
264.413
340.888
387.634
341.483
185.407
256.03
383.078
341.398
378.395
413.04
311.256
219.249
209.481
185.584
264.513
405.721
330.652
402.312
501.113
417.849
230.966
219.052
264.241
383.98
488.858
272.301
602.387
761.66
518.888
341.381
373.96
242.284
532.506
246.747
482.177
618.722
504.956
378.402
281.943
233.004
432.818
194.163
334.995
623.399
666.61
389.28
204.286
181.88
295.58
250.023
210.505
562.802
996.024
486.741
237.843
252.72
208.089
246.084
184.524
417.604
892.406
759.446
275.505
255.983
186.054
255.144
266.475
379.577
493.532
618.741
403.797
250.265
268.077
244.703
432.274
401.476
340.389
594.134
602.623
257.509
382.042
256.634
298.815
374.801
413.125
670.062
672.855
291.455
274.292
511.684
491.531
283.153
308.975
440.942
693.201
524.004
517.914
566.949
362.599
283.387
242.927
366.299
676.138
618.261
375.35
478.52
222.22
248.665
286.14
343.474
424.985
496.674
247.929
691.24
314.287
185.199
250.571
456.901
707.014
746.422
368.6
532.019
317.406
176.86
155.841
308.15
630.67
582.74
328.869
705.814
343.132
154.93
129.041
183.752
532.46
744.429
403.228
251.69
220.972
132.907
92.0161
108.108
166.515
245.395
230.955
447.726
386.391
230.558
126.103
151.15
207.349
416.91
414.051
266.786
239.811
180.972
184.875
184.784
230.283
263.646
251.376
458.233
646.017
363.213
239.64
172.123
237.479
399.1
645.52
262.715
225.035
291.706
348.273
193.605
204.612
256.919
226.182
471.014
505.608
456.889
311.867
218.099
207.699
434.62
516.4
341.852
639.754
804.065
421.6
377.874
311.899
328.239
583.682
295.717
534.216
667.702
413.87
302.142
351.794
287.256
468.074
230.099
293.218
657.765
819.623
471.937
294.503
231.845
251.739
192.025
168.73
503.774
833.382
446.002
215.082
197.039
161.999
139.685
191.504
318.188
734.137
626.452
226.607
132.796
177.495
192.27
193.445
251.717
331.436
465.81
347.989
201.613
197.254
209.943
152.517
196.66
257.46
243.653
233.965
223.076
154
337.452
306.514
348.133
241.943
551.582
654.973
381.361
258.916
465.786
327.273
180.621
191.732
463.4
788.193
537.331
320.547
565.251
414.157
253.687
217.48
352.97
760.792
631.223
411.95
470.797
303.22
266.931
209.33
343.56
623.195
528.202
318.995
701.396
344.026
224.879
161.456
310.951
638.444
745.341
375.701
804.966
477.029
234.249
134.825
289.262
720.002
847.063
504.724
464.018
283.265
178.747
164.905
218.681
316.832
466.053
294.475
429.617
397.878
190.736
105.759
93.0125
186.335
399.4
428.174
498.685
422.677
199.239
177.415
146.632
204.341
459.998
468.691
357.49
338.226
173.221
169.999
137.639
155.021
320.645
365.323
361.852
237.812
165.284
228.973
166.333
249.804
364.333
262.406
495.108
508.592
244.454
183.789
204.444
262.23
450.666
542.29
498.041
729.232
436.871
136.948
162.306
337.469
438.378
716.61
367.224
484.358
386
375.813
246.042
344.092
357.762
451.411
255.545
289.78
550.316
450.131
332.629
255.165
248.462
257.522
210.303
267.562
608.436
725.357
380.22
173.032
214.008
236.898
251.633
233.113
459.434
624.893
300.491
148.378
246.14
224.849
95.9471
134.282
253.85
567.87
509.286
269.08
108.979
113.862
345.602
167.174
226.852
417.522
273.864
222.758
348.035
200.445
274.95
267.748
249.354
262.313
309.362
339.476
266.144
281.683
465.86
392.95
267.96
358.832
460.146
620.761
498.082
416.207
519.053
353.451
199.909
310.401
457.116
662.102
569.767
378.296
376.344
313.373
227.264
255.614
265.026
489.249
417.206
316.348
749.848
387.239
195.062
191.986
365.29
784.182
816.705
433.923
824.238
405.312
220.591
199.387
298.965
719.484
863.134
448.66
401.225
276.673
204.911
233.934
249.663
474.531
439.992
286.209
230.058
187.151
179.287
335.771
359.723
306.132
242.143
186.534
267.888
246.024
180.723
173.044
199.55
163.874
254.544
262.381
291.694
229.373
197.08
248.318
170.296
199.593
294.928
240.435
436.563
337.099
254.091
244.203
242.631
294.655
422.962
361.156
371.823
477.042
249.603
128.792
112.952
223.743
336.654
483.554
609.615
595.184
269.826
158.479
199.563
344.06
561.512
636.773
416.023
717.207
453.221
190.442
177.888
318.088
355.763
695.88
383.238
527.116
398.321
321.837
299.881
310.713
362.312
511.432
371.906
522.853
494.018
283.103
257.342
336.781
340.544
494.661
401.848
263.551
293.12
411.727
280.17
232.452
388.215
290.797
165.621
253.027
442.464
532.948
286.713
153.797
156.598
232.939
159.356
212.068
254.194
419.374
399.478
252.597
161.605
193.316
250.627
172.907
229.945
491.652
454.167
233.975
248.748
184.997
273.689
276.971
281.597
295.074
375.284
393.882
295.126
279.938
539.374
361.674
231.651
204.277
408.655
706.813
598.005
372.027
603.757
275.88
215.293
231.839
415.261
657.247
651.571
315.433
769.394
357.73
226.587
154.829
379.276
724.82
823.971
425.213
784.45
405.198
185.959
216.374
234.567
477.946
791.959
480.502
741.258
317.174
228.641
130.606
293.518
581.519
782.513
379.433
784.334
311.943
204.435
192.219
246.7
453.212
799.394
389.343
543.473
256.823
197.903
300.176
289.253
500.329
584.857
291.053
476.143
287.233
115.97
105.062
114.526
195.792
453.634
339.149
405.095
388.088
298.37
221.762
244.81
259.315
381.646
407.8
539.216
439.667
269.556
178.875
153.44
177.311
500.193
485.24
500.436
569.688
269.127
168.438
173.329
289.482
457.838
602.003
591.759
588.693
235.154
289.954
264.152
416.97
609.732
622.11
517.895
779.885
442.553
427.44
260.177
378.769
446.423
772.634
560.186
708.37
458.381
264.283
233.899
314.02
504.108
710.436
498.633
515.797
458.346
309.702
230.965
337.644
464.09
527.774
325.06
288.923
314.143
237.118
204.076
307.591
330.462
286.334
171.045
209.219
271.598
361.259
334.534
189.37
160.385
205.863
304.61
312.78
323.286
541.243
448.242
389.172
310.293
309.894
262.951
184.608
256.965
405.373
638.334
438.242
275.078
196.384
176.496
228.681
426.839
604.084
322.629
150.487
177.443
208.803
587.438
311.649
202.088
181.559
254.585
523.9
619.965
356.087
351.079
198.419
161.6
250.815
339.757
345.964
364.255
226.111
426.468
292.375
202.922
206.111
234.023
414.274
452.067
304.789
611.312
284.81
162.651
201.36
245.957
475.064
639.302
320.638
688.732
279.312
193.006
158.124
193.975
494.58
729.66
327.979
456.227
337.419
224.931
279.473
320.133
459.138
482.354
341.571
422.338
364.841
228.711
297.507
213.503
324.554
438.805
384.547
448.507
497.15
337.871
167.474
201.148
248.037
417.245
509.592
591.477
610.314
390.58
226.993
182.255
232.456
533.401
632.974
502.597
465.372
199.04
262.376
214.798
305.174
464.13
512.226
630.308
537.422
279.371
256.121
215.801
255.247
572.252
586.239
461.16
565.64
269.875
210.348
148.688
227.241
411.568
592.768
698.013
690.114
302.689
234.924
207.165
307.374
626.893
749.772
660.348
527.601
261.459
180.263
205.481
258.521
612.667
588.086
563.239
427.057
323.498
272.232
315.268
288.546
524.654
469.686
496.083
366.367
663.792
529.592
332.735
288.134
491.633
349.542
432.499
291.532
305.735
201.928
169.633
223.253
421.72
318.774
230.255
240.122
231.675
483.797
281.696
209.706
222.741
242.398
350.98
308.761
263.238
384.331
617.027
543.117
381.103
319.927
442.943
348.393
293.476
376.878
394.706
611.068
485.391
358.576
445.675
265.975
213.652
300.37
303.177
473.604
485.742
296.558
626.405
310.861
176.251
367.287
255.843
430.33
651.674
364.364
670.04
378.329
313.703
350.292
388.119
581.087
701.321
407.955
925.804
377.93
243.797
263.729
306.275
444.928
928.425
475.922
844.719
392.32
139.199
161.539
145.991
457.955
870.588
463.554
969.91
423.82
277.592
155.592
278.065
738.888
1012.5
484.828
871.391
385.391
178.55
132.518
165.759
518.638
889.617
465.202
386.799
379.462
349.001
186.323
176.433
243.628
375.659
374.802
427.841
348.105
168.817
155.303
163.853
296.594
403.87
385.151
461.572
327.921
201.342
116.948
117.522
245.984
456.682
364.388
600.379
484.212
291.152
174.724
199.777
387.085
588.639
523.188
470.777
510.318
247.123
99.6261
126.607
299.025
451.996
520.667
833.614
646.477
302.137
283.695
228.153
331.035
783.482
727.73
832.761
474.364
254.528
332.851
231.059
331.599
807.415
558.105
689.373
770.535
508.317
320.627
330.998
336.736
626.993
783.613
422.655
620.979
590.726
376.431
345.438
401.56
427.652
593.248
433.857
555.582
351.646
281.055
257.215
315.936
395.238
560.919
240.761
238.503
336.752
350.829
308.401
202.926
246.774
234.909
323.256
220.414
206.031
176.048
259.501
305.471
325.661
233.035
363.528
240.215
223.181
288.897
413.564
502.603
395.452
249.35
722.393
410.597
163.42
224.208
250.015
579.135
768.648
452.559
453.472
267.476
213.586
196.382
242.776
372.091
473.295
295.439
757.047
323.25
111.976
177.171
212.064
551.343
796.595
392.367
858.689
400.456
272.469
261.112
202.435
464.888
873.989
459.915
615.944
329.2
206.864
210.923
173.397
439.762
648.487
368.057
842.778
321.584
223.286
168.536
247.143
545.588
879.055
384.885
1002.07
377.638
256.764
203.487
293.793
580.885
1018.04
488.748
538.188
434.667
248.798
139.547
164.622
243.451
503.434
471.072
436.591
351.854
185.549
136.402
147.161
182.487
398.339
384.552
280.747
289.507
236.878
152.556
158.473
240.533
273.551
298.462
502.447
387.905
166.711
112.285
229.441
372.619
468.36
442.205
683.496
506.542
211.555
176.715
145.153
317.913
631.359
592.7
342.474
371.432
239.014
164.464
163.06
233.583
312.966
383.498
588.044
556.053
330.216
269.048
218.386
306.747
556.508
592.126
740.74
718.916
363.194
213.603
185.589
268.691
673.252
759.911
271.975
440.638
532.357
428.732
284.85
272.842
257.597
401.119
394.028
415.26
411.6
399.483
293.333
182.366
366.594
419.706
279.735
252.341
202.645
250.538
240.284
240.414
264.39
269.074
183.847
141.353
199.719
301.431
273.542
308.837
204.495
136.773
310.788
224.134
263.818
256.391
271.232
297.058
314.964
228.486
465.596
276.157
158.665
237.294
269.361
350.529
473.959
312.72
492.365
309.304
202.965
334.973
300.898
271.502
480.111
353.232
744.04
342.627
190.307
170.014
230.91
542.11
778.141
409.53
730.559
281.794
174.919
236.025
223.202
522.726
768.794
345.713
548.888
317.121
238.176
363.324
356.614
337.853
556.035
359.424
837.005
295.686
136.483
152.356
138.693
453.514
862.895
381.338
773.92
368.114
160.032
182.127
209.285
439.958
781.279
451.136
402.868
400.36
231.788
134.918
150.466
214.361
371.732
422.532
506.737
487.99
396.529
241.345
225.066
321.794
477.951
504.599
464.23
371.723
224.835
264.349
198.311
200.329
436.948
408.805
583.53
316.46
222.055
208.775
119.058
188.106
547.056
380.04
702.031
512.419
281.464
283.514
242.589
298.978
641.517
599.302
541.904
396.979
153.403
169.189
162.331
282.736
500.488
461.101
1163.58
662.562
195.903
94.1194
84.9909
314.428
1100.09
802.063
304.04
274.914
312.196
375.54
247.395
225.491
296.374
270.554
449.439
402.948
234.798
143.376
121.044
271.414
445.536
423.265
742.241
456.972
201.618
241.68
181.135
365.822
711.646
530.142
332.438
200.022
185.486
428.74
344.177
268.335
334.142
226.626
348.801
321.807
294.983
211.797
295.31
397.89
363.846
303.708
651.842
307.331
219.153
225.805
222.452
410.315
666.961
359.796
451.114
310.992
204.555
161.127
236.077
410.187
480.555
320.099
545.391
339.956
264.259
344.682
240.155
309.265
536.078
385.573
759.342
267.821
223.484
319.364
246.914
501.762
785.884
344.817
809.846
332.993
137.457
200.668
158.628
343.14
817.726
421.678
609.133
402.962
279.392
235.252
207.362
410.64
622.643
424.133
511.414
317.938
195.649
135.392
155.236
419.792
547.11
349.647
870.863
347.297
156.804
159.218
211.081
528.122
893.254
434.668
532.408
383.887
150.798
188.887
139.494
229.487
501.059
436.38
491.303
334.669
223.882
205.196
194.574
270.929
490.43
368.404
403.223
315.185
176.074
209.558
171.971
240.033
393.515
346.686
614.575
354.572
140.18
128.997
150.184
225.589
582.344
421.119
745.553
542.381
232.569
241.706
179.284
277.67
694.118
622.419
775.057
439.339
158.084
150.156
178.92
248.57
726.502
530.933
931.389
627.395
261.1
253.362
200.608
291.282
867.329
728.2
979.116
539.84
236.517
120.609
124.565
291.812
933.301
652.218
498.487
366.879
325.39
291.849
152.021
173.04
469.455
388.934
292.562
276.863
308.097
321.647
274.264
316.619
297.746
269.838
398.388
239.783
215.084
302.89
327.786
280.658
398.03
265.784
426.847
202.483
228.561
241.164
471.709
565.705
463.424
213.486
529.848
318.166
190.372
164.073
347.033
525.636
554.802
341.118
572.513
272.517
172.664
197.747
327.112
501.323
605.688
316.786
579.908
315.923
222.401
269.337
215.755
401.355
607.712
353.789
632.055
294.385
175.441
365.96
322.751
397.61
645.523
360.773
746.205
300.423
239.477
237.338
174.299
346.41
753.222
355.806
266.949
252.064
221.13
221.834
236.715
369.214
282.002
247.299
870.606
336.579
278.63
177.545
412.497
666.119
900.474
414.752
740.498
280.166
154.495
158.236
190.486
505.389
773.066
343.294
451.712
271.881
193.901
260.618
194.848
225.343
429.974
317.096
404.264
415.161
217.763
221.64
168.252
256.739
386.799
444.113
418.66
386.208
372.036
198.89
357.149
439.374
414.587
371.254
677.024
559.768
172.863
133.02
100.157
277.169
613.884
628.509
684.649
512.416
217.265
184.661
182.502
365.985
640.89
570.354
776.205
466.341
302.479
285.539
171.148
242.487
737.696
544.741
780.911
435.414
305.969
344.238
217.936
335.077
755.77
515.352
823.458
492.2
136.173
140.616
138.29
357.244
798.412
581.078
622.586
464.384
377.437
390.666
234.644
232.656
582.979
519.628
669.614
459.726
210.653
254.919
255.179
296.257
637.979
528.094
436.988
264.089
189.431
253.752
202.841
208.113
430.808
299.704
468.07
285.406
196.174
190.823
276.648
277.4
459.07
326.004
607.473
279.118
180.277
194.933
335.374
558.072
642.684
324.939
511.355
264.162
320.826
251.854
353.127
542.851
553.378
288.099
870.429
434.403
250.125
143.606
175.87
496.543
876.368
501.289
421.744
319.768
258.304
248.57
304.48
352.986
423.037
343.063
599.126
348.192
198.761
211.325
242.02
296.641
588.831
401.256
369.679
331.676
287.974
337.014
290.828
235.549
353.098
328.505
678.305
352.771
174.271
179.661
189.145
409.094
689.01
413.826
407.654
308.364
171.414
183.81
185.054
314.153
406.399
342.977
396.324
363.84
232.134
228.404
157.125
203.323
367.313
386.12
636.587
567.322
204.172
188.998
140.646
331.656
589.574
628.168
488.088
514.169
275.286
132.828
218.509
246.681
433.904
544.656
889.376
568.259
157.093
132.225
156.522
339.331
829.324
676.829
750.289
340.148
136.705
166.345
128.674
274.055
732.61
428.457
975.314
448.254
150.302
287.031
222.911
365.045
952.384
569.705
812.22
540.481
202.25
199.739
173.094
349.653
779.213
624.197
796.869
424.903
185.23
210.305
191.982
383.862
781.863
507.985
511.697
362.875
195.071
144.169
143.731
245.727
490.567
398.5
376.88
347.659
260.458
283.73
246.075
245.541
362.827
355.851
655.538
362.041
272.932
303.708
267.573
314.376
633.245
424.866
507.197
279.09
187.412
223.81
365.041
540.191
544.457
312.401
591.847
339.126
177.058
252.197
326.818
442.446
597.555
385.809
228.89
255.301
201.71
323.387
233.958
213.228
218.111
264.64
544.635
283.255
144.589
196.835
222.289
514.157
585.78
314.447
296.512
210.685
154.888
196.827
245.353
268.348
301.211
219.461
449.401
209.999
219.622
232.834
206.164
379.231
483.11
229.389
534.613
248.347
172.328
302.761
221.581
263.764
535.545
296.549
522.537
239.454
113.797
185.085
227.619
330.184
530.207
285.955
557.564
302.376
158.102
195.997
204.427
354.774
561.202
350.35
696.711
588.45
223.21
186.099
159.579
252.465
626.257
658.926
660.684
538.256
193.725
170.197
177.998
293.673
604.698
606.917
593.727
391.802
226.15
207.241
165.938
249.265
564.084
446.051
812.503
577.427
261.997
395.531
251.092
344.093
752.048
672.684
610.882
424.13
258.469
422.276
236.696
250.78
570.496
481.302
745.767
366.005
229.64
327.976
196.219
261.374
716.742
459.574
404.54
332.109
265.999
324.287
314.245
362.254
411.222
352.305
760.676
329.823
216.2
198.315
170.402
370.057
777.351
403.182
601.476
396.434
170.598
263.444
282.175
371.598
589.072
451.564
370.014
186.5
215.849
379.111
418.5
360.803
392.295
206.486
485.168
302.138
267.941
243.773
315.209
361.139
502.766
322.337
494.352
267.236
199.126
332.965
256.56
345.307
503.78
305.988
529.145
439.322
150.073
131.443
198.305
454.53
509.501
493.175
326.553
284.327
260.404
362.745
359.402
399.097
352.96
291.86
575.619
289.977
224.909
198.077
248.879
351.266
575.659
352.86
704.881
315.924
187.844
170.41
209.234
407.45
711.093
393.398
701.217
321.948
146.613
228.53
205.189
418.736
698.655
395.912
668.992
291.947
189.506
135.404
176.494
398.945
687.051
346.812
825.106
329.24
130.23
110.169
138.691
397.25
837.143
420.236
692.316
349.834
143.366
172.242
190.929
410.211
688.556
422.823
557.582
582.625
254.78
103.631
97.4037
185.733
495.677
620.179
860.414
583.719
209.207
137.833
144.571
316.824
811.902
672.39
506.283
318.078
133.251
127.955
100.193
183.025
476.901
375.753
762.904
653.571
241.116
238.343
210.68
356.37
697.651
732.023
1105.31
540.007
208.647
227.463
143.752
345.185
1068.4
674.837
590.209
398.988
239.645
280.512
223.126
265.111
564.5
452.323
941.42
484.37
273.825
409.45
291.064
343.635
906.604
591.07
983.736
416.15
181.786
227.037
209.388
553.051
999.21
523.576
646.609
376.437
165.103
207.66
195.907
370.264
643.056
435.096
521.184
282.876
204.282
260.022
187.474
310.561
519.972
329.356
409.61
257.812
171.214
149.679
177.639
292.376
414.047
288.325
340.086
289.546
253.009
213.877
188.583
359.025
368.165
292.705
359.52
185.651
162.024
205.666
204.833
368.785
382.408
205.287
546.124
429.618
274.89
320.105
269.862
409.599
559.46
437.698
597.264
297.77
195.099
271.057
318.288
550.061
625.643
339.918
655.094
321.486
287.033
285.57
227.867
409.705
674.97
373.595
828.109
411.052
136.165
223.858
174.763
484.888
839.311
496.275
565.335
328.702
194.446
199.636
163.943
398.421
588.504
366.923
587.331
261.386
113.52
131.008
129.02
245.854
575.175
321.376
678.568
359.966
144.021
124.426
216.049
510.861
697.268
422.922
662.857
603.847
264.281
157.716
202.068
302.535
608.006
659.749
853.68
802.887
280.279
137.502
161.008
409.917
775.615
878.683
803.829
587.492
198.248
158.894
140.62
337.851
737.344
677.568
961.004
613.197
218.956
199.739
126.687
314.194
901.112
720.387
665.869
568.218
321.737
207.888
185.244
280.629
621.6
615.674
425.705
304.815
177.994
141.648
134.366
224.331
411.547
332.74
505.535
434.828
261.076
221.165
255.541
467.033
537.791
463.479
748.813
347.213
260.917
209.436
264.73
512.219
767.286
417.434
469.531
409.841
326.131
274.564
258.086
304.273
439.784
428.174
583.521
366.638
258.362
196.919
200.664
366.163
590.213
399.35
546.093
274.995
224.42
218.742
240.669
415.465
572.987
317.013
605.623
327.218
231.989
320.664
271.923
544.951
641.48
365.419
491.767
219.5
140.673
198.544
267.811
436.476
528.606
251.072
456.573
255.804
177.542
235.419
280.422
550.501
501.685
270.775
356.004
429.693
256.351
256.014
193.466
367.569
357.114
433.62
464.743
262.335
232.775
361.797
254.054
430.091
500.255
292.998
621.029
286.632
187.398
215.357
236.728
488.668
661.466
323.662
847.399
316.785
236.76
207.945
232.899
476.448
864.34
407.251
225.044
118.877
97.4492
195.635
170.377
218.85
244.142
127.848
494.028
185.645
112.351
169.735
226.069
256.869
487.749
238.846
725.64
745.806
355.694
161.971
175.183
347.878
657.704
800.753
906.253
622.684
214.467
91.4164
95.6189
259.356
838.685
715.928
818.066
603.732
215.287
191.589
169.445
276.949
756.511
690.97
1098.14
698.983
282.472
187.851
144.69
337.446
1038.53
806.439
728.746
255
204.187
177.408
171.051
306.925
727.877
334.091
514.964
300.384
233.412
229.966
179.834
358.4
524.9
325.32
700.398
320.258
117.729
135.578
166.692
346.665
694.707
395.564
510.774
339.237
159.704
212.09
235.37
446.746
536.247
376.621
722.902
411.546
231.008
242.563
208.826
433.597
732.595
473.373
328.692
277.127
202.971
122.231
191.648
293.371
327.103
287.275
429.397
361.016
250.032
246.505
256.289
391.249
448.238
375.88
436.084
323.068
295.193
334.622
282.373
394.846
443.526
346.305
415.875
283.96
206.156
192.767
192.786
357.154
445.642
304.318
450.793
266.592
156.921
278.684
174.379
266.502
442.491
307.334
404.848
276.568
189.798
272.23
221.773
351.871
411.767
297.285
464.336
199.535
187.861
207.981
309.051
433.367
488.305
239.258
410.333
311.45
244.23
302.399
295.654
372.104
418.148
330.181
870.514
345.865
158.433
223.423
199.599
452.144
888.806
435.242
388.534
201.647
155.663
160.27
197.883
277.201
406.158
236.409
493.947
263.971
150.362
125.211
132.226
276.754
494.586
306.124
600.51
621.714
295.326
142.226
120.706
238.524
541.665
656.59
595.774
555.271
315.116
229.575
178.209
369.071
553.516
586.803
946.803
658.265
239.27
201.419
176.51
271.079
869.572
761.31
618.203
343.805
306.739
212.803
201.654
336.123
615.066
392.488
746.265
393.431
191.471
303.468
206.007
349.764
722.229
469.698
566.276
322.653
247.289
205.384
185.016
299.518
562.469
366.774
438.586
391.548
258.983
244.499
254.062
425.127
433.841
416.593
500.67
302.884
187.651
196.603
164.311
221.615
482.019
347.117
618.393
341.197
227.551
198.717
218.664
521.101
655.987
367.711
616.341
332.831
269.179
351.939
270.068
322.639
601.946
388.889
456.898
445.208
206.92
146.678
276.485
545.2
490.741
455.229
272.038
242.034
334.924
307.773
319.301
353.796
263.918
225.293
311.02
245.593
154.141
228.944
284.56
370.63
330.076
264.953
322.779
248.206
283.04
348.837
259.434
260.201
331.533
244.604
530.282
244.347
107.761
130.1
149.026
321.767
532.029
301.797
447.828
196.306
235.491
466.305
394.437
315.773
463.64
237.183
507.278
272.089
190.247
232.041
263.346
476.286
529.625
318.502
230.758
205.081
220.283
327.473
256.793
213.518
224.512
214.455
472.994
241.714
221.775
304.209
284.235
223.634
459.949
291.46
532.624
328.414
265.022
346.149
262.43
207.576
502.414
385.387
771.625
763.832
361.185
184.877
178.045
375.295
707.762
808.124
747.153
527.795
277.603
209.972
200.739
267.205
709.733
591.706
1053.85
706.4
255.176
195.281
253.076
368.184
984.785
819.357
797.324
558.052
209.857
169.071
175.061
345.227
761.555
637.564
814.324
363.611
143.26
167.207
154.038
478.697
837.147
439.472
632.824
372.127
282.144
339.583
328.741
367.409
638.119
422.298
297.976
337.988
356.709
280.262
271.955
216.596
286.246
322.909
498.519
298.187
239.525
122.079
152.269
310.523
504.024
318.403
644.093
290.118
181.176
177.083
272.979
512.937
679.5
345.64
406.334
292.035
202.027
313.313
305.596
380.703
427.323
304.157
315.598
268.124
201.785
198.451
226.772
313.963
319.355
272.306
376.457
235.619
245.194
391.168
285.553
296.597
377.396
259.59
294.579
231.759
301.019
305.531
322.456
280.848
306.206
235.123
459.317
241.494
235.607
296.45
246.013
295.396
471.349
279.374
236.066
200.377
231.733
278.159
225.326
268.315
247.028
195.751
393.226
256.536
219.486
329.479
326.236
501.776
435.057
265.771
650.049
351.86
181.333
186.597
347.28
675.409
709.634
386.563
645.566
340.733
137.553
144.866
298.464
598.198
691.065
396.302
626.279
322.97
181.637
162.663
304.714
422.502
626.86
384.268
569.737
362.947
186.136
232.26
373.312
587.313
596.973
393.911
489.661
525.189
327.392
217.348
217.457
284.041
453.48
543.099
384.138
338.656
226.448
262.744
150.764
301.575
390.079
368.455
550.882
594.861
249.945
139.486
172.759
230.894
491.696
628.561
603.8
368.417
286.6
287.535
155.077
275.601
578.567
430.485
724.834
313.084
164.629
246.534
175.938
436.304
737.132
378.737
508.829
278.618
364.93
560.611
379.202
322.316
518.588
304.919
480.448
263.377
143.765
215.501
224.508
311.166
486.201
304.234
465.278
315.918
201.823
316.595
199.904
247.475
469.628
345.942
386.602
223.434
275.047
355.333
231.139
231.653
388.958
244.756
503.133
403.163
196.705
177.418
226.106
445.635
525.798
435.793
410.705
206.862
119.063
154.98
288.161
415.06
437.52
230.933
262.078
205.585
269.22
374.285
294.393
315.514
283.414
200.703
313.198
177.589
275.392
467.071
343.91
225.458
312.908
198.112
428.211
195.943
178.068
285.102
251.595
356.311
448.498
227.092
321.569
201.036
217.558
312.358
321.62
323.326
341.918
216.435
419.645
263.224
220.915
276.036
274.818
378.382
431.856
282.906
774.537
358.265
165.875
173.302
332.162
713.942
837.794
419.563
834.161
377.855
98.7022
124.954
183.134
592.296
878.183
451.566
685.056
332.463
218.389
174.687
281.235
559.03
714.332
382.945
818.334
350.451
187.82
214.299
306.911
614.658
855.638
426.296
