476.532
339.288
155.893
137.255
145.343
226.805
446.532
382.881
324.418
278.486
220.654
239.091
180.756
200.972
309.051
299.098
464.323
297.76
271.208
301.881
286.279
274.93
459.97
330.607
411.867
307.844
353.233
275.867
351.274
275.727
407.352
322.642
409.087
394.185
293.402
275.794
215.116
291.508
385.553
408.614
466.12
571.725
391.129
140.345
188.875
308.846
447.949
567.594
343.951
598.894
771.42
494.488
369.969
254.212
313.209
561.634
244.708
318.534
647.307
723.838
419.202
243.756
236.635
284.197
207.719
269.617
368.583
444.584
320.801
232
195.232
260.146
239.719
205.373
471.945
852.457
397.79
223.334
241.495
203.727
374.377
234.535
319.343
698.643
521.055
250.226
366.374
263.55
158.113
206.257
377.629
614.411
718.089
392.421
166.758
188.448
432.609
424.006
392.984
413.226
580.074
584.702
440.408
438.873
412.508
326.313
415.376
447.278
720.818
741.172
469.23
327.079
425.836
351.992
298.916
365.663
456.868
679.739
471.162
361.467
588.564
273.454
347.139
387.551
456.425
643.009
628.415
303.391
505.939
383.505
357.059
213.115
334.422
557.847
536.024
388.731
647.366
307.263
264.338
271.587
392.607
658.623
702.393
349.906
668.391
315.15
190.049
246.737
400.884
694.822
712.534
364.003
554.739
254.52
183.047
222.626
252.343
544.09
599.353
275.121
304.836
208.657
125.216
105.766
103.007
171.153
301.221
229.471
410.295
393.028
259.932
177.674
140.556
203.739
387.558
411.561
301.356
264.066
196.443
194.49
207.644
256.167
306.461
275.299
582.642
698.015
427.372
303.724
228.704
275.875
521.84
712.701
332.421
316.791
358.274
359.542
204.767
255.95
324.307
315.253
374.263
460.015
514.675
349.317
212.911
233.424
350.278
443.196
242.085
713.745
866.307
490.917
384.418
479.445
220.404
614.324
288.725
531.332
689.796
494.414
360.721
386.688
284.181
465.325
163.441
284.932
729.57
842.483
451.031
300.141
173.682
231.766
214.143
222.669
487.203
860.011
467.511
210.886
217.455
210.811
178.5
154.229
275.642
646.632
626.799
304.856
181.07
160.035
227.735
267.523
388.315
451.047
577.175
454.8
254.313
249.801
210.4
234.042
474.059
434.561
516.924
356.041
215.062
212.828
477.225
349.193
217.782
292.153
450.461
648.148
528.029
368.47
496.072
403.221
229.727
280.068
497.59
786.876
559.263
415.764
627.832
364
180.558
216.879
365.019
734.771
684.815
383.59
732.449
338.07
159.58
182.729
269.411
636.633
793.793
390.576
452.711
315.657
236.104
258.35
383.845
524.82
476.483
333.705
768.635
329.657
184.687
191.441
377.973
712.352
821.376
393.87
705.118
331.206
174.569
123.664
185.899
561.99
752.792
385.822
486.213
503.367
265.084
132.376
119.768
220.375
447.032
526.686
457.347
430.457
222.665
188.935
185.534
235.08
418.223
453.82
359.504
371.447
175.909
157.215
134.96
159.883
321.414
397.961
446.391
405.601
203.278
149.811
129.777
260.865
424.793
440.96
546.86
616.345
317.594
265.091
228.725
292.408
487.775
650.017
463.965
704.362
548.456
222.668
265.045
350.086
421.238
679.359
353.95
548.008
504.271
409.451
290.502
274.099
333.504
513.523
338.901
392.752
662.049
646.044
319.989
264.482
337.806
370.03
211.395
344.871
691.253
798.54
385.605
173.619
205.185
307.825
138.467
203.75
598.801
858.812
404.877
143.456
138.706
168.347
173.729
137.96
336.663
810.252
685.193
321.573
183.782
141.938
208.421
198.627
304.321
423.688
331.264
234.424
208.709
206.229
249.016
229.797
333.628
434.187
445.711
308.348
248.267
227.723
455.663
233.892
341.432
359.373
449.465
555.47
492.021
252.147
456.014
403.316
357.12
305.16
552.328
786.01
520.314
390.734
493.484
326.133
205.682
251.888
303.738
679.883
560.198
328.861
772.625
434.877
271.528
231.983
409.079
848.974
835.125
455.924
895.107
431.382
179.576
167.597
335.669
736.696
942.503
505.231
575.041
415.96
223.625
267.56
257.766
533.395
616.294
456.877
409.156
275.029
177.598
177.301
295.35
438.772
430.936
305.633
352.749
346.245
196.083
147.009
174.471
315.625
334.021
367.851
352.748
291.315
217.658
182.173
129.419
228.101
356.7
302.347
331.184
327.028
266.125
277.609
254.494
363.301
334.614
324.509
461.457
511.788
262.531
230.358
167.441
273.475
423.355
534.656
562.918
543.513
409.869
277.904
264.474
351.257
532.843
567.924
487.684
684.061
511.151
230.462
247.598
299.009
463.658
675.456
534.793
641.502
558.839
553.45
405.619
298.673
479.922
648.628
457.444
681.922
612.503
354.849
269.728
305.097
403.111
663.614
426.601
370.224
412.779
615.383
279.806
159.496
393.948
398.664
230.519
286.396
576.643
789.791
424.064
154.956
215.136
263.542
115.416
146.415
319.792
726.537
593.242
250.643
122.689
132.194
323.031
228.086
231.699
235.578
250.272
269.784
328.406
240.625
311.725
215.117
310.802
324.142
371.477
296.05
318.708
226.516
586.934
291.508
275.025
216.453
455.172
659.722
637.697
319.259
624.859
443.01
252.79
267.639
399.718
765.685
681.651
454.089
704.595
336.483
174.531
139.413
351.377
697.865
767.444
388.091
870.799
450.845
158.933
124.94
166.102
470.216
872.552
541.807
818.208
404.69
255.494
198.723
459.719
855.451
898.016
459.382
718.597
333.686
182.088
136.469
144.89
421.323
734.353
397.679
609.618
298.326
215.921
223.087
331.698
521.058
639.776
347.896
502.881
259.767
115.32
171.158
113.981
180.802
483.831
319.557
453.191
350.223
275.407
214.344
187.776
323.224
453.346
380.112
468.749
341.249
279.295
303.245
232.448
218.402
451.173
373.5
515.861
573.477
278.939
149.343
207.489
269.412
458.418
608.026
439.407
663.678
340.062
236.911
320.612
441.558
415.125
643.019
736.987
881.764
543.687
380.449
299.828
398.682
669.241
914.13
627.991
704.994
578.272
262.95
379.201
430.923
581.313
701.719
402.714
444.876
519.157
354.281
252.911
330.299
389.372
410.519
409.823
293.005
204.044
269.361
183.326
242.835
407.232
318.002
167.792
228.398
412.283
625.178
371.853
194.891
161.956
211.034
179.272
275.528
323.596
538.515
423.224
278.981
176.398
251.597
179.365
170.327
350.544
423.185
527
361.066
200.393
151.641
296.088
248.012
359.17
569.611
407.256
294.279
307.554
245.086
577.403
406.081
218.772
172.88
290.331
627.46
619.839
414.133
357.928
214.593
248.924
298.387
341.796
323.858
379.121
223.448
462.534
281.465
249.695
317.341
336.324
495.534
487.998
301.816
690.17
318.845
136.922
168.009
247.358
566.317
733.269
378.272
578.568
293.218
128.761
136.658
196.512
442.492
615.623
340.049
396.679
286.203
202.973
307.711
301.297
341.475
413.32
309.225
438.119
289.819
251.602
267.159
373.02
535.511
478.046
298.588
686.022
508.768
283.022
216.166
183.144
260.096
649.578
568.423
617.707
497.389
379.095
228.217
242.11
281.293
590.747
519.415
454.444
303.88
216.229
273.218
243.183
306.204
438.266
331.294
752.919
578.795
251.194
178.922
145.548
235.444
691.968
653.016
460.216
650.722
331.885
178.797
231.81
360.502
417.252
649.595
577.547
673.508
392.258
339.601
305.498
343.661
514.233
688.527
462.197
430.558
230.86
197.057
252.708
438.723
474.257
442.548
573.537
508.919
220.41
206.139
163.361
298.26
538.032
555.856
348.289
404.855
419.686
388.509
265.173
181.892
322.003
406.187
334.779
301.229
327.886
494.167
234.342
216.967
322.097
306.095
256.652
208.995
340.371
736.459
449.376
185.49
243.998
216.875
280.524
218.669
326.871
447.245
571.452
449.415
310.514
212.282
298.582
298.149
357.957
367.943
539.214
537.509
323.035
263.469
467.647
259.026
214.726
241.592
343.11
533.408
510.035
278.305
600.028
300.805
199.294
219.032
207.566
453.811
632.35
340.311
681.067
435.196
271.324
233.53
250.838
544.077
704.623
458.542
739.145
420.711
229.289
147.243
206.626
599.735
782.006
458.604
582.347
279.718
243.015
272.941
321.371
438.981
622.172
325.452
787.946
379.067
250.989
296.045
358.193
687.856
847.597
428.045
872.169
409.542
151.83
130.001
168.264
552.945
895.516
495.073
271.355
259.853
363.176
290.264
294.62
219.954
273.321
239.366
438.593
432.543
221.201
195.981
178.404
314.559
424.425
454.571
468.294
387.586
246.153
163.848
156.074
270.284
457.616
423.921
652.622
468.705
307.504
226.551
150.197
303.108
634.272
511.591
707.388
761.445
372.965
132.436
210.767
312.755
628.356
804.865
965.439
791.841
334.583
243.617
205.769
318.306
886.466
881.48
784.397
615.026
320.582
203.013
145.321
299.897
737.994
671.542
564.699
573.978
526.041
361.7
299.504
310.396
541.051
573.664
452.151
684.433
711.92
468.534
386.837
362.097
415.208
646.467
500.441
415.933
249.681
207.652
137.032
295.305
486.079
431.533
377.881
314.521
252.089
295.703
182.802
181.279
357.791
337.197
386.951
313.865
268.293
323.075
449.63
493.002
407.034
330.772
560.911
342.78
307.147
314.618
416.584
594.178
593.823
368.148
681.514
291.418
215.793
235.955
331.392
615.535
727.579
354.473
534.936
414.13
197.965
257.274
273.391
473.901
570.314
450.865
952.501
452.101
208.975
190.165
264.278
634.66
971.468
537.396
776.342
317.084
228.153
261.424
200.215
479.049
797.139
388.643
849.585
297.57
172.886
161.192
215.608
477.866
878.748
384.329
783.743
457.293
189.103
279.005
232.089
623.606
840.171
503.008
732.847
448.003
247.745
225.257
195.266
553.105
775.178
488.532
713.84
601.935
284.989
137.749
180.558
364.252
668.682
654.625
536.838
398.351
201.23
111.67
116.312
269.356
495.239
452.134
454.177
400.297
258.658
158.271
198.428
280.908
416.491
433.99
578.156
490.45
200.72
119.693
183.786
340.697
530.785
556.96
493.915
390.269
202.535
196.588
155.242
204.777
447.308
437.815
548.802
509.976
387.213
273.867
220.744
290.102
522.147
528.905
575.846
624.562
374.822
348.122
346.55
435.034
571.718
648.323
811.831
780.612
338.236
295.486
255.753
353.83
733.255
853.235
470.655
582.694
426.591
294.013
333.115
331.411
433.678
588.955
391.352
495.312
408.503
335.245
235.584
194.027
353.088
496.472
369.461
293.899
383.384
487.319
247.333
189.89
355.901
302.004
394.366
222.136
231.877
279.176
231.407
307.586
406.669
249.335
463.691
272.517
214.576
264.546
231.788
300.372
458.831
310.483
539.896
304.866
168.489
208.381
160.914
402.492
564.468
344.422
489.804
345.693
208.415
223.068
310.665
382.484
484.869
374.409
807.025
398.597
153.154
175.981
256.91
621.328
851.071
465.605
955.6
446.408
252.78
242.614
271.011
627.538
982.936
518.336
735.662
267.514
163.231
217.741
260.856
381.159
743.165
347.887
955.356
380.768
195.309
190.691
220.761
525.747
990.098
472.91
1128.59
452.445
143.775
137.039
187.387
533.969
1131.03
585.847
347.376
427.143
244.048
131.642
107.349
212.379
317.263
436.552
556.235
428.966
234.578
150.432
222.778
370.284
533.853
473.793
547.354
409.033
186.41
230.55
187.814
238.903
518.781
464.433
622.322
409.223
235.203
246.066
164.602
244.432
572.711
486.449
723.288
536.189
232.127
260.244
190.211
204.212
659.021
608.707
472.976
341.538
143.81
162.306
140.057
219.179
444.986
390.704
1000.58
669.696
258.403
181.939
180.639
391.808
956.221
774.271
515.98
360.87
254.409
364.626
289.49
342.272
505.029
402.365
384.97
373.642
296.635
228.483
205.958
352.457
384.864
372.534
372.451
404.369
303.003
383.158
258.366
316.996
361.229
413.517
334.621
281.705
326.051
347.177
308.299
233.45
316.502
299.329
292.399
279.08
252.172
283.632
254.388
248.489
279.568
282.057
524.93
362.658
260.283
241.199
288.057
318.879
529.779
384.403
494.427
235.436
147.631
210.413
274.15
392.552
515.488
280.158
488.665
321.891
316.4
272.401
252.675
421.982
510.519
335.133
889.585
387.247
136.029
138.929
196.593
524.94
907.304
481.315
791.711
389.611
235.83
274.723
233.628
501.613
814.723
456.551
1005.39
435.088
198.112
244.874
159.001
378.043
994.38
554.953
753.718
298.131
119.702
162.598
220.361
433.635
767.303
381.313
840.473
413.222
182.535
128.858
171.185
548.685
871.954
480.999
539.697
438.14
155.266
171.463
213.145
260.696
497.154
488.291
375.367
352.665
311.803
179.541
211.5
273.273
363.509
360.381
361.223
343.825
240.116
311.748
220.864
254.78
365.985
347.467
458.633
412.791
196.653
119.004
108.687
231.118
413.355
460.204
816.353
548.402
208.906
295.123
161.341
291.873
767.971
637.345
839.14
413.955
167.825
200.78
152.916
301.428
810.63
510.962
827.616
678.641
171.183
162.218
122.873
368.838
751.17
770.627
659.097
393.998
205.955
268.441
265.342
249.043
622.813
469.832
447.223
426.117
244.729
154.252
164.167
251.239
417.367
454.259
619.717
405.055
281.228
245.428
201.678
407.565
626.345
437.995
305.495
264.477
232.786
336.201
291.924
279.349
309.593
269.372
310.745
234.74
290.425
368.142
623.223
577.691
350.884
244.315
622.687
330.329
250.929
249.964
287.429
391.182
626.42
390.926
576.877
300.359
193.532
250.638
266.456
413.253
591.584
348.504
689.788
378.272
224.375
340.267
222.712
366.352
688.639
445.112
751.884
347.375
179.847
251.839
213.503
337.651
743.778
432.058
1132.68
469.031
156.725
159.949
118.583
453.448
1126.99
605.404
382.705
180.946
169.954
289.764
293.289
356.16
408.009
200.887
564.742
477.557
276.176
168.613
256.869
550.066
590.463
484.038
697.083
320.419
138.729
157.191
190.631
511.902
736.451
376.625
434.875
271.236
214.268
213.644
141.908
189.729
412.032
315.988
650.709
559.714
243.919
164.92
153.643
258.708
599.226
617.398
565.736
437.354
230.321
160.996
184.062
427.896
569.965
469.338
805.092
548.309
148.545
132.179
131.597
221.096
734.66
652.172
890.951
564.179
203.278
142.762
190.102
356.405
847.949
656.449
826.361
467.849
240.542
216.701
184.7
228.7
773.549
569.2
1054.81
666.037
345.928
306.444
179.485
344.289
995.437
783.222
1074.55
659.055
193.313
129.793
134.285
381.241
1016.2
774.364
491.959
371.652
250.006
236.118
152.789
275.995
475.677
414.689
440.606
405.357
256.727
285.045
279.309
313.079
431.62
434.786
381.807
461.572
374.311
443.339
223.773
385.741
386.828
460.825
356.911
238.207
276.54
306.425
336.343
370.658
380.642
254.27
469.715
220.56
173.764
231.503
342.657
476.321
495.277
251.69
777.484
392.334
230.542
217.832
297.543
558.841
798.592
461.106
855.395
371.639
160.17
228.124
213.344
361.629
847.141
472.754
340.124
269.493
240.617
300.497
267.475
296.009
342.243
281.725
553.791
360.646
311.484
404.112
267.44
423.485
584.257
380.222
494.85
352.103
362.394
366.269
312.128
366.723
496.219
360.628
715.392
345.141
247.91
187.924
255.198
539.009
744.563
388.055
539.471
252.698
160.035
140.284
172.287
343.96
565.657
290.398
403.594
347
333.155
182.04
210.799
262.46
403.058
336.242
618.332
595.121
241.493
214.783
198.622
337.052
561.747
649.12
402.426
405.696
320.327
160.823
280.094
301.686
374.117
399.483
1105.57
644.087
224.924
164.943
145.32
334.845
1042.65
778.275
487.882
393.165
266.007
343.996
185.325
195.945
438.395
447.175
927.745
435.505
272.605
362.26
294.96
405.634
919.097
533.444
978.268
542.356
225.646
261.161
256.981
365.148
944.625
649.632
787.279
379.383
123.59
112.655
144.887
343.842
772.666
463.495
831.752
433.35
265.493
233.875
229.673
298.262
805.857
524.416
747.938
447.775
229.979
347.293
288.43
448.488
741.743
520.931
372.666
322.844
418.034
327.51
271.632
232.263
360.113
336.08
300.496
247.446
168.93
211.89
271.263
323.444
310.492
258.113
615.041
298.816
171.481
196.699
238.887
422.01
629.235
362.119
423.204
232.978
197.535
239.557
374.04
448.189
457.076
249.903
686.759
308.503
221.09
155.154
197.678
508.732
722.466
358.203
289.749
243.482
233.845
254.783
300.806
245.435
288.711
253.34
604.361
365.798
157.99
186.643
159.461
269.524
595.278
429.913
392.702
272.403
191.312
422.28
298.78
333.492
413.665
294.671
352.958
253.032
177.704
192.982
252.321
329.105
362.482
271.554
507.44
268.001
209.161
249.594
237.191
471.295
535.232
295.976
796.647
595.736
210.369
128.353
173.092
240.507
728.204
679.354
769.964
539.747
139.515
100.499
119.253
348.073
718.294
624.745
657.318
440.344
295.629
201.619
225.27
282.818
618.155
504.76
781.636
472.918
205.215
247.614
237.566
272.676
724.075
570.542
816.577
563.733
329.931
399.845
271.072
434.93
768.649
650.085
839.535
346.735
159.714
244.294
177.976
357.304
834.852
448.845
504.419
571.431
314.697
324.07
277.132
367.739
471.222
589.79
921.68
424.135
243.356
189.434
159.32
498.946
920.892
519.389
591.492
321.618
160.683
271.096
225.549
335.125
588.821
377.608
479.984
337.471
284.775
252.869
348.44
378.561
466.797
374.11
627.497
387.456
261.983
224.618
171.663
360.933
631.511
431.592
614.414
267.738
212.79
271.696
373.492
539.239
642.711
321.096
488.576
332.58
168.697
323.151
261.76
359.798
500.621
351.549
339.292
227.433
256.603
288.448
290.461
278.762
337.07
246.443
713.928
395.331
176.298
204.776
176.574
389.636
717.009
463.302
420.489
223.932
165.596
208.381
198.464
339.072
432.342
258.549
592.915
323.774
149.748
202.872
222.263
376.541
598.732
373.054
729.601
280.673
161.276
260.064
229.43
353.294
741.079
361.609
665.843
285.161
156.454
150.826
161.166
403.825
683.296
333.67
781.768
426.037
220.991
201.019
160.606
450.459
786.821
502.061
753.83
619.187
274.357
198.382
142.63
219.757
687.352
677.666
631.508
602.217
232.513
126.962
154.843
405.954
598.047
658.449
511.062
386.297
223.947
212.82
217.994
193.733
470.531
430.972
942.516
516.283
278.325
340.231
335.258
373.983
903.089
622.333
1065.41
627.314
180.711
184.653
156.52
421.863
1018.82
744.164
883.352
421.894
182.821
389.897
272.213
307.941
850.637
538.801
877.893
425.478
302.315
345.649
316.537
558.258
898.526
487.684
1099.1
466.344
123.413
136.2
169.363
554.863
1103.55
591.394
798.321
481.576
238.099
245.35
284.747
439.693
782.75
562.177
377.086
258.552
259.897
429.477
371.221
362.271
400.093
265.147
561.176
294.081
192.992
306.705
375.64
389.435
564.775
347.913
375.321
190.309
232.061
211.741
260.554
360.072
395.72
209.03
312.543
241.985
239.741
186.066
316.558
387.738
321.626
234.328
451.314
302.705
192.448
196.873
230.243
417.962
473.375
314.841
684.235
317.437
180.659
158.475
232.357
522.992
711.724
372.623
728.077
343.607
117.845
148.006
146.428
460.558
748.035
417.375
928.471
404.212
155.081
310.163
193.781
362.84
910.455
521.001
801.845
325.934
126.449
179.077
206.515
294.179
790.995
423.695
842.79
322.08
159.495
184.615
168.095
407.919
863.201
409.036
1008.9
420.908
140.187
97.3311
205.071
529.566
1010.06
538.692
868.196
659.541
269.943
159.033
201.092
329.446
800.975
739.716
967.263
867.287
287.5
166.37
184.569
381.382
878.098
962.071
629.91
324.477
129.234
177.492
128.648
208.883
599.151
401.367
1139.99
698.582
240.998
144.984
144.896
351.826
1075.43
828.965
1054.08
604.133
189.032
171.758
161.673
350.994
1011.14
717.84
508.015
307.325
231.155
227.604
315.839
302.752
500.076
343.325
701.532
346.346
234.832
321.645
408.722
427.752
704.993
407.39
862.633
449.678
268.175
252.305
308.642
606.457
887.657
525.957
509.722
368.796
295.945
210.042
235.861
300.402
513.82
385.541
808.833
538.783
218.166
192.669
202.103
353.112
781.731
616.885
766.933
386.406
147.974
200.922
218.175
458.684
773.83
468.572
634.348
257.314
191.972
273.453
243.54
362.485
645.276
317.06
451.692
237.137
180.371
224.266
220.032
342.825
474.454
250.675
449.929
220.131
293.982
340.402
386.971
452.382
475.388
241.326
425.255
218.28
298.259
380.29
331.209
349.524
442.03
248.956
656.235
335.959
175.671
300.51
251.274
511.438
689.754
386.652
723.762
323.274
132.898
266.777
269.504
514.541
751.592
396.482
561.933
299.812
171.207
169.39
170.797
400.153
585.934
319.991
526.31
304.087
185.132
217.28
156.511
257.169
517.597
353.019
570.871
244.138
170.807
129.236
147.157
262.066
572.534
296.26
822.015
816.429
428.762
182.899
145.998
323.824
750.572
856.422
838.768
797.744
292.719
130.898
134.415
414.468
760.133
878.029
1010.31
680.922
248.807
186.406
250.553
310.919
932.464
797.328
893.582
679.16
227.443
178.532
115.902
292.991
821.404
776.37
740.604
387.189
185.778
185.411
173.31
318.375
726.799
451.664
820.57
420.661
195.686
191.447
139.638
256.427
781.198
524.206
856.636
357.973
168.646
221.195
175.752
350.589
850.099
459.3
690.588
285.552
233.224
162.401
218.345
538.849
724.734
347.8
526.303
319.985
271.825
329.813
252.298
396.856
526.611
362.704
377.481
228.163
241.55
222.959
305.019
347.132
387.519
255.592
697.215
408.894
250.63
183.297
279.672
556.974
710.146
455.203
354.968
239.119
217.664
348.237
222.186
347.324
367.777
267.957
526.105
297.788
227.704
251.03
287.646
472.158
559.366
332.745
391.101
232.317
259.421
288.403
301.651
392.125
408.326
254.558
445.975
232.108
150.951
215.278
181.269
291.266
452.439
269.746
452.054
237.72
262.216
327.272
299.759
431.202
482.266
271.728
547.736
387.041
319.331
233.153
279.953
485.278
551.595
417.484
842.355
373.015
195.481
176.402
186.028
586.723
884.807
437.08
462.263
393.463
129.721
161.279
137.344
362.726
472.719
436.062
401.707
205.535
139.41
174.46
222.386
297.468
420.668
231.433
694.887
715.115
441.978
213.732
215.068
301.458
626.938
753.411
866.507
665.5
222.27
172.521
127.603
260.884
793.123
755.623
988.444
799.788
301.384
285.057
208
342.339
907.996
893.659
1019.31
649.284
236.614
129.269
121.285
318.761
963.53
756.758
740.661
304.136
255.551
325.011
240.173
285.362
715.277
389.07
771.564
441.673
227.437
215.857
158.028
309.565
755.438
514.191
648.272
302.576
174.404
241.015
272.645
435.503
662.821
372.048
645.511
335.421
162.463
247.538
224.994
234.783
621.872
413.22
699.896
353.545
183.478
172.322
231.445
479.718
719.632
415.345
314.182
312.91
247.455
262.971
237.799
199.225
299.771
313.646
464.941
253.463
195.017
221.957
271.354
410.35
490.831
279.159
403.767
276.419
300.117
395.91
366.777
470.221
433.577
269.306
307.684
248.177
272.241
290.874
351.285
451.894
341.875
245.206
330.694
301.715
177.712
223.301
182.288
299.085
349.538
303.527
289.699
238.938
219.999
258.935
260.437
337.481
283.294
251.025
515.182
303.233
186.124
234.76
342.848
508.049
547.523
337.132
279.952
294.87
277.262
341.152
365.505
380.431
303.682
286.584
749.764
369.581
232.484
278.219
227.838
386.774
743.487
436.386
583.354
313.682
168.586
186.682
146.379
349.483
606.992
350.295
391.598
285.254
199.162
273.454
249.139
216.83
389.149
315.341
820.931
785.058
387.925
177.281
186.251
311.45
748.298
842.346
569.276
484.462
218.89
167.914
164.208
279.419
535.897
531.885
882.615
684.266
216.771
170.964
144.06
282.973
804.231
783.263
564.818
408.81
262.844
212.408
174.323
226.024
536.951
458.755
866.549
430.815
167.694
260.144
158.032
444.092
867.559
518.532
725.721
304.228
164.501
211.069
223.463
506.511
754.814
372.476
412.052
257.3
212.336
210.051
226.279
254.737
413.95
284.279
683.035
465.378
190.542
148.466
114.308
233.508
647.351
524.588
671.956
348.998
214.693
238.344
213.984
402.612
671.659
414.892
469.187
279.94
181.648
185.465
211.003
322.845
475.757
315.376
475.978
242.898
247.692
241.265
377.092
436.599
492.327
271.805
250.645
236.047
261.401
330.026
386.487
368.533
266.648
228.207
219.028
250.765
370.399
373.689
415.204
291.304
216.947
237.714
566.25
300.822
155.795
245.226
290.262
339.043
567.201
356.493
400.117
268.627
272.453
357.606
208.373
233.759
398.61
294.482
530.944
278.298
225.078
336.898
282.762
473.167
568.835
312.11
527.387
460.186
260.289
232.122
386.362
677.216
576.282
467.68
483.555
348.02
199.819
306.647
284.516
442.038
509.226
373.563
238.507
176.416
242.655
294.267
275.967
180.519
239.588
178.789
283.433
274.771
246.693
345.786
314.837
334.321
287.889
275.429
531.967
597.879
352.936
168.824
166.265
240.028
484.758
616.848
703.109
428.662
357.066
296.806
198.927
337.623
677.513
489.862
981.449
795.777
285.706
140.782
168.331
344.511
900.611
890.362
817.163
515.979
245.768
258.292
205.384
406.424
794.344
598.139
850.549
336.879
160.276
310.925
220.417
452.496
864.108
429.485
627.527
360.658
305.548
325.788
277.497
431.593
639.327
391.85
448.829
350.978
255.836
285.651
342.8
261.339
430.903
382.287
513.29
307.9
137.042
150.661
200.382
418.79
529.767
351.597
490.2
277.85
282.523
243.652
262.011
366.085
498.228
308.567
514.013
413.573
223.322
219.985
287.876
484.417
522.659
432.91
360.555
190.153
181.771
186.205
220.224
275.078
370.416
219.904
348.837
298.588
332.564
422.6
256.039
292.512
342.8
296.986
262.193
286.302
282.221
458.969
544.752
394.353
256.602
285.921
384.185
222.642
187.778
327.494
314.092
344.022
398.673
244.97
355.014
320.22
270.169
342.947
276.696
375.184
347.094
337.633
490.133
314.629
185.167
250.303
207.805
359.468
486.279
361.697
715.063
336.695
178.904
181.313
313.493
649.416
764.856
387.594
869.493
427.103
203.573
145.14
269.661
686.165
917.584
501.95
875.943
441.973
147.629
123.019
178.236
516.132
884.308
535.769
817.203
390.135
149.744
158.319
294.953
715.864
875.732
456.076
648.968
591.94
294.026
256.425
199.579
346.105
598.313
645.867
448.989
300.34
217.528
227.249
132.924
183.327
432.062
342.011
687.349
393.732
167.523
194.857
215.588
245.321
641.024
471.049
757.825
404.918
369.254
311.338
215.835
316.877
748.2
465.06
641.044
319.662
265.123
350.667
242.324
428.708
662.817
368.012
566.183
347.296
216.5
253.525
230.105
423.27
593.366
368.594
576.105
266.95
157.534
231.82
221.284
354.51
586.595
324.537
566.348
455.108
364.722
290.778
208.179
315.204
564.504
488.289
349.897
199.982
232.355
381.125
298.752
315.225
361.302
210.94
414.324
248.317
205.034
215.088
250.328
366.481
431.758
264.782
479.712
261.598
216.264
224.777
304.616
413.091
488.826
299.058
402.61
298.756
208.012
317.781
318.697
316.855
401.365
314.66
262.137
255.517
191.118
291.73
241.299
319.193
278.727
261.048
359.247
256.79
296.254
488.102
397.281
328.691
362.423
281.838
308.045
257.808
212.71
385.335
298.994
314.78
319.485
268.468
396.96
246.969
200.403
423.291
448.332
404.332
419.15
270.053
623.822
314.355
293.189
199.867
484.376
723.858
680.957
334.952
778.311
352.859
130.236
140.26
220.9
587.76
826.75
414.081
645.532
278.255
275.988
228.632
345.325
574.1
675.967
334.828
737.063
356.844
200.466
190.698
253.75
427.316
732.638
440.245
