386.587
558.147
817.099
567.335
425.912
306.354
363.286
524.008
446.545
675.68
711.423
538.944
312.111
300.173
398.649
652.152
280.545
579.297
660.031
502.041
335.248
337.656
268.549
516.02
398.578
739.378
992.921
768.507
450.469
324.37
358.119
680.237
212.206
454.508
745.972
665.109
451.835
317.911
204.798
398.651
251.31
409.546
751.624
800.786
457.043
239.673
241.073
365.603
161.034
370.137
663.54
636.916
409.918
239.117
148.967
319.871
276.106
284.3
644.26
1059.7
536.53
273.877
258.609
284.565
226.421
178.745
469.877
1171.93
653.018
209.368
220.721
191.345
105.994
116.797
517.196
1224.46
603.457
126.258
109.499
108.87
116.034
164.542
388.95
889.723
668.7
266.238
117.81
133.385
233.937
168.072
369.592
843.704
611.604
256.259
239.458
167.231
293.292
253.03
413.645
585.693
463.25
304.792
290.363
264.93
386.394
287.163
296.38
302.74
598.309
556.131
418.833
298.025
297.332
231.492
252.405
337.938
492.935
493.32
325.551
228.178
411.387
270.253
268.551
361.179
585.686
575.45
451.738
287.328
307.142
338.827
232.426
225.625
237.841
391.538
316.664
345.701
384.592
243.297
189.731
273.239
210.491
264.363
378.794
279.595
329.655
237.607
185.022
197.051
164.603
212.939
329.138
253.82
455.219
353.114
213.491
222.177
173.968
241.875
438.25
385.544
526.232
730.748
740.78
549.635
460.053
406.627
481.889
708.477
431.761
688.399
704.844
518.325
302.342
302.049
382.647
652.802
532.472
781.399
810.786
496.144
378.686
408.484
486.795
755.156
486.454
777.858
849.388
599.206
456.597
332.674
432.061
740.072
321.712
457.889
616.242
552.562
414.486
285.022
297.96
439.904
286.455
529.606
839.912
753.665
422.338
283.809
271.761
472.345
305.288
406.851
612.626
675.075
366.155
254.597
295.383
379.449
231.427
246.334
677.398
1165.64
495.712
155.665
231.58
214.427
127.753
174.126
463.651
933.027
584.616
271.196
139.191
150.864
178.001
181.548
439.629
979.793
615.635
251.368
185.557
170.203
233.45
188.132
454.968
1150.73
687.399
216.563
228.108
191.743
203.84
167.066
284.794
516.494
560.848
340.275
224.904
155.83
367.654
284.961
301.725
484.096
613.536
560.649
406.546
294.307
332.68
295.11
314.045
636.29
803.204
669.055
366.178
290.592
340.412
343.136
260.167
466.816
513.404
421.147
328.414
356.871
409.653
351.11
274.793
320.956
479.16
581.659
433.346
364.334
436.073
268.44
177.41
233.806
285.032
429.232
457.791
295.76
330.379
268.051
185.46
211.477
295.09
418.665
346.041
274.548
283.645
190.959
170.157
226.398
297.434
261.101
285.181
211.284
323.174
244.479
156.184
124.886
180.015
277.543
323.576
263.46
466.167
629.321
573.06
417.119
296.745
299.102
421.153
623.938
388.105
655.887
754.431
506.91
482.164
416.549
371.423
603.027
483.438
775.802
675.966
413.831
313.323
384.748
444.054
747.674
395.431
509.001
525.451
654.294
450.054
282.562
368.44
502.584
385.591
690.634
918.99
696.267
380.195
339.603
352.919
628.876
283.851
471.538
841.434
698.168
478.78
309.143
266.072
411.736
281.35
331.857
534.085
621.268
364.626
203.308
266.238
318.254
314.74
397.615
602.931
705.844
361.865
186.042
291.069
378.865
224.825
241.408
661.487
933.178
431.967
190.349
225.073
210.459
132.251
123.24
451.521
1001.74
677.674
208.407
142.2
107.964
229.008
199.161
266.578
617.062
561.071
270.401
227.333
207.42
248.762
196.731
376.457
581.61
465.921
339.095
260.453
195.658
396.932
376.331
304.614
645.135
772.253
592.799
386.781
396.153
361.212
291.133
326.625
581.764
614.515
560.528
389.621
287.703
557.144
428.079
453.371
461.766
723.865
563.765
550.158
465.877
421.305
314.867
263.441
331.226
436.477
459.059
411.671
324.455
513.309
386.373
352.439
200.54
495.623
700.228
536.372
404.481
503.247
228.57
181
205.234
241.16
451.808
536.49
257.032
416.913
363.171
146.352
118.909
159.164
287.351
397.591
396.949
340.684
267.561
242.116
251.721
173.351
183.952
324.36
286.1
502.519
732.547
678.166
496.597
423.532
472.434
483.743
714.986
296.742
482.395
424.988
292.185
235.687
283.697
266.125
458.858
513.459
656.223
659.165
535.722
363.458
419.788
477.847
644.351
566.919
836.092
880.105
601.863
358.306
443.723
526.817
808.206
383.581
722.19
764.419
464.936
319.661
330.267
339.812
656.472
327.22
561.666
706.415
514.248
484.296
323.509
302.776
513.37
367.871
328.389
647.557
826.994
392.476
236.925
359.573
314.853
253.495
336.76
536.113
762.249
523.955
214.268
237.242
320.509
199.183
320.504
690.481
686.082
388.931
229.919
199.313
280.509
167.162
216.673
573.44
1239.6
835.343
265.566
166.451
211.481
267.031
235.697
413.84
1025.36
687.991
307.748
266.546
237.313
368.172
291.556
297.688
347.038
403.057
377.913
382.276
288.571
354.95
391.371
425.538
643.157
938.505
655.38
384.273
374.11
416.942
320.722
357.365
510.61
623.414
525.276
445.901
323.887
359.727
219.028
180.507
234.107
271.249
338.002
361.969
233.763
403.951
348.585
412.267
416.211
636.899
642.941
434.218
353.071
482.801
386.149
317.044
298.57
359.16
559.822
499.654
406.842
363.395
280.852
298.566
178.359
267.96
462.686
391.764
283.05
378.919
257.261
185.808
271.963
198.828
292.868
382.416
290.829
399.349
261.257
110.063
190.561
232.684
218.482
371.849
307.859
525.569
800.946
767.784
399.299
315.004
363.211
473.809
750.732
558.278
482.4
443.29
379.501
215.756
395.041
565.303
474.34
512.233
591.462
546.322
361.99
221.046
248.104
473.811
577.72
585.4
891.488
629.335
312.425
272.919
343.624
512.324
875.668
479.251
697.767
718.425
573.784
459.945
325.787
435.998
678.432
324.862
473.607
617.634
510.804
317.691
242.179
314.976
437.335
350.406
545.732
414.215
356.177
276.544
348.424
335.514
528.651
459.267
618.764
636.403
555.11
293.93
261.296
421.954
604.324
272.27
194.481
474.117
745.132
451.17
165.612
270.826
193.652
150.997
311.598
551.858
602.641
322.128
152.456
138.278
276.668
600.693
349.865
300.481
554.542
462.199
386.432
594.678
399.536
337.337
485.412
700.442
563.148
545.874
438.817
329.849
434.024
517.72
371.289
354.843
268.102
562.769
598.816
510.695
386.79
386.892
369.181
359.314
266.654
631.087
783.829
418.234
358.929
672.739
367.393
287.576
344.588
359.266
648.951
717.542
415.498
538.818
340.889
212.06
213.89
283.411
489.742
573.407
374.343
393.399
399.612
249.527
173.148
253.572
452.038
381.708
417.242
343.219
212.952
206.633
209.187
241.901
327.201
347.656
229.963
603.843
268.65
121.613
163.872
244.349
428.271
620.39
327.16
398.563
181.26
136.193
187.255
179.777
312.933
415.11
215.363
800.502
893.301
540.67
291.616
213.089
442.141
735.685
915.375
729.045
669.711
423.418
366.422
315.295
358.015
669.802
717.476
666.077
723.998
441.32
248.028
198.464
369.66
621.224
733.11
483.311
430.184
313.846
253.109
224.544
267.796
454.415
456.466
420.37
508.651
437.817
566.337
390.599
344.737
389.278
514.609
457.943
582.237
376.566
275.85
200.152
308.414
416.517
588.356
614.821
509.161
359.691
318.114
352.319
296.521
581.88
545.677
388.151
353.692
306.675
404.258
330.417
279.986
373.978
365.402
286.788
464.591
960.251
877.617
479.46
325.1
285.257
386.498
267.511
231.131
366.731
636.029
578.695
331.578
276.565
234.435
470.864
348.663
474.338
777.444
627.595
311.565
462.443
374.739
304.659
324.495
507.124
485.641
560.399
522.772
335.211
281.844
326.321
354.59
448.607
320.153
562.393
538.71
350.262
337.07
390.012
315.72
370.913
398.945
532.309
614.978
417.613
304.456
510.997
457.323
277.309
240.433
476.528
811.568
568.213
464.787
495.527
385.616
336.965
273.31
561.451
798.154
550.038
385.222
543.927
371.672
249.103
256.861
339.765
429.405
529.773
427.014
522.458
211.971
197.847
218.37
267.906
484.783
554.07
251.877
446.036
292.807
284.054
293.314
301.347
452.97
477.162
309.041
283.029
258.786
161.435
156.364
178.412
172.48
266.166
272.656
788.572
880.648
563.991
319.857
277.038
364.511
708.669
919.431
880.457
820.555
491.449
320.457
310.156
357.442
809.115
881.952
712.487
730.053
387.81
272.761
201.095
303.803
647.046
767.494
561.569
728.88
567.553
332.786
320.815
340.189
513.135
727.894
566.144
805.186
662.276
449.076
300.709
263.953
497.126
792.409
498.489
637.393
403.471
367.586
263.098
335.62
452.087
645.319
607.922
494.554
484.717
519.777
367.825
416.545
594.464
521.585
427.759
483.252
418.219
449.287
306.657
237.782
393.603
491.859
323.958
409.854
543.13
560.889
343.955
202.353
293.159
407.854
447.592
353.943
647.716
907.598
538.261
364.733
439.888
360.884
292.457
275.211
496.162
925.985
747.308
346.584
306.648
262.335
454.464
286.741
408.021
518.22
521.23
293.205
446.993
321.409
474.707
512.717
657.324
563.267
703.909
610.36
487.446
479.042
431.115
318.517
261.227
299.937
347.27
367.338
440.539
331.844
444.549
255.503
361.395
483.954
498.983
387.899
447.05
293.292
799.813
531.963
346.008
214.856
444.151
833.274
846.996
549.821
615.694
470.455
239.782
262.952
382.529
705.18
666.468
479.506
687.401
492.921
174.427
216.749
306.288
633.802
731.173
553.221
436.476
407.381
289.105
277.146
322.08
470.637
460.364
413.041
357.469
257.406
171.196
94.9696
165.415
317.291
374.495
259.839
1022.54
993.033
530.518
263.813
213.312
358.094
927.718
1065.22
980.786
812.26
443.664
269.327
245.709
395.505
923.56
876.984
814.766
516.39
309.489
386.539
313.156
438.086
816.273
577.438
599.192
514.126
274.519
234.996
259.646
422.068
599.673
531.782
368.72
339.833
276.222
424.689
283.525
228.134
345.964
363.393
517.486
486.616
346.023
244.346
191.668
259.756
488.585
504.656
415.103
439.402
372.405
422.723
327.62
203.831
369.301
457.011
457.163
479.171
432.339
307.538
295.298
299.4
423.49
479.66
599.125
445.035
412.971
536.72
388.105
311.283
576.781
480.823
337.642
261.389
406.745
414.568
412.216
284.363
337.034
262.538
501.94
440.912
478.78
552.518
687.585
755.011
527.687
452.322
381.841
348.816
446.983
580.223
438.397
318.1
387.558
348.533
564.453
381.805
401.275
528.478
418.66
312.312
554.642
413.626
525.738
428.058
324.623
440.781
516.314
739.598
549.285
452.161
477.846
312.044
304.646
403.788
653.296
632.961
511.12
335.336
667.731
420.509
343.982
274.396
414.851
689.491
715.816
439.737
690.594
460.133
226.618
176.126
326.255
611.328
724.856
505.138
583.821
338.378
248.85
190.693
351.254
588.94
628.817
363.826
498.186
350.211
180.214
163.685
315.236
609.021
546.638
361.974
403.872
321.98
202.078
260.642
230.67
321.838
406.437
349.89
963.633
813.892
432.346
239.541
254.906
461.79
907.342
888.3
1013.97
993.051
426.005
259.065
253.134
468.181
925.813
1073.98
1116.85
879.051
377.061
170.136
142.077
362.914
1044.81
967.06
518.875
328.749
228.878
197.82
227.388
237.936
495.961
378.183
631.875
553.845
339.783
336.525
262.963
278.427
584.999
604.049
504.432
467.926
372.506
521.516
384.009
337.132
493.028
492.307
584.123
570.107
444.876
434.201
297.845
497.796
562.733
595.158
660.146
754.949
484.235
241.609
349.38
372.184
591.974
774.407
455.678
317.69
228.846
375.746
340.882
297.275
448.435
351.157
616.847
469.426
432.942
572.075
390.552
402.192
588.201
520.367
807.655
655.793
459.34
645.621
473.716
475.435
777.096
687.021
564.688
515.232
335.642
528.567
340.944
472.533
555.016
564.293
362.603
311.827
285.394
433.093
354.078
455.224
361.855
329.786
615.583
484.341
380.177
599.18
514.663
627.67
652.043
495.473
665.75
409.596
213.408
265.424
305.442
403.61
656.529
472.654
502.537
437.781
439.212
388.453
278.055
366.438
500.733
449.991
714.529
521.496
303.854
243.812
251.338
437.192
705.436
565.31
524.498
349.886
261.958
333.546
306.704
514.54
547.662
387.743
848.31
377.397
195.281
161.14
300.766
751.335
907.083
432.012
488.162
347.193
197.159
187.504
177.171
292.37
476.597
389.074
819.063
802.107
464.528
275.894
275.557
371.242
765.619
842.799
586.245
508.651
296.364
181.677
171.499
376.322
581.234
534.701
608.426
503.113
240.034
238.431
267.796
302.749
578.328
552.358
1106.37
759.215
357.01
343.997
288.802
474.889
1052.77
873.427
1098.24
670.116
327.172
331.099
294.274
416.175
1048.1
792.849
939.21
644.425
289.995
341.126
342.94
337.001
879.806
735.347
639.742
596.609
297.783
175.747
216.563
230.123
576.431
636.931
913.006
551.843
245.629
300.245
265.559
390.449
871.993
645.27
499.077
422.647
433.494
639.964
584.895
460.098
504.61
461.426
849.314
451.625
256.274
246.318
257.822
398.066
831.14
538.252
684.691
427.979
441.559
478.92
445.609
463.975
685.592
482.396
520.006
524.937
455.245
671.438
415.032
528.253
538.754
536.261
383.411
305.476
504.552
822.785
480.262
295.094
379.241
322.031
891.935
428.638
387.466
479.43
556.968
772.257
945.386
479.623
543.411
430.982
399.148
377.546
342.098
450.709
560.045
427.797
921.396
460.692
202.475
228.544
313.177
736.288
978.293
524.499
535.743
441.617
264.45
199.356
301.518
516.264
554.36
458.647
506.398
316.483
207.219
183.104
297.537
507.54
539.66
344.89
557.341
442.067
228.403
243.083
278.355
536.408
579.224
498.331
758.985
411.731
229.849
132.886
186.135
483.284
774.408
468.889
1304.1
1019.78
514.626
308.997
312.555
481.104
1227.84
1128.26
745.068
640.174
493.042
402.291
289.072
350.714
698.482
681.302
913.401
674.147
484.368
489.714
276.74
315.172
849.533
755.471
1028.19
691.74
264.519
228.315
215.946
430.332
982.71
797.45
1039.93
775.169
304.08
229.774
227.042
427.298
973.412
882.673
1035.79
811.782
353.249
380.444
264.053
385.879
962.495
914.657
798.189
638.112
372.223
325.45
319.932
350.366
748.312
710.037
1017.35
639.828
288.939
328.175
212.56
456.455
994.038
738.12
668.653
495.032
316.629
449.011
481.235
422.664
653.277
541.51
412.469
233.51
285.624
328.254
291.325
262.351
401.301
260.208
677.053
544.189
342.127
779.448
553.013
551.464
645.466
614.289
1242.99
554.258
286.054
325.215
263.855
617.29
1239.99
686.533
887.028
463.447
196.421
208.406
248.338
537.221
906.105
543.392
842.55
548.808
317.719
422.774
533.756
597.852
874.981
592.699
822.038
556.208
303.27
258.389
391.945
717.175
867.166
579.152
512.817
420.091
260.194
333.884
466.519
544.241
499.864
460.355
876.046
647.131
381.31
465.199
334.513
368.172
828.63
732.949
598.329
300.032
188.421
207.609
245.854
362.424
600.667
364.064
721.843
338.907
178.094
116.453
174.302
491.305
748.813
402.296
488.97
375.611
208.149
204.865
215.968
402.109
501.275
418.039
1338.15
783.532
328.123
259.555
277.711
423.634
1268.75
934.595
1475.58
817.084
301.262
191.846
181.328
438
1408.66
986.681
1098.17
647.7
434.803
319.479
327.538
517.403
1071.21
747.407
992.321
512.541
263.65
248.37
288.111
603.633
1001.34
617.733
1153.3
596.607
281.084
409.425
272.059
468.451
1121.54
728.074
1014.44
565.378
200.883
340.388
214.735
496.417
1000.19
674.411
1042.39
553.286
315.079
425.49
266.192
468.486
1021.67
657.22
971.231
420.495
298.764
474.48
375.917
417.076
958.607
537.012
816.279
401.638
257.279
350.623
343.796
511.19
823.036
484.067
1169.78
711.365
316.082
287.068
313.978
570.848
1140.83
828.808
714.743
426.183
255.173
275.334
277.594
491.871
727.968
488.198
712.511
486.558
288.571
296.857
358.377
685.075
765.097
501.754
731.838
326.344
270.801
454.759
434.835
643.287
784.172
385.439
718.683
519.372
278.174
315.941
325.915
511.204
711.655
569.877
564.367
364.031
311.653
425.315
364.433
485.495
578.105
405.421
879.477
512.858
386.204
345.689
448.493
666.273
883.147
583.609
714.479
463.137
278.467
256.874
305.145
599.265
754.063
498.764
545.708
462.461
194.338
167.325
166.897
377.821
559.122
501.693
601.953
271.079
159.985
167.504
244.568
444.399
622.912
325.529
487.688
259.06
190.951
298.057
294.806
470.869
521.165
287.204
1020.55
678.397
311.737
364.35
256.615
451.119
979.475
777.085
1094.56
773.814
306.959
209.403
203.568
460.66
1037.64
885.967
857.113
608.185
460.462
281.326
343.947
519.222
845.172
672.229
1016.01
566.983
312.696
271.911
236.32
523.778
1014.52
660.829
1020.78
695.699
392.75
515.034
434.074
508.854
978.259
800.842
928.321
547.702
264.18
268.308
238.695
342.99
894.921
642.606
644.053
392.38
283.036
383.864
279.569
376.351
642.749
441.504
431.79
310.674
327.088
484.304
410.739
347.415
433.575
330.184
912.854
605.683
246.041
303.68
200.179
395.706
877.093
702.074
702.252
448.138
250.9
395.215
405.409
539.979
708.286
493.521
889.32
445.61
319.584
340.604
311.59
585.206
903.722
528.598
761.039
700.347
423.511
468.166
414.809
845.378
818.726
704.799
579.671
395.235
266.784
451.072
473.149
692.232
631.393
422.156
438.601
401.646
346.304
393.243
414.235
407.827
424.98
424.421
887.031
529.898
305.524
307.039
435.311
811.43
935.418
569.493
1405.09
640.659
261.896
248.201
346.554
909.17
1439.82
785.11
899.635
497.312
216.557
183.038
226.044
504.185
899.678
591.101
688.976
401.765
256.244
221.63
307.877
619.33
733.201
454.71
685.893
284.225
183.099
193.114
230.519
474.568
713.809
343.604
637.258
493.875
285.531
159.233
224.368
440.531
634.156
524.144
987.412
561.401
220.627
190.206
239.767
465.769
961.027
658.483
1118.58
721.875
270.519
228.823
243.39
514.88
1085.04
837.191
1187.49
689.625
314.089
268.743
240.668
441.12
1151.53
808.952
1265.65
628.68
172.07
165.883
192.727
717.117
1283.76
757.823
1032.95
576.204
325.247
317.395
358.97
567.348
1026.88
680.804
762.19
406.27
253.668
290.993
367.303
488.166
767.421
473.867
615.487
335.228
188.761
269.442
248.084
536.268
640.966
371.771
496.615
345.543
327.899
354.182
264.47
389.138
504.727
362.425
1038.43
567.33
373.827
399.152
296.642
464.297
1015.69
676.343
455.168
314.388
221.667
215.323
167.35
292.775
452.221
343.297
838.509
555.367
298.104
250.276
262.272
469.055
820.898
634.809
672.455
630.519
516.417
438.967
408.907
407.707
669.859
648.078
653.775
479.384
377.764
352.416
488.093
519.441
669.521
497.359
555.702
450.322
307.854
363.164
538.325
922.716
629.651
451.511
841.333
481.859
442.992
369.708
547.212
876.312
912.484
504.477
1192.69
677.856
433.553
267.559
316.095
790.782
1191.53
764.737
689.531
566.381
285.941
213.93
258.947
527.27
683.716
616.438
879.995
466.13
235.145
256.56
306.827
554.912
885.156
544.575
433.427
298.826
206.222
205.378
278.122
344.39
437.47
318.709
387.754
325.064
232.109
248.438
257.023
325.111
384.193
341.389
1118.6
633.409
255.779
166.975
216.826
498.495
1087.56
749.546
1042.04
570.113
205.36
182.221
218.711
489.902
1016.42
687.937
861.978
473.712
213.899
244.447
257.325
456.474
846.897
565.825
932.043
492.449
304.068
300.377
330.208
571.91
953.716
576.226
1201.53
660.283
262.066
317.345
283.709
631.341
1192.51
788.347
843.862
368.94
228.357
364.567
286.551
585.176
871.558
451.69
634.745
378.604
302.475
255.08
286.211
471.938
658.679
409.663
924.736
684.526
281.569
272.936
278.891
518.486
895.052
764.243
791.178
423.847
344.81
368.307
462.429
688.301
822.522
479.341
729.272
393.508
261.121
286.007
329.305
414.785
714.742
464.187
655.589
414.364
389.068
535.157
414.069
444.985
666.167
446.606
445.146
462.795
447.828
302.031
468.712
576.276
472.625
431.856
688.083
332.101
268.665
349.152
607.709
834.599
749.76
368.543
935.581
658.559
357.149
338.523
360.76
737.509
970.346
691.08
957.338
628.886
488.582
454.928
362.944
617.406
969.643
675.327
872.707
589.641
469.065
432.856
483.24
595.425
864.739
643.12
986.817
417.734
351.095
340.662
314.426
556.592
1000.23
519.426
1132.51
592.53
260.202
261.698
274.649
676.844
1153.47
698.51
433.448
310.51
279.161
204.002
310.065
424.406
444.055
310.19
494.932
277.534
141.153
135.686
199.838
449.463
515.646
320.852
742.342
443.918
212.43
196.487
238.982
422.216
734.594
509.021
832.408
424.789
250.573
292.389
223.688
362.197
815.302
507.722
1217.23
577.43
251.213
340.615
257.223
592.57
1208.25
716.369
897.391
531.15
273.107
335.12
324.01
480.454
890.848
616.983
728.049
398.416
156.125
151.348
215.202
469.513
739.414
467.137
594.698
347.503
221.125
358.246
285.356
313.224
592.249
392.175
764.729
388.107
212.27
193.163
286.739
509.404
762.96
456.762
653.79
488.398
297.29
291.288
268.609
499.571
638.312
544.493
889.335
470.336
271.164
252.283
254.367
516.873
899.83
554.938
802.219
558.986
293.396
246.818
185.194
283.862
759.257
629.624
466.025
278.506
318.965
461.498
405.566
467.415
482.946
312.7
681.923
416.091
211.757
251.091
203.965
532.681
714.234
448.56
622.526
609.209
504.767
352.481
345.663
573.364
633.507
631.558
621.761
710.8
551.88
610.066
436.827
493.231
597.827
718.913
1340.41
725.661
257.175
279.128
258.815
620.531
1313.36
872.093
874.24
475.986
457.235
367.659
502.267
806.891
932.893
499.483
1057.63
507.055
371.589
252.079
328.827
627.011
1074.61
587.788
727.288
332.305
276.508
222.561
291.881
530.782
759.493
368.006
606.659
376.366
224.479
160.352
164.656
420.932
633.336
402.401
405.273
295.278
160.308
94.9255
166.003
279.98
399.571
316.179
899.076
360.911
169.81
128.387
143.398
341.019
892.362
437.773
1163
594.823
168.989
213.524
191.608
604.682
1160.45
720.613
1078.7
511.791
165.572
185.989
194.906
631.76
1103.15
619.237
748.945
414.035
282.96
399.67
373.716
551.72
770.564
473.72
503.745
300.922
231.756
208.173
282.248
497.05
531.298
324.821
594.465
316.279
291.136
361.239
397.379
386.08
590.634
379.701
701.799
348.263
184.692
210.48
268.807
562.871
726.557
412.253
956.124
488.442
304.493
259.19
392.849
641.479
963.606
586.226
574.685
286.375
156.584
136.363
259.814
510.843
599.749
332.713
897.756
424.474
232.821
337.363
351.787
500.647
900.155
509.33
541.724
454.685
412.933
279.547
372.49
657.329
592.416
450.507
469.468
392.726
369.466
699.321
450.405
430.465
486.149
421.808
730.435
331.674
229.611
252.504
279.48
552.14
766.543
398.243
1055.99
631.573
332.369
251.161
216.221
457.252
1042.03
719.586
867.962
478.96
466.235
414.391
499.853
799.987
922.953
524.916
840.902
399.517
287.489
308.385
405.639
694.991
868.269
470.241
719.764
523.117
207.241
257.571
298.12
550.623
707.212
587.356
753.292
524.469
300.959
265.843
249.224
356.262
722.298
589.085
570.97
424.027
281.858
306.878
303.925
510.441
568.31
448.816
371.13
220.046
140.964
203.293
247.912
395.861
395.1
246.306
1023.74
446.229
167.455
236.26
221.651
404.296
1009.18
567.764
1004.12
448.028
290.018
409.645
346.469
658.495
1031.9
553.084
754.753
400.063
297.34
294.859
289.907
544.254
771.131
453.838
611.823
322.646
211.863
162.812
255.238
430.809
624.26
376.595
883.089
511.37
242.066
311.204
316.113
434.704
863.839
609.244
477.748
330.975
263.5
331.543
284.107
375.277
489.066
342.771
529.068
293.192
321.141
412.541
294.104
396.957
542.221
332.934
546.36
280.549
213.96
247.319
270.929
425.219
560.323
329.874
910.627
496.772
320.971
348.319
231.629
544.247
919.821
582.285
935.332
448.031
276.587
210.976
281.338
636.815
957.521
540.406
561.689
421.702
264.608
312.365
368.12
542.903
581.854
447.295
525.964
378.29
241.45
279.325
368.137
340.501
502.45
426.335
677.598
349.235
282.451
300.352
323.556
568.804
716.429
394.205
808.445
483.203
309.955
260.567
324.151
570.256
812.104
557.606
732.704
612.972
301.206
235.834
348.845
670.441
742.366
657.635
914.137
584.072
233.977
199.832
325.392
455.664
871.689
679.74
1001
533.874
184.196
162.813
248.841
686.836
1030.63
621.168
728.881
424.419
405.255
302.772
415.611
577.277
732.596
471.499
578.644
405.816
288.214
397.495
275.699
556.42
600.629
428.317
431.961
403.107
313.908
376.784
343.027
321.334
399.789
428.472
1008.94
508.115
229.099
179.168
179.066
533.374
1013.15
613.099
553.335
409.598
236.875
223.954
309.963
378.833
546.847
449.814
610.249
289.924
303.566
379.494
426.579
467.566
631.168
338.438
440.361
306.036
273.214
307.379
275.667
342.947
443.039
330.859
558.827
343.585
191.175
181.477
288.182
523.722
583.415
387.758
810.897
364.127
219.873
247.523
366.334
674.012
854.299
439.362
527.092
387.731
218.915
224.372
179.327
295.339
514.011
417.186
693.419
337.987
197.413
248.285
343.961
515.795
713.026
402.34
621.203
322.075
185.505
210.378
305.217
485.363
639.535
375.155
695.436
337.399
242.822
252.374
319.872
483.065
707.151
407.816
585.935
380.645
261.968
299.878
239.619
351.42
584.943
425.498
609.091
270.629
286.131
536.844
506.181
684.425
657.659
314.93
806.986
426.505
276.393
284.485
340.681
742.244
862.198
470.834
831.173
664.612
331.993
292.094
307.211
628.01
866.317
714.115
750.737
521.95
521.064
393.953
295.554
460.723
755.013
547.566
601.147
398.15
262.633
260.317
303.742
463.033
606.049
420.051
664.58
431.844
260.821
348.463
337.275
597.473
686.378
494.952
410.729
403.236
387.384
163.118
254.873
331.56
396.237
388.97
511.171
351.332
258.538
233.334
173.735
334.252
507.896
386.041
540.737
418.684
309.567
238.219
230.493
276.03
518.974
454.515
984.783
498.396
190.8
249.853
215.745
567.339
990.038
601.725
1115.02
473.592
224.335
253.927
271.603
570.266
1115.29
596.575
737.903
392.496
211.906
271.005
240.928
496.928
752.202
458.653
707.038
347.875
203.233
236.424
381.593
693.807
750.087
396.542
651.65
476.53
258.261
208.511
396.684
747.77
707.539
483.321
782.519
443.023
201.73
158.836
315.657
624.594
798.094
506.976
790.095
374.568
304.815
255.23
290.539
566.167
810.712
447.415
592.99
363.975
219.357
294.091
291.779
456.282
606.327
409.642
603.453
320.443
204.686
243.034
290.383
508.363
624.253
369.228
488.94
373.564
194.508
236.215
322.271
524.658
512.131
405.872
642.566
349.988
263.64
278.308
451.064
608.407
674.301
390.109
667.948
570.186
478.267
366.989
313.56
499.066
662.935
595.853
336.212
543.287
535.239
301.151
266.191
364.774
330.785
501.244
574.238
365.22
339.242
360.933
356.13
469.158
584.155
393.603
519.328
423.265
393.578
351.325
390.15
590.082
551.54
424.537
521.696
514.014
274.357
376.054
360.352
537.934
537.747
546.958
582.23
385.172
291.999
413.644
284.169
388.255
593.809
414.475
480.708
516.491
344.542
251.613
407.024
537.491
469.546
533.031
541.696
303.545
196.189
225.422
300.401
439.88
552.26
349.697
578.816
350.22
155.143
214.374
218.102
311.499
550.118
419.622
