469.057
616.971
597.357
467.305
422.754
348.601
430.827
589.121
300.458
644.95
708.796
389.131
336.773
433.167
296.704
569.395
263.776
518.655
624.83
438.478
307.91
342.537
260.565
459.513
386.065
485.08
501.577
452.864
371.802
269.974
351.621
472.48
269.656
467.269
603.622
736.913
374.067
332.904
281.979
418.945
192.913
424.713
769.564
693.73
403.173
230.718
179.013
367.386
204.463
214.037
492.513
547.465
457
247.002
206.276
187.844
146.005
176.145
328.437
501.2
297.848
138.842
146.308
161.18
105.267
104.974
286.59
476.187
245.607
151.464
114.324
95.8069
99.7797
117.605
258.524
526.696
311.801
140.407
99.2088
111.41
133.612
157.697
344.916
841.853
543.071
143.673
128.801
151.02
139.975
139.364
407.582
909.239
642.948
227.223
148.69
128.82
128.432
135.874
352.441
764.498
636.262
319.567
138.884
128.324
172.805
176.911
290.242
485.036
426.698
237.875
175.303
170.874
193.182
217.933
332.575
646.117
597.455
413.47
209.951
197.835
246.262
251.002
352.208
431.289
389.832
314.774
235.777
261.23
268.283
166.965
321.162
348.164
532.668
465.633
297.834
169.75
231.912
207.078
180.775
246.935
316.256
277.791
225.58
216.851
224.129
258.581
258.113
335.974
461.556
434.919
239.222
243.498
261.636
239.862
169.832
189.77
148.721
151.52
250.011
253.157
370.506
619.821
615.459
436.018
267.519
306.445
338.064
591.829
319.521
510.397
592.34
435.317
302.868
233.263
290.198
474.826
298.624
614.049
712.72
519.067
312.821
316.802
271.599
554.643
240.582
459.483
734.274
546.948
413
226.615
240.463
405.447
274.869
541.911
887.122
663.331
416.573
249.546
255.789
481.27
200.965
495.945
749.772
686.945
340.911
242.092
175.091
434.211
185.026
386.1
628.662
578.701
504.075
306.701
187.084
336.291
145.445
201.91
549.44
744.735
419.253
193.269
140.407
174.2
178.704
151.745
418.67
627.253
310.669
132.347
174.286
144.889
220.866
193.162
518.391
933.04
470.644
162.093
217.601
182.82
122.777
138.117
419.367
907.432
616.915
223.5
123.096
127.443
181.217
264.881
357.89
721.653
544.315
192.069
165.8
256.79
118.802
157.08
330.947
539.89
430.717
158.267
116.385
138.915
203.173
137.875
316.71
493.893
487.802
289.05
206.518
142.191
179.993
240.752
267.4
484.084
566.614
363.666
178.859
233.721
338.813
278.991
282.649
399.532
633.734
601.497
378.034
291.256
248.526
249.379
272.192
295.505
433.771
458.949
264.553
229.43
305.044
240.078
332.446
453.146
398.381
365.512
321.461
255.062
272.586
231.489
206.374
320.925
319.842
315.531
286.057
241.107
178.684
206.849
263.491
292.47
210.295
228.092
190.588
194.862
260.246
433.094
461.278
311.99
258.204
218.242
243.853
399.162
394.329
626.959
607.532
397.238
323.935
270.405
363.614
601.94
321.562
600.111
669.6
454.29
282.59
299.38
288.736
551.48
420.015
726.771
813.426
484.559
348.566
342.858
368.286
666.147
344.237
599.38
764.913
496.105
445.864
348.055
331.032
555.123
264.124
573.904
831.402
685.488
397.927
284.939
242.126
509.435
232.082
414.547
741.562
764.924
400.763
213.012
221.989
371.068
141.107
362.976
792.599
720.021
437.219
226.453
130.564
296.52
181.574
300.49
556.157
611.899
331.533
173.232
179.779
269.569
127.518
175.011
393.592
735.301
492.561
245.406
139.759
153.91
124.794
148.674
414.206
815.393
515.547
173.126
131.235
134.135
155.148
144.889
276.344
511.144
398.673
227.971
167.27
141.419
109.023
114.954
255.173
738.88
535.726
211.026
112.785
113.358
239.637
253.084
353.657
873.09
672.285
364.264
238.789
235.668
466.276
297.017
230.291
379.178
449.9
456.291
485.601
325.027
418.388
287.434
216.895
312.648
523.504
593.405
438.201
308.934
249.604
238.409
358.869
480.745
620.544
562.571
281.563
224.217
273.393
179.239
191.3
284.715
361.917
347.352
291.099
186.779
366.126
335.567
207.245
363.882
462.79
526.412
394.873
351.394
249.391
187.556
143.044
212.583
177.962
268.131
258.868
191.374
512.568
665.21
595.673
389.969
342.111
311.396
456.651
655.803
436.981
622.666
595.052
315.166
262.616
306.618
393.165
595.037
369.549
740.115
802.63
440.052
344.325
397.734
319.378
672.145
374.571
649.753
739.277
473.597
431.233
296.783
328.9
598.036
387.154
626.231
770.355
605.986
376.971
284.993
353.049
593.897
293.907
542.611
651.91
590.291
298.189
243.256
261.435
493.245
385.735
613.519
782.417
571.693
410.633
266.056
347.701
581.928
202.934
321.035
602.705
508.726
369.035
208.081
202.713
277.347
252.879
190.074
326.049
449.157
262.987
241.441
262.084
187.81
143.104
201.412
422.157
765.681
504.685
183.058
140.479
184.476
133.42
130.537
400.531
830.667
494.673
187.356
134.039
124.75
112.142
140.53
345.609
555.323
389.3
153.39
113.204
124.396
124.008
140.017
271.792
704.217
719.884
366.729
138.003
128.052
270.608
308.367
326.725
743.657
757.895
460.595
288.374
306.059
264.11
183.95
361.652
568.917
593.643
415.927
287.634
178.027
217.86
299.418
381.212
300.56
508.143
495.413
241.094
267.739
374.873
230.44
326.795
419.731
620.141
581.433
415.145
242.629
283.71
216.805
230.386
248.926
480.812
551.988
318.426
206.407
288.868
279.019
189.134
320.054
376.784
509.508
327.078
279.349
213.066
172.474
205.008
248.296
235.287
276.7
225.573
165.266
501.231
599.759
558.118
322.549
315.941
267.551
456.367
588.917
503.168
689.826
675.664
399.458
298.13
351.229
460.359
661.412
507.932
577.365
522.007
369.529
360.438
246.746
465.107
583.161
527.681
727.13
520.654
339.029
305.583
286.524
467.775
723.388
481.389
682.668
648.667
285.501
283.32
303.801
442.848
640.63
520.46
755.742
697.161
470.649
357.267
410.123
477.127
735.175
340.947
520.954
651.38
511.991
428.973
266.657
308.407
496.467
195.639
349.485
697.742
843.957
384.928
187.064
186.746
306.863
194.969
355.414
609.899
881.452
487.658
201.796
181.799
317.644
178.607
196.679
359.513
441.656
285.239
157.588
177.508
178.163
92.4639
127.702
488.711
981.405
618.838
186.833
92.4353
106.269
180.841
132.451
254.247
423.018
433.491
231.106
186.495
133.431
213.939
152.695
251.245
515.538
638.936
428.346
238.166
160.144
326.036
245.474
288.213
575.198
554.301
375.457
333.139
256.629
242.262
244.687
339.202
637.034
681.88
548.837
264.749
235.942
379.202
283.427
228.457
355.889
443.089
469.858
409.663
290.154
320.432
251.793
286.245
376.837
678.76
603.008
343.106
260.701
335.802
302.541
402.964
486.592
420.536
495.485
364.744
311.642
340.993
261.385
199.515
389.741
300.588
453.776
376.687
265.321
378.358
224.803
177.312
203.293
250.936
438.752
412.582
231.645
476.116
730.378
590.651
325.405
296.701
364.658
432.555
711.995
602.183
814
637.022
392.794
271.838
453.605
551.357
806.977
241.956
459.066
577.56
397.056
323.411
199.777
226.205
408.045
689.613
836.567
615.625
335.143
227.654
338.859
624.62
840.93
602.706
787.17
530.489
327.891
320.599
430.408
546.327
789.809
470.163
698.814
740.683
547.611
424.783
313.813
422.37
679.54
269.756
579.2
671.666
574.597
313.626
301.505
238.127
520.416
274.688
345.369
379.894
499.708
308.27
277.681
269.08
335.226
223.963
432.497
712.072
633.335
316.484
210.897
204.595
387.46
208.251
229.627
592.145
781.709
563.658
223.133
213.033
201.401
157.507
215.626
485.642
870.896
584.253
204.444
155.168
199.344
210.223
201.498
301.292
588.822
533.536
274.073
208.585
205.251
221.02
221.844
415.016
433.603
670.609
500.993
236.818
202.672
272.787
277.708
307.627
404.501
458.825
349.359
273.591
285.63
370.749
257.995
391.867
402.315
638.538
671.716
423.081
237.504
400.099
308.151
184.095
176.337
208.73
373.696
413.179
323.453
347.216
302.574
293.088
381.107
446.192
463.268
377.003
292.326
322.102
282.399
417.003
375.353
532.381
556.655
354.122
249.716
322.927
277.23
240.296
243.973
345.65
499.131
355.635
276.985
286.381
232.806
195.188
204.196
288.434
272.871
292.969
239.214
463.996
639.147
430.346
251.91
293.159
347.276
410.796
632.158
376.691
548.652
504.445
204.08
240.762
286.039
342.881
522.287
690.21
796.809
429.919
201.339
181.203
433.654
629.785
817.523
511.122
492.365
365.709
316.978
283.183
219.372
471.807
516.252
578.253
638.136
481.006
245.873
214.351
266.483
526.89
649.697
454.12
655.772
551.467
386.971
419.903
319.745
398.654
637.842
381.26
562.813
557.518
453.065
377.533
342.975
353.747
545.838
445.785
537.565
370.236
262.567
222.622
307.505
407.314
544.935
298.292
303.511
332.551
366.737
197.298
184.178
284.977
300.3
142.803
340.081
683.788
685.113
425.089
208.938
128.122
287.985
220.46
296.52
591.027
800.109
442.275
274.798
223.337
267.437
213.502
219.755
360.437
849.708
749.29
373.34
220.179
207.318
201.84
243.928
451.192
452.154
295.434
266.888
206.696
218.278
346.939
352.975
305.641
383.686
623.569
607.302
354.69
338.363
375.212
270.535
372.069
277.928
363.287
373.956
384.623
284.57
492.069
309.656
318.142
332.093
373.308
582.263
536.854
322.658
398.071
205.704
210.897
263.917
493.64
575.056
436.255
223.749
459.885
215.97
204.616
308.336
427.036
571.573
503.045
238.182
398.315
327.09
190.495
194.77
390.472
576.931
438.228
341.678
370.314
295.93
266.396
357.297
238.38
386.606
390.183
309.259
645.702
643.39
406.567
184.63
140.581
247.514
589.813
679.992
666.919
767.891
461.375
337.65
273.088
315.182
605.565
789.141
590.501
660.118
376.63
283.986
221.656
318.971
536.132
683.034
610.848
689.409
441.269
284.101
250.89
398.945
561.46
711.976
391.059
469.945
384.164
263.04
218.93
270.162
360.208
475.369
583.255
548.677
364.625
250.347
191.669
233.227
538.868
581.308
631.675
490.376
453.39
415.945
318.672
309.79
606.512
525.194
275.142
425.208
536.703
399.56
404.189
288.477
262.604
401.356
433.618
487.039
452.78
454.762
249.745
188.456
396.148
490.112
354.224
209.483
329.462
443.553
456.734
268.929
351.893
228.639
157.9
204.958
429.899
743.348
487.537
222.834
158.026
193.02
244.131
201.86
425.271
654.519
494.855
209.445
249.165
198.673
277.644
347.088
359.644
527.394
535.911
390.666
275.558
344.641
240.517
214.007
335.096
436.356
525.342
526.529
267.918
195.695
503.394
294.627
311.657
394.708
411.885
449.991
522.54
332.203
448.584
345.003
280.409
463.174
407.156
527.27
483.238
351.013
529.47
395.44
353.823
474.624
632.831
713.276
578.316
410.745
421.043
247.332
312.544
417.992
343.012
434.026
439.867
281.727
606.406
330.979
330.987
295.447
409.23
632.095
654.318
351.997
605.458
416.515
240.926
162.008
312.644
651.508
650.931
426.392
717.273
637.247
331.95
195.65
165.122
332.824
666.314
692.453
839.664
874.122
446.447
179.99
205.962
461.368
768.577
909.444
784.421
800.346
495.302
317.104
368.73
341.571
712.487
850.154
586.308
683.001
460.933
345.591
299.806
308.763
530.029
696.609
569.714
611.418
391.783
285.002
248.938
252.584
520.002
629.481
518.987
520.167
449.309
389.003
346.766
227.126
478.245
542.346
550.861
470.432
288.431
189.036
174.544
264.034
525.146
503.604
379.913
478.098
397.334
285.773
224.52
280.668
349.153
480.44
304.056
328.655
280.527
267.15
241.367
190.988
279.682
337.014
354.91
472.048
634.503
660.402
330.696
205.128
324.472
449.894
428.008
261.151
351.605
684.146
571.599
388.957
442.112
279.432
432.307
266.984
299.225
413.112
336.263
330.144
433.3
297.953
277.033
286.398
386.503
505.731
461.712
440.499
294.818
291.617
472.495
370.722
424.917
411.38
362.799
344.256
471.344
375.384
431.659
244.031
270.619
287.213
378.875
529.272
464.607
257.846
350.701
212.104
209.618
326.007
372.245
443.61
382.112
223.79
694.132
376.883
216.409
241.024
350.223
681.636
747.385
410.507
554.777
422.882
223.931
195.5
416.84
762.379
615.923
434.471
737.964
360.486
237.034
335.579
292.341
517.259
765.104
426.231
592.837
326.659
165.66
160.352
262.918
519.503
612.669
366.819
396.794
395.203
334.079
397.572
212.708
178.48
372.802
404.583
827.373
895.089
501.706
224.014
217.998
349.544
745.071
933.234
886.309
795.042
407.577
193.373
169.775
302.509
815.419
864.792
899.021
706.524
289.268
203.114
164.675
325.509
843.314
790.611
468.128
388.012
242.632
214.603
191.804
190.403
441.142
416.446
571.201
389.661
291.659
359.217
262.802
343.105
571.341
429.186
330.904
373.579
340.566
482.031
344.434
259.928
310.289
384.718
271.65
345.575
344.991
404.172
283.389
208.278
250.362
343.472
320.19
445.506
370.25
289.431
224.673
293.442
311.796
431.118
303.011
375.931
510.522
536.097
339.641
293.072
314.919
361.835
328.485
268.015
482.384
656.005
367.172
336.649
335.386
249.476
353.881
358.739
342.735
382.241
536.239
524.306
360.56
359.748
351.988
255.516
281.014
365.054
380.267
413.866
373.254
269.452
214.628
136.641
265.947
486.595
417.237
269.734
228.675
141.595
447.008
235.587
399.006
513.131
362.005
470.858
477.58
239.783
396.135
277.921
254.093
260.914
354.098
515.926
436.404
278.421
413.273
295.15
261.236
249.036
317.614
385.266
431.249
297.693
534.775
293.19
175.199
182.061
212.301
414.008
549.227
341.671
515.008
458.051
266.682
270.515
413.751
595.015
535.222
476.972
618.234
281.464
119.29
184.533
228.026
553.729
672.489
329.817
1098.06
776.668
344.188
291.786
255.643
379.178
1033.21
878.541
886.441
680.07
326.473
279.9
267.847
497.193
844.554
755.267
977.959
823.001
355.147
260.508
194.085
378.181
907.48
910.813
676.366
499.577
260.429
208.963
267.828
262.046
635.946
558.56
735.301
543.274
278.395
289.153
216.266
327.577
694.453
601.667
725.964
554.478
342.824
360.725
294.364
317.553
687.925
605.157
528.908
523.985
399.53
422.736
341.316
224.718
483.928
550.969
433.9
411.937
253.247
329.372
282.853
368.096
413.604
437.757
716.73
507.923
256.331
266.917
288.482
322.769
679.239
576.135
459.145
361.059
271.787
229.662
271.942
314.937
463.814
376.301
534.079
423.386
336.447
322.418
302.179
204.613
502.531
456.329
545.956
327.332
214.012
285.815
398.053
553.399
578.918
349.678
609.641
373.856
358.556
430.364
397.089
566.828
636.575
395.003
454.437
347.382
372.62
412.409
328.254
322.318
458.182
364.871
719.584
470.451
321.609
470.766
358.865
365.56
697.489
544.647
502.195
348.287
332.453
400.991
344.078
290.733
498.745
373.453
702.644
344.362
214.759
285.116
440.362
621.038
725.818
404.327
550.192
350.872
264.593
305.041
395.714
515.96
576.408
387.767
345.372
295.719
267.262
243.14
300.968
454.644
366.463
301.227
671.59
336.41
238.887
184.572
351.646
641.028
721.441
376.785
923.584
697.722
328.296
232.873
249.374
364.406
873.259
781.652
1099.4
977.915
459.511
197.043
237.103
471.884
1022.53
1048.87
688.373
806.303
540.273
379.327
220.098
361.906
626.882
826.106
579.455
573.307
416.272
393.244
316.047
347.615
542.921
593.679
986.66
740.163
369.495
322.895
295.746
368.375
930.952
830.773
796.628
635.023
395.245
320.978
280.824
317.748
752.025
692.585
790.649
646.214
334.401
387.398
334.035
350.198
736.992
714.891
652.797
521.778
355.794
577.642
487.946
291.106
610.684
579.15
825.816
574.034
329.512
293.87
240.937
363.008
790.987
652.878
405.813
324.513
375.84
607.855
394.395
427.902
427.577
329.795
347.404
215.985
341.155
399.259
359.914
243.659
349.243
236.021
327.636
299.568
424.964
845.404
561.743
333.065
341.939
286.178
354.616
318.921
367.248
488.598
355.289
279.972
365.911
327.832
454.157
351.653
271.788
415.348
342.286
437.97
452.883
380.915
733.161
345.088
266.923
518.498
636.615
479.935
723.291
425.656
526.526
268.088
200.161
228.944
285.677
418.011
542.823
312.238
586.207
301.915
222.196
291.848
393.976
575.229
617.027
342.55
496.777
536.233
284.611
465.958
433.864
524.935
495.627
554.33
691.274
335.754
145.379
242.791
265.301
503.993
707.297
403.903
574.673
307.387
160.664
193.56
266.267
556.578
610.915
341.261
1087.2
749.819
315.405
186.943
146.329
388.368
1034.32
842.899
1274.03
897.483
271.82
149.003
161.091
513.779
1213.29
1027.96
1121.43
822.896
284.684
123.949
138.674
414.95
1057.25
935.6
887.582
595.37
342.82
480.203
300.556
330.093
849.733
673.422
969.551
586.335
297.972
363.443
257.089
449.275
942.997
686.812
1039.25
590.052
359.92
349.112
246.926
338.177
996.448
699.291
807.194
389.678
179.781
352.933
231.252
334.373
789.887
480.96
737.311
333.261
343.412
384.29
323.256
361.048
731.741
408.052
714.174
402.838
308.041
475.564
361.288
425.154
715.567
464.81
721.108
427.859
323.891
378.014
352.896
377.412
707.727
496.804
492.024
270.537
345.715
543.869
343.892
409.173
508.553
304.03
540.568
289.091
371.981
711.419
542.246
459.15
558.026
330.361
535.717
206.563
217.863
403.585
408.913
489.181
569.771
254.102
621.757
427.103
374.606
463.081
361.405
577.262
665.509
435.842
889.205
441.033
274.593
433.507
375.452
573.017
909.346
530.046
810.279
492.614
272.615
261.679
257.133
478.718
801.128
566.914
490.59
443.096
323.915
444.453
600.324
673.719
519.039
456.043
554.534
280.808
248.825
278.785
313.288
542.053
598.34
309.569
456.452
370.485
202.929
218.613
211.853
332.072
455.757
385.823
689.843
361.689
187.456
143.276
253.748
543.016
714.296
406.562
1223.94
925.14
319.342
189.756
212.729
490.65
1156.2
1043.73
1295.24
781.357
274.624
246.633
224.88
446.714
1237.67
916.845
1272
782.126
235.659
192.205
175.173
415.844
1199.79
920.143
1123.23
752.18
416.679
368.879
268.408
409.239
1069.12
862.454
938.721
689.48
388.118
392.496
238.552
377.634
890.798
775.206
843.979
432.789
415.302
552.382
312.09
473.294
855.152
503.697
687.349
504.507
298.737
441.445
429.386
384.684
652.588
563.537
675.952
334.199
348.586
550.821
343.538
318.337
673.827
392.179
650.17
416.642
400.226
606.812
497.499
432.342
659.09
447.598
515.851
298.672
306.129
370.579
342.416
290.199
513.19
335.141
204.094
370.982
459.34
605.221
417.855
303.741
187.66
334.537
721.134
352.411
165.298
297.447
311.182
507.059
749.863
415.582
769.563
430.902
301.992
271.591
291.585
477.493
777.431
488.052
566.549
324.452
314.161
506.669
336.3
369.838
568.187
375.645
385.499
326.834
205.013
354.368
353.077
421.546
408.107
331.536
570.643
449.363
386.392
499.391
518.839
597.516
589.609
465.838
1160.65
456.74
332.313
381.183
384.226
836.177
1198.55
574.792
788.986
361.934
321.964
365.921
296.824
566.843
824.232
431.402
612.709
301.221
155.474
181.406
306.575
509.134
648.01
350.936
701.289
318.988
137.301
179.795
245.601
499.906
726.623
389.498
1054.73
706.339
318.346
280.971
202.65
342.294
1000.65
797.223
779.065
581.7
307.708
274.109
238.782
309.78
734.48
650.864
1200.02
759.517
232.905
120.91
172.946
524.158
1164.05
884.692
933.821
721.2
546.292
394.598
408.793
434.61
896.307
785.087
1172.39
665.901
213.105
240.182
204.441
446.347
1131.47
794.489
884.822
419.901
207.527
288.389
385.43
565.231
895.322
513.925
624.355
299.827
176.674
253.906
189.842
352.184
622.376
362.741
850.584
434.489
191.24
328.313
288.335
536.242
865.27
519.765
723.917
420.515
205.428
237.491
161.095
371.609
713.619
491.52
445.483
248.866
266.251
340.364
284.783
453.193
477.094
265.645
575.41
450.585
370.779
444.194
378.112
372.27
548.457
490.534
611.029
308.823
337.263
301.388
302.273
549.967
641.793
347.734
644.499
395.949
281.051
402.193
357.049
504.59
659.535
449.854
887.505
526.157
355.555
357.79
358.968
571.168
882.4
598.609
760.787
430.171
221.656
335.402
277.527
424.187
755.537
509.492
865.361
374.569
175.645
297.804
318.068
668.756
894.742
457.027
979.117
446.909
162.087
302.184
382.84
746.92
1022.68
545.99
560.626
368.854
199.623
266.57
337.771
428.131
562.923
408.668
736.415
408.677
185.862
194.51
285.914
550.071
755.362
473.323
717.302
391.364
234.804
249.009
334.272
542.342
729.063
458.68
1085.13
682.399
236.217
106.253
164.06
524.118
1060.94
790.746
1125.25
725.492
294.358
151.053
183.762
524.132
1098.05
829.952
1233.43
758.569
261.4
228.048
232.951
540.643
1197.8
889.682
1178.63
632.376
280.332
240.922
291.276
539.07
1164.64
746.536
922.032
611.579
253.5
286.549
312.66
452.724
889.232
697.438
875.338
554.527
316.543
284.18
288.537
423.684
847.197
636.17
870.157
518.425
289.827
388.921
358.177
517.492
855.093
611.593
589.475
333.207
238.65
188.303
272.416
410.554
591.607
387.566
562.787
344.898
215.974
252.287
272.095
496.077
582.944
378.555
821.363
450.398
326.436
348.262
276.392
529.76
836.753
517.079
394.691
268.587
178.335
255.686
268.078
421.871
415.573
289.486
514.313
340.878
248.855
426.907
340.952
384.086
519.722
378.262
488.517
523.06
588.128
510.903
305.364
264.936
453.106
518.3
575.128
391.087
256.298
250.912
371.608
644.126
623.673
405.892
1007.28
405.624
285.229
247.99
474.573
858.441
1065.07
503.709
670.802
303.717
374.365
443.683
549.511
742.693
722.958
344.471
559.71
372.322
306.272
387.913
463.157
490.199
574.763
396.154
834.263
562.246
289.039
281.56
232.258
432.871
805.634
642.217
1168.11
572.077
239.196
241.838
279.288
740.995
1195.1
687.881
572.108
359.006
193.859
285.772
250.497
474.882
603.564
378.456
1164.73
840.079
267.547
239.595
197.772
537.824
1105.34
960.656
1187.46
653.672
217.246
214.002
196.662
592.925
1177.36
778.707
1094.8
593.98
167.662
151.442
177.173
513.486
1077.08
713.922
1034.7
598.492
254.892
238.749
210.579
478.631
1011.21
705.546
946.262
575.324
248.041
332.409
190.564
387.479
914.047
676.885
653.183
393.059
294.441
297.589
389.762
421.576
651.498
448.828
740.878
348.123
222.521
410.219
315.285
482.628
757.227
424.965
518.92
343.922
300.544
357.424
302.436
343.432
516.419
383.354
718.871
489.838
412.934
415.002
314.687
413.727
706.36
538.601
458.427
262.458
289.144
410.319
392.845
393.861
481.346
280.874
496.286
256.562
259.13
292.034
294.443
435.425
523.215
284.802
419.224
329.364
297.778
506.551
370.422
346.629
415.977
361.346
479.605
266.474
189.361
233.823
293.128
442.208
505.627
299.954
688.329
378.937
351.353
260.457
466.481
803.221
745.401
398.522
693.08
432.681
320.71
353.814
424.332
490.26
686.377
493.405
1050.31
693.655
371.7
380.726
405.867
634.527
1035.44
774.494
845.886
483.555
317.111
380.504
414.856
671.99
865.945
546.308
829.543
548.906
254.408
281.328
312.801
715.002
878.932
587.878
1153.55
547.767
190.6
215.955
296.051
757.403
1184.22
645.297
626.209
285.216
187.969
137.886
270.197
524.701
659.818
316.736
1203.65
690.562
288.015
202.852
236.904
596.379
1193.28
809.331
1006.03
578.73
176.145
139.04
186.644
430.758
979.333
688.979
975.518
555.044
184.268
214.058
194.181
490.301
964.333
658.355
1189
638.829
286.38
248.055
251.609
496.836
1162.57
760.026
877.084
499.406
306.875
344.966
380.564
491.822
874.898
582.414
990.16
541.587
218.264
211.732
215.331
519.008
981.268
649.343
569.296
345.335
234.56
323.79
368.743
533.393
600.314
371.337
882.656
530.216
197.179
180.513
233.927
451.507
861.968
625.083
560.691
345.839
208.826
173.014
223.498
434.319
571.524
384.779
624.404
450.349
275.559
286.013
291.364
391.693
609.536
502.277
589.7
384.968
255.25
278.921
405.066
453.518
593.385
422.384
454.442
322.192
256.285
508.872
387.293
427.163
469.435
341.449
783.552
355.143
136.231
305.197
282.899
516.65
800.257
442.487
597.084
291.434
406.19
572.792
651.351
560.443
632.702
320.52
737.53
654.428
394.346
221.862
394.316
792.087
781.697
665.653
1147.6
638.828
364.929
241.322
322.551
702.538
1162.3
726.376
1029.82
466.268
293.307
269.335
382.959
746.643
1073.69
564.31
810.925
520.931
234.258
329.659
302.188
547.233
807.053
594.905
869.041
493.851
315.299
224.754
313.064
682.887
897.052
532.816
533.121
434.68
256.668
279.192
263.471
355.771
521.926
481.292
1331.58
751.655
192.977
170.169
220.031
674.04
1315.16
896.612
870.531
473.551
141.86
132.853
169.965
430.748
858.344
569.136
1093.97
569.202
231.116
175.593
215.938
667.342
1120.53
665.08
959.069
436.06
204.301
324.763
325.345
664.157
990.551
536.182
755.279
380.809
236.791
223.335
225.141
478.84
767.878
436.504
749.495
364.404
241.088
251.695
362.684
666.524
784.571
421.155
837.133
535.489
268.26
351.93
364.143
480.967
816.27
612.392
535.154
313.49
207.319
318.896
401.557
576.185
567.757
346.225
631.902
340.971
295.74
332.02
390.159
443.623
646.592
391.439
394.095
294.878
237.35
195.776
153.576
303.379
398.702
314.572
695.624
281.954
167.996
250.794
251.766
509.222
717.854
350.901
463.296
300.952
164.014
209.281
239.5
385.489
476.58
342.025
649.358
316.674
314.066
546.71
459.537
532.402
665.433
369.685
812.338
434.989
281.353
278.723
282.661
534.714
818.491
507.563
526.743
383.999
292.641
419.885
469.963
453.776
519.86
420.001
878.678
457.401
310.611
283.946
476.319
730.326
910.328
524.069
651.05
585.716
259.555
178.144
307.956
561.741
664.844
618.292
1030.44
647.765
229.186
159.783
203.777
502.114
1001.65
756.318
524.737
397.538
292.486
304.588
345.989
513.619
550.777
424.03
882.312
373.882
201.014
305.169
316.047
538.589
889.592
475.216
1054.42
552.544
210.389
119.749
211.373
629.53
1066.33
653.172
896.591
537.87
272.465
158.517
165.2
472.119
896.157
618.26
718.476
435.212
243.486
306.911
266.702
420.113
709.88
502.781
646.192
337.829
257.421
262.768
265.172
525.033
675.883
362.716
481.667
284.184
221.913
247.44
282.977
393.27
497.524
313.998
870.603
425.503
221.788
260.122
353.387
604.427
884.616
514.605
507.422
330.29
244.698
207.995
269.193
424.481
529.363
366.598
707.995
386.595
267.136
293.336
312.508
472.886
709.312
456.506
511.3
337.64
211.189
189.822
241.397
486.316
540.639
349.645
749.571
434.404
219.376
214.763
305.199
489.358
750.806
505.54
657.555
322.145
203.939
213.047
309.898
554.373
694.541
372.363
554.115
310.051
228.71
384.135
349.061
481.261
571.613
354.871
439.588
327.337
265.616
363.268
395.933
431.305
451.95
346.48
706.249
332.009
231.958
373.303
310.469
525.205
731.234
400.192
951.586
450.958
341.272
385.529
417.871
667.426
979.505
545.312
510.462
482.773
517.609
433.097
424.566
412.853
498.63
497.597
722.489
581.921
199.186
248.413
281.839
399.197
678.512
653.697
1063.74
497.094
239.151
357.674
352.689
771.071
1084.32
592.994
631.94
441.568
338.754
389.619
535.996
729.755
649.267
487.858
449.212
267.595
239.817
292.34
310.4
424.118
473.094
287.215
