289.334
513.549
893.997
688.503
461.271
261.414
283.992
450.199
180.541
317.026
525.902
578.671
376.271
248.314
182.464
284.136
111.019
250.225
650.88
918.322
468.759
210.424
113.796
204.118
345.024
270.612
561.766
730.049
354.28
195.289
343.634
264.053
153.773
252.806
554.167
838.394
389.116
135.855
147.982
219.762
205.88
175.562
401.448
728.143
518.905
240.929
203.98
168.398
131.144
138.455
364.304
806.286
510.089
199.618
133.652
132.052
167.444
157.508
409.136
827.731
478.387
157.212
163.496
148.852
143.922
164.978
349.544
509.176
387.7
236.034
151.032
152.868
355.209
248.109
225.015
417.617
622.116
458.931
342.78
276.358
467.495
405.054
365.935
571.326
581.265
509.027
486.968
400.612
434.033
344.12
447.789
491.329
731.72
715.004
481.883
353.883
308.947
301.491
316.815
415.467
602.172
601.078
343.131
289.546
395.52
423.058
303.08
188.358
290.152
458.229
402.625
426.074
333.998
315.482
221.881
210.036
282.264
385.556
336.703
323.004
388.423
309.685
210.283
215.658
188.65
285.885
380.144
330.672
365.844
269.465
163.918
163.206
173.745
298.283
370.93
291.56
687.038
414.919
224.959
217.265
313.347
593.493
709.802
466.028
62.3985
39.3936
47.1683
75.4644
49.0039
51.3737
62.3096
43.8036
56.2558
40.537
24.1918
27.7229
18.4061
39.3066
57.302
43.5674
333.212
570.601
822.721
642.021
426.943
262.082
304.593
531.426
304.173
506.541
783.239
801.86
410.791
254.413
287.435
469.012
205.772
457.258
891.502
817.587
445.444
284.472
202.786
388.341
314.328
369.339
535.341
713.774
401.398
224.624
301.55
349.928
183.167
230.361
418.446
601.979
406.661
223.617
187.582
206.44
349.884
291.941
411.38
734.47
472.748
261.588
340.166
303.345
181.838
166.425
333.964
650.232
466.641
300.799
197.66
155.508
184.838
160.047
261.378
596.36
549.343
299.878
196.155
164.003
202.5
284.447
455.536
964.781
691.204
305.645
212.673
259.583
601.605
400.55
694.518
699.985
913.651
566.18
603.744
418.774
592.357
345.813
282.996
435.557
488.525
531.967
608.891
385.764
446.372
306.554
383.102
483.339
585.161
464.625
444.74
334.935
336.49
301.595
253.523
413.115
517.338
503.865
333.987
318.255
502.529
342.415
209.85
225.232
263.258
436.639
524.689
380.507
433.94
314.221
189.693
223.462
408.419
618.209
477.859
327.105
378.569
229.888
166.07
255.028
314.055
363.971
379.365
260.08
359.668
274.06
165.332
234.396
275.919
253.723
347.821
301.08
727.279
454.59
268.411
264.054
296.356
479.986
731.89
511.79
141.128
111.055
82.1339
67.1942
55.4327
77.4956
135.013
121.268
46.2721
32.1882
26.6227
36.1747
33.5757
46.9563
48.1835
33.2896
501.122
468.212
417.577
503.402
346.156
282.848
480.547
488.285
422.632
635.032
738.25
618.621
326.676
297.426
385.72
594.445
266.009
320.906
587.941
694.125
426.644
243.214
258.932
292.827
261.478
273.299
705.729
921.845
434.699
224.556
263.084
234.554
130.016
201.221
456.008
594.837
395.394
207.539
134.833
170.824
239.06
176.759
408.001
705.014
478.918
320.058
253.9
182.446
207.967
203.039
330.083
529.517
399.359
198.954
200.001
201.863
260.707
235.128
295.452
609.279
540.815
283.669
254.048
234.865
207.271
194.599
306.893
765.936
863.193
445.747
222.071
187.212
368.247
236.362
376.427
816.191
655.578
446.199
384.749
253.448
227.221
221.048
357.484
584.872
522.16
365.272
236.929
208.57
544.735
454.088
381.764
372.472
475.459
337.949
523.166
466.896
464.083
402.427
221.532
332.545
590.167
614.674
468.66
433.549
457.27
409.507
358.896
358.581
556.995
587.769
452.791
436.051
701.994
314.844
152.6
265.549
277.841
551.087
737.914
383.488
426.625
357.584
168.421
155.879
228.945
420.43
428.685
381.11
365.394
383.01
228.73
192.371
123.017
186.747
338.952
396.012
418.535
287.012
184.125
206.774
232.7
255.291
406.34
319.706
804.98
499.569
253.345
198.542
247.085
454.499
797.434
571.883
53.8612
41.6425
48.0083
56.8603
50.8348
39.8554
54.2763
44.2887
613.32
835.163
758.225
523.932
442.668
523.42
577.745
824.198
358.769
610.869
755.422
625.75
297.856
296.418
342.341
551.347
404.9
372.238
608.66
807.274
471.066
348.22
391.281
378.639
211.927
355.794
674.757
810.719
444.257
199.14
193.86
316.321
353.043
397.692
684.28
766.357
348.445
215.195
334.451
385.549
183.252
224.152
432.555
752.961
527.056
308.675
186.585
207.066
269.779
203.134
340.171
703.095
617.009
353.485
278.845
210.76
145.034
223.559
474.151
864.744
567.278
208.333
144.603
195.577
312.884
279.399
516.137
703.784
780.725
522.744
340.824
268.833
471.805
237.42
273.505
505.472
529.869
382.642
476.5
279.306
418.934
295.117
481.168
555.746
826.319
668.876
454.303
291.719
371.195
367.658
386.695
445.275
482.406
433.713
385.563
363.05
466.321
270.055
271.501
462.976
629.543
662.845
491.903
283.94
640.3
503.509
262.797
243.842
400.731
722.766
679.842
529.659
312.526
291.695
305.672
222.849
368.111
491.67
340.571
282.075
436.383
307.217
176.916
225.804
242.768
372.053
439.329
338.815
451.388
312.721
167.358
315.464
260.161
181.696
415.572
370.199
401.047
305.829
184.78
203.906
212.514
238.056
401.736
324.946
763.404
454.884
237.956
207.453
332.317
655.936
789.185
512.757
53.7285
48.2424
42.3986
37.0542
34.1679
34.2646
52.0467
49.3783
465.711
760.632
756.386
473.515
254.55
300.687
413.189
715.556
318.934
502.983
529.041
384.084
276.405
395.166
312.609
472.45
547.28
646.063
753.307
646.156
454.369
256.54
496.783
646.8
374.93
459.987
490.248
546.875
411.96
327.76
356.236
449.778
308.44
377.069
622.079
733.927
445.849
259.7
298.35
361.951
231.663
304.912
691.381
1036.43
451.396
195.198
227.576
282.222
303.779
285.503
492.219
1145.73
798.601
336.933
305.688
292.973
274.343
280.97
568.45
952.53
908.318
443.081
263.822
273.724
518.043
345.933
261.96
468.11
503.317
534.913
557.631
384.844
386.172
381.375
324.659
616.836
692.414
525.79
380.007
393.212
649.023
481.282
278.408
364.572
535.281
720.182
668.547
532.436
539.921
317.029
265.338
244.811
317.073
373.754
536.202
360.836
549.65
315.49
353.709
501.443
635.978
719.397
612.289
352.516
547.696
409.682
206.514
226.873
313.352
531.527
574.49
438.553
481.032
385.815
215.7
235.08
307.174
460.354
479.08
413.889
680.017
349.756
155.326
239.281
237.893
420.781
689.659
413.093
510.345
258.618
165.553
200.4
196.183
454.389
534.073
287.808
311.627
261.337
168.915
202.636
205.007
207.049
304.064
277.672
825.261
508.3
238.705
209.298
244.575
542.005
831.135
576.327
61.7441
53.8837
44.4433
51.0881
40.4193
42.7072
59.1871
57.7724
609.199
669.864
547.352
435.876
308.764
378.559
567.504
682.703
348.906
494.377
663.047
663.055
382.336
330.294
335.473
472.227
339.645
500.83
568.632
449.438
382.52
272.671
311.163
470.103
408.433
509.701
471.666
382.404
359.493
399.389
397.531
489.382
619.945
478.54
609.422
842.13
606.446
374.286
614.732
501.052
243.109
271.301
501.582
584.139
412.152
221.622
244.241
263.684
395.314
375.261
453.956
739.057
495.757
315.228
382.526
368.662
571.984
412.937
496.691
665.743
526.891
344.172
566.62
441.397
514.233
669.3
576.568
714.033
443.906
499.262
502.21
666.648
619.125
501.992
381.928
416.435
665.553
906.079
682.246
532.262
625.8
473.466
335.683
389.211
670.032
750.112
638.75
513.984
856.824
438.167
398.236
344.228
536.536
846.737
904.269
483.421
581.706
425.907
298.503
302.74
484.14
703.521
631.729
432.741
807.914
346.675
296.882
377.878
508.491
670.181
833.039
431.21
453.238
268.613
286.377
260.04
436.825
570.753
489.391
273.043
586.638
349.383
304.026
321.102
391.149
562.341
634.895
385.485
462.158
358.728
207.117
203.138
191.487
265.539
456.264
393.235
299.571
243.063
140.904
199.814
170.909
236.921
290.867
266.669
626.024
416.612
205.202
165.356
156.533
286.462
603.934
473.947
292.492
218.862
106.517
73.4506
62.7632
132.095
275.79
242.371
566.499
621.315
406.494
264.178
276.945
255.107
522.494
637.279
624.586
629.468
480.464
361.344
319.372
292.492
575.354
650.281
424.439
517.76
338.304
255.781
351.904
448.751
396.139
521.664
393.27
372.237
434.125
420.018
292.198
306.289
392.262
370.97
439.077
556.597
634.906
561.686
356.506
298.875
415.824
533.926
363.206
319.794
650.392
1218.59
880.093
329.002
373.254
310.208
397.273
543.954
594.391
426.436
480.352
495.886
378.603
512.718
566.413
517.772
473.076
484.859
426.388
352.094
544.47
524.459
372.594
331.309
604.795
743.572
1000.94
646.652
399.2
321.524
971.773
635.38
344.32
474.207
360.277
710.134
1013.65
675.063
387.381
248.234
317.487
459.576
524.356
523.692
421.025
242.768
655.869
527.788
523.889
401.093
598.432
803.374
668.682
535.728
637.303
403.524
506.033
431.537
695.917
941.3
716.639
400.135
773.637
463.065
283.648
261.622
318.142
530.2
790.179
526.646
1016.91
426.551
199.387
184.315
283.035
743.096
1055.41
520.174
439.601
326.539
365.67
236.156
329.183
543.435
475.07
317.987
365.213
207.537
156.243
215.891
263.37
332.746
395.154
227.17
495.355
246.503
159.755
212.46
241.552
479.207
524.705
278.634
372.176
303.336
168.343
145.751
161.568
258.664
362.847
320.963
863.373
526.489
222.143
151.806
181.666
437.712
850.339
607.227
503.205
619.45
565.017
407.273
278.352
287.684
457.653
624.03
512.018
562.708
466.014
531.372
451.319
359.08
484.029
567.471
635.864
530.642
360.731
358.056
271.808
327.303
605.845
570.808
388.928
404.144
412.194
623.957
369.206
280.812
370.449
413.459
426.368
472.235
641.546
626.643
445.978
384.448
402.543
465.015
296.756
277.035
438.152
654.955
443.862
268.16
298.894
274.859
264.908
279.003
678.056
1010.92
594.583
299.548
270.836
264.783
508.113
600.965
419.401
717.12
690.646
580.188
506.391
609.806
764.053
699.83
440.455
534.731
402.751
421.251
709.459
756.95
617.847
744.384
547.953
571.275
588.333
592.705
594.817
748.184
680.824
356.954
358.813
444.547
489.313
460.993
669.42
421.404
687.454
491.009
289.516
386.511
400.686
586.931
695.433
532.669
1125.28
537.477
240.591
188.883
407.008
791.15
1160.45
641.553
843.921
414.537
296.665
290.355
485.383
768.568
875.392
484.649
790.302
395.417
246.873
284.278
306.488
639.227
813.275
455.926
606.732
310.004
257.055
251.193
382.231
575.733
635.061
343.131
381.401
305.915
261.789
199.514
346.221
457.214
397.081
316.542
531.117
225.514
152.947
219.933
194.895
231.636
529.496
277.518
317.841
233.618
140.557
154.596
208.284
249.159
315.435
253.278
780.477
475.527
230.836
171.135
287.042
615.618
800.247
535.921
638.102
588.667
348.739
332.628
206.03
288.992
590.432
630.483
441.434
396.619
309.56
276.195
225.878
289.536
431.393
409.697
688.957
554.428
280.928
205.732
178.644
324.061
644.586
618.428
519.278
519.474
282.717
285.934
187.036
349.839
500.728
544.327
438.408
292.545
335.599
486.535
407.738
300.11
439.216
308.801
717.277
536.589
416.541
328.317
303.833
422.63
707.752
590.465
437.441
337.828
252.741
579.69
633.324
649.36
475.195
361.176
574.097
666.326
433.533
546.267
414.606
686.925
568.403
682.91
874.893
737.702
420.744
330.228
490.952
700.832
840.163
795.009
468.664
439.329
405.868
454.437
375.881
283.142
431.125
466.422
1086.64
514.682
491.462
591.927
584.225
712.273
1091.31
630.38
546.147
382.394
258.802
470.728
643.597
702.411
580.971
410.452
810.471
487.971
328.324
311.437
356.747
758.727
861.562
517.617
639.009
410.709
274.921
228.323
369.128
499.81
646.777
460.313
584.394
478.737
243.93
269.934
448.92
616.585
570.762
519.902
948.942
429.018
196.017
126.578
288.48
751.068
1001.11
504.058
512.44
435.879
322.099
199.591
246.088
467.341
523.6
444.73
432.961
251.24
177.879
188.494
231.151
384.581
458.017
262.352
340.124
218.972
193.674
199.891
149.162
277.266
353.299
236.494
748.945
511.048
249.876
174.349
250.449
535.126
754.494
565.618
704.12
551.46
268.754
176.696
168.023
382.305
685.935
603.094
479.471
470.022
283.538
231.107
172.728
225.187
446.724
493
655.346
670.362
426.638
225.389
216.093
245.911
591.663
710.993
588.646
777.558
572.672
318.179
233.892
342.326
531.107
776.852
712.603
609.807
417.683
405.028
432.487
307.032
657.523
670.269
567.742
484.57
406.749
588.303
443.399
296.073
541.42
518.303
702.353
555.472
444.028
454.725
336.172
431.909
679.666
595.052
640.609
453.15
486.954
441.069
501.694
401.542
632.882
482.669
674.768
770.07
393.427
248.587
347.733
581.662
661.815
780.725
558.968
390.426
322.545
341.29
325.566
529.175
559.433
423.984
609.093
482.512
404.135
530.625
583.039
747.306
653.415
482.487
670.727
414.666
333.071
371.717
361.277
541.877
704.381
453.177
729.004
599.058
440.255
474.188
371.043
499.544
715.474
631.568
832.299
568.678
318.912
311.741
307.35
500.889
805.218
625.774
404.164
311.929
384.999
419.042
360.572
369.855
401.024
331.117
894.22
379.111
215.825
219.317
343.629
729.816
933.707
444.242
758.948
393.417
221.658
105.825
216.716
597.141
800.156
414.29
520.874
239.386
131.029
193.166
240.104
402.761
546.044
277.552
386.106
267.501
156.481
125.341
111.707
241.364
373.725
307.406
840.239
514.548
230.273
167.148
254.464
551.132
843.111
588.336
707.569
426.548
262.688
495.715
362.125
357.871
689.016
495.046
488.963
306.55
321.705
488.871
359.759
285.926
464.407
346.989
506.118
491.765
232.221
98.4693
151.515
377.504
471.957
524.389
576.192
484.841
280.568
215.321
180.732
201.318
536.071
528.266
561.543
544.41
537.25
489.23
380.733
418.206
533.558
562.693
781.263
489.271
200.547
272.841
257.865
368.946
760.803
570.323
605.255
426.128
430.576
382.695
378.185
470.057
621.755
445.937
611.809
511.155
454.367
297.394
422.964
670.09
617.13
522.323
631.744
564.678
412.329
412.94
485.277
570.413
654.782
556.822
474.998
346.541
380.962
659
672.045
529.818
483.342
344.07
864.29
509.206
402.759
548.345
448.137
564.3
876.5
569.863
517.857
373.009
260.992
254.241
188.866
326.35
514.939
408.101
1019.78
466.476
202.933
284.122
331.47
676.451
1045.67
574.257
639.716
498.045
410.163
448.646
465.83
602.938
619.656
541.809
698.43
322.28
135.343
150.837
257.994
519.371
718.322
386.858
592.102
350.162
194.474
209.619
207.017
473.351
624.638
391.148
818.84
325.239
170.952
178.321
279.526
656.783
854.042
391.54
660.52
340.275
182.94
188.133
213.117
524.159
697.6
363.349
468.337
261.818
158.502
177.506
168.792
344.23
486.794
294.165
869.23
549.94
229.39
173.51
170.767
440.442
852.454
632.223
421.69
360.832
342.862
470.144
311.723
264.017
402.288
388.336
513.62
402.338
233.322
308.016
277.739
309.833
497.42
442.363
440.416
323.948
217.468
279.087
216.308
209.08
424.034
359.778
663.442
427.506
268.866
390.99
283.283
328.137
647.708
480.066
592.431
453.329
283.319
269.58
268.388
337.086
577.567
496.971
842.477
493.964
212.509
244.672
210.138
423.788
829.769
579.532
663.698
373.657
244.679
296.3
233.087
412.208
673.796
432.079
848.477
540.442
349.889
395.721
334.779
500.34
837.544
611.287
746.708
483.002
404.608
531.266
297.572
399.836
733.6
529.487
410.502
304.681
331.289
445.493
303.59
218.61
393.387
331.241
436.081
363.762
335.735
298.293
433.766
478.526
465.475
348.822
418.838
281.117
293.907
329.836
330.724
489.012
451.491
292.036
708.744
541.231
283.403
279.667
342.57
453.603
680.81
607.746
856.335
506.302
292.385
201.996
226.58
400.192
832.241
589.645
503.707
357.626
205.346
126.046
198.297
265.539
489.018
394.458
556.669
323.007
191.788
177.288
271.939
565.452
594.749
343.704
645.219
263.554
174.054
198.079
159.218
351.618
657.265
328.018
756.311
319.39
228.123
176.55
217.175
552.356
787.677
369.247
423.712
286.881
180.772
171.151
146.229
240.83
420.437
311.192
604.008
413.307
173.702
118.43
130.626
304.027
585.765
467.443
556.129
306.312
200.367
275.448
341.91
323.771
543.405
360.457
433.796
333.247
200.039
172.998
187.426
303.012
427.506
362.073
604.266
323.986
155.407
110.608
158.897
384.121
618.607
376.648
383.338
216.483
262.495
287.596
386.779
448.452
408.861
233.361
413.51
385.525
335.694
508.505
352.185
286.374
397.02
408.485
881.612
468.289
136.86
194.13
178.476
445.302
874.749
565.223
645.168
409.831
223.408
153.17
247.567
425.813
639.264
460.693
775.136
616.537
362.907
272.149
222.184
398.528
738.57
674.02
389.944
314.122
397.783
241.672
330.609
457.391
422.265
311.132
446.492
290.892
208.13
213.995
276.07
462.78
478.649
308.799
593.79
364.22
282.727
377.615
336.566
488.367
625.758
387.317
452.548
339.359
345.348
535.508
392.206
349.806
453.245
355.759
804.486
496.922
257.927
479.008
308.952
463.052
804.146
567.326
799.852
410.188
248.125
201.802
229.08
359.728
785.556
488.715
610.57
352.817
223.81
212.747
172.173
346.774
620.84
398.997
403.139
249.062
287.55
302.162
321.342
400.45
425.667
261.291
766.796
446.345
243.621
334.303
264.813
515.251
786.943
512.74
791.769
337.496
133.845
85.512
135.355
446.796
813.271
404.523
564.639
286.787
194.437
179.616
140.065
333.455
571.809
338.436
418.149
298.264
155.71
92.3336
130.958
287.109
414.571
330.309
597.217
436.304
359.194
466.218
302.237
261.292
566.553
483.098
832.069
444.699
318.653
205.096
300.729
494.924
823.976
508.07
483.452
271.814
159.384
207.751
245.222
334.053
492.923
307.375
322.161
252.316
232.234
249.147
209.539
243.023
316.223
271.526
734.655
440.673
208.769
261.506
227.651
389.572
719.729
518.512
658.815
399.816
269.93
248.992
213.043
441.292
663.36
452.469
601.66
411.811
519.338
590.858
764.783
459.93
584.709
446.149
646.307
550.176
382.659
316.084
267.251
443.905
617.996
582.179
446.1
268.594
199.796
209.729
282.461
411.321
462.004
295.307
627.585
366.143
424.795
368.575
398.83
484.499
639.082
399.683
455.747
327.217
253.184
249.668
269.522
420.963
464.28
342.701
591.055
408.65
325.348
212.327
189.667
371.683
597.273
432.862
639.66
455.767
268.822
287.621
312.83
613.322
673.401
488.352
968.335
551.494
354.598
299.901
369.241
517.135
954.407
647.538
833.426
440.853
214.202
194.098
290.663
617.545
870.475
499.924
626.137
348.95
164.571
179.758
214.963
401.583
622.566
402.615
407.289
544.932
435.603
405.481
353.367
402.596
395.534
539.817
595.677
232.3
137.966
199.191
203.383
371.738
613.715
280.601
432.832
190.994
111.466
128.302
135.974
223.696
437.393
229.673
496.412
313.478
154.75
116.26
132.587
258.996
486.782
355.999
616.484
351.37
261.945
336.753
247.461
355.403
612.945
408.815
869.008
463.811
256.884
404.754
354.749
488.585
873.288
551.233
521.494
290.196
264.027
253.301
263.338
351.821
528.954
333.5
447.355
249.46
199.418
227.07
294.836
449.943
474.038
272.81
669.596
350.547
161.033
168.02
184.207
408.446
674.72
420.308
707.44
525.191
348.899
372.241
353.082
302.928
671.484
579.403
829.441
603.611
495.102
617.252
503.685
594.601
833.18
633.344
433.836
247.597
222.531
234.081
257.371
316.199
438.349
280.876
426.566
383.578
413.773
387.283
452.116
441.095
447.786
391.131
551.873
415.914
445.256
629.049
372.45
308.993
522.822
458.193
372.909
405.901
397.664
490.296
491.223
433.584
380.431
393.784
405.753
488.645
325.637
240.571
345.459
608.625
440.805
479.727
771.417
618.22
623.107
479.496
311.576
529.882
784.571
619.774
529.496
462.975
355.865
355.768
264.416
311.631
509.434
498.106
759.329
466.156
298.958
232.465
274.904
450.289
749.078
536.567
475.334
298.034
154.01
201.068
195.368
255.158
459.039
344.242
387.638
375.211
269.165
227.596
221.068
291.219
364.842
390.046
489.77
266.692
129.169
189.12
125.747
322.671
507.714
296.206
390.747
269.282
149.307
153.271
120.124
227.146
393.887
295.164
326.662
223.565
112.051
101.778
126.079
248.129
330.113
248.629
753.624
399.086
181.703
247.307
229.472
456.494
760.514
474.644
606.766
350.382
205.032
212.052
236.652
331.86
598.707
409.92
366.744
223.6
182.437
259.995
268.104
320.28
382.425
239.677
889.345
453.587
136.006
152.042
216.146
521.16
896.196
549.214
474.964
322.806
275.853
245.013
254.897
422.788
490.823
343.019
622.025
448.279
402.369
368.731
537.693
687.731
654.943
456.253
493.952
295.168
275.684
313.869
258.369
361.069
500.754
332.008
769.689
501.352
217.935
207.13
203.78
411.094
750.198
576.382
438.281
514.253
457.738
389.612
272.301
361.366
425.458
505.736
531.999
382.618
327.797
350.167
418.547
433.117
533.965
426.34
673.166
504.382
320.603
338.287
253.196
534.34
701.35
530.966
793.714
855.642
737.048
721.843
459.073
718.427
823.615
865.154
599.825
587.191
424.319
518.292
397.012
431.498
565.523
627.272
362.217
432.745
437.427
388.357
335.72
378.305
375.59
396.603
897.75
451.377
306.22
237.565
280.876
615.226
921.992
524.704
510.591
434.95
275.92
261.074
252.112
357.388
527.107
433.337
399.119
345.454
232.388
145.867
168.68
321.669
403.461
355.771
798.286
432.413
259.097
131.137
166.104
302.409
775.196
512.731
333.982
223.739
154.192
154.11
137.379
208.85
330.267
247.547
435.667
275.111
178.66
127.073
134.87
246.779
441.993
294.926
804.559
451.411
177.888
219.531
269.507
462.651
806.709
531.996
386.239
283.253
234.161
266.539
279.29
318.637
388.091
300.332
551.787
264.653
166.187
162.316
315.722
486.103
576.355
309.727
556.346
335.685
203.313
202.636
251.793
527.438
588.556
353.71
637.037
493.355
436.445
553.441
381.697
359.281
602.355
549.891
446.833
327.734
240.179
206.624
212.08
353.688
443.801
360.702
341.02
287.02
229.781
310.71
235.289
296.392
344.616
313.374
388.886
250.029
415.128
655.099
400.501
355.121
403.345
275.116
593.874
433.197
319.297
289.248
235.681
375.938
580.624
480.158
638.428
637.982
506.87
336.115
268.129
297.334
583.949
669.682
511.61
488.605
409.996
383.071
231.629
464.602
492.668
498.241
540.136
593.282
571.313
453.299
380.671
481.275
520.213
588.737
467.381
522.334
604.988
436.868
376.046
454.506
487.271
490.172
743.681
361.367
325.53
345.904
358.937
502.32
753.996
413.351
474.141
363.706
389.489
208.018
315.167
510.258
509.585
345.037
434.3
280.698
271.23
162.223
211.36
332.618
450.229
283.836
329.366
272.887
185.91
134.807
191.128
289.666
333.028
286.944
487.203
396.559
159.919
223.598
227.343
323.176
480.342
438.51
265.459
232.472
177.333
164.094
134.958
190.375
260.877
244.488
364.537
270.498
187.418
123.1
142.392
272.772
366.581
287.786
491.846
272.913
265.562
290.178
357.967
399.557
508.325
307.89
747.55
378.372
180.7
265.57
280.866
478.029
759.638
452.188
627.467
294.333
266.263
416.608
373.191
578.978
660.07
343.766
747.483
458.267
348.543
352.648
273.851
494.622
758.84
499.01
359.084
323.322
293.317
184.095
202.943
326.164
368.569
312.276
606.599
309.727
225.473
303.999
252.206
360.995
608.652
375.245
623.388
328.089
186.784
254.443
217.552
415.3
637.024
384.189
438.502
319.885
361.443
290.401
300.068
329.318
442.84
320.459
427.792
421.729
291.007
429.928
333.518
556.937
465.166
425.588
470.84
391.916
333.63
298.249
316.219
509.141
513.13
390.585
661.994
560.817
370.283
465.804
373.798
404.565
635.136
602.667
346.692
315.008
583.171
610.608
559.268
406.505
356.833
290.893
521.305
350.66
309.493
243.286
290.511
539.12
548.822
362.909
644.542
409.141
193.864
191.967
227.902
313.748
616.139
474.857
348.796
321.555
199.662
183.332
216.527
308.864
336.819
334.224
619.132
428.863
269.874
324.814
168.103
357.532
600.901
487.912
413.121
307.416
235.911
240.775
229.344
302.897
413.272
324.734
554.936
265.844
191.387
177.323
208.521
376.255
563.328
318.614
332.245
188.833
107.952
96.7916
159.174
290.069
343.046
218.275
359.445
263.374
136.434
128.821
118.804
234.814
361.798
284.403
727.002
353.509
300.159
253.37
297.599
574.995
758.434
405.05
593.651
285.582
148.282
137.651
225.934
497.936
615.737
337.555
593.783
455.522
428.097
375.962
282.882
526.341
631.397
455.805
514.62
366.738
418.257
421.032
345.53
412.235
518.949
398.986
576.187
323.138
188.369
246.299
230.58
410.2
588.435
364.508
472.773
359.593
188.691
120.77
240.99
506.338
503.865
371.533
438.669
286.126
352.857
339.767
286.638
430.088
462.412
297.608
475.596
358.526
191.795
292.557
338.894
434.148
490.219
389.854
438.057
314.813
319.393
324.426
348.063
402.833
438.357
338.299
350.747
396.881
437.987
398.79
434.757
488.447
374.103
386.288
487.311
314.18
254.702
307.591
274.795
374.726
495.557
349.223
624.62
533.347
304.241
250.709
338.898
646.267
644.547
548.73
706.389
493.18
198.868
183.509
216.937
357.439
675.457
563.564
582.956
344.713
286.394
265.929
262.857
371.293
580.403
385.471
661.869
298.222
208.671
260.333
335.169
435.759
669.111
353.799
465.756
352.035
363.52
437.063
274.496
434.839
480.47
371.635
474.291
443.895
238.194
258.471
253.329
262.376
438.149
477.728
331.57
238.955
188.468
161.533
116.589
237.287
333.688
249.787
370.551
288.229
153.776
101.027
101.778
184.167
351.622
317.925
325.77
273.103
175.329
169.085
162.861
236.581
318.677
290.897
532.342
334.172
269.487
262.652
300.747
491.994
573.819
368.08
666.523
329.096
213.382
275.562
308.048
547.712
691.797
383.51
423.036
291.68
216.629
232.873
269.246
391.009
443.137
323.596
408.441
265.663
164.524
278.209
278.039
435.513
425.39
295.435
625.662
304.513
247.578
216.805
257.404
490.089
650.663
351.111
624.907
290.832
181.755
227.51
289.896
401.73
630.995
349.401
512.992
268.783
209.85
282.277
296.46
414.805
527.197
308.506
546.801
375.65
420.275
540.645
439.578
578.144
588.716
392.396
506.386
277.953
275.066
361.951
424.367
491.321
528.632
309.526
636.317
344.595
221.056
235.41
260.188
544.917
666.766
392.771
493.846
431.438
322.657
362.459
370.883
532.435
529.961
433.441
482.645
401.417
568.458
502.136
350.246
420.367
498.004
399.519
494.798
282.585
195.667
273.668
200.403
306.161
504.211
318.874
460.484
390.585
292.732
299.069
307.025
467.2
487.171
428.938
389.891
381.471
364.471
287.095
218.487
179.103
362.341
399.701
391.81
237.982
320.538
330.925
246.987
244.166
402.198
248.548
464.417
343.544
198.011
275.982
284.543
241.528
436.883
388.587
293.579
218.834
172.568
189.319
221.639
278.389
296.102
242.712
252.54
214.303
226.553
277.48
178.447
232.679
261.24
219.307
335.017
226.992
148.613
126.261
143.686
275.132
341.657
246.711
