636.776
728.637
637.299
300.829
286.58
316.815
586.135
716.562
495.186
626.28
502.571
378.451
260.64
253.055
447.847
634.907
520.377
558.74
441.329
359.906
263.725
337.898
486.298
572.969
491.833
925.798
920.072
492.138
404.288
487.362
446.004
850.838
541.674
750.433
768.352
512.155
466.607
344.135
487.997
734.824
254.026
451.528
615.481
687.185
443.877
264.527
238.442
408.891
195.382
371.65
778.047
964.586
440.806
176.868
179.349
324.075
292.597
427.07
606.146
659.25
485.208
272.648
286.158
404.922
189.755
235.024
476.509
697.322
505.166
193.203
183.863
211.479
186.234
177.554
511.814
1055.45
691.078
269.393
190.318
171.682
184.02
212.547
304.801
471.552
375.759
239.732
185.882
210.992
224.034
269.061
336.396
633.694
701.177
509.645
235.217
255.829
356.468
263.193
349.548
602.835
628.909
414.712
369.243
266.354
276.282
227.475
261.219
547.794
750.174
571.124
306.142
219.566
366.568
304.152
266.245
373.321
440.209
446.842
391.189
315.791
424.491
262.8
255.202
369.87
622.528
651.9
450.854
271.701
515.444
376.693
282.874
380.446
381.77
629.401
554.158
379.627
327.842
234.136
310.653
470.695
408.21
406.393
325.172
249.314
406.162
213.526
182.656
172.565
253.193
428.501
434.894
233.325
257.883
244.039
177.563
157.543
127.578
247.09
256.666
251.073
565.985
757.888
655.466
518.989
317.629
385.868
519.934
749.744
456.118
435.325
463.278
401.163
257.855
396.01
451.199
435.425
642.183
897.324
693.255
373.951
333.892
505.127
582.535
885.529
659.853
983.152
740.906
472.562
328.141
445.672
586.378
968.794
345.025
601.843
723.893
568.279
446.628
301.735
313.615
549.781
467.24
692.177
650.78
429.132
422.357
360.791
423.039
672.549
281.18
351.063
403.959
473.247
466.212
251.064
259.635
340.577
272.457
523.884
844.153
884.435
394.806
218.724
255.849
458.366
294.057
270.55
582.356
1043.86
497.055
237.917
295.057
249.598
315.85
221.109
429.99
788.956
528.64
265.817
317.315
229.295
294.147
295.463
330.324
548.973
603.701
364.27
292.726
284.496
253.342
359.972
603.861
539.06
603.674
460.168
259.987
313.752
301.845
237.655
303.047
361.679
486.161
374.812
315.534
233.191
356.074
357.747
342.611
277.758
492.51
620.769
394.119
338.085
540.44
234.563
191.467
224.14
315.086
406.846
545.372
280.355
438.19
286.442
233.82
256.844
430.546
656.516
492.15
294.479
402.862
351.631
207.015
180.053
326.59
472.659
426.47
370.39
379.511
340.095
198.094
275.485
292.785
340.122
359.32
376.927
599.249
247.202
149.35
194.834
274.25
268.905
596.602
318.95
422.397
253.473
203.311
251.153
242.42
439.868
458.288
282.75
657.981
855.982
519.412
227.168
268.27
406.056
588.52
866.49
727.187
813.235
423.496
381.812
291.932
367.378
652.028
856.576
516.343
716.849
437.263
276.934
219.683
320.728
461.416
709.855
620.038
611.068
353.709
249.312
256.56
345.058
576.762
639.89
418.731
550.133
594.22
541.722
462.896
393.954
390.843
523.974
457.762
585.594
445.765
387.55
310.098
506.193
478.36
580.131
391.578
448.752
436.549
271.661
272.229
295.604
363.675
434.988
183.277
256.973
325.2
399.426
402.836
274.966
173.717
243.456
188.502
418.307
812.965
1034.77
502.626
238.585
182.231
358.106
226.482
314.953
345.718
745.326
529.027
337.389
217.004
301.028
346.155
316.975
408.152
832.616
672.421
361.819
346.556
321.315
211.414
229.465
537.28
732.11
462.186
293.633
214.749
215.863
360.958
330.024
396.887
432.599
720.444
666.589
361.989
332.991
464.6
479.274
252.45
243.389
344.478
533.688
485.496
474.251
612.095
469.377
406.244
451.937
524.868
730.133
661.468
483.709
505.829
380.948
276.914
263.959
499.524
690.346
556.568
397.897
564.691
302.451
243.593
224.793
436.737
585.223
587.719
332.877
463.664
327.285
245.121
290.92
433.585
559.92
498.145
345.112
517.766
350.096
287.187
293.742
322.437
444.451
536.03
350.421
776.147
338.597
163.548
158.167
171.246
361.576
778.808
417.112
947.351
1010.42
534.371
290.495
244.538
418.856
857.014
1054.63
656.203
659.199
373.223
319.682
312.004
369.668
610.309
706.662
486.797
728.037
464.748
255.854
171.157
294.11
432.733
714.069
558.255
520.403
327.136
190.928
144.889
235.497
516.356
555.665
535.817
712.893
478.685
310.53
229.873
301.084
479.653
712.612
500.374
489.491
575.699
421.745
341.959
315.987
495.622
476.208
158.356
227.202
560.443
783.711
443.218
216.438
156.041
203.096
485.561
518.806
426.245
439.024
304.163
277.622
467.345
527.441
254.993
330.563
376.908
529.412
375.805
238.798
237.128
322.121
175.54
265.791
462.168
665.437
517.02
265.792
174.786
242.693
207.449
204.052
387.696
547.497
489
215.428
210.295
185.63
282.675
260.109
390.366
406.727
526.38
444.9
309.661
246.398
292.835
249.076
384.555
524.381
549.847
549.052
315.987
248.508
349.994
356.11
442.772
442.661
378.122
410.282
354.092
358.306
547.759
352.095
241.982
390.278
449.657
650.295
586.462
377.79
627.768
440.126
257.694
294.251
486.853
741.043
681.029
451.877
442.866
305.071
315.452
355.312
372.238
544.422
475.813
299.034
632.565
303.706
258.191
212.866
330.265
580.658
673.012
345.652
453.52
262.371
295.436
209.728
336.322
525.224
487.655
262.467
259.709
200.324
187.613
246.566
240.099
291.918
275.128
206.665
898.44
1005.58
651.074
308.881
289.313
533.409
830.849
1022.55
894.303
861.397
460.423
393.101
278.002
384.381
814.606
933.195
432.709
513.221
520.649
384.972
254.705
408.495
430.044
510.758
518.624
420.791
521.085
430.362
369.629
289.365
491.837
446.456
602.021
442.244
413.33
540.85
313.126
285.589
585.939
479.147
485.89
449.706
240.131
199.175
218.531
258.538
458.151
477.809
413.968
413.258
429.482
351.139
214.621
267.024
415.823
400.51
399.865
546.671
479.855
381.454
308.903
414.125
387.524
539.582
518.06
519.99
655.671
710.057
339.197
261.174
502.171
510.706
402.565
264.233
398.199
770.268
578.26
465.433
435.584
268.566
586.92
363.563
306.4
325.8
322.806
418.972
594.109
407.561
535.594
568.803
468.852
319.148
447.02
509.042
520.928
572.988
431.118
363.25
354.352
463.695
368.773
409.367
439.863
386.296
432.248
253.476
275.048
371.409
363.302
418.563
440.566
282.915
644.314
341.259
210.339
431.036
468.768
484.623
647.557
405.185
636.047
414.081
232.079
234.636
412.924
813.983
704.761
428.096
613.619
419.356
234.725
268.087
441.373
789.808
671.766
435.807
690.938
356.139
271.539
344.275
289.237
556.516
729.887
393.95
552.551
259.227
191.555
238.846
371.738
496.684
573.788
307.563
415.268
356.553
225.314
178.211
187.662
349.403
416.009
379.101
831.886
797.697
488.913
252.027
300.398
377.436
766.225
848.918
804.995
726.15
416.559
289.299
251.867
341.375
746.606
787.723
1050.96
948.441
382.119
184.4
154.753
397.031
955.25
1045.57
697.84
570.371
329.789
283.964
282.929
327.092
650.98
636.61
547.072
690.889
511.193
369.013
262.998
332.483
499.868
699.946
518.666
516.458
373.268
394.267
273.383
394.876
489.593
530.72
391.369
500.864
430.221
371.788
242.61
288.172
357.612
499.297
401.843
370.748
560.494
603.594
405.554
316.564
413.898
369.339
497.19
466.47
428.381
398.729
233.459
305.756
473.753
491.627
405.775
344.622
571.879
743.001
421.192
232.075
390.052
350.409
405.293
328.912
265.23
515.247
472.648
446.872
413.381
354.644
464.535
408.968
455.714
414.469
442.642
487.523
479.648
415.714
259.886
248.376
431.849
544.314
516.055
320.966
254.402
229.299
614.141
453.329
430.098
525.699
436.738
596.216
656.553
496.783
574.83
289.667
226.523
217.552
342.898
575.686
610.514
322.072
487.57
293.48
383.009
330.825
330.038
425.862
504.594
319.696
434.292
371.201
208.745
154.191
206.426
424.765
456.668
371.165
413.181
287.685
255.309
291.401
408.104
529.49
443.362
309.328
685.297
299.268
165.655
245.732
300.578
655.259
746.448
351.273
635.608
483.361
219.741
254.987
280.502
534.52
679.412
511.311
1095.01
1020.58
508.756
233.769
173.538
432.881
1009.32
1083.94
498.697
469.141
277.969
203.585
217.456
317.928
468.097
500.445
493.618
324.156
148.543
177.062
131.024
318.272
503.948
363.873
875.082
579.398
370.721
435.64
337.175
424.72
846.209
663.893
759.081
557
333.402
393.062
352.468
286.489
706.755
630.657
727.822
755.441
362.293
247.511
266.159
315.592
664.223
810.27
565.846
545.77
254.999
294.542
258.879
318.543
519.895
596.442
784.586
448.601
277.087
248.59
175.355
269.267
751.982
525.852
410.555
279.267
260.523
255.057
193.636
269.284
413.381
304.316
660.601
507.848
295.696
430.269
315.851
305.337
625.751
569.334
553.791
496.21
289.746
357.882
486.466
486.254
565.232
512.19
791.313
482.622
319.46
439.225
355.698
761.514
854.511
530.691
535.749
465.795
426.263
493.45
355.33
473.569
561.722
477.141
561.532
469.899
303.509
377.229
237.512
350.8
538.3
516.372
572.865
519.313
388.323
498.848
472.447
392.065
548.893
549.257
789.606
334.226
272.399
326.898
447.003
607.592
811.728
413.635
575.716
465.046
338.935
404.75
472.354
611.424
594.577
509.965
402.59
252.999
245.665
258.845
320.985
435.073
416.571
270.67
603.406
417.078
267.907
187.24
351.918
658.028
642.29
431.358
794.215
480.083
198.139
148.384
216.027
633.953
838.199
532.341
1284.65
1165.97
552.855
213.817
310.74
529.004
1177.7
1245.75
1175.84
1190.97
708.989
390.54
319.654
483.392
1064.7
1265.71
773.636
502.187
272.882
345.184
230.717
311.062
737.344
586.45
616.678
615.086
427.952
435.254
280.62
266.075
567.953
641.11
659.974
566.017
440.628
374.98
331.304
401.694
636.141
600.109
493.511
547.285
449.078
450.728
334.953
221.628
447.833
558.569
488.792
436.339
277.988
408.102
377.984
283.478
455.996
470.451
468.958
382.582
492.434
512.042
364.207
303.081
452.476
414.188
327.331
277.296
343.122
494.2
285.861
263.818
332.741
301.051
551.448
286.432
397.975
509.93
381.772
422.281
582.964
313.367
587.094
364.739
405.556
658.608
534.154
523.086
629.193
389.037
603.53
448.014
414.373
675.203
394.615
411.411
629.895
487.295
410.233
279.801
254.165
346.801
266.577
363.618
418.731
303.799
850.588
544.049
276.096
486.746
523.817
533.527
841.659
609.786
611.365
363.136
252.565
212.738
283.838
471.284
631.896
396.694
639.06
457.389
380.832
368.879
465.952
695.38
660.189
492.833
528.154
497.713
403.87
437.17
472.575
473.574
517.161
506.959
714.576
323.617
175.381
180.04
238.873
505.454
738.018
395.458
669.885
287.355
152.458
232.931
275.625
526.144
693.199
348.328
379.049
264.758
174.481
224.877
309.585
497.048
422.23
270.358
1140.65
751.433
260.876
244.2
193.966
513.347
1103.63
864.856
1242.92
1037.93
388.254
214.753
229.885
428.162
1137.47
1158.22
1146.64
654.039
270.916
316.353
168.497
342.424
1088.89
784.781
1120.49
672.381
340.107
371.918
306.871
555.718
1099.75
780.925
1067.74
671.795
376.026
382.636
245.102
514.767
1042.67
776.761
777.762
418.251
182.893
325.933
293.122
413.826
772.356
497.618
859.493
422.558
303.759
389.829
334.086
407.351
849.907
504.501
436.641
325.972
372.259
467.359
357.837
345.844
444.973
340.168
794.727
491.115
327.705
306.038
310.766
410.351
776.667
571.465
735.927
477.781
406.748
571.613
388.54
467.235
719.866
544.214
479.786
463.71
434.119
542.425
448.528
577.216
512.759
456.617
467.342
325.723
241.901
358.385
374.213
493.248
494.908
342.533
654.974
400.514
480.552
540.738
399.738
570.629
705.63
417.44
783.167
408.994
305.146
345.343
355.196
583.492
812.056
454.562
829.605
550.957
306.032
261.216
286.918
543.154
819.179
616.99
635.367
603.684
376.61
637.872
618.615
594.72
606.087
649.56
587.416
353.336
271.446
286.287
414.672
648.164
640.807
389.195
384.375
323.405
193.565
213.218
168.185
267.454
385.116
329.229
703.836
354.147
196.817
178.28
224.507
468.606
725.32
399.369
552.193
330.748
170.564
172.213
242.451
556.623
594.021
342.441
1119.63
643.324
258.99
182.409
240.502
492.161
1081.31
748.096
863.974
563.527
343.92
291.65
299.192
374.25
826.754
642.898
1131.39
597.116
271.445
305.002
254.078
500.043
1119.24
710.917
1025.38
822.725
495.112
602.459
302.185
453.764
970.966
902.826
844.762
512.453
376.735
519.75
310.074
464.76
851.507
579.431
780.736
556.408
234.367
461.907
398.091
379.303
741.931
637.884
565.788
429.005
446.784
588.31
332.303
352.413
569.971
446.194
644.824
421.017
402.073
508.513
444.238
448.532
661.161
438.012
806.211
484.31
287.568
277.187
249.065
426.249
800.74
551.782
438.055
347.74
479.986
567.712
439.581
337.941
438.357
365.369
665.291
427.789
287.249
366.547
326.995
405.887
678.195
472.377
589.371
299.422
364.953
334.774
375.068
477.139
604.543
339.74
544.371
308.841
262.214
360.141
342.053
443.559
565.948
346.665
422.423
282.307
228.035
390.911
418.552
409.748
439.718
300.7
663.22
488.853
425.812
649.577
530.023
621.489
662.335
530.63
1231.36
511.928
357.675
274.986
391.564
920.043
1270.04
627.402
838.297
392.318
323.594
300.92
313.431
590.966
868.08
472.182
743.83
391.179
162.378
277.263
294.421
638.592
794.284
455.083
646.783
306.555
132.042
129.855
228.391
511.738
679.6
364.94
1078.6
428.639
173.682
178.622
250.082
520.885
1082.57
557.958
656.047
362.028
165.838
142.21
159.985
364.351
667.672
420.003
814.345
521.302
305.418
277.028
263.629
394.804
796.261
590.229
835.094
700.58
429.96
358.332
251.85
401.322
804.777
741.799
1363.05
871.742
256.536
180.251
220.271
602.035
1321.75
1013.67
1034.54
519.585
201.857
349.443
389.755
727.819
1058.59
622.403
681.531
449.045
305.449
433.706
361.769
387.761
673.52
509.034
670.988
307.152
232.763
273.51
246.279
502.28
693.757
360.813
837.443
473.64
292.179
254.55
254.417
478.237
836.746
555.192
604.53
321.999
228.236
205.67
253.126
530.141
634.497
360.083
515.203
506.56
481.939
347.104
334.203
288.71
471.977
511.95
460.292
304.622
373.156
461.085
375.701
454.523
477.53
329.286
757.903
433.262
220.76
339.037
362.099
550.833
769.771
504.507
883.887
461.33
441.081
384.958
434.707
635.892
904.453
518.061
747.027
466.777
331.09
479.84
310.377
388.512
730.086
537.254
969.171
452.641
244.849
298.448
374.161
770.053
1006.41
531.466
1106.32
497.952
220.716
237.113
399.459
813.509
1151.99
614.04
665.384
413.128
205.462
248.063
329.13
466.819
672.006
452.717
895.495
459.367
324.505
329.785
363.834
638.023
906.449
551.157
720.016
389.46
191.434
234.299
316.128
495.295
724.546
454.963
664.592
363.156
218.757
311.197
325.38
283.916
646.784
431.305
987.406
522.334
213.869
132.148
241.2
511.087
975.192
618.335
985.871
693.671
339.531
268.072
255.09
386.109
940.456
782.802
1160.34
636.919
246.378
244.817
235.904
621.516
1154.68
758.157
1158.49
695.785
221.504
243.224
299.07
569.591
1137.37
817.116
901.204
615.456
320.909
360.385
357.856
496.302
876.572
688.588
497.32
413.379
257.396
319.983
308.857
410.984
489.489
446.361
852.5
446.369
228.586
200.609
285.944
558.46
867.44
528.572
511.586
291.035
240.444
284.64
313.078
434.805
524.192
321.72
894.482
462.107
310.706
253.549
247.327
576.25
914.43
530.475
397.39
247.385
164.629
194.988
238.571
339.642
403.459
274.843
543.718
383.077
271.733
375.564
344.124
454.109
546.326
403.687
680.432
633.081
471.218
471.204
252.764
307.069
618.887
690.66
565.678
448.101
328.632
378.601
436.243
647.624
612.193
466.683
1041.74
470.092
324.228
318.193
523.638
904.587
1099.19
554.257
579.867
376.78
352.576
413.078
502.64
749.062
632.2
398.751
698.841
421.084
581.091
612.681
735.439
590.244
708.409
454.788
913.017
523.187
371.566
335.227
303.418
481.858
899.382
606.395
1249.5
612.66
287.274
243.241
340.63
952.242
1315.03
718.529
702.328
447.595
189.499
196.017
212.922
604.235
756.998
489.915
687.7
379.408
276.592
289.891
270.239
566.867
701.216
423.344
1086.59
516.772
191.195
132.424
200.039
522.036
1064.09
638.178
887.022
370.905
136.947
187.856
293.253
433.091
872.271
469.622
866.618
564.405
245.39
177.549
186.269
398.432
843.109
643.784
787.167
496.703
195.185
279.994
208.14
373.967
761.706
582.605
477.853
342.432
222.035
237.78
348.002
405.021
478.118
363.208
903.732
461.556
345.594
367.816
365.449
632.86
926.965
536.179
505.725
273.492
211.702
243.653
309.724
469.204
531.252
309.837
713.821
528.321
471.203
607.007
328.121
398.303
692.146
573.048
448.586
366.013
292.243
419.46
377.369
396.283
465.564
366.031
615.021
342.513
304.204
328.69
272.593
375.106
612.136
392.521
466.627
370.711
302.023
375.399
301.404
318.268
445.139
403.393
620.028
361.516
206.025
285.078
287.424
507.476
653.995
392.86
731.803
412.359
342.424
257.7
426.245
791.685
774.328
441.326
654.775
389.051
259.168
373.178
338.967
456.159
650.38
452.817
1216.64
764.947
315.491
286.844
267.18
569.194
1183.07
886.756
830.227
374.406
202.091
269.854
433.507
700.218
864.341
450.038
848.829
544.138
350.49
382.23
416.796
796.93
895.756
584.586
1058.8
579.692
213.006
299.412
378.629
900.627
1128.82
655.841
569.317
231.836
198.64
187.185
249.662
474.307
604.271
277.392
490.207
389.244
188.381
209.108
234.011
482.92
518.435
431.688
739.395
342.906
169.5
161.63
180.632
402.598
742.268
404.492
642.747
402.634
211.69
179.7
196.528
374.32
644.021
453.768
997.876
624.95
379.637
343.395
284.874
511.39
980.11
716.276
587.108
339.348
219.273
232.444
338.948
480.028
601.986
380.216
917.159
480.254
214.677
210.992
219.261
530.257
919.472
576.497
433.876
331.648
236.554
292.55
317.659
468.633
460.579
342.045
895.136
493.507
265.73
253.946
224.187
482.791
892.556
584.005
639.416
389.958
243.366
233.29
238.943
461.867
654.278
430.195
629.038
450.881
325.391
338.272
299.249
354.623
611.467
495.224
717.57
430.723
250.216
338.167
376.672
420.975
720.577
486.677
422.09
273.263
311.62
520.25
383.181
381.935
433.883
301.966
792.233
367.897
256.785
395.088
374.275
573.383
813.144
449.443
776.276
294.894
371.265
421.567
488.008
529.04
794.062
371.01
769.563
594.535
468.087
293.997
460.173
673.843
783.607
605.795
1111.6
611.9
436.476
346.504
325.873
709.053
1136.29
683.74
1005.88
435.494
378.58
398.15
485.89
758.89
1049.89
529.673
795.719
581.011
298.578
406.413
386.205
556.935
784.966
649.169
860.72
651.996
477.307
316.524
395.057
607.966
859.619
667.727
523.053
426.039
268.453
317.523
263.795
317.732
511.412
465.15
624.911
316.545
262.951
250.008
266.284
416.405
630.985
378.361
732.078
352.295
145.05
197.304
222.18
337.469
728.336
429.241
691.312
355.47
170.735
127.63
202.792
497.414
714.232
407.67
790.797
358.929
156.281
215.574
323.238
669.002
828.714
427.275
955.241
439.606
178.369
208.474
244.175
630.197
994.165
524.737
899.695
388.937
202.761
243.182
404.742
710.125
928.22
480.755
745.147
437.583
256.192
240.163
330.236
570.049
752.544
489.971
575.24
416.325
242.156
352.08
410.211
614.996
605.182
439.426
713.25
359.178
215.709
318.289
314.638
493.558
721.949
429.458
597.628
381.224
229.526
206.306
204.474
354.502
590.201
432.439
694.15
311.207
157.739
227.057
244.99
483.424
705.382
382.966
482.522
318.907
220.413
230.17
281.222
478.45
506.253
358.819
665.445
357.765
213.229
389.879
428.396
588.121
686.293
407.352
766.528
522.034
307.342
326.449
308.055
625.908
780.767
563.884
496.048
353.066
338.549
452.647
478.542
415.805
492.698
386.946
807.56
473.753
293.201
263.681
456.082
622.333
807.582
539.616
770.978
593.971
261.25
200.004
252.45
462.783
745.375
648.273
1084.05
655.912
292.617
237.722
293.899
557.634
1065.11
767.37
536.479
490.875
283.655
272.579
344.877
521.326
545.699
522.142
788.846
381.73
227.461
345.573
299.469
618.483
815.565
431.064
580.802
466.715
343.519
265.342
297.53
534.199
609.821
470.789
630.621
367.185
184.155
179.833
195.199
359.361
624.669
418.992
952.381
467.235
201.254
252.276
255.156
603.874
971.508
564.781
1035.18
494.068
248.31
228.772
275.613
664.066
1064.08
585.713
554.827
354.261
199.393
184.52
276.233
516.558
594.195
376.164
842.656
428.003
230.971
269.587
355.908
595.29
857.56
509.993
594.21
309.463
226.403
184.469
244.627
447.367
628.617
335.354
811.726
371.477
285.196
309.716
336.403
603.503
840.134
450.891
577.466
326.058
206.831
137.347
269.961
550.959
610.147
358.045
810.424
448.174
249.486
239.936
307.382
496.799
809.518
529.427
643.672
331.842
226.798
220.365
346.665
552.595
675.339
376.328
500.795
310.049
263.258
380.677
378.171
525.12
532.228
335.898
498.726
384.265
309.228
320.455
439.405
463.046
496.348
415.101
727.847
324.11
222.953
287.795
294.226
573.966
763.687
394.355
858.175
462.825
371.049
336.46
378.395
630.25
884.845
525.819
679.64
667.419
550.784
374.201
353.895
422.324
643.73
699.026
654.332
508.584
241.248
311.712
347.77
454.06
630.59
569.776
873.774
424.348
290.619
372.164
382.29
702.58
899.856
498.923
751.105
644.596
228.733
295.961
351.423
630.676
735.312
717.127
489.432
350.602
340.354
398.779
387.216
418.812
498.552
368.454
914.136
568.379
251.336
277.167
270.559
520.53
902.682
659.263
847.364
440.687
210.83
375.999
255.317
460.969
849.428
526.099
980.901
455.948
282.158
317.237
352.982
650.812
1002.75
537.018
838.111
444.512
280.414
302.936
311.086
605.146
853.299
516.899
424.806
333.28
207.909
232.808
240.309
380.336
432.903
349.931
465.54
270.134
200.156
243.222
381.939
503.6
491.595
302.661
887.97
460.764
241.784
256.46
278.575
575.489
906.754
544.316
638.986
385.205
299.789
281.79
319.474
500.367
657.703
425.073
898.45
434.21
246.318
313.509
300.468
547.667
909.744
533.071
533.434
388.678
184.921
202.779
358.98
604.058
576.596
404.564
687.071
336.226
247.186
325.684
332.78
510.392
708.425
396.781
564.957
363.648
225.085
308.656
383.637
517.435
587.885
398.251
644.302
459.374
358.63
267.136
303.314
598.442
675.196
467.054
717.471
392.975
310.94
355.172
392.258
640.634
751.838
447.663
900.69
496.585
320.862
360.684
362.598
555.378
907.596
582.201
497.521
343.525
383.335
388.379
469.737
396.32
508.768
366.981
428.75
455.151
241.726
209.915
240.415
441.492
428.246
471.428
548.356
457.138
386.971
329.347
420.06
477.503
539.353
459.782
453.061
409.075
278.46
333.344
467.264
499.694
466.212
410.994
487.562
402.647
322.558
370.347
430.329
525.027
499.379
437.592
393.045
415.565
271.314
294.76
394.788
368.408
384.12
416.469
812.443
455.218
273.109
208.845
285.588
536.098
827.975
527.139
1062.12
516.849
242.225
191.768
402.312
901.904
1117.58
593.901
800.542
377.033
159.643
253.984
346.398
621.588
829.839
450.474
559.787
264.258
272.958
279.304
343.901
486.784
592.43
303.721
655.415
309.883
245.093
260.507
379.232
621.365
690.994
348.179
828.473
380.12
184.51
220.059
368.759
735.975
869.361
448.769
815.617
341.616
279.09
313.009
367.175
660.308
850.598
410.999
527.325
358.518
293.547
249.876
251.296
251.943
517.146
388.98
516.125
371.933
260.184
176.84
320.874
560.615
549.103
382.528
353.16
182.678
287.546
302.549
361.227
412.572
386.129
197.07
476.279
271.502
271.04
468.392
435.392
635.976
524.284
295.016
628.854
345.341
200.94
223.71
339.166
560.986
654.199
393.353
445.174
298.236
240.857
321.98
323.158
439.164
468.284
311.469
470.535
344.01
361.937
409.828
425.963
542.432
495.852
351.842
725.408
421.912
233.364
332.14
348.592
408.017
715.783
482.3
537.168
551.93
430.828
329.18
369.531
450.558
508.89
563.581
606.59
462.497
276.231
371.4
523.883
621.95
629.713
492.468
707.261
440.08
251.754
217.742
350.973
488.295
704.672
490.305
475.161
518.364
348.73
281.65
258.757
436.548
483.798
518.895
646.653
474.064
236.61
255.217
424.446
679.001
684.301
519.397
873.4
379.845
190.43
148.085
353.328
752.42
925.813
452.669
588.692
321.351
228.386
397.426
325.331
455.458
595.751
375.831
652.908
280.253
219.648
352.291
295.185
485.121
670.222
337.113
427.949
269.161
211.065
235.388
331.007
410.646
451.573
280.651
326.674
240.09
208.723
340.421
465.848
386.267
345.766
250.367
535.879
394.967
217.766
259.889
290.719
449.954
537.599
427.122
436.12
272.67
220.117
273.709
268.664
359.884
444.95
306.563
351.835
221.766
203.573
390.236
304.003
389.723
374.835
241.404
638.96
339.379
227.279
362.473
405.352
568.686
658.531
399.343
480.86
242.323
243.028
275.415
364.297
467.941
502.422
272.798
475.917
426.51
293.524
356.554
529.527
572.039
485.708
457.516
295.963
249.829
388.47
526.43
350.599
219.124
285.803
255.856
486.325
378.056
178.478
204.681
381.092
602.911
524.108
404.697
361.085
210.807
219.221
383.756
364.936
418.797
382.138
233.925
343.773
308.734
434.254
379.442
509.612
560.701
365.693
300.922
360.727
201.007
344.171
493.907
519.807
487.989
392.28
209.944
422.974
494.17
378.14
372.331
268.47
369.479
419.008
488.909
768.48
537.464
333.479
423.418
474.128
438.935
743.878
591.236
555.957
465.777
312.417
332.193
456.381
602.169
548.342
469.859
567.154
389.359
251.286
230.872
288.785
352.715
548.326
443.869
522.657
284.979
234.306
262.317
306.982
526.866
560.815
319.7
389.47
193.062
202.433
283.69
416.314
481.508
427.039
208.064
436.125
359.397
235.128
395.871
508.535
497.877
459.889
369.536
505.436
259.65
247.337
273.032
383.77
570.642
552.129
282.436
427.561
314.1
199.773
260.854
437.842
662.563
483.788
319.589
303.9
221.386
260.486
428.551
283.689
227.048
303.282
239.671
433.596
231.527
188.869
258.652
411.518
518.27
461.69
253.002
504.638
405.659
291.329
298.01
261.644
412.823
507.566
415.847
459.182
225.281
171.724
249.607
357.462
437.22
483.756
258.389
288.592
288.711
274.963
257.454
397.417
468.861
307.48
291.083
392.884
303.584
290.057
372.424
479.147
379.633
388.364
328.951
419.423
278.42
301.042
400.897
629.285
623.556
457.548
290.215
398.703
288.491
228.82
439.175
343.964
331.408
396.587
316.313
345.883
267.004
295.955
481.244
422.761
345.453
339.567
285.957
532.232
413.145
404.66
387.547
484.422
625.531
563.9
428.409
796.206
527.143
283.291
246.241
331.659
454.278
771.702
598.524
408.986
408.378
289.22
245.615
267.178
295.645
386.217
431.994
570.34
379.446
392.182
363.223
373.653
328.49
549.413
402.689
376.948
494.631
451.12
339.539
281.409
281.465
361.939
476.481
513.85
356.451
268.785
333.782
272.923
371.448
517.467
388.928
