253.4
477.767
616.279
394.987
294.177
260.505
225.12
427.458
336.415
542.904
633.91
541.213
417.239
300.348
305.197
514.762
218.958
457.935
518.261
364.4
240.928
221.388
202.201
412.794
317.855
556.467
724.325
550.999
335.048
304.05
317.215
509.126
229.798
368.051
542.25
514.456
275.333
167.274
206.017
341.822
191.441
354.008
574.589
670.776
323.81
152.858
179.677
317.905
139.75
313.4
526.702
538.541
267.655
140.176
124.919
276.362
220.567
215.803
493.196
656.083
291.02
164.735
212.089
208.963
181.018
142.798
411.458
771.431
477.696
152.014
179.66
145.288
111.145
111.418
371.977
709.503
431.179
136.326
112.068
101.058
124.145
177.914
272.668
589.33
423.913
177.885
125.216
169.103
112.027
102.787
257.425
712.021
467.801
159.097
116.582
98.5798
185.942
190.919
439.822
767.328
537.158
266.027
189.472
176.938
269.597
151.433
256.289
362.011
368.765
340.836
289.056
162.376
362.274
329.565
228.789
341.109
413.433
471.603
390.897
337.09
271.541
188.064
213.881
221.292
389.708
451.81
304.827
178.104
306.396
220.508
240.844
232.619
231.06
245.64
305.586
236.042
227.966
271.534
181.295
125.898
185.807
288.053
243.707
262.337
256.216
213.956
152.17
122.258
110.483
158.082
248.87
224.169
364.429
281.65
170.16
155.516
123.634
192.598
351.983
307.886
405.214
567.991
577.945
423.491
278.068
304.211
374.291
551.35
316.49
469.593
490.954
353.964
207.044
239.005
285.581
446.793
475.355
628.143
567.214
350.818
229.425
291.423
435.106
620.272
320.077
550.94
649.745
476.24
365.416
264.938
283.884
512.893
318.915
379.197
474.752
436.98
351.976
203.341
294.755
374.4
315.16
448.611
632.415
532.451
344.701
256.855
299.042
415.484
222.971
336.012
478.615
536.267
274.59
161.836
200.916
317.698
214.475
241.21
556.306
732.427
317.927
178.886
211.32
208.735
127.818
160.725
426.441
789.8
514.134
165
124.624
148.434
116.824
118.741
410.003
811.05
472.601
159.292
124.587
104.015
148.453
139.503
398.732
754.12
496.186
150.671
143.402
136.771
167.486
116.539
264.21
526.519
562.387
269.607
170.967
108.327
261.309
194.915
287.841
468.053
382.032
267.753
266.621
197.686
323.065
291.172
277.707
540.484
658.763
510.182
343.629
301.065
285.267
216.172
256.587
294.703
266.814
247.569
286.495
230.201
299.336
220.332
210.029
250.528
421.936
470.257
332.797
222.741
344.373
187.333
196.056
182.147
260.407
382.351
367.014
199.703
196.732
186.032
215.726
174.715
208.335
247.662
193.707
185.59
311.552
184.214
114.673
142.968
150.181
256.765
317.639
207.38
230.51
189.224
123.436
135.08
138.22
150.269
224.361
204.066
385.41
482.922
403.739
303.664
250.737
244.804
350.993
483.614
329.711
485.975
524.896
374.645
338.398
303.695
316.706
459.872
354.063
535.878
468.756
315.391
238.74
241.737
321.216
518.089
241.167
333.622
429.085
455.128
378.335
269.061
237.889
305.888
357.875
564.393
618.711
459.344
232.915
217.327
318.594
532.889
247.133
401.847
649.184
571.092
315.725
204.578
237.333
363.379
209.686
262.162
414.483
517.038
308.149
186.771
198.344
248.887
219.788
259.074
498.309
705.818
395.387
170.788
208.032
240.202
269.17
221.94
490.664
664.69
314.888
197.647
261.66
221.469
223.322
163.4
383.9
764.876
538.792
194.736
227.825
163.136
126.822
109.283
236.918
568.828
476.136
232.693
131.871
104.34
173.287
149.218
263.687
535.79
385.082
241.761
185.719
155.154
242.229
210.496
284.455
451.216
486.321
322.916
257.807
215.242
382.525
328.981
272.696
336.743
523.645
474.82
381.738
338.093
401.371
272.289
212.32
318.025
389.384
382.03
406.936
292.733
311.411
217.032
265.369
350.812
512.537
410.296
326.154
225.603
429.96
236.095
194.002
170.44
348.638
526.413
473.606
239.526
400.578
255.812
149.404
136.626
153.742
390.642
435.449
285.859
257.085
207.905
121.406
85.0266
108.978
182.038
254.881
220.572
273.102
286.022
174.53
126.82
146.552
186.564
265.405
292.022
331.367
508.747
556.158
421.742
344.21
235.669
295.541
491.534
207.831
258.089
295.89
259.292
175.497
157.965
202.705
239.735
423.083
510.292
469.815
352.927
301.069
417.133
413.705
512.48
351.096
576.543
585.302
358.269
216.461
212.605
311.929
544.91
321.064
610.681
641.295
405.792
271.716
275.391
280.079
561.517
298.348
417.916
448.292
388.407
264.451
278.834
280.762
393.941
363.068
384.368
535.321
564.352
285.453
276.214
349.535
374.688
240.364
259.245
365.169
572.473
384.818
196.601
239.116
253.236
207.006
299.442
560.386
597.688
320.553
253.715
214.405
262
130.409
155.628
512.645
906.176
566.898
190.069
128.284
143.035
217.157
174.823
378.582
914.012
653.312
225.69
208.053
186.807
311.36
177.354
243.175
275.325
359.032
299.197
316.704
189.591
219.055
215.344
294.841
519.856
599.239
445.904
242.838
204.061
299.105
232.514
239.695
447.185
484.621
398.793
323.481
239.553
331.134
363.234
267.743
198.587
265.886
388.644
337.309
369.621
348.773
238.009
182.172
291.183
309.05
314.342
351.429
269.944
340.226
260.592
156.015
212.577
328.663
411.765
363.027
280.299
231.356
206.634
191.512
126.512
182.353
287.208
242.029
214.306
273.059
180.347
98.8419
163.769
140.216
253.922
277.187
205.374
206.262
208.943
135.346
177.07
153.156
137.626
191.134
220.054
366.074
595.081
529.679
326.671
205.696
277.309
322.368
567.746
297.038
485.264
545.357
373.753
238.072
324.035
298.235
435.524
378.791
586.57
471.917
251.946
187.881
273.833
347.341
569.657
530.508
693.193
425.74
180.379
179.807
369.563
481.028
695.919
433.308
458.435
449.357
348.078
331.993
299.649
410.773
458.353
311.856
339.506
420.22
314.745
249.193
260.98
303.919
325.272
289.417
395.764
374.072
276.53
285.683
260.241
273.101
386.098
327.004
386.642
382.738
405.801
221.748
202.695
301.426
382.995
259.16
245.077
318.559
440.131
292.178
250.235
255.848
244.183
154.476
256.797
513.221
535.458
363.467
215.877
154.314
223.558
278.291
177.065
345.325
439.463
526.383
306.454
282.807
187.01
312.822
348.46
482.749
436.668
323.734
308.651
301.918
328.153
401.935
224.495
313.061
329.411
479.424
388.672
408.783
247.927
252.387
280.018
303.044
299.751
353.327
366.223
259.482
256.853
448.375
306.76
183.74
215.121
324.166
557.005
489.661
324.655
376.426
243.361
201.737
243.808
327.61
425.814
404.319
256.405
243.887
176.329
125.393
145.697
264.618
323.7
250.232
190.611
260.328
199.067
150.282
153.734
237.763
280.164
265.177
219.001
490.855
214.22
168.812
175.073
195.584
316.973
502.93
257.814
354.689
157.601
102.578
132.636
122.429
227.59
363.454
188.522
545.004
568.986
391.949
282.057
208.185
311.139
506.679
590.21
506.038
493.465
293.372
313.798
250.512
328.491
482.316
518.59
446.44
430.209
304.483
242.395
143.337
269.347
433.044
446.34
311.07
400.941
312.922
179.11
199.339
303.715
290.032
400.408
440.883
494.072
271.527
187.809
183.787
219.349
400.2
510.334
410.385
440.446
302.037
285.724
274.041
219.936
372.296
462.861
427.497
354.166
268.463
208.678
263.532
279.854
407.869
369.234
347.253
294.775
227.551
234.415
238.053
248.986
341.338
302.409
269.085
506.298
725.009
564.97
275.674
332.424
254.666
444.383
248.063
217.67
295.632
411.174
428.184
327.038
247.5
224.075
309.006
260.256
311.582
565.641
492.121
225.758
295.926
278.186
229.288
264.743
393.769
387.08
434.193
357.382
236.654
245.631
375.189
292.735
349.727
508.725
483.476
532.872
413.888
303.228
281.174
251.554
266.426
353.267
551.708
514.392
309.532
265.011
294.006
168.206
211.277
275.112
327.984
408.838
321.663
170.221
249.795
204.978
276.488
285.227
451.012
506.88
284.695
189.295
391.376
325.386
212.068
260.361
196.856
250.398
369.18
350.772
520.329
320.755
167.564
198.892
186.525
402.099
542.602
346.827
249.09
160.788
190.959
238.128
235.435
356.691
279.16
156.226
186.592
152.441
106.289
106.374
138.27
139.895
181.665
164.205
637.699
742.891
406.716
253.381
190.685
367.078
574.037
765.331
741.833
649.144
333.77
241.025
185.456
282.991
684.854
703.987
623.422
655.848
375.688
309.468
272.192
276.848
558.913
694.782
360.714
517.984
393.868
267.098
205.424
224.063
324.425
509.803
503.694
587.453
456.308
307.315
242.333
267.801
460.641
596.428
286.487
365.073
330.838
282.01
283.67
218.374
262.61
353.93
421.159
348.347
289.639
307.511
232.696
256.759
401.463
375.085
298.478
316.205
288.678
442.169
262.45
172.185
279.717
324.4
326.617
451.359
417.997
369.202
226.052
220.325
306
436.418
136.504
219.704
474.457
721.387
402.674
191.822
131.701
189.143
371.231
283.27
401.869
917.923
514.39
253.135
367.962
295.912
213.097
217.517
345.777
481.357
350.647
218.819
210.633
207.73
693.587
514.828
366.271
481.157
304.748
312.003
653.443
580.431
466.667
304.95
236.195
375.928
431.94
512.516
483.11
339.426
334.133
216.024
217.198
446.639
359.53
318.287
326.689
248.53
733.527
363.099
193.656
176.231
305.302
649.125
767.261
411.97
519.551
216.119
158.323
174.916
297.056
496.366
558.756
258.79
377.925
330.899
199.36
192.381
222.528
475.04
414.69
334.067
301.205
270.724
144.569
138.211
153.969
263.686
305.154
289.131
236.094
186.224
108.915
102.029
122.873
189.549
236.261
203.09
715
763.588
403.689
226.54
209.236
331.945
653.053
793.432
581.556
559.066
374.871
249.001
230.877
264.148
541.444
586.532
589.723
407.571
276.875
322.481
183.862
274.395
574.949
458.056
452.326
397.812
200.893
172.283
188.697
222.828
423.645
430.139
310.248
369.952
293.185
408.256
247.345
235.533
286.196
378.77
404.449
416.519
239.43
157.03
179.353
196.585
374.411
432.804
371.039
394.018
226.77
190.098
212.693
260.436
339.868
409.905
452.754
384.135
196.929
209.693
157.442
261.346
433.127
416.827
436.269
373.168
312.029
403.225
293.481
355.186
440.019
381.848
437.25
316.015
288.601
293.852
193.569
221.937
428.544
344.534
489.283
403.413
306.077
481.499
631.32
581.12
490.393
437.34
445.373
316.049
294.16
299.717
325.332
264.885
435.585
344.41
438.302
358.364
322.721
308.824
479.166
472.127
460.134
355.344
441.305
334.68
335.448
295.191
355.711
471.903
435.537
351.467
684.186
476.955
226.626
315.588
436.767
453.345
663.304
547.203
367.428
213.332
295.347
349.418
436.563
442.759
395.861
234.626
426.752
281.102
237.304
205.528
296.585
451.457
454.779
293.41
436.194
269.762
172.723
174.594
297.884
445.597
460.558
301.303
500.917
240.43
125.687
131.974
209.421
439.102
536.37
282.463
261.42
201.912
125.273
178.388
147.76
171.955
256.171
219.276
696.023
666.363
345.252
147.483
154.3
244.473
633.459
706.344
665.475
737.773
388.79
258.623
222.697
327.526
602.359
765.166
600.673
556.765
282.455
172.424
180.733
217.951
545.241
606.126
436.539
302.99
197.995
278.683
212.421
200.321
420.918
344.683
551.084
456.347
283.599
251.416
168.037
246.255
526.742
490.456
278.898
302.087
268.351
267.098
216.956
208.339
258.493
306.314
408.385
366.257
219.871
295.384
218.074
224.581
385.37
387.301
460.395
589.778
457.063
254.839
246.191
239.828
408.905
587.163
629.396
440.573
213.191
267.55
240.43
329.695
606.242
503.635
443.756
388.516
416.818
398.602
215.996
233.899
426.287
406.693
454.947
374.571
330.831
453.062
386.971
374.606
440.827
399.002
562.286
491.364
269.546
337.268
407.99
419.204
528.445
540.643
360.529
356.53
283.866
244.544
292.626
343.172
366.827
352.827
340.844
294.332
362.85
544.5
356.679
273.769
345.634
287.078
433.1
238.795
286.465
311.507
371.319
416.732
451.281
270.655
569.515
532.448
275.163
267.561
266.021
493.408
565.212
556.116
647.503
364.231
300.825
324.694
299.036
442.229
664.235
418.768
423.46
379.557
202.66
201.228
216.087
369.034
430.575
397.047
565.956
239.521
126.989
116.342
204.889
478.747
601.489
279.404
471.771
243.299
127.465
100.713
96.2999
275.404
476.972
276.841
614.054
526.557
294.99
222.787
211.013
264.786
576.014
564.514
687.009
456.322
266.721
181.312
153.196
368.101
683.292
503.575
422.267
425.982
240.125
303.317
199.864
210.535
381.447
460.888
588.831
440.457
242.154
194.395
203.791
256.337
556.432
493.181
611.679
473.477
268.216
285.34
289.686
316.393
586.563
518.37
653.34
369.044
266.156
389.628
274.651
253.977
625.496
436.787
395.301
348.309
220.013
239.985
191.405
156.994
369.98
376.088
778.802
524.237
203.656
376.386
252.05
343.019
748.375
602.056
459.684
444.864
376.445
372.213
369.491
357.26
433.62
462.221
648.669
408.209
224.497
165.323
237.029
327.8
636.308
460.784
579.131
370.999
333.52
307.114
219.123
255.479
547.985
424.977
290.535
367.408
357.228
381.21
276.259
416.268
301.187
354.889
544.215
280.944
292.56
564.047
300.454
358.649
544.251
333.216
819.366
371.972
296.091
383.974
342.605
662.029
868.761
436.61
695.068
437.31
376.601
310.32
291.545
478.932
707.922
473.388
441.824
292.003
247.021
211.046
288.618
456.428
460.053
311.916
447.662
299.786
215.093
233.241
223.602
320.743
445.916
333.746
384.605
234.28
132.335
119.262
222.7
417.761
413.925
248.679
376.777
231.747
197.237
179.302
174.448
346.197
393.733
255.091
505.084
223.475
134.578
144.671
157.253
340.338
525.042
268.399
981.963
752.443
410.983
263.136
242.111
408.275
933.577
827.902
512.186
423.063
305.642
264.248
227.886
267.816
494.122
449.521
650.016
668.967
433.981
293.47
218.323
339.423
593.228
713.252
799.592
473.497
196.87
168.613
126.515
313.856
769.984
561.074
658.324
422.404
273.715
231.27
218.877
231.898
622.935
485.467
576.996
410.52
237.373
217.561
176.542
239.919
550.18
455.429
377.379
351.896
235.662
271.574
156.317
165.309
351.204
371.91
374.258
322.807
293.042
330.61
195.129
173.475
358.413
336.636
913.496
563.548
260.126
323.983
283.05
445.655
890.916
657.523
545.427
309.591
188.115
250.193
200.322
259.219
530.299
368.137
445.368
331.175
325.971
489.472
365.448
360.811
462.118
354.371
833.325
340.947
217.319
194.435
276.216
498.193
838.471
432.531
599.962
278.178
312.448
291.652
283.639
397.866
616.411
328.898
595.362
358.106
251.249
325.786
326.389
396.508
607.888
393.615
422.494
391.397
320.568
203.96
236.792
362.189
424.173
386.703
453.181
383.72
314.452
181.747
314.759
480.991
448.305
405.041
720.334
391.318
257.631
261.048
176.168
386.521
715.516
463.512
472.591
321.905
169.808
179.477
161.381
303.065
476.53
350.123
485.563
255.535
99.9508
108.203
134.13
359.545
511.54
292.593
379.013
265.431
169.867
122.987
105.365
216.574
384.255
283.899
906.928
614.655
239.021
172.911
174.333
339.765
863.174
707.856
627.418
469.225
243.939
159.34
224.473
336.38
606.696
510.798
544.335
378.443
282.316
212.227
177.826
283.814
530.223
415.131
638.512
440.219
176.851
138.154
185.052
353.991
615.98
506.99
812.445
457.426
193.687
261.175
193.655
378.698
797.349
542.959
694.472
375.674
143.114
228.271
169.48
339.935
687.224
449.771
569.934
305.124
119.194
169.268
138.602
273.595
562.475
365.967
535.918
283.071
302.927
472.351
331.139
256.233
525.727
332.976
705.214
416.414
172.863
282.821
187.011
332.883
691.871
489.815
747.769
366.703
141.994
196.77
181.304
367.597
743.487
448.088
439.963
240.11
163.316
220.812
325.803
436.473
463.241
271.999
680.674
502.707
274.176
229.447
232.515
482.948
673.409
538.474
374.834
322.623
242.64
362.36
271.2
387.165
396.814
325.155
415.948
281.751
292.971
279.943
244.551
297.963
413.678
310.057
699.207
392.152
256.443
260.291
331.625
538.465
712.236
447.839
473.296
286.33
277.019
282.569
346.55
506.059
497.633
306.573
544.834
412.793
210.412
121.708
173.564
378.861
547.006
435.594
453.48
295.041
140.865
94.6311
103.78
238.769
450.574
334.287
649.88
260.03
64.529
85.2197
131.398
299.775
650.333
338.023
307.283
141.602
114.981
211.697
202.626
319.61
329.751
155.534
900.602
474.206
191.142
241.521
201.133
304.098
859.681
586.356
924.453
534.926
149.146
104.14
83.5204
279.842
877.741
641.058
696.151
455.019
253.091
273.718
266.754
375.018
658.855
534.417
703.5
341.357
182.475
240.443
195.5
396.644
710.815
405.208
557.132
431.175
315.331
307.6
249.262
365.674
546.613
465.452
745.924
482.669
205.626
204.387
168.381
321.258
719.705
558.918
344.168
201.751
123.594
226.736
194.261
278.426
351.413
229.803
467.629
275.659
311.513
484.642
337.886
259.439
462.432
316.78
623.723
378.942
172.521
172.713
142.277
278.941
606.438
442.768
481.517
337.704
217.613
245.148
251.875
417.958
497.501
358.897
639.262
275.433
180.365
237.644
222.017
347.976
640.443
347.013
559.248
387.358
372.96
410.194
291.406
360.596
557.11
413.788
548.168
346.242
257.031
281.557
270.635
375.349
550.347
376.586
502.608
376.559
255.843
302.763
381.949
545.579
537.907
391.147
776.842
364.548
169.14
208.248
313.508
643.223
816.876
433.508
872.373
554.413
221.55
160.293
254.532
501.787
853.327
641.449
433.298
302.612
187.143
139.201
175.186
296.132
433.545
339.189
368.918
220.989
130.567
145.389
178.759
373.063
397.051
236.412
528.704
281.602
120.482
110.099
167.195
390.175
544.844
328.496
446.9
366.025
168.139
152.843
140.143
253.793
432.302
405.003
754.88
448.28
195.37
142.316
166.956
352.953
728.12
525.077
809.616
557.321
231.202
222.341
221.481
371.503
775.22
639.375
848.715
483.705
204.421
171.24
190.147
406.038
838.425
566.188
959.473
436.719
146.993
160.583
167.92
399.919
944.684
550.553
632.281
369.163
207.678
163.771
200.45
396.555
635.819
415.711
719.107
328.671
203.288
196.503
213.511
414.024
725.413
398.049
430.63
336.299
190.537
305.37
292.687
394.17
441.879
352.513
532.466
364.393
209.335
219.064
216.985
359.494
523.141
408.912
443.266
298.061
228.144
163.754
193.423
307.309
439.989
326.759
515.5
403.426
284.655
219.495
248.722
317.72
493.263
433.496
814.382
482.162
224.709
321.764
182.626
361.924
793.239
567.534
498.899
337.974
302.954
322.038
286.326
358.445
505.684
362.62
665.69
325.279
227.566
294.16
382.851
643.394
715.573
365.809
633.252
445.049
360.504
368.358
478.796
748.994
657.807
486.542
450.39
407.413
260.58
316.81
339.731
542.906
490.234
416.041
736.898
578.682
422.101
242.392
256.25
406.132
697.796
622.5
587.417
485.879
332.296
230.544
216.742
444.799
598.465
503.768
832.862
420.009
140.417
135.97
174.415
504.674
846.538
504.421
427.855
278.672
176.293
277.039
235.202
298.954
425.764
313.204
238.723
255.967
240.53
155.565
183.177
257.511
246.835
253.719
900.624
589.833
171.641
143.099
144.464
388.084
861.877
685.218
951.232
589.308
173.527
133.833
154.234
417.504
919.214
694.003
828.94
541.085
182.782
187.804
193.453
401.482
799.732
630.615
541.91
364.681
196.745
191.381
159.087
342.93
527.697
411.96
820.242
449.911
142.68
181.102
168.11
420.434
809.297
538.143
558.651
266.906
270.586
283.655
286.328
435.021
572.712
315.83
516.883
413.163
275.733
248.542
248.472
364.838
507.718
436.629
454.763
324.461
200.738
202.399
252.976
313.662
449.839
359.136
821.589
422.359
210.135
192.268
225.435
438.722
815.113
511.315
306.593
247.22
397.446
399.51
445.66
377.961
312.021
236.21
718.048
404.295
247.632
287.969
294.857
386.86
713.911
451.144
684.973
317.341
196.716
202.643
290.097
500.809
709.089
381.959
468.857
472.149
395.874
363.512
403.595
582.578
501.716
464.012
720.109
531.653
244.049
170.066
186.829
333.476
687.148
594.872
593.806
414.123
247.24
304.152
236.08
435.582
597.017
461.805
741.506
553.358
324.322
381.842
367.296
673.641
790.453
584.262
795.279
313.729
245.449
244.629
235.004
507.468
815.984
375.802
1000.21
404.742
207.754
199.71
206.074
498.023
1000.79
517.269
399.313
209.127
167.402
143.187
196.893
280.826
409.177
219.098
363.75
209.977
164.71
120.903
160.579
283.638
376.478
237.485
840.505
486.822
202.614
147.999
164.396
406.491
824.013
572.679
849.306
461.941
221.245
231.411
219.345
388.891
836.412
552.291
864.116
432.742
172.702
269.486
232.199
455.986
863.056
528.871
586.685
341.143
211.932
216.31
214.725
300.556
570.941
388.362
486.848
252.997
136.579
123.234
182.324
349.075
495.352
294.662
636.085
388.496
197.748
234.649
202.445
326.004
623.657
453.052
372.173
239.554
168.703
197.852
264.42
374.98
387.594
264.38
683.466
391.922
218.61
205.343
216.021
441.198
690.807
452.245
392.988
289.254
222.148
290.933
206.522
318.185
394.029
311.778
652.372
463.956
146.31
148.321
174.555
308.28
622.661
531.415
341.536
220.526
206.275
307.887
270.368
254.622
342.8
246.235
499.347
340.836
236.351
226.26
248.087
393.95
506.032
370.335
594.711
346.693
294.604
203.173
259.486
480.428
615.734
375.654
410.621
307.487
286.595
392.175
366.52
456.791
430.808
327.405
751.457
423.598
258.389
206.945
270.914
514.828
757.463
481.339
628.55
455.177
414.331
262.9
266.663
512.999
653.37
462.22
653.087
353.509
329.765
292.546
304.294
444.081
663.625
404.062
417.459
249.956
208.366
181.909
187.22
382.032
434.262
266.551
318.854
194.513
129.048
88.1522
133.438
255.574
340.967
210.599
237.467
162.604
88.4537
74.7752
134.114
199.565
241.008
178.332
963.267
436.468
125.015
101.394
94.9284
376.913
952.545
550.476
890.725
465.667
127.408
141.567
141.955
490.205
895.164
559.039
867.559
401.126
114.234
85.5279
134.074
445.271
871.18
496.017
337.618
346.377
206.824
378.009
316.304
376.473
356.528
352.46
553.052
303.272
187.976
200.226
244.841
347.539
550.662
358.351
453.845
289.374
207.935
190.184
276.01
332.464
459.417
320.841
756.929
384.14
150.654
170.558
210.348
459.898
765.883
463.129
560.192
260.395
147.271
157.249
235.341
458.749
581.184
307.401
452.097
287.963
225.39
198.457
206.017
311.324
461.996
321.529
539.37
273.838
173.895
288.848
277.934
327.221
545.795
330.038
503.176
298.737
260.563
245.918
264.281
400.909
529.367
325.532
444.417
357.847
230.683
407.46
258.595
300.2
423.574
401.803
422.471
377.96
261.697
289.742
286.748
453.644
448.025
384.028
582.656
493.305
326.606
137.456
207.065
422.686
584.927
497.974
544.224
384.587
311.667
324.1
265.139
458.199
554.266
420.908
523.682
334.227
274.095
263.157
188.731
308.168
522.514
369.317
576.669
369.624
192.791
204.383
206.649
399.083
572.11
415.998
687.467
463.474
170.44
171.145
165.854
302.426
661.581
529.896
467.139
260.211
131.975
185.166
182.721
278.273
451.456
315.713
271.015
170.394
149.834
191.202
219.579
275.316
282.337
179.575
776
365.647
131.408
113.735
139.236
368.467
774.547
449.881
731.355
322.273
177.389
213.868
209.794
432.298
737.817
398.759
469.02
268.665
257.302
230.848
175.285
327.621
478.397
301.416
426.653
279.609
257.019
226.791
203.789
238.6
416.003
307.629
387.451
248.819
166.054
152.753
239.247
301.165
400.195
270.591
453.729
292.943
197.352
213.048
178.665
308.939
452.623
318.343
408.884
355.544
228.563
267.933
220.133
426.189
438.178
366.398
759.085
403.952
228.623
270.939
238.146
430.469
757.845
482.623
594.962
333.385
184.077
246.923
174.306
301.643
581.088
394.197
524.015
242.567
196.341
194.02
195.131
352.91
531.75
294.119
378.109
206.307
150.632
189.961
236.082
404.025
407.001
225.118
397.669
346.299
235.649
218.336
224.684
303.597
396.227
362.699
522.737
338.318
206.194
222.844
261.726
499.283
553.204
363.758
555.19
250.264
184.036
221.223
239.188
469.663
586.893
299.024
590.375
362.097
231.771
217.149
200.946
345.105
581.207
413.875
505.344
382.696
231.102
250.54
223.678
332.325
488.745
422.625
500.534
320.358
169.16
144.996
232.359
486.736
531.296
340.048
432.038
244.625
217.055
187.366
229.72
370.545
458.73
275.73
352.165
189.02
146.381
201.387
175.101
287.292
366.193
211.482
372.82
351.105
150.687
176.819
197.444
241.377
344.022
385.489
715.958
391.185
184.568
125.795
134.84
409.473
721.858
459.341
428.715
317.953
170.303
231.52
232.571
245.647
412.024
352.326
430.132
251.723
158.448
240.493
260.548
334.994
437.719
277.002
385.937
246.946
152.722
146.994
163.443
304.98
399.251
258.652
619.452
301.157
122.289
120.573
210.382
436.302
631.037
364.804
516.055
310.164
178.091
189.388
299.882
549.765
554.821
329.699
554.685
365.423
170.864
143.378
139.291
267.218
538.036
418.853
337.167
199.325
140.509
209.243
255.504
345.891
354.392
220.477
625.938
330.624
135.964
172.111
242.634
372.419
630.118
396.371
521.101
293.745
109.957
102.656
173.414
349.51
527.392
344.843
517.561
317.727
194.76
212.109
162.447
268.465
508.105
369.822
521.18
408.293
362.699
469.328
427.914
605.107
555.368
410.244
405.274
232.8
251.384
213.174
235.077
323.185
418.867
245.214
467.524
431.092
271.97
290.805
243.229
296.273
438.83
457.385
532.992
318.425
276.386
275.519
240.756
362.391
543.117
349.288
685.746
329.725
299.776
260.647
227.866
389.253
687.482
396.127
450.993
356.498
231.852
209.159
257.951
404.636
447.068
391.858
389.268
276.924
170.995
161.865
172.909
251.752
378.698
309.372
442.691
213.475
233.493
239.516
173.776
248.708
440.441
251.656
533.793
370.807
165.188
170.36
173.131
257.154
511.269
413.849
704.053
302.453
111.247
192.261
172.971
373.393
706.418
385.13
628.232
293.65
194.721
257.561
272.819
390.54
635.081
356.248
561.327
278.17
173.038
204.378
195.59
377.642
577.782
331.736
595.31
239.393
142.799
219.173
338.68
545.187
637.54
294.968
527.704
256.142
186.747
191.824
284.948
506.498
564.725
293.678
649.467
298.859
133.355
154.594
240.263
482.591
676.411
363.069
524.055
258.574
239.127
238.447
204.95
365.583
534.917
307.791
550.444
303.424
207.162
191.385
178.27
330.581
564.153
328.165
424.752
289.643
184.737
196.831
243.821
399.938
440.871
309.142
451.805
260.523
178.802
155.583
275.118
355.425
454.077
297.752
395.023
202.98
163.499
255.835
303.246
385.784
417.513
230.035
260.204
243.038
252.059
245.341
214.289
217.376
257.988
247.099
329.771
372.206
327.019
272.472
268.472
293.816
335.005
357.135
716.171
391.758
198.497
201.537
263.443
415.03
712.177
467.662
464.878
326.237
255.347
237.202
262.932
426.029
498.977
346.164
420.679
465.943
302.9
335.225
299.122
438.656
415.926
474.926
281.613
267.642
198.269
286.948
189.226
206.296
272.279
288.895
369.315
330.429
223.886
178.132
192.436
380.77
386.492
348.091
547.495
303.218
161.922
137.407
235.552
340.336
542.631
357.414
363.38
250.34
155.527
182.16
171.297
219.99
341.003
290.657
