279.613
399.391
644.184
622.96
422.916
217.54
262.116
375.261
268.117
358.648
741.93
783.869
392.947
232.558
263.454
309.146
242.591
329.966
454.755
484.962
300.369
219.289
229.964
312.985
141.731
308.35
660.895
976.228
519.577
179.096
134.107
267.102
138.88
237.427
657.7
1154.66
509.279
162.34
137.062
201.984
138.803
203.095
567.204
862.26
423.951
182.984
137.562
174.402
181.731
191.368
494.301
905.291
662.528
263.471
190.807
174.321
112.612
147.995
391.652
800.032
589.765
218.832
119.749
133.261
159.221
144.767
301.048
795.262
688.289
331.725
170.116
139.768
199.806
226.538
483.619
664.67
710.41
394.301
211.68
208.843
268.33
275.257
379.037
885.732
774.363
320.633
255.359
291.593
321.379
254.804
305.955
746.465
822.376
509.074
324.033
259.636
332.412
241.366
414.482
662.122
854.57
629.538
368.268
243.091
465.428
387.653
347.088
291.929
626.139
756.351
515.919
374.058
586.249
414.575
336.028
306.3
668.428
850.652
648.931
425.428
616.69
442.387
377.841
359.447
677.227
845.528
671.885
457.884
444.947
377.299
329.374
330.227
645.91
705.528
488.938
393.599
705.595
379.956
313.115
248.176
430.867
770.185
766.552
414.791
643.844
428.369
304.177
303.712
523.483
912.909
721.556
438.103
636.685
366.371
312.413
236.178
563.843
911.025
713.191
377.164
287.168
401.579
611.118
552.868
393.627
267.191
280.033
372.702
171.869
309.462
594.384
591.919
305.405
252.819
178.008
263.624
308.108
300.989
453.667
593.617
334.02
205.501
290.106
303.641
210.054
320.593
760.974
907.467
404.444
159.024
208.598
280.127
115.68
182.34
491.098
1024.96
493.751
196.458
117.093
156.586
133.906
233.376
552.093
771.897
416.911
176.966
128.894
203.739
230.932
256.868
480.909
788.782
487.518
202.781
222.644
249.99
197.698
175.374
429.673
842.684
646.219
237.086
195.963
174.839
158.308
147.976
300.784
764.468
773.892
333.392
158.365
149.767
326.418
221.95
338.169
468.236
584.232
418.949
347.918
231.66
226.505
263.723
325.565
733.76
540.373
337.652
240.246
258.578
412.031
360.977
251.052
397.559
441.199
542.019
436.866
374.307
348.477
320.991
348.133
429.515
766.362
642.504
352.886
320.445
379.667
353.287
294.224
425.975
668.19
662.934
414.394
344.298
441.592
388.426
435.957
376.672
580.225
693.933
487.142
389.016
696.14
452.361
362.638
358.029
679.109
914.827
761.212
469.611
627.491
458.981
365.35
310.689
543.336
821.152
673.527
468.291
488.984
315.512
282.106
220.675
335.035
610.94
540.442
341.885
595.135
355.124
326.477
385.654
464.233
723.142
656.978
390.865
685.043
472.101
245.358
192.345
442.536
894.036
752.868
492.386
213.646
361.686
544.906
499.526
404.719
246.938
194.807
330.104
162.887
355.094
739.441
680.624
349.415
188.155
148.948
295.416
193.806
283.265
495.179
567.298
351.544
163.137
178.805
266.91
183.855
319.876
707.878
937.973
432.072
181.774
178.639
278.52
194.904
259.036
598.401
1046.84
454.866
143.105
180.608
239.501
190.908
205.553
563.651
886.362
494.253
179.114
188.177
186.39
210.328
187.936
480.927
967.36
671.61
225.967
212.043
190.062
206.187
198.346
353.593
798.06
752.516
344.714
213.29
184.264
198.941
227.203
367.54
440.2
460.335
309.148
212.914
209.138
156.457
173.656
247.39
309.147
519.11
439.986
181.676
153.967
275.459
272.043
260.127
277.283
350.252
370.347
284.15
268.58
518.13
477.399
343.557
376.26
572.831
665.531
557.991
488.35
442.556
400.279
467.814
341.383
496.839
721.3
495.478
378.473
425.191
370.441
350.699
497.2
821.41
725.89
441.982
381.387
509.959
443.26
236.258
352.563
518.065
724.481
543.363
459.271
566.395
435.52
205.502
270.517
526.278
832.857
629.322
458.677
543.325
334.156
302.691
220.745
532.139
800.63
604.764
329.474
388.829
342.101
338.663
229.405
446.861
423.363
365.474
353.338
580.55
503.878
235.928
252.531
343.457
678.441
628.987
526.511
611.11
418.148
492.312
264.442
566.495
861.356
683.128
394.185
324.862
395.729
406.179
381.571
227.875
299.676
310.477
387.967
179.568
436.746
817.994
660.55
321.183
165.183
159.58
372.468
207.013
303.755
473.464
483.635
304.065
205.04
194.055
286.435
176.47
292.833
704.454
949.197
513.909
184.156
169.409
253.334
169.429
334.62
718.271
850.015
393.562
203.298
154.366
286.552
231.548
251.694
407.428
733.413
491.815
223.645
217.074
252.798
206.508
260.336
419.526
850.95
617.745
225.785
206.053
252.471
173.242
175.079
261.422
394.424
548.591
330.101
179.15
169.024
245.933
305.704
301.092
354.456
460.763
374.681
256.837
282.398
302.03
234.577
314.019
360.119
634.399
599.78
340.461
221.943
334.833
369.124
309.756
183.816
345.991
487.774
345.066
352.755
351.677
250.256
311.974
321.747
566.454
627.813
397.767
250.973
558.115
405.495
446.591
257.875
538.825
791.382
614.819
390.128
564.567
361.629
204.447
189.939
343.771
737.228
627.95
367.743
598.072
432.445
286.179
314.7
614.876
858.069
663.823
451.132
382.786
263.788
211.487
192.301
511.307
694.427
431.628
270.041
471.202
471.526
284.889
284.731
423.32
592.703
482.488
480.32
557.211
464.839
267.53
260.539
469.785
785.559
618.46
472.935
687.532
351.665
341.733
252.196
434.777
692.748
734.213
376.282
640.369
440.435
360.386
326.549
563.11
805.766
695.855
454.95
427.444
488.082
492.036
412.277
359.852
320.996
399.195
478.837
289.056
572.64
705.534
530.093
240.995
318.669
268.359
507.209
325.689
323.562
344.941
413.023
330.038
304.006
309.428
331.307
250.187
353.777
693.97
660.66
393.989
256.509
232.122
318.137
250.159
361.742
706.226
864.976
383.316
184.586
241.998
326.195
185.064
216.35
425.234
852.22
470.885
187.921
176.822
209.346
227.685
257.504
382.376
662.018
570.93
251.667
225.21
250.872
180.597
213.371
391.085
394.641
430.64
240.97
183.732
190.185
178.232
182.728
275.013
447.004
518.985
337.73
188.988
169.992
224.355
310.691
279.542
355.685
344.807
338.769
230.294
299.175
317.471
180.949
215.169
299.003
380.682
389.827
345.313
196.334
294.241
216.192
186.556
198.636
211.19
398.648
323.705
224.275
580.419
334.836
316.732
359.744
551.293
796
642.166
339.104
661.047
437.524
367.576
286.371
590.62
900.427
730.149
464.828
503.285
318.831
284.148
223.35
455.474
765.949
568.524
308.072
750.132
354.493
232.77
313.772
538.992
778.057
799.245
414.734
730.302
443.166
370.7
184.254
438.7
683.772
758.282
482.605
622.946
508.001
312.178
207.954
439.981
698.164
666.895
515.812
726.775
455.046
249.096
201.201
383.961
818.066
791.394
465.206
608.483
389.964
280.686
254.584
344.639
632.044
651.765
426.21
387.277
617.234
647.608
428.322
255.011
268.846
370.032
586.318
432.072
551.664
655.318
559.078
350.831
265.739
405.759
539.02
208.759
416.212
731.655
742.096
381.81
227.029
195.919
371.73
315.005
408.759
413.965
391.146
263.824
288.363
294.246
407.194
138.59
192.628
386.671
762.683
435.555
123.32
125.712
186.362
261.108
181.044
397.749
953.389
593.068
282.705
276.675
178.937
233.396
174.193
246.476
376.299
343.265
201.017
229.869
188.677
223.003
231.066
282.95
772.87
707.597
346.742
224.264
242.424
250.037
228.835
352.279
344.244
431.969
346.133
258.737
212.379
177.594
138.806
289.621
617.954
340.402
211.707
183.728
139.768
328.932
328.587
310.276
297.102
264.461
429.716
324.539
333.21
411.443
279.193
214.017
236.714
366.636
456.033
430.878
313.053
361.706
301.347
221.531
214.153
373.875
497.722
378.731
309.273
564.264
383.471
460.045
396.022
704.471
929.812
634.944
362.616
700.542
409.473
249.662
397.057
395.412
721.305
754.853
456.696
838.983
517.227
268.495
495.467
573.432
813.964
897.249
562.045
762.809
446.196
246.916
215.142
516.885
940.085
835.24
470.697
780.023
389.109
299.575
354.149
466.771
807.798
840.111
439.217
792.409
521.665
248.034
262.806
464.464
910.195
863.365
549.261
995.714
581.68
226.583
179.501
311.045
796.849
1054.47
657.806
415.331
580.474
628.019
458.308
396.523
315.684
383.766
558.27
430.139
417.664
448.15
583.102
465.007
233.886
409.729
428.262
319.672
567.27
859.817
861.494
397.272
227.598
303.319
506.868
353.289
433.749
669.726
718.974
294.016
278.223
342.138
405.509
200.504
257.031
383.824
643.705
407.683
213.767
186.94
246.262
142.635
167.123
301.808
550.112
446.535
188.801
139.158
156.867
198.291
179.012
217.417
544.342
525.248
339.501
213.468
176.036
407.134
414.999
372.051
548.649
516.431
452.366
430.69
406.019
268.533
228.524
408.086
488.162
568.168
437.553
289.13
211.513
352.943
247.13
263.498
282.088
281.227
258.515
348.822
269.945
323.317
227.342
238.491
248.829
395.517
389.961
334.95
237.858
356.355
270.683
211.672
245.655
473.116
592.496
389.998
288.021
586.371
371.962
392.483
443.567
685.352
663.08
621.574
380.826
604.857
387.271
322.941
291.911
363.947
584.012
633.885
408.281
672.177
378.006
252.019
256.216
457.452
643.816
675.637
441.329
643.694
339.137
294.96
254.725
439.974
729.041
700.141
353.883
777.131
608.105
258.866
194.231
394.636
854.708
840.647
633.433
689.251
361.199
339.848
250.772
581.233
782.604
738.879
382.961
681.876
330.666
315.488
323.49
420.586
678.88
732.374
376.112
853.85
445.079
256.962
232.344
358.98
792.074
917.562
506.677
485.874
583.064
524.419
474.446
309.701
298.462
454.868
574.548
437.965
791.98
840.985
493.405
351.52
335.499
381.482
732.255
381.125
316.939
386.784
411.364
366.8
339.255
384.843
322.321
467.49
636.42
743.848
535.125
295.167
429.024
444.176
587.266
189.05
214.943
357.566
581.055
378.975
152.835
180.315
207.346
203.086
342.797
450.903
546.773
474.395
224.948
185.353
315.78
404.056
380.686
365.723
241.381
247.498
365.826
416.473
367.785
414.373
342.401
432.944
472.78
608.249
480.603
414.236
376.721
327.713
278.958
211.301
406.756
283.249
246.27
337.482
301.953
369.358
336.452
397.57
399.626
505.171
326.917
367.713
331.406
430.149
309.717
235.243
280.068
237.487
363.581
447.919
319.594
636.635
335.272
282.815
419.444
430.726
574.603
663.663
369.481
886.947
394.838
349.806
343.81
576.73
913.875
968.526
447.564
638.373
530.229
440.914
451.671
714.235
652.284
640.465
548.586
624.61
543.259
550.114
437.008
782.144
1027.02
695.282
549.74
891.855
541.984
236.062
217.103
352.926
771.343
950.401
600.907
878.003
512.569
312.946
260.641
517.018
987.865
950.407
549.967
917.869
354.881
183.896
162.576
282.544
695.531
952.206
436.165
795.587
457.362
263.356
265.602
340.036
746.007
852.417
517.628
833.388
432.887
248.873
268.766
345.108
774.215
898.105
491.644
892.266
901.605
673.532
367.315
326.42
366.335
815.022
933.461
419.515
392.51
325.539
350.884
312.193
321.582
402.305
398.785
442.185
705.325
977.318
701.849
485.892
336.232
410.009
664.119
667.634
498.181
538.327
421.805
310.951
311.454
632.864
539.11
207.54
295.524
606.959
664.495
410.571
243.331
204.923
256.477
316.59
280.116
427.573
744.2
504.795
314.888
315.533
281.013
313.445
389.054
291.776
366.329
303.03
355.205
325.386
384.834
345.547
367.313
321.471
374.228
292.862
329.444
353.477
377.7
648.882
295.872
205.859
259.309
232.006
295.546
639.329
369.959
319.439
229.777
472.403
513.648
539.003
350.423
335.673
216.736
424.696
479.478
396.355
600.376
416.726
459.694
426.485
483.45
594.608
348.672
220.601
213.3
201.918
403.577
607.912
398.168
591.248
354.289
317.998
686.077
489.82
470.794
616.872
383.512
862.23
469.612
253.234
309.766
247.132
593.743
890.601
528.268
926.717
488.311
391.844
294.386
475.953
937.419
1000.83
525.393
1027.36
491.186
280.669
152.877
373.958
808.022
1085.46
565.246
815.292
582.386
422.206
462.112
423.115
789.329
858.962
598.507
828.765
394.938
260.181
290.859
412.046
660.37
860.824
468.709
864.478
504.613
258.208
132.375
317.197
750.081
923.782
561.989
515.743
386.979
232.185
175.74
250.629
525.621
549.818
417.153
745.882
606.684
384.222
353.596
293.024
397.207
718.244
650.439
754.33
947.767
720.998
519.185
467.576
360.263
671.908
956.125
419.655
450.392
595.47
480.48
380.467
415.876
427.643
428.786
508.792
679.204
747.141
431.85
329.315
277.745
465.175
639.664
376.328
503.725
486.641
443.519
421.111
417.833
353.935
494.607
398.363
304.821
311.194
598.232
583.436
452.281
425.242
314.851
366.007
288.097
352.991
600.902
366.272
296.161
362.066
304.965
356.28
220.017
436.263
496.838
487.623
241.086
344.892
243.317
296.827
343.149
383.637
336.958
316.788
315.47
297.442
312.754
295.764
165.926
323.934
652.317
555.106
311.638
311.247
189.757
708.502
361.225
278.572
510.383
461.103
525.389
744.155
401.429
506.243
243.048
249.546
384.03
346.885
467.048
536.224
279.351
1132.55
564.795
283.795
460.121
371.634
833.31
1194.81
654.296
672.611
510.986
333.291
265.331
518.45
794.8
727.006
546.76
605.776
523.485
249.363
126.651
285.361
648.86
644.782
538.868
917.825
410.009
190.713
256.978
236.787
633.594
959.108
491.061
1342.39
544.977
223.992
110.591
363.591
1033.32
1413.41
660.486
915.813
369.491
266.607
172.959
325.578
798.197
981.323
436.469
729.311
333.13
184.768
213.328
230.722
612.631
783.694
384.273
609.596
301.949
150.471
141.697
125.334
381.494
631.853
347.924
533.022
721.901
614.661
395.113
396.655
395.644
497.613
702.555
524.408
533.856
418.444
330.962
378.291
364.745
498.719
558.185
478.957
699.441
643.423
306.02
327.616
368.995
462.278
648.556
737.887
729.07
470.945
428.602
286.889
270.075
670.081
770.822
697.442
631.821
309.279
277.595
270.426
414.315
667.706
669.318
382.405
466.512
640.624
664.31
306.689
285.576
353.699
454.082
349.828
403.969
424.878
647.52
343.772
288.081
324.021
406.622
368.75
342.422
416.076
381.876
409.74
338.252
378.374
345.148
344.082
383.252
379.683
421.873
258.795
289.616
323.598
377.241
351.949
409.092
417.142
539.045
360.337
284.885
333.968
400.621
626.691
408.071
238.091
486.207
289.41
375.819
634.067
447.79
708.969
424.74
237.211
302.691
270.22
575.099
731.129
463.187
542.211
288.748
228.373
461.094
353.032
442.591
561.681
327.003
812.707
424.817
243.929
299.039
344.768
525.244
824.233
505.787
915.791
489.381
274.921
244.103
291.274
772.376
967.042
564.89
1427.92
641.917
261.996
246.371
242.485
605.061
1411.8
804.97
860.84
464.774
249.991
201.427
302.237
517.234
856.761
546.429
812.37
412.94
187.398
164.056
289.359
534.653
822.926
493.592
706.199
364.666
173.436
209.516
292.298
529.448
731.136
434.507
386.215
362.66
341.314
204.089
224.432
366.214
387.637
356.492
782.822
780.158
468.656
231.006
299.829
316.326
714.19
823.602
678.82
720.228
557.609
293.127
244.503
380.313
621.858
741.377
1012.03
613.186
492.744
428.545
425.687
587.903
1022.73
657.695
638.784
543.826
415.796
377.801
282.048
367.685
605.162
578.71
465.179
520.683
426.949
364.652
439.959
273.692
426.593
529.96
452.923
481.111
365.721
454.457
311.702
279.85
423.83
495.898
565.851
500.922
334.094
464.438
291.572
265.127
532.047
540.026
473.851
277.904
261.336
443.288
304.002
238.247
463.492
325.539
573.581
412.33
205.813
325.971
190.715
291.791
566.174
458.696
251.475
201.288
318.317
518.052
305.996
195.336
242.066
208.4
639.908
319.686
334.039
486.364
253.543
302.02
636.206
374.311
978.856
528.149
276.356
237.407
273.324
485.176
962.764
633.309
736.808
369.181
296.57
286.525
275.246
362.467
730.994
441.734
912.019
648.926
267.336
305.267
316.281
534.719
896.256
735.525
744.404
469.202
265.81
195.753
305.193
637.077
782.032
505.5
635.419
382.474
260.702
293.363
302.831
489.431
645.907
445.907
680.914
380.413
147.354
104.904
175.61
450.86
697.119
431.129
953.429
439.217
154.064
148.784
258.664
621.211
966.712
536.254
1134.64
476.032
156.964
197.555
262.956
611.019
1138.95
609.804
726.45
369.461
147.911
145.742
210.768
409.311
717.864
445.212
453.438
441.979
273.421
271.769
195.569
276.369
427.217
466.957
712.338
493.658
415.07
391.513
379.678
322.213
687.676
552.665
598.404
640.302
398.366
349.671
258.207
304.373
546.076
678.454
417.215
697.328
590.731
364.234
327.976
361.714
370.805
664.848
481.237
612.923
447.24
241.087
231.99
322.414
443.53
612.139
308.957
440.344
363.101
315.994
295.136
345.158
302.673
410.468
548.081
424.235
409.41
352.318
246.623
292.805
532.333
457.974
683.85
435.021
266.716
461.14
318.152
314.087
666.587
498.632
301.111
442.772
569.797
542.345
319.882
296.851
286.698
401.75
331.943
385.671
323.435
536.635
339.623
322.03
324.832
369.159
705.943
440.693
159.231
150.783
152.09
318.995
684.176
515.916
426.023
313.291
290.996
441.776
222.867
259.622
421.876
333.495
721.401
430.941
268.324
464.22
363.805
428.452
718.416
495.175
672.782
325.601
205.111
186.119
207.237
492.515
694.371
382.024
918.159
499.39
211.488
156.202
244.156
571.965
918.035
587.739
644.603
461.361
223.322
287.325
443.236
533.934
653.722
505.434
772.562
343.776
148.502
161.019
213.332
551.054
812.365
413.451
1078.09
544.853
172.188
146.308
161.212
611.495
1090.95
653.292
853.188
439.005
239.553
222.422
235.121
594.305
895.087
492.025
519.116
246.95
224.022
236.378
270.278
480.325
560.896
272.796
659.889
587.674
449.289
331.811
205.311
237.637
614.515
624.747
429.488
510.877
406.271
595.146
363.338
305.725
392.207
519.341
502.63
642.666
468.689
552.267
397.37
445.747
498.032
644.471
485.792
510.115
470.013
318.758
299.201
472.295
492.332
512.532
477.597
565.39
561.404
442.566
402.599
388.48
449.215
544.289
340.751
307.499
367.229
457.84
389.311
205.006
329.612
310.317
539.014
544.999
463.44
350.009
247.507
381.015
525.792
541.07
555.925
521.694
290.108
144.985
171.896
334.566
525.292
545.219
472.229
312.579
149.387
278.591
252.134
256.046
458.934
353.703
584.509
318.128
245.998
276.834
193.805
329.725
578.934
372.31
462.621
448.513
445.411
427.213
264.069
301.544
455.879
442.02
576.83
416.734
276.165
327.133
281.623
293.802
556.182
461.731
637.878
318.028
237.803
324.411
340.031
561.173
667.321
360.396
1024.33
462.914
187.071
258.932
241.046
375.894
1009.95
585.481
835.369
428.912
155.359
132.518
195.36
494.249
840.653
511.333
1041.34
478.205
237.834
260.847
327.641
669.565
1060.54
589.151
1068.78
397.325
239.384
226.081
315.072
601.499
1084.5
515.168
879.836
356.864
206.637
217.458
249.519
498.213
898.6
450.521
605.517
345.709
168.556
164.141
218.96
406.666
595.904
405.958
736.116
343.609
165.51
137.882
172.534
411.113
736.142
421.213
641.477
634.727
408.511
233.817
222.633
259.75
585.469
673.443
535.993
494.276
386.591
396.539
221.232
253.323
507.516
525.017
439.905
441.641
380.666
431.285
346.822
413.086
425.348
449.981
730.009
593.185
305.423
228.838
279.446
333.367
692.037
651.736
747.095
474.535
318.063
480.255
326.2
309.438
720.832
533.635
428.124
457.925
450.771
433.115
299.479
312.693
395.486
468.003
387.068
430.405
298.755
250.683
197.925
247.205
362.642
440.235
776.448
476.518
245.25
330.926
272.654
287.964
743.066
556.699
812.682
545.541
325.113
405.875
332.477
282.846
768.043
617.987
673.095
440.389
249.863
279.824
210.456
344.683
655.065
493.859
414.205
350.192
383.511
305.054
375.273
377.41
415.055
349.546
549.22
385.599
372.743
344.931
236.87
356.019
548.942
407.362
1173.76
616.007
302.464
217.116
195.313
500.084
1150.41
738.235
906.9
472.526
263.167
295.224
244.042
498.717
901.2
562.207
1017.99
506.208
238.358
224.013
196.887
628.336
1056.25
573.058
905.168
474.337
201.242
228.192
199.259
583.187
933.339
556.002
980.956
570.678
160.289
146.579
234.843
483.811
958.049
679.957
800.818
485.044
277.619
303.615
296.643
366.429
769.661
569.967
835.931
417.929
144.238
161.163
145.3
389.683
826.473
510.2
765.228
426.684
131.78
92.2036
146.273
374.309
751.464
511.533
539.555
425.505
337.503
435.022
247.094
272.515
517.384
466.563
638.011
655.212
430.316
223.404
245.82
322.459
603.471
668.527
449.395
462.595
405.513
354.463
249.359
401.026
454.671
461.886
516.064
623.451
495.504
568.814
257.724
407.005
495.129
633.994
654.335
603.29
275.162
180.319
248.736
437.587
604.964
660.049
807.858
495.768
376.49
292.59
170.459
431.385
812.562
552.013
740.938
428.803
257.692
252.734
195.515
410.816
737.516
494.431
436.187
419.651
246.495
198.649
223.772
290.319
408.863
444.849
835.846
643.249
334.531
300.107
186.154
316.539
792.645
714.664
568.995
525.888
257.93
304.124
217.388
341.575
532.841
563.307
589.748
419.745
264.99
309.097
177.193
269.861
559.429
475.249
352.785
253.709
319.08
476.895
403.418
251.881
346.331
274.663
916.553
516.093
317.728
311.197
277.839
507.912
920.531
593.933
982.078
465.593
224.481
227.512
228.143
576.572
1004.64
554.186
912.959
469.786
229.127
353.61
287.837
493.959
918.22
563.266
851.744
529.757
215.757
152.928
254.467
497.297
851.963
590.324
608.28
413.601
252.037
278.968
305.089
433.38
591.792
470.207
472.182
328.363
243.181
232.939
281.8
486.674
493.054
342.575
564.528
484.272
205.704
159.318
177.239
450.995
552.664
536.578
630.129
302.376
117.081
87.2821
148.435
374.109
632.311
369.012
667.597
501.803
487.01
393.717
437.269
361.41
642.218
539.962
765.641
454.561
285.446
235.07
311.584
525.875
775.554
510.301
529.099
565.591
344.148
225.147
193.93
259.612
486.057
587.922
572.606
619.825
436.284
321.783
349.073
533.828
571.778
621.374
574.252
577.349
424.405
262.008
263.329
336.025
532.68
596.205
338.654
370.923
258.01
292.515
252.395
254.654
323.141
378.335
484.84
458.519
333.571
381.472
238.067
305.795
462.15
475.203
381.506
335.431
332.8
212.568
231.28
228.375
371.446
334.166
507.685
434.301
264.484
303.772
207.724
216.314
479.394
465.675
858.668
629.456
307.237
248.6
189.219
370.482
818.946
707.311
884.124
470.472
233.916
235.195
197.257
367.572
867.336
557.649
614.146
293.924
264.81
332.995
386.826
475.12
632.853
352.101
669.344
427.954
247.911
193.664
178.826
402.44
681.128
470.532
1024.35
557.053
239.333
304.188
312.027
383.937
994.781
669.519
846.933
376.685
264.733
201.384
243.472
465.024
859.324
457.693
483.527
472.287
469.577
425.745
233.563
373.165
486.345
484.897
893.836
536.036
305.945
195.391
177.182
548.16
906.689
592.322
1086.87
651.964
244.721
192.44
282.611
537.305
1056.63
765.574
999.03
545.17
210.419
125.756
152.554
574.289
1011.66
636.459
494.198
367.8
189.109
142.967
141.547
402.856
509.304
401.5
543.491
457.327
219.808
245.692
328.935
312.413
507.334
496.012
516.678
420.437
320.465
302.148
231.983
300.084
502.648
449.792
430.793
491.112
529.755
434.607
369.647
330.695
419.562
496.179
569.2
581.261
341.754
372.535
390.573
635.119
597.619
590.379
685.234
752.276
552.792
335.546
247.338
298.7
623.564
767.323
688.627
535.295
409.681
420.445
267.608
305.475
655.841
575.985
463.386
406.718
337.687
352.848
306.474
258.742
436.263
432.64
448.642
639.694
358.512
195.046
265.323
414.148
401.093
639.415
362.777
291.945
296.579
463.006
430.13
377.084
363.192
305.293
473.558
565.472
368.332
237.306
259.064
312.099
435.341
576.257
918.856
552.707
171.597
148.607
162.893
420.999
896.324
647.965
727.143
336.25
259.799
304.112
252.159
384.88
729.382
414.125
759.486
494.903
298.32
190.555
250.559
545.732
766.964
519.707
573.55
312.504
231.884
360.917
262.93
364.349
586.106
365.725
681.998
513.84
225.625
222.278
231.512
344.774
656.223
573.534
697.371
425.635
388.724
259.734
313.328
539.418
705.983
453.774
1181.67
521.81
228.661
279.166
295.92
569.464
1169.77
661.383
797.45
408.782
207.612
265.2
248.986
391.851
786.842
485.579
670.699
380.881
199.622
176.684
190.259
498.658
705.124
424.148
644.936
509.528
225.038
120.593
180.563
430.609
651.916
547.016
394.929
262.283
197.408
310.578
383.206
356.58
403.602
287.343
580.547
584.913
407.481
284.882
263.752
309.494
539.189
612.791
428.62
461.65
429.06
327.456
258.415
283.878
401.807
467.076
363.207
546.57
591.584
533.657
376.21
279.739
342.212
522.236
356.037
359.923
339.532
301.422
219.713
216.222
340.95
354.714
365.612
490.737
487.859
392.951
342.584
248.28
332.417
479.008
422.832
590.776
469.884
284.372
259.822
271.506
373.888
582.298
352.186
478.22
386.837
278.115
173.583
173.015
314.435
472.724
589.185
563.258
370.497
312.807
244.028
237.846
544.628
592.734
331.386
333.322
340.135
440.251
288.081
235.925
326.942
322.978
550.168
505.706
280.539
236.454
247.302
287.983
504.628
536.943
695.693
381.041
161.866
203.602
142.088
383.929
694.076
446.823
658.586
396.513
227.082
307.386
234.107
359.125
652.381
456.921
775.346
588.912
349.597
274.022
292.422
372.168
734.008
656.994
612.36
543.128
403.884
378.22
306.056
470.22
609.597
560.934
552.48
278.407
290.948
292.72
396.362
586.232
586.959
300.25
617.591
315.574
197.349
252.997
223.923
453.674
641.501
364.973
936.373
467.295
154.927
154.959
191.961
543.691
946.038
565.649
542.737
379.761
184.166
244.162
202.659
414.436
566.196
418.054
502.889
292.529
138.854
215.714
149.271
276.351
498.482
344.952
546.922
278.219
391.712
429.256
362.06
281.801
539.79
323.674
335.561
443.933
272.441
270.378
326.701
291.785
307.292
445.583
286.958
331.274
375.513
495.163
359.374
227.533
264.294
331.991
447.929
541.313
464.632
354.408
201.547
228.582
409.548
540.104
346.899
440.772
500.131
482.448
327.482
254.423
327.815
428.94
424.79
618.306
549.918
556.373
463.412
347.785
398.972
605.302
358.827
381.253
409.394
391.479
267.918
265.91
357.234
370.735
396.413
456.512
390.87
289.783
201.875
184.36
364.809
462.714
330.474
315.935
278.443
353.899
321.639
204.011
316.151
326.1
431.913
299.009
208.061
273.441
212.796
217.776
419.014
341.979
653.166
448.249
213.754
305.986
254.606
302.753
612.615
514.758
298.399
219.442
301.496
566.218
328.616
166.642
291.201
236.4
323.529
390.453
343.07
356.855
246.663
362.487
324.949
386.485
656.085
364.329
277.588
269.471
363.819
534.317
665.466
415.898
622.767
322.614
281.053
301.196
261.21
470.964
643.321
371.766
488.812
257.426
212.549
339.393
301.611
398.971
513.785
290.332
655.861
515.223
209.117
202.224
200.02
337.727
621.604
577.388
577.231
270.177
211.115
360.148
354.935
468.077
595.597
317.808
342.961
274.168
311.115
232.561
227.21
293.076
345.899
280.847
403.677
220.895
158.374
232.421
204.505
284.157
408.824
258.263
