271.833
243.164
201.815
191.352
171.918
302.771
281.812
244.719
287.021
160.259
187.637
303.538
319.297
362.061
315.788
168.665
638.476
746.353
705.264
535.588
317.085
247.301
568.972
744.187
290.849
368.769
387.541
448.191
278.767
196.655
275.974
361.839
283.944
201.83
299.319
322.762
211.782
200.148
291.799
198.655
250.239
207.963
260.033
332.965
195.856
188.808
245.939
211.608
212.265
219.915
438.502
440.056
373.474
180.316
204.204
200.441
214.711
238.484
467.552
912.323
463.876
214.866
198.494
236.123
93.7176
116.46
439.466
1148.81
641.99
167.405
95.6017
109.905
189.66
160.429
320.478
729.344
371.013
149.963
190.467
161.254
227.794
287.781
344.4
737.374
516.145
286.481
210.221
287.989
132.054
197.5
376.156
545.446
550.722
180.052
125.369
180.063
146.763
220.202
295.404
483.02
589.34
366.178
158.272
196.148
151.702
169.258
265.292
565.86
515.276
228.616
147.163
161.129
146.185
165.49
264.289
409.978
652.56
433.666
163.143
154.734
153.003
222.106
282.588
657.304
715.887
346.601
158.68
207.787
266.725
267.697
309.652
358.344
526.297
414.372
268.409
257.114
317.102
303.285
279.339
280.124
375.344
410.449
325.339
314.295
315.729
212.598
158.264
217.803
225.231
258.904
329.969
227.4
276.874
186.655
162.701
293.385
223.524
239.078
282.41
203.934
333.424
325.027
269.4
206.527
208.821
177.675
317.044
335.13
346.861
406.252
268.016
254.159
193.671
234.5
318.473
417.467
246.613
308.709
368.629
300.539
261.007
212.364
223.617
308.576
224.568
226.578
407.016
421.207
281.393
186.241
225.595
220.757
203.645
267.757
325.838
304.399
209.899
216.714
203.056
244.294
145.494
279.884
479.915
350.519
350.666
216.028
148.761
242.813
148.438
153.478
252.169
539.482
288.022
122.193
139.243
154.048
248.674
225.575
475.866
794.129
423.18
259.841
247.946
222.706
109.951
132.069
430.438
1106.1
610.364
201.663
118.488
120.335
142.107
148.773
394.815
826.943
594.671
236.565
145.305
138.177
123.55
149.944
247.288
481.431
375.828
142.532
120.699
142.791
173.534
225.861
292.735
543.06
566.462
339.695
179.651
211.108
228.145
242.235
335.203
488.028
467.804
283.529
224.959
235.722
228.991
254.969
521.01
621.206
767.788
490.82
252.856
225.425
243.622
238.237
322.162
476.094
723.163
583.438
272.851
228.04
281.177
216.436
378.376
498.021
670.91
417.301
297.16
208.696
282.676
273.636
248.198
272.066
419.517
493.459
313.168
271.138
224.155
295.079
357.067
348.216
530.553
534.623
257.377
266.568
361.773
362.315
232.323
214.277
423.279
584.995
388.027
378.114
430.069
252.38
209.05
228.558
288.693
279.678
421.452
284.632
273.355
235.719
165.944
178.912
219.753
194.544
268.579
250.837
237.45
222.173
282.844
318.434
212.741
184.135
232.523
220.16
331.498
359.553
351.393
275.662
196.783
169.281
306.561
367.89
193.776
244.93
367.408
346.992
207.897
170.211
188.723
223.21
200.014
320.266
483.31
420.987
309.698
200.498
190.962
288.823
275.908
326.235
504.474
481.613
244.381
204.931
265.433
306.601
296.715
518.771
738.253
686.391
317.766
195.017
264.839
472.484
250.535
223.513
556.095
835.044
458.78
222.919
256.698
218.864
159.293
213.274
342.332
632.072
467.737
216.713
153.347
208.612
156.31
156.373
363.245
843.705
666.742
311.304
162.504
147.834
91.4539
107.942
264.328
600.113
549.348
248.288
93.4756
97.9604
205.587
149.851
228.765
540.035
543.292
416.213
232.471
150.672
323.392
352.93
361.16
711.321
816.223
505.477
323.303
336.595
337.653
275.301
466.162
532.237
715.158
530.497
366.987
278.084
282.035
302.603
344.003
662.964
845.721
651.123
317.093
288.063
279.933
206.63
332.89
497.601
609.283
473.339
303.311
202.312
445.512
352.681
375.264
299.705
541.669
672.006
497.664
331.878
323.932
238.314
289.989
330.467
538.427
615.073
370.192
216.256
288.238
274.771
157.63
259.218
371.749
404.356
290.369
288.741
207.291
166.282
181.247
175.831
260.743
289.718
213.914
171.536
232.531
288.762
246.907
177.763
221.741
200.718
230.548
281.591
325.03
413.931
409.131
266.468
254.532
271.7
323.156
405.98
368.192
333.916
288.304
160.226
153.219
181.967
341.814
359.467
272.602
260.338
231.939
315.366
184.789
188.284
265.026
270.712
359.863
552.173
514.526
341.649
258.427
320.138
358.053
526.202
222.707
353.327
656.682
660.764
382.913
200.702
218.875
309.406
229.77
385.958
673.092
669.477
331.051
156.036
210.542
345.309
137.144
223.378
499.165
571.936
340.172
179.825
139.128
195.222
206.914
248.003
547.059
743.173
387.699
165.733
202.035
224.834
204.531
194.758
473.587
905.269
525.309
199.306
209.521
183.412
198.264
162.991
263.531
478.095
645.296
406.596
209.929
168.179
225.029
182.091
385.106
754.31
603.995
319.478
234.121
179.409
300.998
212.372
293.63
400.995
647.44
541.86
318.752
209.153
262.662
297.358
327.253
504.438
613.654
468.227
282.936
289.665
314.469
237.255
281.655
492.515
729.977
657.442
351.538
236.679
396.791
299.075
358.666
503.459
819.949
720.817
445.099
312.856
369.02
295.873
292.79
284.144
455.144
538.117
399.738
292.11
505.789
305.053
284.321
275.466
470.212
616.042
548.014
322.976
437.88
381.039
283.033
275.041
456.377
630.806
482.856
387.99
427.504
257.145
223.331
250.786
324.819
339.71
449.168
286.253
368.125
371.678
260.44
294.265
212.544
214.604
340.268
389.685
165.989
394.663
466.177
304.155
253.623
278.788
152.243
347.337
258.944
451.316
340.408
160.146
164.516
234.57
237.045
430.812
282.867
417.012
384.136
178.956
176.04
179.345
257.558
393.565
259.553
476.868
473.638
230.507
255.05
273.215
240.81
436.359
259.754
423.442
441.412
317.454
202.097
221.713
249.288
398.873
358.4
354.807
478.523
603.508
318.968
240.307
330.593
364.554
185.992
258.834
450.221
327.781
267.254
245.535
189.818
231.49
157.257
200.796
559.784
979.665
632.687
206.609
159.07
180.318
175.39
155.204
407.167
773.624
538.12
165.414
179.377
147.884
173.221
167.596
355.939
812.587
662.209
247.482
169.381
163.132
339.47
220.491
317.359
509.19
537.308
375.666
352.434
233.726
281.766
244.724
435.377
388.95
585.78
539.491
315.976
220.215
272.805
374.67
404.291
255.696
651.796
760.567
318.118
322.368
373.838
353.272
310.885
358.335
379.01
424.397
395.821
352.749
442.972
231.093
307.588
479.415
636.347
652.145
485.754
241.737
413.535
379.031
287.858
350.447
608.452
713.141
462.768
386.759
466.066
372.883
178.54
146.816
334.936
676.773
521.112
379.658
339.122
309.519
205.276
227.397
365.786
524.598
362.923
322.935
361.757
170.343
200.878
260.11
377.972
489.805
390.514
179.766
157.898
163.529
147.737
203.374
169.469
106.216
147.76
168.838
439.625
368.611
359.111
222.332
229.773
284.638
429.514
363.79
247.47
412.506
369.962
195.553
212.158
192.733
223.777
389.019
206.313
325.236
409.396
300.572
176.732
209.229
200.857
292.357
364.733
437.005
349.615
314.991
234.401
270.212
356.422
441.532
366.843
543.693
573.373
344.067
254.077
328.133
360.731
506.567
306.795
584.582
599.08
283.375
232.224
295.479
280.724
533.364
190.078
313.341
385.803
420.914
251.597
204.144
175.379
293.18
133.396
229.339
628.197
973.446
536.604
186.628
132.781
191.579
135.693
152.385
280.883
702.162
743.763
371.163
143.181
136.231
148.964
195.922
417.325
713.185
470.551
256.532
159.038
179.312
239.221
187.814
205.358
333.525
484.9
446.314
270.285
187.95
300.347
219.223
262.969
392.277
408.387
368.439
315.494
217.997
373.324
376.59
397.249
416.583
716.679
674.591
406.616
364.187
295.151
235.409
282.363
281.199
574.914
634.032
339.937
221.856
445.988
331.907
256.571
380.772
512.952
556.115
474.843
329.744
399.668
305.109
302.073
338.378
290.732
354.871
404.201
319.206
543.521
292.619
277.137
216.115
454.613
642.744
588.941
309.147
444.734
315.517
293.128
366.336
403.265
670.871
503.496
311.769
557.117
344.886
178.269
256.691
295.662
530.233
556.882
392.776
252.77
231.371
175.926
157.97
158.279
166.886
246.813
235.586
411.471
539.419
409.628
200.87
233.595
237.408
367.637
531.81
258.003
404.159
513.639
332.518
271.446
241.363
243.729
369.464
521.866
452.682
206.206
186.424
175.79
362.946
495.939
487.409
474.043
647.77
475.875
268.229
177.352
294.603
423.442
646.052
493.223
734.564
428.453
262.635
212.724
395.541
450.014
725.206
271.84
358.997
284.821
315.794
170.818
168.542
255.675
350.9
268.914
277.019
382.348
333.369
260.138
253.471
263.373
268.005
197.874
239.168
437.979
727.279
477.604
190.141
194.023
220.05
142.051
201.56
418.927
423.861
349.419
283.397
152.866
175.507
279.08
207.617
289.671
355.82
355.032
317.932
292.117
203.841
258.291
235.09
162.841
250.418
195.069
259.699
250.139
252.11
282.474
195.904
234.253
246.093
478.902
519.966
319.82
182.049
421.442
218.052
274.06
218.742
375.522
540.466
461.353
225.102
420.571
260.51
305.887
237.493
396.074
539.236
459.14
260.246
446.184
227.527
251.031
294.355
459.704
603.73
491.702
239.053
543.492
306.806
219.151
240.957
462.391
804.603
612.185
317.641
436.811
306.99
192.533
210.443
216.052
470.501
473.198
332.191
530.838
359.363
223.735
251.837
401.741
573.418
556.385
374.661
566.831
322.649
293.623
286.45
499.234
665.583
608.851
340.432
429.881
389.522
207.333
209.641
177.856
263.79
410.549
420.915
396.649
395.777
203.19
143.777
165.477
189.343
359.863
424.553
367.151
244.201
229.166
177.984
173.792
215.502
367.269
262.084
307.634
417.342
322.929
218.829
229.971
224.37
269.354
411.865
272.452
309.076
347.133
222.862
223.077
200.488
257.813
301.329
517.581
472.44
343.781
333.753
231.773
237.012
487.016
497.253
293.008
358.277
288.841
218.775
213.032
207.764
269.361
364.168
303.784
281.335
203.722
307.575
228.094
186.731
276.508
302.577
224.587
241.2
208.244
309.626
289.919
235.832
226.149
237.774
294.273
259.108
302.221
340.434
377.605
301.184
291.841
260.026
231.295
192.944
217.523
222.881
246.231
226.203
228.162
199
399.302
242.39
231.22
240.417
347.348
448.273
415.533
252.913
321.922
236.904
267.547
386.886
277.409
261.756
313.72
250.75
483.469
282.52
270.64
443.26
344.537
536.567
522.419
296.889
487.18
236.86
143.756
181.515
321.152
580.776
531.562
263.926
440.27
313.457
242.9
383.935
273.625
318.317
434.484
333.14
440.453
314.394
277.319
294.719
294.889
479.617
467.285
348.444
541.684
332.95
274.794
273.464
441.44
585.969
584.442
356.004
812.296
437.696
214.243
294.404
566.593
990.706
885.671
466.655
641.189
326.118
169.722
253.553
446.124
745.761
692.615
363.168
272.27
221.851
137.854
79.9347
92.7789
184.901
271.905
224.184
377.377
395.488
219.519
123.031
129.102
186.73
345.796
417.425
376.432
468.986
386.865
274.85
188.981
161.392
332.312
469.142
410.301
430.035
259.709
210.815
122.628
200.182
375.115
443.886
797.918
596.219
259.54
141.378
168.12
321.688
755.367
667.884
293.279
203.617
343.036
423.098
289.364
248.214
297.868
216.826
537.956
355.609
173.24
181.285
178.767
251.416
518.017
406.94
269.458
290.913
176.836
249.298
228.538
184.977
257.672
295.397
397.54
272.93
222.065
215.749
293.659
427.82
422.355
297.193
199.439
185.406
228.816
459.185
272.879
137.619
191.548
181.106
389.424
232.668
278.835
301.666
346.113
356.328
401.152
241.96
247.198
197.028
198.145
224.23
183.753
198.831
250.203
194.823
497.602
320.357
210.303
218.963
302.863
483.59
511.745
358.927
461.488
342.517
189.623
322.132
277.801
453.055
485.734
374.622
357.013
350.329
401.412
340.767
387.787
319.123
336.548
356.637
425.473
257.704
260.956
265.083
303.873
421.245
444.308
277.899
633.382
309.731
205.64
226.769
187.382
340.281
638.906
357.828
583.153
435.157
279.182
387.286
313.466
349.152
571.001
481.01
454.665
411.197
285.742
285.251
378.72
608.724
490.869
422.99
511.569
442.957
274.029
172.996
356.547
558.252
535.655
452.829
455.503
392.362
176.702
154.602
167.194
181.623
417.291
433.026
611.409
389.03
204.803
183.053
161.301
200.882
577.828
448.572
639.143
491.608
267.465
226.331
202.703
284.06
600.025
549.438
318.835
331.512
278.333
141.272
181.2
239.6
308.705
333.588
552.355
418.685
255.943
171.186
171.088
236.789
524.933
463.692
356.897
283.255
210.387
239.205
180.893
216.698
347.062
304.186
458.305
430.256
251.062
237.041
175.826
316.693
452.388
443.633
402.307
372.126
326.587
322.026
262.913
338.711
412.249
382.936
284.112
299.026
228.921
184.004
212.479
373.615
287.774
296.913
305.147
170.762
193.187
366.411
230.176
214.024
316.89
182.103
333.159
231.043
305.842
454.145
272.04
278.585
341.722
241.742
537.118
253.265
193.363
371.607
437.243
508.724
561.931
294.864
595.052
269.642
223.528
209.976
297.342
469.923
617.989
319.452
401.191
416.422
406.827
306.819
214.265
276.033
375.946
428.194
588.888
321.178
187.991
213.932
233.177
480.927
606.788
364.606
827.329
411.489
214.718
253.973
314.517
549.471
841.672
496.007
746.93
470.934
371.987
344.754
401.023
639.049
799.237
510.927
732.34
308.303
176.442
352.768
423.878
570.72
776.868
367.047
734.034
323.604
214.668
275.892
367.075
599.262
770.029
370.446
920.35
409.603
256.526
241.979
309.725
675.268
952.879
497.099
409.657
494.987
322.869
206.298
248.357
235.696
366.381
498.76
487.197
516.333
455.976
244.038
241.141
302.972
451.643
508.822
550.78
510.266
386.452
222.401
269.582
316.706
508.958
524.755
431.214
331.336
144.107
108.657
124.751
217.192
412.945
367.115
411.96
377.939
210.066
174.775
116.849
212.142
389.704
402.047
414.678
334.335
168.915
157.011
187.558
275.234
403.418
363.28
864.13
409.66
342.898
334.708
373.781
460.386
868.696
489.555
581.13
255.927
211.692
273.112
304.36
483.766
606.006
304.84
549.349
310.832
281.504
387.377
311.835
327.763
549.299
364.009
289.746
285.365
341.102
521.09
342.286
287.487
301.089
281.528
548.578
278.626
244.314
298.457
448.581
549.46
574.823
315.746
580.582
334.421
206.569
228.853
299.954
521.072
604.676
371.846
590.722
323.105
380.095
472.439
513.08
535.552
611.649
372.347
596.368
377.752
268.517
257.248
277.41
486.846
611.685
412.314
692.092
368.35
147.913
191.208
193.939
377.61
691.015
441.292
625.476
321.917
246.285
343.751
381.707
378.448
621.319
383.689
743.598
321.807
222.598
346.391
344.135
520.892
768.285
391.286
490.342
374.283
304.146
312.724
406.806
506.732
481.645
404.361
929.763
350.409
162.991
215.336
337.69
652.727
963.045
439.671
742.913
344.353
262.247
319.41
257.729
435.051
765.298
404.167
654.509
565.69
299.689
177.617
167.538
348.063
611.289
616.316
565.784
441.622
158.185
93.3131
117.963
268.545
529.544
507.804
512.315
590.61
294.026
136.65
218.409
385.046
467.453
610.201
452.573
405.125
304.542
185.647
180.999
288.591
434.823
422.263
380.617
347.393
240.911
247.215
164.798
216.592
361.831
370.013
726.546
404.996
187.726
224.085
227.961
359.493
713.924
481.81
792.69
366.463
188.02
217.874
298.388
563.204
822.861
441.917
383.158
248.567
171.812
222.937
216.403
305.788
399.84
272.753
378.075
333.997
205.019
244.086
268.344
389.123
399.394
330.726
497.662
283.053
220.762
258.748
340.839
444.892
509.876
320.038
531.784
394.775
281.729
419.661
296.615
371.278
524.97
431.974
466.845
283.825
289.379
337.823
441.662
582.198
508.376
309.073
721.736
311.045
188.718
276
526.001
714.778
759.193
374.998
758.571
337.099
230.861
221.453
275.452
550.683
787.075
409.514
541.987
361.903
187.082
166.216
162.138
293.83
533.159
406.499
543.009
283.061
284.474
326.667
317.912
283.164
541.564
336.553
435.283
390.799
280.171
319.271
438.6
383.837
414.282
417.927
558.386
274.667
135.666
122.719
213.166
398.606
571.339
322.693
721.563
377.954
189.699
263.221
251.515
408.091
724.761
448.276
698.192
329
215.538
273.77
363.486
416.156
706.44
392.132
383.107
318.519
208.74
201.202
205.104
297.917
380.027
331.222
490.848
295.193
255.858
192.482
177.356
276.774
501.629
320.325
451.904
229.918
112.165
96.8669
123.711
276.067
470.753
268.573
452.12
421.919
215.778
120.201
179.886
288.792
429.23
448.362
689.561
378.679
235.59
312.768
289.094
352.723
676.192
448.499
924.862
489.715
322.713
256.391
307.876
625.053
945.664
570.256
437.491
321.026
212.503
368.856
432.845
428.784
441.792
353.354
337.69
350.371
420.358
547.477
330.021
261.899
316.732
373.242
692.727
321.656
210.696
211.187
331.007
531.646
707.473
391.857
568.908
374.214
206.493
273.871
353.953
430.453
564.734
418.645
466.96
296.524
353.967
331.786
464.834
574.376
506.77
306.882
493.987
242.337
189.484
338.988
409.437
533.949
528.208
278.478
549.747
344.391
253.39
273.122
321.339
608.95
598.805
369.987
849.819
741.907
319.099
379.241
289.802
414.45
784.864
824.308
841.184
461.39
180.217
235.208
192.599
418.115
832.08
551.78
383.009
365.902
227.499
166.407
179.697
249.832
362.321
386.31
851.417
439.452
262.575
308.517
231.778
579.792
880.553
507.875
805.005
430.604
209.074
239.969
200.899
439.911
805.199
511.114
941.03
532.029
206.84
173.686
217.322
473.231
931.339
628.427
450.426
235.415
142.757
184.039
211.275
352.489
460.119
263.242
615.648
349.258
188.722
151.66
120.113
301.83
600.513
409.366
874.968
364.752
94.666
123.842
177.659
443.24
868.057
469.089
799.42
439.81
238.392
232.973
261.581
405.592
791.676
526.823
700.529
341.952
201.142
201.939
217.712
396.932
700.763
415.421
497.417
410.785
245.13
224.293
231.343
474.229
514.116
423.717
569.583
332.466
249.927
320.003
357.007
478.351
581.635
369.89
539.83
348.812
409.312
398.382
283.087
274.464
523.401
388.559
772.097
355.267
162.31
227.347
363.748
580.574
787.372
437.327
481.075
272.133
223.542
305.497
418.756
491.963
507.565
300.047
479.604
251.627
242.192
334.58
441.711
573.967
516.348
279.64
196.862
229.262
321.856
413.318
445.366
381.674
209.015
208.131
520.425
409.253
266.352
379.071
496.206
644.314
566.261
419.265
808.47
432.311
282.596
243.914
506.485
751.917
845.615
498.977
1125.09
547.633
160.914
153.477
258.1
715.175
1152.94
658.293
607.901
420.281
427.683
516.525
315.249
399.345
592.26
456.646
516.15
489.661
260.62
210.16
235.344
301.988
469.871
527.735
993.529
513.104
208.777
354.448
378.349
512.168
988.194
617.227
817.163
378.422
184.017
278.384
293.022
530.526
839.815
463.369
905.688
541.395
197.857
191.157
249.668
465.396
888.254
636.525
697.032
359.577
165.173
134.843
136.25
364.996
693.817
431.301
801.434
439.955
160.327
127.689
114.694
252.357
767.747
531.2
469.549
304.851
215.025
141.246
152.168
255.863
449.062
323.245
477.801
294.91
248.527
283.819
304.737
281.243
468.457
331.096
447.131
350.248
334.361
245.71
306.867
396.628
455.518
351.335
807.658
391.74
201.27
302.941
235.239
352.889
793.47
480.711
862.286
407.274
223.033
276.323
195.602
357.751
840.707
507.569
592.359
469.65
300.714
290.401
455.487
659.76
597.709
503.558
446.778
276.096
246.565
508.235
337.275
381.9
465.461
300.464
424.63
277.101
211.532
236.744
339.869
460.005
448.263
302.826
432.378
386.374
287.901
408.548
535.822
580.897
469.786
397.881
326.472
235.696
260.274
392.676
381.192
341.618
336.184
242.185
295.177
352.37
329.322
366.907
439.217
439.657
304.488
338.078
521.501
356.632
397.745
559.727
824.26
768.124
566.34
389.783
615.353
336.921
248.292
256.615
334.932
607.062
665.37
368.279
582.637
365.826
323.569
403.891
288.431
445.365
596.953
402.762
757.091
597.329
314.078
272.128
313.513
361.504
712.181
660.052
1078.68
670.528
212.347
155.106
157.776
486.765
1049.07
783.415
736.379
516.645
310.918
254.142
203.963
422.505
737.668
559.228
675.723
517.042
355.439
232.404
373.553
575.877
664.137
546.495
792.867
382.496
155.623
153.63
209.134
369.81
775.319
471.945
707.644
373.101
167.25
179.694
183.814
339.066
696.504
450.385
928.394
618.238
249.992
142.476
183.198
405.038
892.188
709.613
1020.59
524.379
180.311
123.06
173.718
506.346
1012.29
633.436
817.396
415.894
249.068
253.036
255.792
432.51
812.475
497.257
981.969
576.646
364.207
236.904
173.595
463.286
959.647
672.342
650.792
436.696
287.543
301.409
314.643
551.798
673.618
453.09
381.014
279.48
209.739
265.981
290.221
339.637
393.341
292.905
354.289
320.084
277.713
253.499
355.274
384.254
355.314
326.341
423.191
325.834
291.252
324.789
376.038
389.712
422.926
342.618
356.901
416.222
373.106
463.997
298.731
434.813
374.413
417.164
250.079
228.446
264.015
416.505
557.039
510.185
282.403
209.345
358.393
249.315
335.71
594.624
604.45
409.509
359.397
273.542
495.751
319.03
430.858
532.918
509.381
571.034
525.909
320.323
440.608
341.542
383.266
394.929
483.786
601.846
470.181
351.716
584.838
368.345
269.279
272.15
345.998
536.561
608.094
398.731
504.171
487.476
345.312
268.972
210.127
328.162
478.726
516.328
714.578
363.169
239.253
258.055
221.169
306.241
706.114
418.602
823.666
484.69
226.644
205.092
191.753
319.844
800.979
556.736
478.045
483.461
275.029
273.949
289.337
314.775
445.663
505.658
417.596
386.474
222.375
165.656
137.286
262.565
399.11
407.777
845.333
436.691
205.228
230.78
182.334
295.256
818.362
531.273
869.251
561.233
189.215
291.969
234.791
374.902
842.035
650.787
1032.7
655.519
237.376
195.673
157.728
450.123
999.061
764.34
988.156
460.046
245.399
248.106
305.918
693.849
1028.7
550.223
548.042
334.546
180.272
198.971
379.404
646.979
600.18
362.97
703.401
374.428
336.975
441
277.702
420.197
702.276
445.524
436.082
305.346
263.141
349.181
382.495
423.541
458.484
321.485
591.062
389.728
371.258
360.633
465.492
525.755
591.174
435.366
326.938
383.409
385.006
377.03
451.431
451.586
321.944
365.945
527.962
334
214.007
232.447
379.247
633.791
576.024
345.667
501.214
259.022
217.315
363.356
458.389
547.425
530.247
290.764
388.279
315.852
288.209
588.673
506.249
384.943
381.952
335.013
390.28
278.948
405.631
512.476
789.101
579.167
401.398
292.65
337.149
221.855
328.891
466.71
543.502
421.889
361.548
227.192
658.648
292.028
277.386
323.825
412.7
569.294
687.276
342.702
470.91
296.034
213.088
256.741
283.617
273.956
461.545
336.159
472.27
567.419
363.978
447.614
427.696
354.662
424.72
590.491
768.31
339.756
214.996
336.273
215.652
318.845
751.069
434.676
589.2
430.031
247.978
264.983
232.812
321.986
561.622
490.211
639.14
454.471
193.121
137.07
149.203
251.87
606.087
516.564
919.438
576.917
190.504
170.405
149.473
331.524
874.969
680.419
972.56
435.906
154.343
227.798
236.165
628.001
998.122
538.573
931.429
497.271
331.976
371.378
300.861
563.673
944.482
582.539
572.751
353.747
216.998
252.103
220.061
335.938
569.483
399.904
486.466
397.116
337.336
430.791
366.564
404.832
490.227
418.41
369.297
320.417
287.456
333.677
455.049
544.129
397.912
312.295
579.853
371.331
209.279
323.921
247.71
380.579
575.664
426.729
466.43
392.909
351.178
323.866
300.936
248.095
444.294
420.82
538.392
296.01
231.403
272.56
350.165
572.938
571.73
333.845
493.256
369.833
359.799
417.546
663.051
706.604
542.969
383.656
383.945
225.014
204.592
325.964
389.835
379.535
399.38
250.078
235.961
190.599
315.577
568.327
819.859
514.571
263.551
183.945
322.429
253.751
331.167
547.266
516.159
362.987
317.884
270.336
382.703
280.138
328.369
545.722
448.952
405.746
392.247
298.06
645.087
419.729
271.073
550.967
505.473
499.785
674.343
449.701
493.105
346.381
508.299
433.119
463.796
310.659
487.826
342.141
349.225
272.823
348.659
367.058
382.394
301.915
347.059
283.446
489.392
374.087
283.72
291.902
224.397
190.688
460.848
414.708
562.286
280.887
208.303
389.997
283.151
329.064
562.76
331.58
816.377
441.093
165.009
200.846
148.531
286.538
781.821
541.524
826.149
561.419
227.039
158.342
187.553
354.092
793.587
639.257
616.249
466.627
244.787
193.211
158.635
341.827
604.302
517.342
825.155
416.795
271.966
466.465
288.236
347.796
798.78
510.228
627.055
335.218
175.967
269.815
267.404
479.183
658.888
367.09
490.493
298.254
346.034
279.466
409.864
503.389
507.388
307.777
635.323
362.286
299.165
390.352
498.985
606.623
661.41
409.141
491.647
343.073
349.801
281.783
323.981
435.519
506.467
349.021
578.968
278.131
248.749
360.663
471.977
601.188
613.575
326.737
423.86
316.296
295.051
349.694
261.286
335.027
419.16
333.334
517.142
268.882
275.493
530.729
500.31
476.116
539.963
302.117
416.055
382.025
414.171
451.485
537.145
438.739
405.09
398.647
205.664
198.869
229.04
415.702
463.854
361.02
221.897
187.461
453.126
311.342
239.171
482.834
438.929
346.819
440.074
348.65
327.857
236.178
362.328
447.665
665.704
461.65
332.571
243.071
518.433
326.769
296.795
334.182
251.969
417.16
540.145
362.974
393.731
351.499
277.849
361.813
241.9
231.408
370.35
378.661
473.143
347.115
311.324
281.747
289.733
357.256
478.541
351.292
411.943
431.631
327.89
290.76
158.99
277.82
391.564
436.401
583.459
403.047
229.554
223.078
290.994
335.631
559.586
451.766
754.302
509.994
224.354
137.638
133.748
265.487
712.298
577.893
537.847
329.42
207.346
183.244
194.906
300.564
534.695
373.112
653.816
495.784
259
265.281
226.589
340.632
639.96
528.978
618.222
299.418
202.506
372.256
262.288
425.269
645.253
349.81
616.327
362.436
324.237
403.048
446.326
557.69
645.173
404.635
557.446
606.875
419.563
536.372
370.982
469.551
536.637
603.995
560.704
516.089
323.298
301.034
420.14
608.151
593.787
515.882
584.675
274.285
233.018
368.735
480.733
599.895
616.517
314.741
435.928
241.789
195.004
294.719
417.935
439.141
452.425
268.813
454.595
300.914
259.858
337.899
377.195
481.4
479.871
317.711
511.842
305.423
215.889
268.553
302.454
354.259
502.666
358.379
294.294
251.679
243.606
385.551
497.41
438.768
303.095
254.87
512.89
332.052
427.976
479.053
376.488
342.324
505.88
372.052
244.248
247.716
344.264
575.667
577.244
319.032
242.155
234.559
142.995
132.118
276.919
663.92
614.868
310.28
153.235
119.187
368.088
302.625
310.488
471.57
347.526
304.021
386.636
319.595
247.081
211.396
388.842
658.674
347.735
231.271
251.611
205.561
480.399
344.815
346.404
396.091
377.742
475.125
502.731
358.071
489.897
393.302
448.104
372.97
383.397
297.651
476.321
411.981
429.202
294.781
240.02
282.651
195.129
231.205
420.21
327.392
403.197
383.503
310.642
238.109
241.982
269.303
378.527
399.194
