336.343
308.831
511.786
446.555
323.891
283.918
338.197
291.809
172.382
315.519
630.736
564.473
335.814
216.478
162.06
271.183
370.003
352.371
368.498
339.008
247.667
268.314
346.693
379.322
240.283
269.591
406.005
717.262
488.357
290.279
234.215
258.822
166.139
223.59
526.2
795.286
499.934
187.858
161.161
192.621
216.608
209.204
414.464
789.18
444.482
210.392
222.361
210.826
227.65
310.737
680.992
1147.02
508.761
239.197
219.451
292.826
228.298
183.814
344.042
634.859
515.801
265.836
239.04
178.367
320.436
354.312
394.114
460.345
330.879
220.947
319.648
347.511
186.166
159.485
332.351
701.652
518.334
272.266
193.727
154.441
126.289
162.078
265.811
653.59
537.254
188.394
125.515
154.007
195.005
197.079
263.597
624.727
496.472
199.826
193.214
201.645
323.015
282.449
257.038
445.512
391.069
292.983
308.505
288.679
163.85
266.832
362.153
557.159
485.79
200.484
147.494
253.158
227.303
279.544
319.859
479.11
594.032
428.571
241.351
255.394
190.519
159.034
266.984
313.406
405.015
297.026
199.071
155.866
395.233
230.924
228.863
394.233
337.494
327.415
406.294
251.571
261.682
250.369
253.526
271.424
470.647
450.335
269.337
249.216
271.569
263.741
201.246
315.718
420.65
462.108
279.431
274.553
326.781
278.327
177.981
217.801
167.785
231.712
332.893
287.129
500.983
660.724
548.885
485.25
308.137
360.037
460.465
656.266
294.448
348.739
354.504
324.959
306.659
246.269
275.481
347.579
362.612
265.877
410.247
421.09
292.88
205.829
350.391
273.903
278.292
395.202
433.177
350.411
256.224
256.8
255.76
379.796
321.088
247.479
294.355
404.611
383.052
225.688
312.15
254.134
260.251
279.012
440.537
655.577
412.292
229.313
264.992
261.688
181.373
147.529
560.822
1172.87
604.707
152.739
180.542
147.6
237.565
150.091
318.334
818.578
489.068
173.646
233.149
168.065
279.513
321.864
499.81
611.151
405.462
232.443
285.303
297.299
152.718
160.729
337.508
712.181
558.935
201.928
159.036
145.716
223.564
207.298
305.722
500.922
426.772
260.954
235.079
194.848
191.643
207.101
288.775
444.001
436.012
250.497
183.381
208.982
215.426
211.739
278.577
426.937
542.678
295.697
205.128
208.264
218.219
213.632
236.696
398.671
474.059
311.259
215.665
210.779
108.967
173.763
293.112
403.841
497.141
310.777
118.695
140.725
257.193
208.711
255.71
365.487
536.611
436.469
270.267
216.826
204.697
163.786
207.154
244.544
347.295
383.983
228.003
153.295
214.604
212.273
222.183
265.255
256.873
213.18
215.321
206.421
360.309
274.239
289.021
344.508
349.52
475.955
396.736
285.484
278.216
215.804
174.988
162.38
221.623
284.705
283.207
230.896
337.813
452.45
576.546
448.404
357.757
252.351
329.454
429.425
178.912
230.6
469.103
484.205
287.941
140.822
170.067
211.09
226.298
251.525
294.498
460.009
312.002
238.877
223.147
238.692
285.242
248.299
243.337
237.788
213.628
233.312
280.495
253.789
174.281
204.329
257.964
410.643
352.138
212.899
170.245
200.933
282.238
299.835
471.785
569.138
425.597
266.529
264.529
295.942
73.7504
94.7161
433.24
1064.33
600.453
139.541
77.3102
78.9819
163.34
224.181
319.129
620.539
429.282
218.745
160.139
205.474
185.73
216.468
366.077
766.273
616.06
272.683
183.935
195.122
160.362
200.407
275.06
680.082
563.264
252.352
161.111
181.461
237.727
179.914
373.673
436.319
652.621
399.823
240.018
177.763
163.604
221.952
442.975
885.718
858.402
430.547
171.789
190.316
218.409
242.711
452.472
596.825
812.17
553.674
249.946
215.625
217.566
232.552
330.084
517.097
726.744
540.28
246.695
220.048
151.243
158.1
380.8
430.332
558.24
371.973
163.928
146.045
337.541
350.534
257.558
286.918
525.268
578.472
352.142
361.297
401.421
291.426
286.452
348.689
518.448
582.886
432.366
303.949
334.846
208.371
200.16
233.465
273.186
381.048
351.084
221.675
330.403
226.207
184.885
253.553
253.519
307.822
318.51
256.179
326.727
285.804
229.24
241.613
397.267
422.265
332.372
299.415
448.859
371.854
343.891
263.41
219.007
180.948
425.345
379.901
201.415
338.433
530.185
536.517
309.365
188.459
183.632
307.184
248.61
320.381
586.299
428.644
303.394
211.769
248.556
283.509
173.581
304.889
523.173
558.607
351.557
145.455
156.297
279.045
216.041
382.212
688.348
754.503
411.112
271.07
211.785
339.325
237.432
191.98
522.782
851.477
522.521
253.253
247.23
185.766
198.799
160.286
432.9
913.951
695.657
261.901
212.146
152.113
158.592
175.325
356.254
839.072
741.511
364.704
172.475
159.796
116.21
150.809
329.333
604.695
447.503
199.879
120.994
134.653
241.526
173.327
355.006
539.442
566.849
419.544
269.19
161.554
249.759
230.457
336.368
526.195
560.757
456.45
264.464
214.038
253.418
193.661
307.83
738.296
731.571
437.628
266.866
193.531
406.816
383.447
404.979
532.592
664.481
598.941
442.289
390.66
218.103
279.89
259.368
556.822
779.012
623.691
249.532
253.189
300.568
227.651
271.395
298.309
586.074
521.465
314.873
245.344
311.293
317.39
232.403
283.584
471.084
511.981
323.588
331.717
299.116
303.407
287.788
292.505
478.391
511.955
316.101
309.712
337.572
187.244
233.951
301.642
356.463
426.141
360.508
201.145
289.15
276.446
195.631
233.4
329.949
492.557
324.619
276.994
303.142
305.274
324.701
206.144
407.457
517.741
324.526
279.494
344.666
409.591
393.2
279.964
261.529
284.203
342.261
400.399
336.738
220.09
212.626
198.985
214.81
196.952
321.055
248.06
259.602
371.324
432.176
494.224
290.157
196.379
237.377
358.035
280.14
403.35
558.926
412.021
261.796
217.869
268.136
373.975
299.908
483.649
660.871
528.556
302.439
284.108
296.98
441.821
219.675
226.042
471.777
746.798
463.723
222.851
214.844
219.525
233.263
305.782
416.763
681.827
402.525
244.227
238.117
295.622
249.467
188.57
423.124
807.203
537.344
221.392
245.549
203.442
200.765
162.202
362.647
538.47
511.152
283.579
206.083
153.096
177.929
183.81
284.51
592.373
474.903
296.508
191.012
181.281
166.576
160.944
321.013
612.243
513.622
335.473
179.774
146.219
290.803
309.52
337.796
453.184
776.839
711.023
335.668
272.156
455.971
334.257
470.874
551.481
753.049
669.013
500.926
340.854
343.985
265.528
263.345
468.687
748.794
742.684
388.017
262.344
375.711
275.165
314.297
394.113
693.329
679.727
425.765
280.502
453.748
489.709
255.304
313.15
358.535
600.637
484.707
500.553
422.093
281.362
269.083
321.951
586.004
681.567
466.649
295.29
535.575
302.248
237.187
150.197
270.89
472.072
567.28
332.623
319.921
243.465
219.796
262.207
361.383
482.448
354.809
246.43
365.876
309.665
257.001
235.761
216.565
237.48
366.178
321.647
246.859
308.713
235.195
156.723
166.35
159.434
220.76
310.584
330.229
373.571
358.686
345.304
208.516
229.43
318.766
370.117
337.337
517.654
532.737
301.593
220.636
297.018
332.862
478.931
337.583
323.824
596.31
553.042
296.901
224.628
327.108
310.574
208.353
246.789
563.878
768.634
341.339
155.964
206.925
230.404
148.48
226.707
425.944
505.51
316.87
235.131
162.732
196.784
160.197
185.019
512.714
882.223
531.802
170.41
155.558
174.783
229.508
238.561
528.335
769.89
419.279
187.99
229.878
220.155
256.899
277.328
408.709
526.698
355.713
318.067
270.645
267.471
200.23
179.536
335.093
581.67
710.173
420.708
207.442
175.61
282.059
302.886
359.206
590.669
567.449
451.287
301.04
292.265
343.853
297.126
321.852
446.405
637.256
609.958
382.813
303.874
314.559
225.32
255.523
374.113
649.773
615.909
354.182
223.934
452.59
410.236
414.713
489.609
723.997
654.982
491.747
414.824
362.615
284.728
305.23
323.831
653.531
740.295
406.446
266.233
508.161
359.751
323.22
303.156
499.753
739.386
566.369
376.353
356.661
255.931
203.808
256.368
376.139
562.283
403.517
252.968
255.509
222.343
172.847
167.023
324.112
446.812
277.046
216.431
372.257
239.35
202.996
226.809
189.866
311.84
384.561
253.599
363.998
269.496
231.947
286.466
275.302
342.219
359.477
294.558
323.697
511.324
453.859
177.139
192.254
268.642
319.876
478.24
267.089
328.653
355.663
264.99
182.872
176.09
249.358
314.673
357.121
437.892
412.467
367.151
240.303
181.938
320.025
436.204
408.173
483.927
425.593
279.236
251.315
265.986
367.47
472.653
258.89
573.668
673.637
387.934
304.853
314.025
249.812
503.986
224.217
243.429
392.3
462.258
244.492
165.921
210.938
237.558
172.486
268.95
512.533
918.672
586.823
219.078
163.359
244.77
131.441
177.945
340.392
542.538
442.981
233.985
132.271
162.677
163.264
212.953
348.299
509.58
430.911
264.146
168.902
201.209
349.882
283.853
287.653
447.026
635.045
469.816
351.235
306.005
338.85
275.418
342.121
413.877
735.509
647.338
382.582
267.606
445.153
302.49
351.734
477.951
467.989
414.095
435.656
339.342
350.864
211.174
329.909
437.272
716.33
593.583
393.782
221.856
425.594
306.269
288.578
461.028
643.382
666.083
461.082
327.841
383.357
347.386
311.431
410.993
418.76
439.332
399.72
343.132
337.372
283.803
195.043
173.349
304.645
479.646
369.906
289.24
512.564
312.137
223.939
313.224
476.612
684.758
567.065
327.084
487.013
378.498
316.011
364.081
480.666
529.489
510.129
391.718
373.67
231.896
164.372
256.041
305.905
382.008
397.065
254.933
474.723
236.821
179.049
149.821
195.935
340.396
490.272
259.48
320.597
390.061
395.239
283.932
181.349
165.927
291.583
379.652
325.5
410.264
352.442
284.081
169.903
211.939
295.651
408.268
453.531
672.334
476.029
361.984
198.954
288.479
403.873
665.43
424.991
577.271
444.638
352.373
198.14
259.968
384.44
563.87
317.5
374.004
312.82
243.614
390.932
342.265
302.541
371.24
366.247
293.401
254.072
352.561
252.311
328.209
382
298.985
240.045
341.544
525.648
792.659
458.327
179.773
218.285
326.994
184.272
182.098
328.733
646.574
582.686
244.453
183.44
171.014
205.951
323.837
349.19
604.318
607.407
450.707
212.492
292.228
381.062
378.763
338.938
226.774
352.172
400.725
369.669
392.635
347.094
183.561
140.894
251.558
252.089
360.917
369.965
208.727
417.713
271.711
405.329
526.922
682.046
638.906
459.468
298.2
365.608
273.906
258.685
355.658
308.743
344.807
369.938
291.109
401.332
300.142
316.001
343.437
520.133
552.492
439.905
298.458
611.164
286.954
312.155
382.936
474.734
748.753
674.295
323.298
567.079
428.402
229.785
230.332
449.307
724.771
592.853
455.727
497.992
325.879
259.764
282.779
329.154
511.337
531.313
344.792
495.939
441.718
395.483
325.772
460.073
538.482
500.526
442.658
508.426
321.566
263.03
324.844
278.168
439.246
519.29
346.69
696.103
341.465
183.809
179.177
267.945
350.801
679.79
417
296.162
265.64
267.861
170.306
225.909
224.566
297.353
257.704
450.167
468.99
314.952
192.762
187.626
233.705
411.569
491.817
380.452
521.514
427.625
281.395
227.221
284.713
355.834
507.87
556.01
676.414
507.153
328.77
231.484
264.04
503.401
679.058
406.305
424.094
349.688
219.086
149.393
164.183
374.939
433.937
187.408
349.968
365.668
287.122
238.351
175.302
173.771
321.688
264.035
264.353
357.804
456.052
338.674
268.249
249.176
273.028
211.99
289.073
535.076
426.622
425.22
332.892
220.286
248.921
439.202
308.739
222.109
240.775
193.766
350.934
445.214
328.663
218.69
202.762
385.065
349.186
283.229
286.308
233.672
184.738
363.489
243.884
357.98
441.732
419.638
440.643
382.321
242.206
226.033
194.673
322.278
292.723
361.317
318.019
240.26
188.576
602.174
293.631
282.999
227.696
534.918
749.976
659.657
323.878
511.151
240.293
171.661
252.547
237.086
417.822
538.265
278.653
471.993
385.746
218.787
254.353
363.077
479.094
488.045
416.613
481.319
297.104
327.489
296.069
381.086
599.049
526.956
288.855
814.36
358.439
263.433
225.197
602.647
978.983
898.947
411.267
804.052
361.074
289.257
235.885
566.547
960.089
885.938
393.375
480.727
325.782
171.101
191.122
258.774
481.143
514.357
362.134
621.443
398.392
188.966
126.05
151.829
263.2
590.768
460.931
342.88
406.157
291.095
192.264
155.992
199.965
310.022
415.085
394.318
315.262
160.118
182.288
178.331
208.461
371.065
349.883
506.886
485.979
264.977
229.106
232.004
266.752
466.375
514.7
579.429
416.103
349.679
325.889
354.977
263.963
557.746
459.577
374.82
303.653
139.877
161.621
196.857
251.382
359.7
332.917
252.253
231.717
219.048
337.621
213.926
155.835
244.798
240.333
232.723
290.597
324.025
309.81
218.619
251.096
228.092
273.907
241.409
264.982
215.17
297.865
293.914
155.025
227.37
271.975
363.813
293.09
201.66
306.008
237.333
286.264
367.758
315.498
359.043
205.538
189.279
349.065
299.263
341.273
373.68
222.915
268.3
238.001
280.104
338.568
387
387.133
288.962
239.496
528.249
275.191
152.94
192.65
312.297
622.706
577.058
296.16
373.427
345.631
235.25
257.703
289.886
307.22
360.432
364.359
414.608
254.703
243.128
322.486
225.658
416.543
450.859
267.427
784.906
342.705
159.981
201.17
212.15
446.331
794.325
415.885
602.599
317.723
222.642
235.719
337.098
624.094
646.964
348.417
786.402
671.132
362.419
318.925
468.339
765.804
822.061
683.177
678.46
486.974
238.193
249.486
352.848
594.693
712.693
510.078
501.163
324.768
175.085
182.477
229.796
442.698
523.529
345.802
408.1
293.278
216.713
229.082
265.832
344.909
404.994
322.273
453.669
616.363
406.422
230.034
227.663
334.85
411.655
616.653
411.706
480.468
342.205
251.894
159.48
200.426
374.762
489.16
791.418
559.956
224.668
158.247
156.547
329.769
756.199
637.519
474.009
279.472
191.091
302.952
205.932
326.578
475.184
323.186
426.371
287.032
221.204
337.768
191.403
242.551
424.686
321.373
418.475
330.062
322.931
407.338
232.828
222.083
404.765
344.985
585.548
306.767
191.536
164.364
239.821
412.049
594.759
359.556
299.826
269.694
296.658
344.032
198.538
265.863
292.168
271.196
497.445
299.973
257.888
184.158
222.495
387.584
516.357
317.078
384.814
311.808
194.467
209.995
295.449
444.655
400.835
335.104
461.447
280.926
230.321
219.201
313.669
469.251
486.243
304.496
419.647
328.199
353.606
383.878
296.149
350.172
437.096
335.173
505.088
307.145
199.441
150.894
247.498
518.829
534.138
327.662
940.791
453.319
271.036
404.119
370.574
658.099
970.558
543.849
751.409
462.561
221.839
261.726
200.164
403.107
751.523
527.396
657.94
263.233
249.249
341.583
258.437
424.619
691.593
319.631
625.026
353.835
313.777
304.775
360.449
662.994
672.436
363.897
720.888
295.663
143.703
129.292
261.492
646.564
782.732
349.191
937.183
385.339
267.075
228.092
417.532
782.657
991.134
467.211
820.518
400.35
179.32
219.983
238.238
613.295
873.378
453.023
515.973
514.965
297.218
326.87
267.492
415.283
500.626
541.623
344.443
239.777
161.607
169.478
214.723
376.111
370.982
254.502
634.176
354.651
200.656
189.796
156.992
342.851
628.979
418.185
453.364
326.902
265.996
271.846
267.44
355.175
447.587
345.955
831.71
528.929
308.807
259.385
216.981
311.333
803.981
610.004
810.302
436.657
187.912
178.359
142.923
413.205
805.516
519.347
279.26
220.004
262.829
431.529
341.832
179.139
270.312
230.495
426.549
331.907
201.879
301.442
199.692
317.347
421.92
366.585
420.654
269.944
290.606
464.337
333.883
407.379
435.251
299.47
429.111
267.217
259.688
529.109
363.843
467.098
457.944
286.85
702.879
490.069
370.25
362.848
373.117
517.106
692.325
539.504
554.536
347.743
220.612
194.701
329.762
472.453
572.665
382.278
838.257
451.771
148.34
178.071
240.445
489.08
837.176
539.12
701.238
338.873
194.944
257.282
286.85
454.432
720.246
399.541
768.109
361.506
261.125
370.628
334.392
531.067
794.465
431.519
687.647
309.18
228.237
284.861
375.964
591.141
740.026
353.377
614.992
210.445
177.292
267.421
273.307
408.441
636.271
271.471
675.489
372.529
293.867
257.817
269.624
452.399
696.252
421.54
688.547
437.195
191.69
204.16
264.084
475.484
680.144
502.887
849.474
405.664
268.164
257.466
419.002
724.063
895.495
471.717
515.431
613.688
392.119
158.543
214.401
369.078
471.049
624.86
424.811
446.658
245.506
192.576
164.242
230.328
394.905
465.08
430.309
319.069
236.133
249.275
191.668
314.005
430.689
338.455
588.084
371.422
227.568
304.943
284.351
332.789
577.3
422.727
887.213
501.202
354.65
346.577
409.61
465.874
884.127
585.935
483.332
337.389
302.116
331.079
297.315
371.916
487.311
373.564
402.073
232.277
238.076
306.622
265.15
343.003
412.103
258.819
568.119
338.634
232.118
362.277
343.638
407.709
564.798
391.089
448.012
277.485
249.56
299.303
460.833
553.705
485.333
289.562
627.692
449.174
318.719
471.738
456.021
559.721
633.419
476.909
752.686
412.209
326.041
419.414
394.464
680.259
794.412
450.096
922.29
446.385
188.077
215.635
297.587
644.27
944.89
539.623
454.121
291.353
227.134
214.997
270.672
335.339
457.332
314.316
588.187
359.381
233.088
435.986
408.077
418.122
582.234
415.997
745.681
453.648
291.479
337.02
201.461
315.268
724.93
525.385
708.284
524.972
278.489
344.196
292.311
526.441
717.638
559.464
966.046
385.42
212.116
405.189
387.591
515.805
977.18
490.42
639.332
300.175
168.816
249.744
231.354
360.897
647.969
367.377
868.434
445.025
202.456
172.643
252.994
618.069
876.17
508.334
1115.99
435.138
119.642
131.026
253.55
797.65
1175.06
545.669
537.357
452.87
193.988
120.287
157.337
325.965
520.295
495.923
463.552
396.206
318.796
212.887
211.098
414.945
468.66
404.356
568.533
345.035
241.281
207.609
188.713
358.59
566.219
389.992
934.994
473.824
303.756
199.014
264.731
612.371
956.788
550.092
698.154
380.05
234.998
211.918
285.109
560.336
714.76
435.452
337.668
308.392
263.791
261.328
325.384
406.926
346.84
313.295
594.757
448.561
213.007
266.397
373.791
592.524
603.336
496.96
449.471
234.343
209.5
275.376
392.066
519.332
483.864
267.333
642.491
315.674
259.213
361.047
380.997
484.645
657.43
377.491
561.142
342.751
345.665
356.124
500.812
644.825
596.602
358.5
857.576
491.315
325.607
338.1
495.187
683.964
876.558
541.432
490.464
313.777
245.577
237.12
331.95
439.603
509.847
342.734
830.311
471.497
244.919
278.844
197.76
352.045
806.862
560.751
686.803
441.517
280.558
265.902
282.999
416.39
690.21
498.835
774.129
484.179
292.65
333.772
345.181
554.723
767.538
540.472
664.458
373.739
188.437
185.159
238.984
407.893
665.313
435.971
597.693
300.007
170.932
220
193.942
348.302
598.277
364.366
764.357
421.467
160.1
129.638
176.437
433.433
761.761
499.154
1053.2
462.481
206.541
194.669
208.652
539.817
1055.26
577.809
1083.77
403.185
163.946
173.559
212.962
567.802
1095.27
530.464
742.285
408.617
139.209
123.16
191.012
389.615
731.537
483.426
567.879
372.532
197.434
180.344
190.391
346.217
560.851
415.631
710.914
399.078
247.093
296.54
309.799
539.014
729.979
457.375
598.172
394.127
328.836
227.682
370.702
678.668
645.565
414.283
391.746
315.866
329.482
481.14
399.266
360.406
400.081
319.178
368.08
338.838
344.385
565.495
455.499
483.78
383.047
339.459
488.279
358.392
272.031
239.898
256.686
377.5
490.351
385.985
684.722
414.747
390.056
471.391
381.491
418.457
671.66
481.833
447.517
251.219
259.484
288.624
387.515
464.868
464.235
278.217
584.391
357.958
289.69
425.345
436.123
502.698
599.544
387.696
661.153
413.431
266.372
285.981
434.999
693.948
702.409
439.643
1029.63
543.767
443.304
372.38
365.3
582.93
1033.4
646.53
651.236
428.669
300.204
226.708
261.705
358.653
639.048
478.22
414.794
335.198
243.254
174.623
195.847
349.883
419.578
350.295
446.815
337.632
351.549
502.211
411.111
369.597
436.174
361.441
462.965
403.996
301.371
251.59
212.804
323.1
458.316
416.763
757.13
376.719
162.332
241.946
216.392
358.674
754.146
456.181
641.496
321.745
117.666
201.452
175.433
412.526
654.422
386.465
1097.42
453.359
153.194
194.485
230.315
557.651
1097.85
581.532
976.508
495.35
230.14
157.152
265.786
605.506
984.149
597.516
671.262
478.227
266.717
228.3
207.197
294.206
645.173
534.797
672.743
495.343
269.277
231.237
278.076
423.583
650.993
548.408
712.733
310.371
132.361
159.528
263.539
569.878
748.065
373.546
649.681
458.807
329.232
367.007
292.694
536.374
672.809
476.378
639.242
347.715
466.774
401.003
428.797
431.58
652.566
374.748
539.306
338.291
239.572
346.745
323.973
493.193
554.591
380.422
615.912
440.365
303.216
336.966
304.318
359.325
591.365
492.778
586.242
354.687
286.117
393.059
393.762
555.974
614.02
390.009
366.41
343.836
273.583
420.611
294.284
310.376
366.095
374.013
506.667
253.752
250.33
315.212
530.29
641.793
539.812
283.969
555.883
465.152
311.499
314.683
499.694
689.562
596.653
468.08
739.122
361.36
229.716
148.793
259.715
572.998
762.949
420.378
858.927
414.773
419.343
653.693
448.282
413.643
852.921
486.824
705.33
651.119
236.91
207.006
307.588
472.973
670.628
716.815
605.475
377.827
190.065
255.354
255.196
374.473
591.863
427.835
503.839
308.037
177.73
124.391
270.438
519.744
544.134
343.656
454.353
466.442
272.973
395.943
310.681
260.141
409.088
493.865
684.554
503.698
255.847
247.757
216.503
349.009
656.954
559.645
607.569
367.116
126.56
147.18
108.707
296.737
593.598
431.049
668.35
388.835
241.324
209.097
270.495
379.346
658.461
447.294
620.897
386.402
214.628
281.346
242.711
315.141
604.007
441.238
564.755
383.995
402.277
315.532
291.184
477.493
590.759
385.522
889.803
455.093
210.329
227.242
224.964
540.023
903.857
535.451
815.426
411.024
208.773
419.097
363.6
596.011
842.278
482.357
599.812
372.481
229.835
268.209
363.739
622.831
628.555
397.341
491.613
381.766
276.057
336.802
331.682
408.403
485.799
400.091
456.769
262.747
238.618
272.845
390.592
451.979
476.13
292.138
231.412
283.854
433.623
466.603
388.488
359.539
236.243
263.847
264.458
260.231
288.736
517.554
599.795
566.124
289.791
243.068
384.444
330.027
401.322
688.689
453.776
355.848
404.841
348.575
469.77
314.738
342.621
513.572
767.049
714.857
495.324
330.219
598.727
394.551
283.486
438.511
451.459
520.26
607.835
436.897
455.034
333.137
350.806
322.702
366.497
478.077
471.019
356.468
617.249
426.108
377.233
361.212
357.14
325.169
610.873
449.405
849.67
572.755
228.378
208.597
157.594
307.445
812.663
659.728
918.192
513.168
222.454
154.018
116.16
437.273
909.31
605.798
752.931
526.965
390.039
394.714
470.418
694.323
785.705
567.153
1084.11
522.377
153.868
180.158
183.385
426.6
1046.9
662.46
689.599
354.074
172.546
194.334
210.316
363.221
674.715
421.331
365.149
275.543
251.324
169.519
175.139
206.957
352.283
294.037
1043.93
538.012
194.248
202.527
185.468
550.375
1042.66
650.096
1042.13
557.817
230.174
197.768
205.114
477.948
1024.41
671.297
1047.68
459.429
227.943
175.393
189.333
541.684
1058.61
565.772
791.358
438.101
235.269
373.155
283.357
474.247
795.751
512.498
437.624
344.445
373.732
408.134
426.85
461.635
441.697
355.83
598.877
355.525
277.307
382.004
627.121
681.793
634.574
391.788
277.807
183.989
218.419
291.003
348.877
354.711
298.6
188.452
490.256
311.336
379.9
445.24
294.818
449.202
524.47
331.552
438.882
219.549
289.886
362.545
478.152
457.523
465.376
252.044
479.737
304.506
316.404
542.455
659.141
400.49
471.948
345.294
499.187
405.932
382.392
386.03
535.517
633.863
542.769
416.904
382.169
329.902
467.674
551.095
427.348
440.273
405.319
313.497
609
319.666
248.36
344.772
340.217
498.826
628.384
376.079
345.8
342.867
288.16
395.827
305.161
298.598
330.62
353.858
522.437
414.956
319.187
343.888
297.741
241.633
485.967
447.336
573.697
446.973
291.581
242.255
126.94
263.528
558.224
477.535
613.526
419.854
172.057
117.976
156.32
269.556
589.859
475.445
549.443
418.249
215.739
231.692
148.098
261.152
526.598
462.269
326.178
252.51
152.162
165.949
147.756
202.689
324.346
273.33
676.491
344.367
214.451
228.134
253.995
272.017
658.159
420.554
1120.05
569.59
215.343
232.656
291.073
655.73
1133.64
685.327
887.826
515.317
247.715
261.329
271.648
567.712
883.632
600.237
519.1
334.778
343.561
238.136
358.83
608.221
557.936
332.177
623.008
289.625
233.247
172.836
222.557
414.231
637.098
337.688
453.455
339.896
293.179
321.556
426.295
550.439
480.592
356.79
553.063
345.571
290.326
329.879
325.254
347.558
551.977
381.179
586.475
424.975
369.523
453.794
717.147
662.778
576.744
471.38
663.896
361.6
268.531
295.726
390.004
563.319
675.921
419.163
383.923
203.778
325.509
422.122
539.986
493.346
410.541
217.968
260.442
168.12
304.068
534.524
556.986
397.907
285.039
168.995
236.618
339.984
358.493
304.195
313.009
309.493
237.788
314.974
371.328
218.768
300.322
649.856
682.985
489.097
386.783
241.572
771.922
418.852
291.469
276.53
316.096
595.776
803.165
467.556
405.488
262.626
259.469
293.741
245.318
333.129
421.008
289.617
437.81
544.488
424.198
431.395
388.44
252.029
398.381
554.379
571.379
308.243
242.011
181.188
207.533
323.947
564.099
349.266
443.383
366.799
295.86
296.652
285.919
267.507
419.093
392.313
572.667
384.255
211.25
230.91
172.816
297.558
564.724
431.479
599.514
284.022
149.791
230.923
167.025
294.125
594.207
348.728
1178.93
568.693
141.016
161.684
143.167
372.309
1133.7
721.065
933.032
448.922
233.295
269.674
212.759
527.685
943.016
543.866
723.074
482.94
195.175
165.437
192.572
365.325
695.823
551.856
425.645
259.624
258.972
459.713
363.257
454.533
457.65
280.586
651.99
371.366
293.336
422.362
551.972
848.236
711.372
403.536
395.888
265.576
213.961
343.375
326.284
439.611
424.845
277.088
503.442
345.276
246.031
344.352
470.83
467.063
517.703
374.424
401.262
293.402
247.148
228.077
174.825
316.308
408.558
305.08
564.968
303.256
299.308
338.113
640.237
786.934
623.384
320.645
420.014
278.369
301.312
454.469
508.998
549.239
457.118
289.319
203.78
175.219
247.168
584.411
575.85
419.43
230.084
164.657
270.559
209.259
284.243
669.224
617.164
347.22
282.947
222.698
310.149
281.145
246.358
376.424
475.096
423.956
333.123
289.85
298.333
235.61
268.807
464.37
331.285
248.41
301.082
247.922
465.345
382.799
359.437
274.463
201.763
256.103
442.496
395.109
373.271
295.201
315.063
415.315
322.126
346.806
380.239
299.507
430.195
460.593
346.117
344.375
229.31
242.764
401.922
471.143
507.737
353.118
206.913
310.119
236.019
349.5
488.182
403.494
656.581
461.246
189.581
231.083
140.566
223.575
617.466
529.96
381.737
287.103
207.097
291.2
243.627
312.151
373.296
294.306
538.977
415.637
185.921
174.475
238.102
274.514
513.566
461.412
