497.398
544.681
336.291
220.785
220.035
342.055
473.531
554.945
273.903
479.344
560.494
410.585
293.508
233.846
249.983
442.57
200.501
246.589
489.261
648.282
363.917
200.947
199.81
229.816
188.165
226.88
350.382
690.026
687.99
338.138
184.773
218.568
381.835
232.635
245.472
459.669
736.454
675.596
420.573
245.534
638.522
383.819
345.019
322.28
565.049
821.675
693.802
415.449
632.503
325.455
258.061
227.603
427.82
763.794
690.113
360.48
908.381
362.841
208.338
174.885
314.324
865.503
994.56
418.024
543.82
632.388
302.54
226.507
208.045
255.985
481.227
662.777
425.742
432.55
332.815
260.163
239.852
283.403
409.483
438.728
286.045
411.875
596.064
492.475
284.659
194.365
266.403
386.988
280.212
252.894
310.279
560.162
556.406
396.918
288.187
256.424
454.696
309.382
283.326
381.822
623.026
677.952
494.684
322.533
582.582
373.763
253.586
277.937
509.538
862.58
648.115
399.773
724.972
328.285
258.765
208.589
331.134
794.178
813.817
351.97
866.938
300.893
273.939
237.365
298.921
812.183
951.602
360.702
608.685
450.188
203.522
271.471
218.185
251.793
565.11
516.37
588.609
536.489
247.09
224.912
252.097
270.493
537.393
585.652
432.219
554.726
402.24
290.557
273.35
279.506
396.28
552.453
303.652
336.07
561.029
685.771
411.224
320.167
312.066
314.651
322.409
331.265
358.982
484.92
631.985
501.304
332.937
319.358
440.764
256.227
302.722
303.907
502.212
697.339
495.33
265.578
769.212
340.825
241.872
202.882
271.359
713.508
839.538
389.532
825.863
448.947
215.649
188.634
216.609
769.666
916.487
475.771
783.371
499.506
273.517
210.102
202.768
288.11
745.873
582.589
687.68
453.207
216.034
253.694
201.38
269.746
656.476
522.759
383.976
397.368
304.656
271.172
265.031
267.66
357.328
412.128
251.984
371.104
559.174
530.314
300.984
208.545
237.339
340.804
352.401
294.996
255.686
366.442
456.972
422.427
354.212
307.886
468.283
332.685
283.37
287.287
416.77
607.382
506.935
348.403
580.47
320.417
209.452
189.43
282.129
628.31
634.885
343.62
742.671
333.033
280.44
293.518
217.875
515.657
789.122
384.782
915.662
425.842
144.151
186.708
204.47
401.423
910.802
528.392
526.829
421.785
195.669
173.154
142.022
210.426
491.399
468.934
407.307
387.471
249.675
221.235
230.424
230.13
379.766
409.548
267.851
412.872
438.612
327.173
271.573
236.03
251.276
389.978
320.451
325.675
352.463
425.858
468.464
409.329
323.485
324.758
517.509
331.572
251.571
221.358
317.538
580.838
557.337
346.765
537.909
300.987
253.353
222.455
246.33
535.433
579.328
323.169
760.994
348.391
267.46
221.58
214.919
491.395
792.121
401.807
939.312
501.456
210.423
237.341
219.951
370.207
913.957
608.906
598.905
411.867
225.371
334.237
255.069
301.415
575.748
470.414
628.857
420.22
259.009
362.557
273.976
292.747
606.169
481.336
488.483
486.46
267.814
196.699
230.053
250.138
449.721
515.497
286.545
334.165
342.839
357.437
421.689
455.583
306.79
317.741
498.63
278.785
254.861
260.109
301.906
495.694
533.01
301.001
609.754
270.848
185.925
178.116
241.058
515.827
647.756
321.742
628.329
351.389
273.565
170.731
199.616
488.777
661.543
381.607
952.248
495.431
135.15
198.115
183.186
382.083
930.044
607.496
629.72
408.494
190.967
239.052
197.015
302.312
611.438
470.67
525.208
336.201
229.141
314.699
313.101
280.331
510.69
386.678
623.834
355.75
208.099
232.503
205.591
314.05
618.276
408.456
485.192
237.458
238.021
320.19
270.46
386.024
505.975
267.358
592.405
322.386
182.295
181.888
199.048
489.261
625.54
362.756
688.456
353.852
216.987
158.049
213.801
524.657
721.515
401.57
543.072
336.714
246.124
208.681
209.393
501.976
579.524
354.953
824.481
455.546
216.783
212.816
192.152
328.435
802.09
545.472
778.933
459.42
165.442
216.903
171.404
367.601
761.653
543.304
723.737
358.964
248.961
358.516
246.736
317.503
716.026
428.545
682.371
310.573
208.539
237.461
254.995
443.298
707.257
371.787
541.807
324.037
327.274
339.44
270.753
432.802
569.107
342.03
622.193
359.973
262.522
217.864
219.467
450.765
643.266
398.559
591.023
272.419
201.832
204.984
210.508
481.051
626.115
312.026
618.904
304.291
171.017
177.303
210.688
456.407
648.362
350.011
734.585
444.151
149.939
109.199
149.188
420.711
724.691
518.744
748.565
387.549
187.43
202.912
190.565
407.417
751.741
463.205
770.805
403.448
240.777
282.892
255.556
348.088
757.395
486.747
711.954
318.753
242.892
273.705
248.366
433.173
730.109
387.38
568.294
273.512
218.609
220.592
236.571
425.691
595.091
313.568
516.865
274.221
225.734
181.509
238.224
463.145
549.053
300.179
642.32
383.938
225.025
245.059
245.499
542.51
675.891
425.988
583.002
291.68
227.507
187.749
204.218
432.533
610.353
330.557
893.715
492.652
210.505
201.659
188.65
351.864
865.208
594.677
637.833
365.462
329.005
335.215
244.587
304.219
629.178
416.032
600.265
375.295
267.429
343.494
271.133
376.786
605.307
410.917
589.831
276.028
164.647
210.944
207.304
412.104
610.369
329.824
545.571
281.492
176.092
219.68
204.254
351.054
553.608
331.905
410.363
219.141
151.186
158.383
215.282
406.662
433.768
250.359
591.357
356.833
234.875
238.21
298.811
524.221
627.441
390.014
514.529
275.006
217.937
203.823
182.517
445.862
553.94
302.206
