305.809
414.594
356.56
232.59
205.756
247.307
299.927
399.831
247.462
367.8
500.662
425.45
304.424
224.727
236.902
335.432
198.902
233.387
474.489
699.393
454.266
271.596
208.596
212.787
241.999
222.337
297.131
620.548
695.152
421.685
255.396
218.803
435.453
286.499
284.845
387.813
703.576
734.163
481.321
300.987
621.672
438.466
296.275
313.379
481.191
792.948
677.646
448.943
774.854
314.241
235.94
244.76
401.067
839.032
852.06
368.922
912.084
367.194
220.951
183.87
325.165
876.458
992.013
431.298
368.995
425.944
294.869
282.947
292.756
275.093
339.939
437.084
311.533
431.348
533.933
440.233
371.077
219.446
286.07
403.852
183.125
302.752
551.272
584.104
377.032
218.677
180.397
268.667
226.677
199.419
365.209
775.907
819.605
438.379
239.748
189.612
502.465
256.625
256.396
349.9
656.467
791.794
563.727
282.347
692.477
367.513
262.219
294.917
431.471
829.033
765.274
406.266
630.341
303.95
192.406
181.904
318.468
769.588
709.343
338.017
835.159
339.954
219.748
202.591
268.554
737.144
906.912
390.179
493.793
467.495
283.904
219.761
246.093
298.822
457.158
499.576
464.113
534.066
306.922
255.835
267.267
296.983
427.55
548.733
339.554
430.703
471.977
432.936
294.468
235.719
318.397
417.423
300.237
233.832
412.781
658.455
533.538
441.198
320.978
235.99
314.229
319.104
317.224
445.17
660.828
532.934
331.352
319.866
562.367
319.889
263.132
220.126
416.98
718.134
620.598
347.368
739.831
335.018
248.706
173.226
265.55
768.062
818.593
378.329
795.602
323.979
232.767
257.933
269.295
698.297
869.51
370.53
613.811
395.254
220.956
292.858
227.142
234.307
580.82
459.959
535.258
497.642
222.257
161.69
207.131
262.221
494.081
537.876
369.17
356.196
296.193
275.165
250.055
243.396
350.045
369.223
221.346
284.768
437.189
592.005
386.48
282.244
228.16
263.153
348.569
263.014
221.81
275.999
483.13
571.768
382.598
265.231
474.982
280.069
247.622
275.339
412.362
543.256
502.805
310.279
602.506
331.525
222.257
191.956
275.34
560.073
653.28
370.338
728.727
320.478
248.776
229.687
204.285
539.072
776.508
364.78
564.624
308.58
191.902
232.93
184.342
266.604
547.016
370.534
432.171
378.24
235.679
275.635
203.914
185.397
400.533
409.566
316.161
339.306
296.379
349.263
287.643
280.58
306.012
343.423
241.552
325.14
455.561
476.616
350.825
236.866
230.71
304.271
291.672
200.325
201.416
338.038
464.514
436.04
313.109
219.853
462.121
349.812
268.706
202.999
299.922
578.167
507.781
341.743
545.26
337.756
165.199
163.048
209.852
462.507
569.022
378.82
693.871
303.57
269.977
195.484
167.808
480.152
729.135
348.118
647.432
355.511
197.775
273.885
265.448
335.669
641.842
422.556
536.682
343.741
205.678
248.152
189.768
256.498
521.31
397.018
450.513
349.111
208.787
276.043
251.162
226.796
429.681
386.951
307.395
519.784
427.123
282.202
224.687
266.943
277.696
495.275
404.688
364.199
251.892
239.067
376.472
433.731
414.105
374.236
386.542
259.847
281.39
285.879
260.919
454.279
420.786
272.354
568.733
308.22
190.746
156.496
192.89
470.392
598.882
349.61
681.221
379.403
253.9
174.739
186.718
504.248
719.863
412.337
632.694
389.91
196.241
209.198
234.374
326.177
620.687
452.527
583.934
376.799
192.097
228.199
224.722
292.172
563.695
436.027
492.442
299.662
179.242
227.543
207.306
256.102
483.4
347.828
471.014
337.549
172.111
171.11
166.026
227.92
448.354
379.323
356.421
200.891
248.215
305.252
343.738
385.034
381.125
215.015
450.717
242.46
186.212
200.663
203.286
437.169
485.163
264.635
604.93
290.299
164.752
154.172
187.056
485.802
643.328
332.749
621.165
324.846
251.902
247.966
194.031
488.993
658.93
368.312
709.326
402.741
180.534
206.915
169.365
359.882
701.201
477.535
631.841
359.119
229.914
283.226
228.155
306.641
621.63
420.74
551.073
339.544
296.401
301.868
280.726
354.629
551.891
380.506
505.935
260.773
216.611
280.781
238.199
318.605
517.594
298.924
455.658
266.298
222.4
223.3
205.757
363.699
474.862
292.826
532.377
316.918
239.352
210.936
213.015
477.275
567.873
335.104
500.496
272.635
234.114
231.531
222.061
442.572
533.953
295.887
569.286
287.971
205.235
181.608
193.638
476.882
607.837
310.606
681.359
393.402
140.458
131.967
174.079
386.798
679.078
465.131
691.161
362.067
204.239
230.317
180.153
342.325
685
433.449
653.264
333.598
184.936
230.094
230.834
379.005
660.746
396.45
575.666
279.945
251.687
265.94
221.892
382.505
589.86
330.191
554.51
281.865
218.673
269.231
262.754
386.819
564.748
336.468
602.305
305.714
211.895
184.691
220.639
469.381
630.818
345.999
536.483
305.296
235.933
252.436
233.65
464.453
568.355
329.981
489.998
250.186
216.729
232.469
203.372
443.887
525.106
280.274
914.103
414.248
181.996
206.122
172.666
361.022
900.661
519.191
633.985
384.563
298.527
314.374
253.602
325.941
622.095
444.989
637.839
292.452
172.587
219.294
191.243
354.535
642.901
361.257
580.729
274.957
196.56
202.774
221.08
408.603
605.157
322.685
451.371
271.518
148.504
159.673
197.095
347.402
456.16
308.312
448.745
236.51
221.767
258.529
260.512
407.847
477.305
263.068
539.214
311.037
236.894
241.925
221.976
460.13
573.187
341.297
591.848
271.484
202.898
224.721
218.22
405.051
615.258
319.452
